time,pos_x,pos_y,pos_z,vel_x,vel_y,vel_z,acc_x,acc_y,acc_z,att_phi,att_theta,att_psi,distance_est,centroid_x,centroid_y,divergence,true_divergence,divergence_sp,set_point,dt,raw_divergence,color_count,mu_x,p_output,i_output,pid_on, time_sl,raw_of_y, of_y, raw_of_y_d, of_y_d,yaw_vel,mu_y, mu_z,cmd_thrust,cmd_roll,cmd_pitch,cmd_yaw
24.819708,0.007798,-0.304535,-1.051513,-0.000200,0.000173,0.003115,0.000606,-0.000353,0.000105,-0.000036,-0.000064,0.000473,10.000000,18.000000,-1.000000,0.000000,0.000000,0.000000,0.000000,0.065000,0.000000,1484.000000,0.000000,0.000000,0.000000,2.000000,0.000000,0.000000,0.000000,0.000000,0.000000,0.000000,0.000000,0.000000,6505,0,31,-3
24.821663,0.007797,-0.304534,-1.051507,-0.000199,0.000172,0.003115,0.000644,-0.000345,0.000105,-0.000035,-0.000068,0.000472,10.000000,18.000000,-1.000000,0.000000,0.000000,0.000000,0.000000,0.065000,0.000000,1484.000000,0.000000,0.000000,0.000000,2.000000,0.000000,0.000000,0.000000,0.000000,0.000000,0.000000,0.000000,0.000000,6505,0,31,-3
24.823616,0.007797,-0.304534,-1.051501,-0.000198,0.000171,0.003116,0.000682,-0.000336,0.000106,-0.000034,-0.000072,0.000470,10.000000,18.000000,-1.000000,0.000000,0.000000,0.000000,0.000000,0.065000,0.000000,1484.000000,0.000000,0.000000,0.000000,2.000000,0.000000,0.000000,0.000000,0.000000,0.000000,0.000000,0.000000,0.000000,6505,0,31,-3
24.825569,0.007797,-0.304534,-1.051494,-0.000196,0.000171,0.003116,0.000722,-0.000328,0.000106,-0.000033,-0.000076,0.000469,10.000000,18.000000,-1.000000,0.000000,0.000000,0.000000,0.000000,0.065000,0.000000,1484.000000,0.000000,0.000000,0.000000,2.000000,0.000000,0.000000,0.000000,0.000000,0.000000,0.000000,0.000000,0.000000,6505,0,31,-3
24.827524,0.007796,-0.304533,-1.051488,-0.000195,0.000170,0.003116,0.000762,-0.000319,0.000106,-0.000032,-0.000080,0.000468,10.000000,18.000000,-1.000000,0.000000,0.000000,0.000000,0.000000,0.065000,0.000000,1484.000000,0.000000,0.000000,0.000000,2.000000,0.000000,0.000000,0.000000,0.000000,0.000000,0.000000,0.000000,0.000000,6505,0,31,-2
24.829477,0.007796,-0.304533,-1.051482,-0.000193,0.000169,0.003116,0.000803,-0.000312,0.000107,-0.000031,-0.000084,0.000467,10.000000,18.000000,-1.000000,0.000000,0.000000,0.000000,0.000000,0.065000,0.000000,1484.000000,0.000000,0.000000,0.000000,2.000000,0.000000,0.000000,0.000000,0.000000,0.000000,0.000000,0.000000,0.000000,6505,0,31,-2
24.831432,0.007796,-0.304533,-1.051476,-0.000192,0.000169,0.003116,0.000844,-0.000303,0.000107,-0.000030,-0.000088,0.000466,10.000000,18.000000,-1.000000,0.000000,0.000000,0.000000,0.000000,0.065000,0.000000,1510.000000,0.000000,0.000000,0.000000,2.000000,0.000000,0.000000,0.000000,0.000000,0.000000,0.000000,0.000000,0.000000,6505,0,31,-2
24.833385,0.007795,-0.304532,-1.051469,-0.000190,0.000168,0.003117,0.000886,-0.000294,0.000107,-0.000030,-0.000093,0.000465,10.000000,18.000000,-1.000000,0.000000,0.000000,0.000000,0.000000,0.065000,0.000000,1510.000000,0.000000,0.000000,0.000000,2.000000,0.000000,0.000000,0.000000,0.000000,0.000000,0.000000,0.000000,0.000000,6505,0,31,-2
24.835340,0.007795,-0.304532,-1.051463,-0.000188,0.000167,0.003117,0.000929,-0.000285,0.000108,-0.000029,-0.000097,0.000463,10.000000,18.000000,-1.000000,0.000000,0.000000,0.000000,0.000000,0.065000,0.000000,1510.000000,0.000000,0.000000,0.000000,2.000000,0.000000,0.000000,0.000000,0.000000,0.000000,0.000000,0.000000,0.000000,6505,0,31,-2
24.837294,0.007794,-0.304532,-1.051457,-0.000186,0.000167,0.003117,0.000972,-0.000276,0.000108,-0.000028,-0.000101,0.000462,10.000000,18.000000,-1.000000,0.000000,0.000000,0.000000,0.000000,0.065000,0.000000,1510.000000,0.000000,0.000000,0.000000,2.000000,0.000000,0.000000,0.000000,0.000000,0.000000,0.000000,0.000000,0.000000,6505,0,31,-2
24.839249,0.007794,-0.304531,-1.051451,-0.000184,0.000166,0.003117,0.001016,-0.000267,0.000108,-0.000027,-0.000106,0.000461,10.000000,18.000000,-1.000000,0.000000,0.000000,0.000000,0.000000,0.065000,0.000000,1510.000000,0.000000,0.000000,0.000000,2.000000,0.000000,0.000000,0.000000,0.000000,0.000000,0.000000,0.000000,0.000000,6505,0,32,-2
24.841202,0.007794,-0.304531,-1.051445,-0.000182,0.000166,0.003118,0.001060,-0.000258,0.000108,-0.000026,-0.000110,0.000460,10.000000,18.000000,-1.000000,0.000000,0.000000,0.000000,0.000000,0.065000,0.000000,1510.000000,0.000000,0.000000,0.000000,2.000000,0.000000,0.000000,0.000000,0.000000,0.000000,0.000000,0.000000,0.000000,6505,0,32,-1
24.843157,0.007793,-0.304531,-1.051438,-0.000180,0.000165,0.003118,0.001105,-0.000250,0.000109,-0.000025,-0.000115,0.000459,10.000000,18.000000,-1.000000,0.000000,0.000000,0.000000,0.000000,0.065000,0.000000,1510.000000,0.000000,0.000000,0.000000,2.000000,0.000000,0.000000,0.000000,0.000000,0.000000,0.000000,0.000000,0.000000,6505,0,32,-1
24.845110,0.007793,-0.304530,-1.051432,-0.000177,0.000165,0.003118,0.001151,-0.000241,0.000111,-0.000024,-0.000120,0.000458,10.000000,18.000000,-1.000000,0.000000,0.000000,0.000000,0.000000,0.065000,0.000000,1510.000000,0.000000,0.000000,0.000000,2.000000,0.000000,0.000000,0.000000,0.000000,0.000000,0.000000,0.000000,0.000000,6505,0,32,-1
24.847065,0.007793,-0.304530,-1.051426,-0.000175,0.000164,0.003118,0.001196,-0.000232,0.000112,-0.000023,-0.000124,0.000457,10.000000,18.000000,-1.000000,0.000000,0.000000,0.000000,0.000000,0.065000,0.000000,1510.000000,0.000000,0.000000,0.000000,2.000000,0.000000,0.000000,0.000000,0.000000,0.000000,0.000000,0.000000,0.000000,6505,0,32,-1
24.849018,0.007792,-0.304530,-1.051420,-0.000173,0.000164,0.003118,0.001242,-0.000222,0.000113,-0.000022,-0.000129,0.000456,10.000000,18.000000,-1.000000,0.000000,0.000000,0.000000,0.000000,0.065000,0.000000,1510.000000,0.000000,0.000000,0.000000,2.000000,0.000000,0.000000,0.000000,0.000000,0.000000,0.000000,0.000000,0.000000,6505,0,32,-1
24.850971,0.007792,-0.304529,-1.051413,-0.000170,0.000163,0.003119,0.001287,-0.000213,0.000114,-0.000021,-0.000134,0.000455,10.000000,18.000000,-1.000000,0.000000,0.000000,0.000000,0.000000,0.065000,0.000000,1510.000000,0.000000,0.000000,0.000000,2.000000,0.000000,0.000000,0.000000,0.000000,0.000000,0.000000,0.000000,0.000000,6505,0,32,-1
24.852926,0.007792,-0.304529,-1.051407,-0.000167,0.000163,0.003119,0.001332,-0.000204,0.000114,-0.000020,-0.000138,0.000454,10.000000,18.000000,-1.000000,0.000000,0.000000,0.000000,0.000000,0.065000,0.000000,1510.000000,0.000000,0.000000,0.000000,2.000000,0.000000,0.000000,0.000000,0.000000,0.000000,0.000000,0.000000,0.000000,6505,0,32,-1
24.854879,0.007791,-0.304529,-1.051401,-0.000165,0.000163,0.003119,0.001377,-0.000194,0.000114,-0.000019,-0.000143,0.000453,10.000000,18.000000,-1.000000,0.000000,0.000000,0.000000,0.000000,0.065000,0.000000,1510.000000,0.000000,0.000000,0.000000,2.000000,0.000000,0.000000,0.000000,0.000000,0.000000,0.000000,0.000000,0.000000,6505,0,32,-1
24.856834,0.007791,-0.304528,-1.051395,-0.000162,0.000162,0.003119,0.001422,-0.000185,0.000115,-0.000018,-0.000147,0.000452,10.000000,18.000000,-1.000000,0.000000,0.000000,0.000000,0.000000,0.065000,0.000000,1510.000000,0.000000,0.000000,0.000000,2.000000,0.000000,0.000000,0.000000,0.000000,0.000000,0.000000,0.000000,0.000000,6505,0,32,-1
24.858788,0.007791,-0.304528,-1.051388,-0.000159,0.000162,0.003120,0.001466,-0.000175,0.000115,-0.000017,-0.000152,0.000451,10.000000,18.000000,-1.000000,0.000000,0.000000,0.000000,0.000000,0.065000,0.000000,1510.000000,0.000000,0.000000,0.000000,2.000000,0.000000,0.000000,0.000000,0.000000,0.000000,0.000000,0.000000,0.000000,6505,0,32,-1
24.860743,0.007790,-0.304528,-1.051382,-0.000156,0.000162,0.003120,0.001509,-0.000166,0.000116,-0.000016,-0.000156,0.000451,10.000000,18.000000,-1.000000,0.000000,0.000000,0.000000,0.000000,0.065000,0.000000,1510.000000,0.000000,0.000000,0.000000,2.000000,0.000000,0.000000,0.000000,0.000000,0.000000,0.000000,0.000000,0.000000,6505,0,32,-1
24.862696,0.007790,-0.304527,-1.051376,-0.000153,0.000161,0.003120,0.001552,-0.000156,0.000117,-0.000016,-0.000161,0.000450,10.000000,18.000000,-1.000000,0.000000,0.000000,0.000000,0.000000,0.065000,0.000000,1510.000000,0.000000,0.000000,0.000000,2.000000,0.000000,0.000000,0.000000,0.000000,0.000000,0.000000,0.000000,0.000000,6505,0,32,0
24.864651,0.007790,-0.304527,-1.051370,-0.000150,0.000161,0.003120,0.001594,-0.000149,0.000118,-0.000015,-0.000165,0.000449,10.000000,18.000000,-1.000000,0.000000,0.000000,0.000000,0.000000,0.065000,0.000000,1510.000000,0.000000,0.000000,0.000000,2.000000,0.000000,0.000000,0.000000,0.000000,0.000000,0.000000,0.000000,0.000000,6505,0,32,0
24.866604,0.007789,-0.304527,-1.051363,-0.000147,0.000161,0.003120,0.001636,-0.000139,0.000118,-0.000014,-0.000169,0.000448,10.000000,18.000000,-1.000000,0.000000,0.000000,0.000000,0.000000,0.065000,0.000000,1510.000000,0.000000,0.000000,0.000000,2.000000,0.000000,0.000000,0.000000,0.000000,0.000000,0.000000,0.000000,0.000000,6505,0,32,0
24.868559,0.007789,-0.304526,-1.051357,-0.000143,0.000160,0.003121,0.001676,-0.000130,0.000118,-0.000013,-0.000173,0.000447,10.000000,18.000000,-1.000000,0.000000,0.000000,0.000000,0.000000,0.065000,0.000000,1510.000000,0.000000,0.000000,0.000000,2.000000,0.000000,0.000000,0.000000,0.000000,0.000000,0.000000,0.000000,0.000000,6505,0,32,0
24.870512,0.007789,-0.304526,-1.051351,-0.000140,0.000160,0.003121,0.001716,-0.000120,0.000119,-0.000012,-0.000177,0.000446,10.000000,18.000000,-1.000000,0.000000,0.000000,0.000000,0.000000,0.065000,0.000000,1510.000000,0.000000,0.000000,0.000000,2.000000,0.000000,0.000000,0.000000,0.000000,0.000000,0.000000,0.000000,0.000000,6505,0,32,0
24.872465,0.007789,-0.304526,-1.051345,-0.000136,0.000160,0.003121,0.001755,-0.000110,0.000119,-0.000011,-0.000181,0.000446,10.000000,18.000000,-1.000000,0.000000,0.000000,0.000000,0.000000,0.065000,0.000000,1510.000000,0.000000,0.000000,0.000000,2.000000,0.000000,0.000000,0.000000,0.000000,0.000000,0.000000,0.000000,0.000000,6505,0,32,0
24.874420,0.007788,-0.304525,-1.051338,-0.000133,0.000160,0.003121,0.001794,-0.000101,0.000120,-0.000010,-0.000185,0.000445,10.000000,18.000000,-1.000000,0.000000,0.000000,0.000000,0.000000,0.065000,0.000000,1510.000000,0.000000,0.000000,0.000000,2.000000,0.000000,0.000000,0.000000,0.000000,0.000000,0.000000,0.000000,0.000000,6505,0,32,0
24.876373,0.007788,-0.304525,-1.051332,-0.000129,0.000160,0.003122,0.001832,-0.000091,0.000120,-0.000009,-0.000189,0.000444,10.000000,18.000000,-1.000000,0.000000,0.000000,0.000000,0.000000,0.065000,0.000000,1510.000000,0.000000,0.000000,0.000000,2.000000,0.000000,0.000000,0.000000,0.000000,0.000000,0.000000,0.000000,0.000000,6505,0,32,0
24.878328,0.007788,-0.304525,-1.051326,-0.000125,0.000159,0.003122,0.001869,-0.000082,0.000120,-0.000008,-0.000193,0.000444,10.000000,18.000000,-1.000000,0.000000,0.000000,0.000000,0.000000,0.065000,0.000000,1510.000000,0.000000,0.000000,0.000000,2.000000,0.000000,0.000000,0.000000,0.000000,0.000000,0.000000,0.000000,0.000000,6505,0,32,0
24.880281,0.007788,-0.304525,-1.051320,-0.000122,0.000159,0.003122,0.001905,-0.000072,0.000120,-0.000007,-0.000196,0.000443,10.000000,18.000000,-1.000000,0.000000,0.000000,0.000000,0.000000,0.065000,0.000000,1510.000000,0.000000,0.000000,0.000000,2.000000,0.000000,0.000000,0.000000,0.000000,0.000000,0.000000,0.000000,0.000000,6505,0,32,0
24.882236,0.007787,-0.304524,-1.051314,-0.000118,0.000159,0.003122,0.001941,-0.000062,0.000120,-0.000006,-0.000200,0.000442,10.000000,18.000000,-1.000000,0.000000,0.000000,0.000000,0.000000,0.065000,0.000000,1510.000000,0.000000,0.000000,0.000000,2.000000,0.000000,0.000000,0.000000,0.000000,0.000000,0.000000,0.000000,0.000000,6505,0,33,0
24.884190,0.007787,-0.304524,-1.051307,-0.000114,0.000159,0.003123,0.001975,-0.000053,0.000120,-0.000005,-0.000203,0.000442,10.000000,18.000000,-1.000000,0.000000,0.000000,0.000000,0.000000,0.065000,0.000000,1510.000000,0.000000,0.000000,0.000000,2.000000,0.000000,0.000000,0.000000,0.000000,0.000000,0.000000,0.000000,0.000000,6505,0,33,0
24.886145,0.007787,-0.304524,-1.051301,-0.000110,0.000159,0.003123,0.002009,-0.000043,0.000120,-0.000004,-0.000207,0.000441,10.000000,18.000000,-1.000000,0.000000,0.000000,0.000000,0.000000,0.065000,0.000000,1510.000000,0.000000,0.000000,0.000000,2.000000,0.000000,0.000000,0.000000,0.000000,0.000000,0.000000,0.000000,0.000000,6505,0,33,0
24.888098,0.007787,-0.304523,-1.051295,-0.000106,0.000159,0.003123,0.002042,-0.000034,0.000121,-0.000003,-0.000210,0.000440,10.000000,18.000000,-1.000000,0.000000,0.000000,0.000000,0.000000,0.065000,0.000000,1510.000000,0.000000,0.000000,0.000000,2.000000,0.000000,0.000000,0.000000,0.000000,0.000000,0.000000,0.000000,0.000000,6504,0,33,0
24.890053,0.007786,-0.304523,-1.051288,-0.000102,0.000159,0.003124,0.002075,-0.000024,0.000227,-0.000002,-0.000213,0.000440,10.000000,18.000000,-1.000000,0.000000,0.000000,0.000000,0.000000,0.065000,0.000000,1510.000000,0.000000,0.000000,0.000000,2.000000,0.000000,0.000000,0.000000,0.000000,0.000000,0.000000,0.000000,0.000000,6504,0,33,0
24.892006,0.007786,-0.304523,-1.051282,-0.000097,0.000159,0.003124,0.002106,-0.000015,0.000359,-0.000001,-0.000216,0.000439,10.000000,18.000000,-1.000000,0.000000,0.000000,0.000000,0.000000,0.065000,0.000000,1510.000000,0.000000,0.000000,0.000000,2.000000,0.000000,0.000000,0.000000,0.000000,0.000000,0.000000,0.000000,0.000000,6504,0,33,0
24.893959,0.007786,-0.304522,-1.051276,-0.000093,0.000159,0.003125,0.002135,-0.000005,0.000477,-0.000000,-0.000219,0.000438,10.000000,18.000000,-1.000000,0.000000,0.000000,0.000000,0.000000,0.065000,0.000000,1510.000000,0.000000,0.000000,0.000000,2.000000,0.000000,0.000000,0.000000,0.000000,0.000000,0.000000,0.000000,0.000000,6504,0,33,0
24.895914,0.007786,-0.304522,-1.051270,-0.000089,0.000159,0.003126,0.002164,0.000005,0.000585,0.000001,-0.000222,0.000438,10.000000,18.000000,-1.000000,0.000000,0.000000,0.000000,0.000000,0.065000,0.000000,1510.000000,0.000000,0.000000,0.000000,2.000000,0.000000,0.000000,0.000000,0.000000,0.000000,0.000000,0.000000,0.000000,6504,0,32,0
24.897867,0.007786,-0.304522,-1.051264,-0.000084,0.000159,0.003127,0.002191,0.000014,0.000682,0.000002,-0.000225,0.000437,10.000000,18.000000,-1.000000,0.000000,0.000000,0.000000,0.000000,0.065000,0.000000,1510.000000,0.000000,0.000000,0.000000,2.000000,0.000000,0.000000,0.000000,0.000000,0.000000,0.000000,0.000000,0.000000,6504,0,32,0
24.899822,0.007786,-0.304521,-1.051257,-0.000080,0.000159,0.003129,0.002217,0.000024,0.000770,0.000003,-0.000228,0.000437,10.000000,18.000000,-1.000000,0.000000,0.000000,0.000000,0.000000,0.065000,0.000000,1510.000000,0.000000,0.000000,0.000000,2.000000,0.000000,0.000000,0.000000,0.000000,0.000000,0.000000,0.000000,0.000000,6504,0,32,0
24.901775,0.007785,-0.304521,-1.051251,-0.000076,0.000159,0.003131,0.002242,0.000033,0.000849,0.000004,-0.000230,0.000436,10.000000,18.000000,-1.000000,0.000000,0.000000,0.000000,0.000000,0.065000,0.000000,1510.000000,0.000000,0.000000,0.000000,2.000000,0.000000,0.000000,0.000000,0.000000,0.000000,0.000000,0.000000,0.000000,6504,0,32,0
24.903730,0.007785,-0.304521,-1.051245,-0.000071,0.000159,0.003132,0.002265,0.000043,0.000922,0.000005,-0.000232,0.000436,10.000000,18.000000,-1.000000,0.000000,0.000000,0.000000,0.000000,0.065000,0.000000,1510.000000,0.000000,0.000000,0.000000,2.000000,0.000000,0.000000,0.000000,0.000000,0.000000,0.000000,0.000000,0.000000,6504,0,32,0
24.905684,0.007785,-0.304520,-1.051238,-0.000066,0.000159,0.003134,0.002287,0.000052,0.000987,0.000006,-0.000235,0.000435,10.000000,18.000000,-1.000000,0.000000,0.000000,0.000000,0.000000,0.065000,0.000000,1510.000000,0.000000,0.000000,0.000000,2.000000,0.000000,0.000000,0.000000,0.000000,0.000000,0.000000,0.000000,0.000000,6504,0,32,0
24.907639,0.007785,-0.304520,-1.051232,-0.000062,0.000159,0.003136,0.002308,0.000062,0.001046,0.000007,-0.000237,0.000435,10.000000,18.000000,-1.000000,0.000000,0.000000,0.000000,0.000000,0.065000,0.000000,1510.000000,0.000000,0.000000,0.000000,2.000000,0.000000,0.000000,0.000000,0.000000,0.000000,0.000000,0.000000,0.000000,6504,0,32,0
24.909592,0.007785,-0.304520,-1.051226,-0.000057,0.000159,0.003139,0.002329,0.000071,0.001100,0.000008,-0.000239,0.000434,10.000000,18.000000,-1.000000,0.000000,0.000000,0.000000,0.000000,0.065000,0.000000,1510.000000,0.000000,0.000000,0.000000,2.000000,0.000000,0.000000,0.000000,0.000000,0.000000,0.000000,0.000000,0.000000,6504,0,32,0
24.911547,0.007785,-0.304519,-1.051220,-0.000053,0.000159,0.003141,0.002348,0.000081,0.001149,0.000009,-0.000241,0.000433,10.000000,18.000000,-1.000000,0.000000,0.000000,0.000000,0.000000,0.065000,0.000000,1510.000000,0.000000,0.000000,0.000000,2.000000,0.000000,0.000000,0.000000,0.000000,0.000000,0.000000,0.000000,0.000000,6504,0,32,0
24.913500,0.007785,-0.304519,-1.051213,-0.000048,0.000160,0.003143,0.002366,0.000091,0.001193,0.000010,-0.000242,0.000433,10.000000,18.000000,-1.000000,0.000000,0.000000,0.000000,0.000000,0.065000,0.000000,1510.000000,0.000000,0.000000,0.000000,2.000000,0.000000,0.000000,0.000000,0.000000,0.000000,0.000000,0.000000,0.000000,6504,0,32,0
24.915455,0.007785,-0.304519,-1.051207,-0.000043,0.000160,0.003146,0.002383,0.000100,0.001233,0.000011,-0.000244,0.000432,10.000000,18.000000,-1.000000,0.000000,0.000000,0.000000,0.000000,0.065000,0.000000,1510.000000,0.000000,0.000000,0.000000,2.000000,0.000000,0.000000,0.000000,0.000000,0.000000,0.000000,0.000000,0.000000,6504,0,32,0
24.917408,0.007784,-0.304518,-1.051201,-0.000038,0.000160,0.003148,0.002399,0.000110,0.001270,0.000012,-0.000246,0.000432,10.000000,18.000000,-1.000000,0.000000,0.000000,0.000000,0.000000,0.065000,0.000000,1510.000000,0.000000,0.000000,0.000000,2.000000,0.000000,0.000000,0.000000,0.000000,0.000000,0.000000,0.000000,0.000000,6504,0,32,0
24.919361,0.007784,-0.304518,-1.051194,-0.000033,0.000160,0.003151,0.002414,0.000119,0.001303,0.000013,-0.000247,0.000431,10.000000,18.000000,-1.000000,0.000000,0.000000,0.000000,0.000000,0.065000,0.000000,1510.000000,0.000000,0.000000,0.000000,2.000000,0.000000,0.000000,0.000000,0.000000,0.000000,0.000000,0.000000,0.000000,6504,0,32,0
24.921316,0.007784,-0.304518,-1.051188,-0.000029,0.000161,0.003153,0.002428,0.000129,0.001333,0.000014,-0.000249,0.000431,10.000000,18.000000,-1.000000,0.000000,0.000000,0.000000,0.000000,0.065000,0.000000,1510.000000,0.000000,0.000000,0.000000,2.000000,0.000000,0.000000,0.000000,0.000000,0.000000,0.000000,0.000000,0.000000,6504,0,32,0
24.923269,0.007784,-0.304518,-1.051182,-0.000024,0.000161,0.003156,0.002442,0.000138,0.001361,0.000015,-0.000250,0.000430,10.000000,18.000000,-1.000000,0.000000,0.000000,0.000000,0.000000,0.065000,0.000000,1510.000000,0.000000,0.000000,0.000000,2.000000,0.000000,0.000000,0.000000,0.000000,0.000000,0.000000,0.000000,0.000000,6504,0,32,0
24.925224,0.007784,-0.304517,-1.051176,-0.000019,0.000161,0.003159,0.002454,0.000148,0.001385,0.000015,-0.000251,0.000430,10.000000,18.000000,-1.000000,0.000000,0.000000,0.000000,0.000000,0.065000,0.000000,1510.000000,0.000000,0.000000,0.000000,2.000000,0.000000,0.000000,0.000000,0.000000,0.000000,0.000000,0.000000,0.000000,6504,0,32,0
24.927177,0.007784,-0.304517,-1.051169,-0.000014,0.000161,0.003162,0.002466,0.000157,0.001407,0.000016,-0.000252,0.000429,10.000000,18.000000,-1.000000,0.000000,0.000000,0.000000,0.000000,0.065000,0.000000,1510.000000,0.000000,0.000000,0.000000,2.000000,0.000000,0.000000,0.000000,0.000000,0.000000,0.000000,0.000000,0.000000,6504,0,32,0
24.929132,0.007784,-0.304517,-1.051163,-0.000009,0.000162,0.003165,0.002476,0.000167,0.001427,0.000017,-0.000253,0.000429,10.000000,18.000000,-1.000000,0.000000,0.000000,0.000000,0.000000,0.065000,0.000000,1510.000000,0.000000,0.000000,0.000000,2.000000,0.000000,0.000000,0.000000,0.000000,0.000000,0.000000,0.000000,0.000000,6504,0,32,0
24.931086,0.007784,-0.304516,-1.051157,-0.000004,0.000162,0.003167,0.002486,0.000177,0.001446,0.000018,-0.000254,0.000428,10.000000,18.000000,-1.000000,0.000000,0.000000,0.000000,0.000000,0.065000,0.000000,1510.000000,0.000000,0.000000,0.000000,2.000000,0.000000,0.000000,0.000000,0.000000,0.000000,0.000000,0.000000,0.000000,6504,0,32,0
24.933041,0.007784,-0.304516,-1.051150,0.000001,0.000162,0.003170,0.002495,0.000186,0.001462,0.000019,-0.000255,0.000428,10.000000,18.000000,-1.000000,0.000000,0.000000,0.000000,0.000000,0.065000,0.000000,1510.000000,0.000000,0.000000,0.000000,2.000000,0.000000,0.000000,0.000000,0.000000,0.000000,0.000000,0.000000,0.000000,6504,0,32,1
24.934994,0.007784,-0.304516,-1.051144,0.000006,0.000163,0.003173,0.002503,0.000194,0.001477,0.000020,-0.000256,0.000427,10.000000,18.000000,-1.000000,0.000000,0.000000,0.000000,0.000000,0.065000,0.000000,1510.000000,0.000000,0.000000,0.000000,2.000000,0.000000,0.000000,0.000000,0.000000,0.000000,0.000000,0.000000,0.000000,6504,0,35,1
24.936949,0.007784,-0.304515,-1.051138,0.000011,0.000163,0.003176,0.002511,0.000203,0.001492,0.000021,-0.000257,0.000427,10.000000,18.000000,-1.000000,0.000000,0.000000,0.000000,0.000000,0.065000,0.000000,1510.000000,0.000000,0.000000,0.000000,2.000000,0.000000,0.000000,0.000000,0.000000,0.000000,0.000000,0.000000,0.000000,6504,0,35,1
24.938902,0.007784,-0.304515,-1.051131,0.000016,0.000164,0.003179,0.002517,0.000213,0.001506,0.000022,-0.000257,0.000426,10.000000,18.000000,-1.000000,0.000000,0.000000,0.000000,0.000000,0.065000,0.000000,1510.000000,0.000000,0.000000,0.000000,2.000000,0.000000,0.000000,0.000000,0.000000,0.000000,0.000000,0.000000,0.000000,6504,0,35,2
24.940857,0.007784,-0.304515,-1.051125,0.000021,0.000164,0.003182,0.002522,0.000221,0.001519,0.000023,-0.000258,0.000426,10.000000,18.000000,-1.000000,0.000000,0.000000,0.000000,0.000000,0.065000,0.000000,1510.000000,0.000000,0.000000,0.000000,2.000000,0.000000,0.000000,0.000000,0.000000,0.000000,0.000000,0.000000,0.000000,6504,0,35,2
24.942810,0.007784,-0.304514,-1.051118,0.000026,0.000165,0.003185,0.002525,0.000231,0.001530,0.000024,-0.000258,0.000425,10.000000,18.000000,-1.000000,0.000000,0.000000,0.000000,0.000000,0.065000,0.000000,1510.000000,0.000000,0.000000,0.000000,2.000000,0.000000,0.000000,0.000000,0.000000,0.000000,0.000000,0.000000,0.000000,6504,0,35,2
24.944763,0.007784,-0.304514,-1.051112,0.000031,0.000165,0.003188,0.002527,0.000241,0.001540,0.000025,-0.000258,0.000425,10.000000,18.000000,-1.000000,0.000000,0.000000,0.000000,0.000000,0.065000,0.000000,1510.000000,0.000000,0.000000,0.000000,2.000000,0.000000,0.000000,0.000000,0.000000,0.000000,0.000000,0.000000,0.000000,6504,0,34,3
24.946718,0.007784,-0.304514,-1.051106,0.000036,0.000166,0.003192,0.002527,0.000248,0.001549,0.000026,-0.000258,0.000425,10.000000,18.000000,-1.000000,0.000000,0.000000,0.000000,0.000000,0.065000,0.000000,1510.000000,0.000000,0.000000,0.000000,2.000000,0.000000,0.000000,0.000000,0.000000,0.000000,0.000000,0.000000,0.000000,6504,0,34,3
24.948671,0.007785,-0.304513,-1.051099,0.000041,0.000166,0.003195,0.002525,0.000258,0.001557,0.000027,-0.000258,0.000425,10.000000,18.000000,-1.000000,0.000000,0.000000,0.000000,0.000000,0.065000,0.000000,1510.000000,0.000000,0.000000,0.000000,2.000000,0.000000,0.000000,0.000000,0.000000,0.000000,0.000000,0.000000,0.000000,6504,0,34,3
24.950626,0.007785,-0.304513,-1.051093,0.000046,0.000167,0.003198,0.002521,0.000268,0.001565,0.000028,-0.000257,0.000425,10.000000,18.000000,-1.000000,0.000000,0.000000,0.000000,0.000000,0.065000,0.000000,1510.000000,0.000000,0.000000,0.000000,2.000000,0.000000,0.000000,0.000000,0.000000,0.000000,0.000000,0.000000,0.000000,6504,0,34,3
24.952579,0.007785,-0.304513,-1.051087,0.000051,0.000167,0.003201,0.002515,0.000278,0.001572,0.000029,-0.000256,0.000424,10.000000,18.000000,-1.000000,0.000000,0.000000,0.000000,0.000000,0.065000,0.000000,1510.000000,0.000000,0.000000,0.000000,2.000000,0.000000,0.000000,0.000000,0.000000,0.000000,0.000000,0.000000,0.000000,6504,0,34,4
24.954535,0.007785,-0.304512,-1.051080,0.000056,0.000168,0.003204,0.002507,0.000286,0.001579,0.000030,-0.000255,0.000425,10.000000,18.000000,-1.000000,0.000000,0.000000,0.000000,0.000000,0.065000,0.000000,1510.000000,0.000000,0.000000,0.000000,2.000000,0.000000,0.000000,0.000000,0.000000,0.000000,0.000000,0.000000,0.000000,6504,0,34,4
24.956488,0.007785,-0.304512,-1.051074,0.000061,0.000168,0.003207,0.002496,0.000296,0.001584,0.000031,-0.000254,0.000425,10.000000,18.000000,-1.000000,0.000000,0.000000,0.000000,0.000000,0.065000,0.000000,1510.000000,0.000000,0.000000,0.000000,2.000000,0.000000,0.000000,0.000000,0.000000,0.000000,0.000000,0.000000,0.000000,6504,0,34,4
24.958443,0.007785,-0.304512,-1.051067,0.000066,0.000169,0.003210,0.002484,0.000306,0.001590,0.000032,-0.000253,0.000425,10.000000,18.000000,-1.000000,0.000000,0.000000,0.000000,0.000000,0.065000,0.000000,1510.000000,0.000000,0.000000,0.000000,2.000000,0.000000,0.000000,0.000000,0.000000,0.000000,0.000000,0.000000,0.000000,6504,-1,34,4
24.960396,0.007785,-0.304511,-1.051061,0.000071,0.000170,0.003214,0.002469,0.000316,0.001594,0.000033,-0.000251,0.000425,10.000000,18.000000,-1.000000,0.000000,0.000000,0.000000,0.000000,0.065000,0.000000,1510.000000,0.000000,0.000000,0.000000,2.000000,0.000000,0.000000,0.000000,0.000000,0.000000,0.000000,0.000000,0.000000,6504,-1,33,4
24.962351,0.007785,-0.304511,-1.051054,0.000076,0.000170,0.003217,0.002451,0.000325,0.001598,0.000034,-0.000249,0.000425,10.000000,18.000000,-1.000000,0.000000,0.000000,0.000000,0.000000,0.065000,0.000000,1510.000000,0.000000,0.000000,0.000000,2.000000,0.000000,0.000000,0.000000,0.000000,0.000000,0.000000,0.000000,0.000000,6504,-1,33,4
24.964304,0.007786,-0.304511,-1.051048,0.000081,0.000171,0.003220,0.002432,0.000335,0.001601,0.000035,-0.000247,0.000426,10.000000,18.000000,-1.000000,0.000000,0.000000,0.000000,0.000000,0.065000,0.000000,1510.000000,0.000000,0.000000,0.000000,2.000000,0.000000,0.000000,0.000000,0.000000,0.000000,0.000000,0.000000,0.000000,6504,-1,33,5
24.966257,0.007786,-0.304510,-1.051041,0.000086,0.000172,0.003223,0.002410,0.000342,0.001604,0.000036,-0.000245,0.000426,10.000000,18.000000,-1.000000,0.000000,0.000000,0.000000,0.000000,0.065000,0.000000,1510.000000,0.000000,0.000000,0.000000,2.000000,0.000000,0.000000,0.000000,0.000000,0.000000,0.000000,0.000000,0.000000,6504,-1,33,5
24.968212,0.007786,-0.304510,-1.051035,0.000091,0.000172,0.003226,0.002385,0.000351,0.001607,0.000037,-0.000242,0.000427,10.000000,18.000000,-1.000000,0.000000,0.000000,0.000000,0.000000,0.065000,0.000000,1516.000000,0.000000,0.000000,0.000000,2.000000,0.000000,0.000000,0.000000,0.000000,0.000000,0.000000,0.000000,0.000000,6504,-1,33,5
24.970165,0.007786,-0.304510,-1.051029,0.000095,0.000173,0.003230,0.002359,0.000360,0.001609,0.000038,-0.000239,0.000427,10.000000,18.000000,-1.000000,0.000000,0.000000,0.000000,0.000000,0.065000,0.000000,1516.000000,0.000000,0.000000,0.000000,2.000000,0.000000,0.000000,0.000000,0.000000,0.000000,0.000000,0.000000,0.000000,6504,-1,33,5
24.972120,0.007786,-0.304509,-1.051022,0.000100,0.000174,0.003233,0.002330,0.000368,0.001611,0.000038,-0.000236,0.000428,10.000000,18.000000,-1.000000,0.000000,0.000000,0.000000,0.000000,0.065000,0.000000,1516.000000,0.000000,0.000000,0.000000,2.000000,0.000000,0.000000,0.000000,0.000000,0.000000,0.000000,0.000000,0.000000,6504,-1,32,5
24.974073,0.007786,-0.304509,-1.051016,0.000105,0.000174,0.003236,0.002299,0.000375,0.001612,0.000039,-0.000233,0.000429,10.000000,18.000000,-1.000000,0.000000,0.000000,0.000000,0.000000,0.065000,0.000000,1516.000000,0.000000,0.000000,0.000000,2.000000,0.000000,0.000000,0.000000,0.000000,0.000000,0.000000,0.000000,0.000000,6504,-1,32,5
24.976028,0.007787,-0.304509,-1.051009,0.000109,0.000175,0.003239,0.002265,0.000382,0.001613,0.000040,-0.000229,0.000429,10.000000,18.000000,-1.000000,0.000000,0.000000,0.000000,0.000000,0.065000,0.000000,1516.000000,0.000000,0.000000,0.000000,2.000000,0.000000,0.000000,0.000000,0.000000,0.000000,0.000000,0.000000,0.000000,6504,-1,32,5
24.977982,0.007787,-0.304508,-1.051003,0.000114,0.000176,0.003243,0.002230,0.000388,0.001613,0.000040,-0.000226,0.000430,10.000000,18.000000,-1.000000,0.000000,0.000000,0.000000,0.000000,0.065000,0.000000,1516.000000,0.000000,0.000000,0.000000,2.000000,0.000000,0.000000,0.000000,0.000000,0.000000,0.000000,0.000000,0.000000,6504,-1,32,5
24.979937,0.007787,-0.304508,-1.050996,0.000118,0.000177,0.003246,0.002193,0.000394,0.001613,0.000041,-0.000222,0.000431,10.000000,18.000000,-1.000000,0.000000,0.000000,0.000000,0.000000,0.065000,0.000000,1516.000000,0.000000,0.000000,0.000000,2.000000,0.000000,0.000000,0.000000,0.000000,0.000000,0.000000,0.000000,0.000000,6504,-1,32,4
24.981890,0.007787,-0.304507,-1.050990,0.000123,0.000178,0.003249,0.002154,0.000400,0.001614,0.000041,-0.000218,0.000432,10.000000,18.000000,-1.000000,0.000000,0.000000,0.000000,0.000000,0.065000,0.000000,1516.000000,0.000000,0.000000,0.000000,2.000000,0.000000,0.000000,0.000000,0.000000,0.000000,0.000000,0.000000,0.000000,6504,-1,32,4
24.983845,0.007788,-0.304507,-1.050983,0.000127,0.000178,0.003252,0.002114,0.000404,0.001615,0.000042,-0.000214,0.000433,10.000000,18.000000,-1.000000,0.000000,0.000000,0.000000,0.000000,0.065000,0.000000,1516.000000,0.000000,0.000000,0.000000,2.000000,0.000000,0.000000,0.000000,0.000000,0.000000,0.000000,0.000000,0.000000,6504,-1,31,4
24.985798,0.007788,-0.304507,-1.050977,0.000131,0.000179,0.003255,0.002072,0.000408,0.001615,0.000042,-0.000209,0.000434,10.000000,18.000000,-1.000000,0.000000,0.000000,0.000000,0.000000,0.065000,0.000000,1516.000000,0.000000,0.000000,0.000000,2.000000,0.000000,0.000000,0.000000,0.000000,0.000000,0.000000,0.000000,0.000000,6504,-1,31,4
24.987753,0.007788,-0.304506,-1.050970,0.000135,0.000180,0.003259,0.002028,0.000410,0.001615,0.000042,-0.000205,0.000435,10.000000,18.000000,-1.000000,0.000000,0.000000,0.000000,0.000000,0.065000,0.000000,1516.000000,0.000000,0.000000,0.000000,2.000000,0.000000,0.000000,0.000000,0.000000,0.000000,0.000000,0.000000,0.000000,6504,-1,31,4
24.989706,0.007788,-0.304506,-1.050964,0.000139,0.000181,0.003262,0.001983,0.000412,0.001615,0.000042,-0.000200,0.000436,10.000000,18.000000,-1.000000,0.000000,0.000000,0.000000,0.000000,0.065000,0.000000,1516.000000,0.000000,0.000000,0.000000,2.000000,0.000000,0.000000,0.000000,0.000000,0.000000,0.000000,0.000000,0.000000,6504,-1,31,4
24.991659,0.007789,-0.304506,-1.050957,0.000143,0.000182,0.003265,0.001937,0.000412,0.001615,0.000042,-0.000195,0.000437,10.000000,18.000000,-1.000000,0.000000,0.000000,0.000000,0.000000,0.065000,0.000000,1516.000000,0.000000,0.000000,0.000000,2.000000,0.000000,0.000000,0.000000,0.000000,0.000000,0.000000,0.000000,0.000000,6504,0,31,4
24.993614,0.007789,-0.304505,-1.050951,0.000147,0.000182,0.003268,0.001890,0.000412,0.001615,0.000042,-0.000190,0.000439,10.000000,18.000000,-1.000000,0.000000,0.000000,0.000000,0.000000,0.065000,0.000000,1516.000000,0.000000,0.000000,0.000000,2.000000,0.000000,0.000000,0.000000,0.000000,0.000000,0.000000,0.000000,0.000000,6504,0,31,4
24.995567,0.007789,-0.304505,-1.050944,0.000150,0.000183,0.003272,0.001842,0.000411,0.001614,0.000042,-0.000185,0.000440,10.000000,18.000000,-1.000000,0.000000,0.000000,0.000000,0.000000,0.065000,0.000000,1516.000000,0.000000,0.000000,0.000000,2.000000,0.000000,0.000000,0.000000,0.000000,0.000000,0.000000,0.000000,0.000000,6504,0,31,3
24.997522,0.007790,-0.304505,-1.050938,0.000154,0.000184,0.003275,0.001793,0.000412,0.001615,0.000042,-0.000180,0.000441,10.000000,18.000000,-1.000000,0.000000,0.000000,0.000000,0.000000,0.065000,0.000000,1516.000000,0.000000,0.000000,0.000000,2.000000,0.000000,0.000000,0.000000,0.000000,0.000000,0.000000,0.000000,0.000000,6504,0,31,3
24.999475,0.007790,-0.304504,-1.050931,0.000158,0.000185,0.003278,0.001743,0.000409,0.001616,0.000042,-0.000175,0.000442,10.000000,18.000000,-1.000000,0.000000,0.000000,0.000000,0.000000,0.065000,0.000000,1516.000000,0.000000,0.000000,0.000000,2.000000,0.000000,0.000000,0.000000,0.000000,0.000000,0.000000,0.000000,0.000000,6504,0,30,3
25.001431,0.007790,-0.304504,-1.050924,0.000161,0.000186,0.003281,0.001692,0.000406,0.001615,0.000041,-0.000170,0.000443,10.000000,18.000000,-1.000000,0.000000,0.000000,0.000000,0.000000,0.065000,0.000000,1516.000000,0.000000,0.000000,0.000000,2.000000,0.000000,0.000000,0.000000,0.000000,0.000000,0.000000,0.000000,0.000000,6504,0,30,3
25.003384,0.007791,-0.304503,-1.050918,0.000164,0.000187,0.003285,0.001641,0.000403,0.001614,0.000041,-0.000165,0.000444,10.000000,18.000000,-1.000000,0.000000,0.000000,0.000000,0.000000,0.065000,0.000000,1516.000000,0.000000,0.000000,0.000000,2.000000,0.000000,0.000000,0.000000,0.000000,0.000000,0.000000,0.000000,0.000000,6504,0,30,3
25.005339,0.007791,-0.304503,-1.050911,0.000167,0.000187,0.003288,0.001590,0.000399,0.001613,0.000040,-0.000160,0.000446,10.000000,18.000000,-1.000000,0.000000,0.000000,0.000000,0.000000,0.065000,0.000000,1516.000000,0.000000,0.000000,0.000000,2.000000,0.000000,0.000000,0.000000,0.000000,0.000000,0.000000,0.000000,0.000000,6504,0,30,3
25.007292,0.007791,-0.304503,-1.050905,0.000171,0.000188,0.003291,0.001538,0.000394,0.001613,0.000040,-0.000154,0.000447,10.000000,18.000000,-1.000000,0.000000,0.000000,0.000000,0.000000,0.065000,0.000000,1516.000000,0.000000,0.000000,0.000000,2.000000,0.000000,0.000000,0.000000,0.000000,0.000000,0.000000,0.000000,0.000000,6504,0,30,2
25.009247,0.007792,-0.304502,-1.050898,0.000174,0.000189,0.003294,0.001487,0.000391,0.001613,0.000039,-0.000149,0.000448,10.000000,18.000000,-1.000000,0.000000,0.000000,0.000000,0.000000,0.065000,0.000000,1516.000000,0.000000,0.000000,0.000000,2.000000,0.000000,0.000000,0.000000,0.000000,0.000000,0.000000,0.000000,0.000000,6504,0,30,2
25.011200,0.007792,-0.304502,-1.050892,0.000176,0.000190,0.003297,0.001435,0.000386,0.001613,0.000039,-0.000144,0.000449,10.000000,18.000000,-1.000000,0.000000,0.000000,0.000000,0.000000,0.065000,0.000000,1516.000000,0.000000,0.000000,0.000000,2.000000,0.000000,0.000000,0.000000,0.000000,0.000000,0.000000,0.000000,0.000000,6504,0,30,2
25.013153,0.007792,-0.304502,-1.050885,0.000179,0.000190,0.003301,0.001383,0.000381,0.001613,0.000038,-0.000139,0.000450,10.000000,18.000000,-1.000000,0.000000,0.000000,0.000000,0.000000,0.065000,0.000000,1516.000000,0.000000,0.000000,0.000000,2.000000,0.000000,0.000000,0.000000,0.000000,0.000000,0.000000,0.000000,0.000000,6504,0,30,2
25.015108,0.007793,-0.304501,-1.050878,0.000182,0.000191,0.003304,0.001331,0.000375,0.001613,0.000038,-0.000133,0.000451,10.000000,18.000000,-1.000000,0.000000,0.000000,0.000000,0.000000,0.065000,0.000000,1516.000000,0.000000,0.000000,0.000000,2.000000,0.000000,0.000000,0.000000,0.000000,0.000000,0.000000,0.000000,0.000000,6504,0,30,2
25.017061,0.007793,-0.304501,-1.050872,0.000185,0.000192,0.003307,0.001280,0.000369,0.001613,0.000037,-0.000128,0.000452,10.000000,18.000000,-1.000000,0.000000,0.000000,0.000000,0.000000,0.065000,0.000000,1516.000000,0.000000,0.000000,0.000000,2.000000,0.000000,0.000000,0.000000,0.000000,0.000000,0.000000,0.000000,0.000000,6504,0,30,2
25.019016,0.007793,-0.304500,-1.050865,0.000187,0.000193,0.003310,0.001228,0.000362,0.001614,0.000037,-0.000123,0.000453,10.000000,18.000000,-1.000000,0.000000,0.000000,0.000000,0.000000,0.065000,0.000000,1516.000000,0.000000,0.000000,0.000000,2.000000,0.000000,0.000000,0.000000,0.000000,0.000000,0.000000,0.000000,0.000000,6504,0,30,2
25.020969,0.007794,-0.304500,-1.050858,0.000189,0.000193,0.003314,0.001177,0.000356,0.001614,0.000036,-0.000118,0.000454,10.000000,18.000000,-1.000000,0.000000,0.000000,0.000000,0.000000,0.065000,0.000000,1516.000000,0.000000,0.000000,0.000000,2.000000,0.000000,0.000000,0.000000,0.000000,0.000000,0.000000,0.000000,0.000000,6504,0,29,2
25.022924,0.007794,-0.304500,-1.050852,0.000192,0.000194,0.003317,0.001126,0.000349,0.001613,0.000035,-0.000112,0.000456,10.000000,18.000000,-1.000000,0.000000,0.000000,0.000000,0.000000,0.065000,0.000000,1516.000000,0.000000,0.000000,0.000000,2.000000,0.000000,0.000000,0.000000,0.000000,0.000000,0.000000,0.000000,0.000000,6504,0,29,1
25.024878,0.007795,-0.304499,-1.050845,0.000194,0.000195,0.003320,0.001075,0.000344,0.001613,0.000034,-0.000107,0.000457,10.000000,18.000000,-1.000000,0.000000,0.000000,0.000000,0.000000,0.065000,0.000000,1516.000000,0.000000,0.000000,0.000000,2.000000,0.000000,0.000000,0.000000,0.000000,0.000000,0.000000,0.000000,0.000000,6504,0,29,1
25.026833,0.007795,-0.304499,-1.050838,0.000196,0.000195,0.003323,0.001025,0.000337,0.001613,0.000034,-0.000102,0.000458,10.000000,18.000000,-1.000000,0.000000,0.000000,0.000000,0.000000,0.065000,0.000000,1516.000000,0.000000,0.000000,0.000000,2.000000,0.000000,0.000000,0.000000,0.000000,0.000000,0.000000,0.000000,0.000000,6504,0,29,1
25.028786,0.007795,-0.304498,-1.050832,0.000198,0.000196,0.003327,0.000975,0.000329,0.001612,0.000033,-0.000097,0.000459,10.000000,18.000000,-1.000000,0.000000,0.000000,0.000000,0.000000,0.065000,0.000000,1516.000000,0.000000,0.000000,0.000000,2.000000,0.000000,0.000000,0.000000,0.000000,0.000000,0.000000,0.000000,0.000000,6504,0,29,1
25.030741,0.007796,-0.304498,-1.050825,0.000200,0.000197,0.003330,0.000925,0.000322,0.001613,0.000032,-0.000092,0.000460,10.000000,18.000000,-1.000000,0.000000,0.000000,0.000000,0.000000,0.065000,0.000000,1516.000000,0.000000,0.000000,0.000000,2.000000,0.000000,0.000000,0.000000,0.000000,0.000000,0.000000,0.000000,0.000000,6504,0,29,1
25.032694,0.007796,-0.304498,-1.050819,0.000202,0.000197,0.003333,0.000877,0.000314,0.001613,0.000032,-0.000087,0.000461,10.000000,18.000000,-1.000000,0.000000,0.000000,0.000000,0.000000,0.065000,0.000000,1516.000000,0.000000,0.000000,0.000000,2.000000,0.000000,0.000000,0.000000,0.000000,0.000000,0.000000,0.000000,0.000000,6504,0,29,1
25.034649,0.007797,-0.304497,-1.050812,0.000203,0.000198,0.003336,0.000829,0.000307,0.001613,0.000031,-0.000082,0.000462,10.000000,18.000000,-1.000000,0.000000,0.000000,0.000000,0.000000,0.065000,0.000000,1516.000000,0.000000,0.000000,0.000000,2.000000,0.000000,0.000000,0.000000,0.000000,0.000000,0.000000,0.000000,0.000000,6504,0,29,1
25.036602,0.007797,-0.304497,-1.050805,0.000205,0.000199,0.003339,0.000781,0.000299,0.001613,0.000030,-0.000077,0.000462,10.000000,18.000000,-1.000000,0.000000,0.000000,0.000000,0.000000,0.065000,0.000000,1516.000000,0.000000,0.000000,0.000000,2.000000,0.000000,0.000000,0.000000,0.000000,0.000000,0.000000,0.000000,0.000000,6504,0,29,1
25.038555,0.007797,-0.304496,-1.050799,0.000206,0.000199,0.003343,0.000735,0.000291,0.001612,0.000029,-0.000073,0.000463,10.000000,18.000000,-1.000000,0.000000,0.000000,0.000000,0.000000,0.065000,0.000000,1516.000000,0.000000,0.000000,0.000000,2.000000,0.000000,0.000000,0.000000,0.000000,0.000000,0.000000,0.000000,0.000000,6504,0,29,1
25.040510,0.007798,-0.304496,-1.050792,0.000208,0.000200,0.003346,0.000689,0.000283,0.001612,0.000028,-0.000068,0.000464,10.000000,18.000000,-1.000000,0.000000,0.000000,0.000000,0.000000,0.065000,0.000000,1516.000000,0.000000,0.000000,0.000000,2.000000,0.000000,0.000000,0.000000,0.000000,0.000000,0.000000,0.000000,0.000000,6504,0,29,1
25.042463,0.007798,-0.304496,-1.050785,0.000209,0.000200,0.003349,0.000644,0.000275,0.001613,0.000028,-0.000063,0.000465,10.000000,18.000000,-1.000000,0.000000,0.000000,0.000000,0.000000,0.065000,0.000000,1516.000000,0.000000,0.000000,0.000000,2.000000,0.000000,0.000000,0.000000,0.000000,0.000000,0.000000,0.000000,0.000000,6504,0,29,1
25.044418,0.007799,-0.304495,-1.050778,0.000210,0.000201,0.003352,0.000599,0.000267,0.001613,0.000027,-0.000059,0.000466,10.000000,18.000000,-1.000000,0.000000,0.000000,0.000000,0.000000,0.065000,0.000000,1516.000000,0.000000,0.000000,0.000000,2.000000,0.000000,0.000000,0.000000,0.000000,0.000000,0.000000,0.000000,0.000000,6504,0,29,0
25.046371,0.007799,-0.304495,-1.050772,0.000211,0.000201,0.003356,0.000556,0.000261,0.001612,0.000026,-0.000055,0.000467,10.000000,18.000000,-1.000000,0.000000,0.000000,0.000000,0.000000,0.065000,0.000000,1516.000000,0.000000,0.000000,0.000000,2.000000,0.000000,0.000000,0.000000,0.000000,0.000000,0.000000,0.000000,0.000000,6506,0,29,0
25.048326,0.007799,-0.304494,-1.050765,0.000212,0.000202,0.003358,0.000514,0.000253,0.001399,0.000025,-0.000050,0.000468,10.000000,18.000000,-1.000000,0.000000,0.000000,0.000000,0.000000,0.065000,0.000000,1516.000000,0.000000,0.000000,0.000000,2.000000,0.000000,0.000000,0.000000,0.000000,0.000000,0.000000,0.000000,0.000000,6506,0,29,0
25.050280,0.007800,-0.304494,-1.050758,0.000213,0.000202,0.003361,0.000472,0.000245,0.001138,0.000024,-0.000046,0.000469,10.000000,18.000000,-1.000000,0.000000,0.000000,0.000000,0.000000,0.065000,0.000000,1516.000000,0.000000,0.000000,0.000000,2.000000,0.000000,0.000000,0.000000,0.000000,0.000000,0.000000,0.000000,0.000000,6506,0,29,0
25.052235,0.007800,-0.304494,-1.050752,0.000214,0.000203,0.003363,0.000432,0.000236,0.000902,0.000024,-0.000042,0.000469,10.000000,18.000000,-1.000000,0.000000,0.000000,0.000000,0.000000,0.065000,0.000000,1516.000000,0.000000,0.000000,0.000000,2.000000,0.000000,0.000000,0.000000,0.000000,0.000000,0.000000,0.000000,0.000000,6506,0,29,0
25.054188,0.007801,-0.304493,-1.050745,0.000215,0.000203,0.003364,0.000393,0.000228,0.000687,0.000023,-0.000038,0.000470,10.000000,18.000000,-1.000000,0.000000,0.000000,0.000000,0.000000,0.065000,0.000000,1516.000000,0.000000,0.000000,0.000000,2.000000,0.000000,0.000000,0.000000,0.000000,0.000000,0.000000,0.000000,0.000000,6506,0,29,0
25.056143,0.007801,-0.304493,-1.050738,0.000216,0.000204,0.003365,0.000355,0.000220,0.000492,0.000022,-0.000034,0.000471,10.000000,18.000000,-1.000000,0.000000,0.000000,0.000000,0.000000,0.065000,0.000000,1516.000000,0.000000,0.000000,0.000000,2.000000,0.000000,0.000000,0.000000,0.000000,0.000000,0.000000,0.000000,0.000000,6506,0,29,0
25.058096,0.007802,-0.304492,-1.050731,0.000216,0.000204,0.003366,0.000318,0.000211,0.000315,0.000021,-0.000031,0.000471,10.000000,18.000000,-1.000000,0.000000,0.000000,0.000000,0.000000,0.065000,0.000000,1516.000000,0.000000,0.000000,0.000000,2.000000,0.000000,0.000000,0.000000,0.000000,0.000000,0.000000,0.000000,0.000000,6506,0,29,0
25.060049,0.007802,-0.304492,-1.050725,0.000217,0.000205,0.003366,0.000283,0.000203,0.000155,0.000020,-0.000027,0.000472,10.000000,18.000000,-1.000000,0.000000,0.000000,0.000000,0.000000,0.065000,0.000000,1516.000000,0.000000,0.000000,0.000000,2.000000,0.000000,0.000000,0.000000,0.000000,0.000000,0.000000,0.000000,0.000000,6506,0,29,0
25.062004,0.007802,-0.304492,-1.050718,0.000218,0.000205,0.003367,0.000249,0.000195,0.000010,0.000019,-0.000024,0.000473,10.000000,18.000000,-1.000000,0.000000,0.000000,0.000000,0.000000,0.065000,0.000000,1516.000000,0.000000,0.000000,0.000000,2.000000,0.000000,0.000000,0.000000,0.000000,0.000000,0.000000,0.000000,0.000000,6506,0,29,0
25.063957,0.007803,-0.304491,-1.050711,0.000218,0.000205,0.003366,0.000217,0.000186,-0.000122,0.000018,-0.000020,0.000473,10.000000,18.000000,-1.000000,0.000000,0.000000,0.000000,0.000000,0.065000,0.000000,1516.000000,0.000000,0.000000,0.000000,2.000000,0.000000,0.000000,0.000000,0.000000,0.000000,0.000000,0.000000,0.000000,6506,0,29,0
25.065912,0.007803,-0.304491,-1.050704,0.000218,0.000206,0.003366,0.000185,0.000178,-0.000242,0.000018,-0.000017,0.000474,10.000000,18.000000,-1.000000,0.000000,0.000000,0.000000,0.000000,0.065000,0.000000,1516.000000,0.000000,0.000000,0.000000,2.000000,0.000000,0.000000,0.000000,0.000000,0.000000,0.000000,0.000000,0.000000,6506,0,29,0
25.067865,0.007804,-0.304490,-1.050698,0.000219,0.000206,0.003365,0.000156,0.000169,-0.000350,0.000017,-0.000014,0.000475,10.000000,18.000000,-1.000000,0.000000,0.000000,0.000000,0.000000,0.065000,0.000000,1516.000000,0.000000,0.000000,0.000000,2.000000,0.000000,0.000000,0.000000,0.000000,0.000000,0.000000,0.000000,0.000000,6506,0,29,0
25.069820,0.007804,-0.304490,-1.050691,0.000219,0.000206,0.003364,0.000128,0.000161,-0.000448,0.000016,-0.000012,0.000475,10.000000,18.000000,-1.000000,0.000000,0.000000,0.000000,0.000000,0.065000,0.000000,1516.000000,0.000000,0.000000,0.000000,2.000000,0.000000,0.000000,0.000000,0.000000,0.000000,0.000000,0.000000,0.000000,6506,0,29,0
25.071774,0.007805,-0.304490,-1.050684,0.000219,0.000207,0.003363,0.000101,0.000152,-0.000537,0.000015,-0.000009,0.000476,10.000000,18.000000,-1.000000,0.000000,0.000000,0.000000,0.000000,0.065000,0.000000,1516.000000,0.000000,0.000000,0.000000,2.000000,0.000000,0.000000,0.000000,0.000000,0.000000,0.000000,0.000000,0.000000,6506,0,29,0
25.073729,0.007805,-0.304489,-1.050678,0.000219,0.000207,0.003362,0.000076,0.000144,-0.000618,0.000014,-0.000007,0.000477,10.000000,18.000000,-1.000000,0.000000,0.000000,0.000000,0.000000,0.065000,0.000000,1516.000000,0.000000,0.000000,0.000000,2.000000,0.000000,0.000000,0.000000,0.000000,0.000000,0.000000,0.000000,0.000000,6506,0,29,0
25.075682,0.007806,-0.304489,-1.050671,0.000219,0.000207,0.003361,0.000052,0.000135,-0.000691,0.000013,-0.000004,0.000477,10.000000,18.000000,-1.000000,0.000000,0.000000,0.000000,0.000000,0.065000,0.000000,1516.000000,0.000000,0.000000,0.000000,2.000000,0.000000,0.000000,0.000000,0.000000,0.000000,0.000000,0.000000,0.000000,6506,0,29,0
25.077637,0.007806,-0.304488,-1.050664,0.000220,0.000208,0.003359,0.000030,0.000127,-0.000758,0.000012,-0.000002,0.000478,10.000000,18.000000,-1.000000,0.000000,0.000000,0.000000,0.000000,0.065000,0.000000,1516.000000,0.000000,0.000000,0.000000,2.000000,0.000000,0.000000,0.000000,0.000000,0.000000,0.000000,0.000000,0.000000,6506,0,29,0
25.079590,0.007806,-0.304488,-1.050657,0.000220,0.000208,0.003358,0.000010,0.000118,-0.000818,0.000012,-0.000000,0.000478,10.000000,18.000000,-1.000000,0.000000,0.000000,0.000000,0.000000,0.065000,0.000000,1516.000000,0.000000,0.000000,0.000000,2.000000,0.000000,0.000000,0.000000,0.000000,0.000000,0.000000,0.000000,0.000000,6506,0,29,0
25.081545,0.007807,-0.304487,-1.050651,0.000220,0.000208,0.003356,-0.000009,0.000110,-0.000873,0.000011,0.000002,0.000479,10.000000,18.000000,-1.000000,0.000000,0.000000,0.000000,0.000000,0.065000,0.000000,1516.000000,0.000000,0.000000,0.000000,2.000000,0.000000,0.000000,0.000000,0.000000,0.000000,0.000000,0.000000,0.000000,6506,0,29,0
25.083498,0.007807,-0.304487,-1.050644,0.000220,0.000208,0.003354,-0.000026,0.000101,-0.000923,0.000010,0.000003,0.000479,10.000000,18.000000,-1.000000,0.000000,0.000000,0.000000,0.000000,0.065000,0.000000,1516.000000,0.000000,0.000000,0.000000,2.000000,0.000000,0.000000,0.000000,0.000000,0.000000,0.000000,0.000000,0.000000,6506,0,30,0
25.085451,0.007808,-0.304487,-1.050637,0.000219,0.000208,0.003352,-0.000041,0.000093,-0.000967,0.000009,0.000005,0.000480,10.000000,18.000000,-1.000000,0.000000,0.000000,0.000000,0.000000,0.065000,0.000000,1516.000000,0.000000,0.000000,0.000000,2.000000,0.000000,0.000000,0.000000,0.000000,0.000000,0.000000,0.000000,0.000000,6506,0,30,0
25.087406,0.007808,-0.304486,-1.050631,0.000219,0.000209,0.003350,-0.000055,0.000084,-0.001007,0.000008,0.000006,0.000481,10.000000,18.000000,-1.000000,0.000000,0.000000,0.000000,0.000000,0.065000,0.000000,1516.000000,0.000000,0.000000,0.000000,2.000000,0.000000,0.000000,0.000000,0.000000,0.000000,0.000000,0.000000,0.000000,6506,0,30,0
25.089359,0.007809,-0.304486,-1.050624,0.000219,0.000209,0.003348,-0.000068,0.000076,-0.001043,0.000007,0.000007,0.000481,10.000000,18.000000,-1.000000,0.000000,0.000000,0.000000,0.000000,0.065000,0.000000,1516.000000,0.000000,0.000000,0.000000,2.000000,0.000000,0.000000,0.000000,0.000000,0.000000,0.000000,0.000000,0.000000,6506,0,30,0
25.091314,0.007809,-0.304485,-1.050617,0.000219,0.000209,0.003346,-0.000079,0.000067,-0.001076,0.000006,0.000009,0.000482,10.000000,18.000000,-1.000000,0.000000,0.000000,0.000000,0.000000,0.065000,0.000000,1516.000000,0.000000,0.000000,0.000000,2.000000,0.000000,0.000000,0.000000,0.000000,0.000000,0.000000,0.000000,0.000000,6506,0,30,0
25.093267,0.007810,-0.304485,-1.050610,0.000219,0.000209,0.003344,-0.000088,0.000059,-0.001106,0.000006,0.000009,0.000482,10.000000,18.000000,-1.000000,0.000000,0.000000,0.000000,0.000000,0.065000,0.000000,1516.000000,0.000000,0.000000,0.000000,2.000000,0.000000,0.000000,0.000000,0.000000,0.000000,0.000000,0.000000,0.000000,6506,0,30,0
25.095222,0.007810,-0.304485,-1.050604,0.000219,0.000209,0.003342,-0.000097,0.000050,-0.001133,0.000005,0.000010,0.000483,10.000000,18.000000,-1.000000,0.000000,0.000000,0.000000,0.000000,0.065000,0.000000,1516.000000,0.000000,0.000000,0.000000,2.000000,0.000000,0.000000,0.000000,0.000000,0.000000,0.000000,0.000000,0.000000,6506,0,30,0
25.097176,0.007810,-0.304484,-1.050597,0.000218,0.000209,0.003339,-0.000104,0.000042,-0.001158,0.000004,0.000011,0.000483,10.000000,18.000000,-1.000000,0.000000,0.000000,0.000000,0.000000,0.065000,0.000000,1516.000000,0.000000,0.000000,0.000000,2.000000,0.000000,0.000000,0.000000,0.000000,0.000000,0.000000,0.000000,0.000000,6506,0,30,0
25.099131,0.007811,-0.304484,-1.050590,0.000218,0.000209,0.003337,-0.000110,0.000033,-0.001181,0.000003,0.000011,0.000484,10.000000,18.000000,-1.000000,0.000000,0.000000,0.000000,0.000000,0.065000,0.000000,1516.000000,0.000000,0.000000,0.000000,2.000000,0.000000,0.000000,0.000000,0.000000,0.000000,0.000000,0.000000,0.000000,6506,0,30,0
25.101084,0.007811,-0.304483,-1.050584,0.000218,0.000209,0.003335,-0.000115,0.000025,-0.001200,0.000002,0.000012,0.000484,10.000000,18.000000,-1.000000,0.000000,0.000000,0.000000,0.000000,0.065000,0.000000,1516.000000,0.000000,0.000000,0.000000,2.000000,0.000000,0.000000,0.000000,0.000000,0.000000,0.000000,0.000000,0.000000,6506,0,30,0
25.103039,0.007812,-0.304483,-1.050577,0.000218,0.000209,0.003332,-0.000119,0.000016,-0.001219,0.000001,0.000012,0.000485,10.000000,18.000000,-1.000000,0.000000,0.000000,0.000000,0.000000,0.065000,0.000000,1516.000000,0.000000,0.000000,0.000000,2.000000,0.000000,0.000000,0.000000,0.000000,0.000000,0.000000,0.000000,0.000000,6506,0,30,0
25.104992,0.007812,-0.304482,-1.050570,0.000218,0.000209,0.003330,-0.000122,0.000008,-0.001235,0.000000,0.000013,0.000485,10.000000,18.000000,-1.000000,0.000000,0.000000,0.000000,0.000000,0.065000,0.000000,1516.000000,0.000000,0.000000,0.000000,2.000000,0.000000,0.000000,0.000000,0.000000,0.000000,0.000000,0.000000,0.000000,6506,0,30,0
25.106947,0.007813,-0.304482,-1.050564,0.000217,0.000209,0.003327,-0.000124,-0.000001,-0.001250,-0.000001,0.000013,0.000486,10.000000,18.000000,-1.000000,0.000000,0.000000,0.000000,0.000000,0.065000,0.000000,1516.000000,0.000000,0.000000,0.000000,2.000000,0.000000,0.000000,0.000000,0.000000,0.000000,0.000000,0.000000,0.000000,6506,0,30,0
25.108900,0.007813,-0.304482,-1.050557,0.000217,0.000209,0.003325,-0.000126,-0.000009,-0.001264,-0.000001,0.000013,0.000486,10.000000,18.000000,-1.000000,0.000000,0.000000,0.000000,0.000000,0.065000,0.000000,1516.000000,0.000000,0.000000,0.000000,2.000000,0.000000,0.000000,0.000000,0.000000,0.000000,0.000000,0.000000,0.000000,6506,0,33,-1
25.110853,0.007813,-0.304481,-1.050550,0.000217,0.000209,0.003322,-0.000126,-0.000016,-0.001275,-0.000002,0.000013,0.000487,10.000000,18.000000,-1.000000,0.000000,0.000000,0.000000,0.000000,0.065000,0.000000,1516.000000,0.000000,0.000000,0.000000,2.000000,0.000000,0.000000,0.000000,0.000000,0.000000,0.000000,0.000000,0.000000,6506,0,33,-1
25.112808,0.007814,-0.304481,-1.050544,0.000217,0.000209,0.003320,-0.000126,-0.000025,-0.001286,-0.000003,0.000013,0.000487,10.000000,18.000000,-1.000000,0.000000,0.000000,0.000000,0.000000,0.065000,0.000000,1516.000000,0.000000,0.000000,0.000000,2.000000,0.000000,0.000000,0.000000,0.000000,0.000000,0.000000,0.000000,0.000000,6506,0,34,-1
25.114761,0.007814,-0.304480,-1.050537,0.000216,0.000209,0.003317,-0.000125,-0.000033,-0.001295,-0.000004,0.000013,0.000488,10.000000,18.000000,-1.000000,0.000000,0.000000,0.000000,0.000000,0.065000,0.000000,1516.000000,0.000000,0.000000,0.000000,2.000000,0.000000,0.000000,0.000000,0.000000,0.000000,0.000000,0.000000,0.000000,6506,0,34,-2
25.116716,0.007815,-0.304480,-1.050531,0.000216,0.000209,0.003314,-0.000124,-0.000040,-0.001302,-0.000005,0.000013,0.000488,10.000000,18.000000,-1.000000,0.000000,0.000000,0.000000,0.000000,0.065000,0.000000,1516.000000,0.000000,0.000000,0.000000,2.000000,0.000000,0.000000,0.000000,0.000000,0.000000,0.000000,0.000000,0.000000,6506,0,34,-2
25.118670,0.007815,-0.304480,-1.050524,0.000216,0.000209,0.003312,-0.000123,-0.000049,-0.001308,-0.000006,0.000013,0.000489,10.000000,18.000000,-1.000000,0.000000,0.000000,0.000000,0.000000,0.065000,0.000000,1516.000000,0.000000,0.000000,0.000000,2.000000,0.000000,0.000000,0.000000,0.000000,0.000000,0.000000,0.000000,0.000000,6506,0,34,-2
25.120625,0.007816,-0.304479,-1.050517,0.000216,0.000209,0.003309,-0.000122,-0.000058,-0.001314,-0.000007,0.000012,0.000489,10.000000,18.000000,-1.000000,0.000000,0.000000,0.000000,0.000000,0.065000,0.000000,1516.000000,0.000000,0.000000,0.000000,2.000000,0.000000,0.000000,0.000000,0.000000,0.000000,0.000000,0.000000,0.000000,6506,0,34,-3
25.122578,0.007816,-0.304479,-1.050511,0.000215,0.000209,0.003307,-0.000122,-0.000065,-0.001320,-0.000008,0.000013,0.000489,10.000000,18.000000,-1.000000,0.000000,0.000000,0.000000,0.000000,0.065000,0.000000,1516.000000,0.000000,0.000000,0.000000,2.000000,0.000000,0.000000,0.000000,0.000000,0.000000,0.000000,0.000000,0.000000,6506,0,34,-3
25.124533,0.007816,-0.304478,-1.050504,0.000215,0.000209,0.003304,-0.000123,-0.000074,-0.001325,-0.000008,0.000013,0.000489,10.000000,18.000000,-1.000000,0.000000,0.000000,0.000000,0.000000,0.065000,0.000000,1516.000000,0.000000,0.000000,0.000000,2.000000,0.000000,0.000000,0.000000,0.000000,0.000000,0.000000,0.000000,0.000000,6506,0,34,-3
25.126486,0.007817,-0.304478,-1.050498,0.000215,0.000209,0.003301,-0.000125,-0.000083,-0.001330,-0.000009,0.000013,0.000490,10.000000,18.000000,-1.000000,0.000000,0.000000,0.000000,0.000000,0.065000,0.000000,1516.000000,0.000000,0.000000,0.000000,2.000000,0.000000,0.000000,0.000000,0.000000,0.000000,0.000000,0.000000,0.000000,6506,0,34,-3
25.128441,0.007817,-0.304477,-1.050491,0.000215,0.000208,0.003299,-0.000128,-0.000091,-0.001334,-0.000010,0.000013,0.000490,10.000000,18.000000,-1.000000,0.000000,0.000000,0.000000,0.000000,0.065000,0.000000,1516.000000,0.000000,0.000000,0.000000,2.000000,0.000000,0.000000,0.000000,0.000000,0.000000,0.000000,0.000000,0.000000,6506,0,33,-4
25.130394,0.007818,-0.304477,-1.050484,0.000214,0.000208,0.003296,-0.000132,-0.000098,-0.001338,-0.000011,0.000014,0.000490,10.000000,18.000000,-1.000000,0.000000,0.000000,0.000000,0.000000,0.065000,0.000000,1516.000000,0.000000,0.000000,0.000000,2.000000,0.000000,0.000000,0.000000,0.000000,0.000000,0.000000,0.000000,0.000000,6506,0,33,-4
25.132347,0.007818,-0.304477,-1.050478,0.000214,0.000208,0.003293,-0.000138,-0.000107,-0.001342,-0.000012,0.000014,0.000489,10.000000,18.000000,-1.000000,0.000000,0.000000,0.000000,0.000000,0.065000,0.000000,1516.000000,0.000000,0.000000,0.000000,2.000000,0.000000,0.000000,0.000000,0.000000,0.000000,0.000000,0.000000,0.000000,6506,0,33,-4
25.134302,0.007819,-0.304476,-1.050471,0.000214,0.000208,0.003291,-0.000145,-0.000116,-0.001346,-0.000013,0.000015,0.000489,10.000000,18.000000,-1.000000,0.000000,0.000000,0.000000,0.000000,0.065000,0.000000,1516.000000,0.000000,0.000000,0.000000,2.000000,0.000000,0.000000,0.000000,0.000000,0.000000,0.000000,0.000000,0.000000,6506,0,33,-4
25.136255,0.007819,-0.304476,-1.050465,0.000213,0.000207,0.003288,-0.000153,-0.000125,-0.001349,-0.000014,0.000016,0.000489,10.000000,18.000000,-1.000000,0.000000,0.000000,0.000000,0.000000,0.065000,0.000000,1516.000000,0.000000,0.000000,0.000000,2.000000,0.000000,0.000000,0.000000,0.000000,0.000000,0.000000,0.000000,0.000000,6506,0,33,-4
25.138210,0.007819,-0.304475,-1.050458,0.000213,0.000207,0.003285,-0.000163,-0.000134,-0.001352,-0.000015,0.000017,0.000489,10.000000,18.000000,-1.000000,0.000000,0.000000,0.000000,0.000000,0.065000,0.000000,1516.000000,0.000000,0.000000,0.000000,2.000000,0.000000,0.000000,0.000000,0.000000,0.000000,0.000000,0.000000,0.000000,6506,0,33,-4
25.140163,0.007820,-0.304475,-1.050451,0.000213,0.000207,0.003282,-0.000175,-0.000143,-0.001355,-0.000015,0.000018,0.000488,10.000000,18.000000,-1.000000,0.000000,0.000000,0.000000,0.000000,0.065000,0.000000,1516.000000,0.000000,0.000000,0.000000,2.000000,0.000000,0.000000,0.000000,0.000000,0.000000,0.000000,0.000000,0.000000,6506,0,33,-4
25.142118,0.007820,-0.304475,-1.050445,0.000212,0.000207,0.003280,-0.000188,-0.000152,-0.001357,-0.000016,0.000020,0.000488,10.000000,18.000000,-1.000000,0.000000,0.000000,0.000000,0.000000,0.065000,0.000000,1516.000000,0.000000,0.000000,0.000000,2.000000,0.000000,0.000000,0.000000,0.000000,0.000000,0.000000,0.000000,0.000000,6506,0,33,-4
25.144072,0.007821,-0.304474,-1.050438,0.000212,0.000206,0.003277,-0.000203,-0.000161,-0.001359,-0.000017,0.000021,0.000487,10.000000,18.000000,-1.000000,0.000000,0.000000,0.000000,0.000000,0.065000,0.000000,1516.000000,0.000000,0.000000,0.000000,2.000000,0.000000,0.000000,0.000000,0.000000,0.000000,0.000000,0.000000,0.000000,6506,0,33,-5
25.146027,0.007821,-0.304474,-1.050432,0.000212,0.000206,0.003274,-0.000219,-0.000168,-0.001362,-0.000018,0.000023,0.000487,10.000000,18.000000,-1.000000,0.000000,0.000000,0.000000,0.000000,0.065000,0.000000,1516.000000,0.000000,0.000000,0.000000,2.000000,0.000000,0.000000,0.000000,0.000000,0.000000,0.000000,0.000000,0.000000,6506,0,33,-5
25.147980,0.007822,-0.304473,-1.050425,0.000211,0.000206,0.003272,-0.000237,-0.000177,-0.001364,-0.000019,0.000025,0.000486,10.000000,18.000000,-1.000000,0.000000,0.000000,0.000000,0.000000,0.065000,0.000000,1516.000000,0.000000,0.000000,0.000000,2.000000,0.000000,0.000000,0.000000,0.000000,0.000000,0.000000,0.000000,0.000000,6506,0,33,-5
25.149935,0.007822,-0.304473,-1.050419,0.000211,0.000205,0.003269,-0.000256,-0.000186,-0.001366,-0.000020,0.000027,0.000486,10.000000,18.000000,-1.000000,0.000000,0.000000,0.000000,0.000000,0.065000,0.000000,1516.000000,0.000000,0.000000,0.000000,2.000000,0.000000,0.000000,0.000000,0.000000,0.000000,0.000000,0.000000,0.000000,6506,0,33,-5
25.151888,0.007822,-0.304472,-1.050412,0.000210,0.000205,0.003266,-0.000278,-0.000194,-0.001367,-0.000021,0.000029,0.000485,10.000000,18.000000,-1.000000,0.000000,0.000000,0.000000,0.000000,0.065000,0.000000,1516.000000,0.000000,0.000000,0.000000,2.000000,0.000000,0.000000,0.000000,0.000000,0.000000,0.000000,0.000000,0.000000,6506,0,32,-5
25.153843,0.007823,-0.304472,-1.050406,0.000210,0.000204,0.003263,-0.000300,-0.000203,-0.001369,-0.000022,0.000032,0.000484,10.000000,18.000000,-1.000000,0.000000,0.000000,0.000000,0.000000,0.065000,0.000000,1516.000000,0.000000,0.000000,0.000000,2.000000,0.000000,0.000000,0.000000,0.000000,0.000000,0.000000,0.000000,0.000000,6506,0,32,-4
25.155796,0.007823,-0.304472,-1.050399,0.000209,0.000204,0.003261,-0.000325,-0.000214,-0.001371,-0.000022,0.000034,0.000483,10.000000,18.000000,-1.000000,0.000000,0.000000,0.000000,0.000000,0.065000,0.000000,1516.000000,0.000000,0.000000,0.000000,2.000000,0.000000,0.000000,0.000000,0.000000,0.000000,0.000000,0.000000,0.000000,6506,0,32,-4
25.157749,0.007824,-0.304471,-1.050393,0.000208,0.000204,0.003258,-0.000350,-0.000223,-0.001372,-0.000023,0.000037,0.000482,10.000000,18.000000,-1.000000,0.000000,0.000000,0.000000,0.000000,0.065000,0.000000,1516.000000,0.000000,0.000000,0.000000,2.000000,0.000000,0.000000,0.000000,0.000000,0.000000,0.000000,0.000000,0.000000,6506,0,32,-4
25.159704,0.007824,-0.304471,-1.050386,0.000207,0.000203,0.003255,-0.000378,-0.000231,-0.001374,-0.000024,0.000040,0.000481,10.000000,18.000000,-1.000000,0.000000,0.000000,0.000000,0.000000,0.065000,0.000000,1516.000000,0.000000,0.000000,0.000000,2.000000,0.000000,0.000000,0.000000,0.000000,0.000000,0.000000,0.000000,0.000000,6506,0,32,-4
25.161657,0.007824,-0.304470,-1.050380,0.000207,0.000203,0.003252,-0.000406,-0.000240,-0.001375,-0.000025,0.000043,0.000480,10.000000,18.000000,-1.000000,0.000000,0.000000,0.000000,0.000000,0.065000,0.000000,1516.000000,0.000000,0.000000,0.000000,2.000000,0.000000,0.000000,0.000000,0.000000,0.000000,0.000000,0.000000,0.000000,6506,0,32,-4
25.163612,0.007825,-0.304470,-1.050373,0.000206,0.000202,0.003250,-0.000436,-0.000249,-0.001376,-0.000026,0.000046,0.000479,10.000000,18.000000,-1.000000,0.000000,0.000000,0.000000,0.000000,0.065000,0.000000,1516.000000,0.000000,0.000000,0.000000,2.000000,0.000000,0.000000,0.000000,0.000000,0.000000,0.000000,0.000000,0.000000,6506,0,32,-4
25.165565,0.007825,-0.304470,-1.050367,0.000205,0.000202,0.003247,-0.000467,-0.000258,-0.001378,-0.000027,0.000049,0.000478,10.000000,18.000000,-1.000000,0.000000,0.000000,0.000000,0.000000,0.065000,0.000000,1516.000000,0.000000,0.000000,0.000000,2.000000,0.000000,0.000000,0.000000,0.000000,0.000000,0.000000,0.000000,0.000000,6506,0,32,-4
25.167521,0.007826,-0.304469,-1.050360,0.000204,0.000201,0.003244,-0.000499,-0.000266,-0.001378,-0.000028,0.000053,0.000477,10.000000,18.000000,-1.000000,0.000000,0.000000,0.000000,0.000000,0.065000,0.000000,1516.000000,0.000000,0.000000,0.000000,2.000000,0.000000,0.000000,0.000000,0.000000,0.000000,0.000000,0.000000,0.000000,6506,0,32,-4
25.169474,0.007826,-0.304469,-1.050354,0.000203,0.000201,0.003241,-0.000533,-0.000275,-0.001380,-0.000029,0.000056,0.000476,10.000000,18.000000,-1.000000,0.000000,0.000000,0.000000,0.000000,0.065000,0.000000,1516.000000,0.000000,0.000000,0.000000,2.000000,0.000000,0.000000,0.000000,0.000000,0.000000,0.000000,0.000000,0.000000,6506,0,31,-4
25.171429,0.007827,-0.304468,-1.050347,0.000202,0.000200,0.003239,-0.000567,-0.000284,-0.001381,-0.000030,0.000060,0.000475,10.000000,18.000000,-1.000000,0.000000,0.000000,0.000000,0.000000,0.065000,0.000000,1516.000000,0.000000,0.000000,0.000000,2.000000,0.000000,0.000000,0.000000,0.000000,0.000000,0.000000,0.000000,0.000000,6506,0,31,-3
25.173382,0.007827,-0.304468,-1.050341,0.000201,0.000199,0.003236,-0.000603,-0.000294,-0.001383,-0.000030,0.000063,0.000474,10.000000,18.000000,-1.000000,0.000000,0.000000,0.000000,0.000000,0.065000,0.000000,1516.000000,0.000000,0.000000,0.000000,2.000000,0.000000,0.000000,0.000000,0.000000,0.000000,0.000000,0.000000,0.000000,6506,0,31,-3
25.175337,0.007827,-0.304468,-1.050334,0.000199,0.000199,0.003233,-0.000639,-0.000303,-0.001383,-0.000031,0.000067,0.000473,10.000000,18.000000,-1.000000,0.000000,0.000000,0.000000,0.000000,0.065000,0.000000,1516.000000,0.000000,0.000000,0.000000,2.000000,0.000000,0.000000,0.000000,0.000000,0.000000,0.000000,0.000000,0.000000,6506,0,31,-3
25.177290,0.007828,-0.304467,-1.050328,0.000198,0.000198,0.003230,-0.000676,-0.000312,-0.001385,-0.000032,0.000071,0.000472,10.000000,18.000000,-1.000000,0.000000,0.000000,0.000000,0.000000,0.065000,0.000000,1516.000000,0.000000,0.000000,0.000000,2.000000,0.000000,0.000000,0.000000,0.000000,0.000000,0.000000,0.000000,0.000000,6506,0,31,-3
25.179243,0.007828,-0.304467,-1.050321,0.000197,0.000198,0.003228,-0.000714,-0.000320,-0.001385,-0.000033,0.000075,0.000471,10.000000,18.000000,-1.000000,0.000000,0.000000,0.000000,0.000000,0.065000,0.000000,1516.000000,0.000000,0.000000,0.000000,2.000000,0.000000,0.000000,0.000000,0.000000,0.000000,0.000000,0.000000,0.000000,6506,0,31,-3
25.181198,0.007829,-0.304466,-1.050315,0.000195,0.000197,0.003225,-0.000752,-0.000329,-0.001386,-0.000034,0.000079,0.000469,10.000000,18.000000,-1.000000,0.000000,0.000000,0.000000,0.000000,0.065000,0.000000,1516.000000,0.000000,0.000000,0.000000,2.000000,0.000000,0.000000,0.000000,0.000000,0.000000,0.000000,0.000000,0.000000,6506,0,31,-3
25.183151,0.007829,-0.304466,-1.050308,0.000193,0.000196,0.003222,-0.000792,-0.000338,-0.001386,-0.000035,0.000083,0.000468,10.000000,18.000000,-1.000000,0.000000,0.000000,0.000000,0.000000,0.065000,0.000000,1516.000000,0.000000,0.000000,0.000000,2.000000,0.000000,0.000000,0.000000,0.000000,0.000000,0.000000,0.000000,0.000000,6506,1,31,-3
25.185106,0.007829,-0.304466,-1.050302,0.000192,0.000196,0.003219,-0.000831,-0.000346,-0.001387,-0.000036,0.000087,0.000467,10.000000,18.000000,-1.000000,0.000000,0.000000,0.000000,0.000000,0.065000,0.000000,1516.000000,0.000000,0.000000,0.000000,2.000000,0.000000,0.000000,0.000000,0.000000,0.000000,0.000000,0.000000,0.000000,6506,1,31,-2
25.187059,0.007830,-0.304465,-1.050295,0.000190,0.000195,0.003216,-0.000872,-0.000357,-0.001388,-0.000037,0.000091,0.000466,10.000000,18.000000,-1.000000,0.000000,0.000000,0.000000,0.000000,0.065000,0.000000,1516.000000,0.000000,0.000000,0.000000,2.000000,0.000000,0.000000,0.000000,0.000000,0.000000,0.000000,0.000000,0.000000,6506,1,31,-2
25.189014,0.007830,-0.304465,-1.050289,0.000188,0.000194,0.003214,-0.000913,-0.000365,-0.001389,-0.000037,0.000095,0.000465,10.000000,18.000000,-1.000000,0.000000,0.000000,0.000000,0.000000,0.065000,0.000000,1516.000000,0.000000,0.000000,0.000000,2.000000,0.000000,0.000000,0.000000,0.000000,0.000000,0.000000,0.000000,0.000000,6506,1,31,-2
25.190968,0.007830,-0.304464,-1.050283,0.000186,0.000193,0.003211,-0.000954,-0.000373,-0.001389,-0.000038,0.000099,0.000464,10.000000,18.000000,-1.000000,0.000000,0.000000,0.000000,0.000000,0.065000,0.000000,1516.000000,0.000000,0.000000,0.000000,2.000000,0.000000,0.000000,0.000000,0.000000,0.000000,0.000000,0.000000,0.000000,6506,1,31,-2
25.192923,0.007831,-0.304464,-1.050276,0.000184,0.000193,0.003208,-0.000995,-0.000380,-0.001389,-0.000039,0.000104,0.000463,10.000000,18.000000,-1.000000,0.000000,0.000000,0.000000,0.000000,0.065000,0.000000,1516.000000,0.000000,0.000000,0.000000,2.000000,0.000000,0.000000,0.000000,0.000000,0.000000,0.000000,0.000000,0.000000,6506,1,30,-2
25.194876,0.007831,-0.304464,-1.050270,0.000182,0.000192,0.003205,-0.001038,-0.000388,-0.001390,-0.000040,0.000108,0.000461,10.000000,18.000000,-1.000000,0.000000,0.000000,0.000000,0.000000,0.065000,0.000000,1516.000000,0.000000,0.000000,0.000000,2.000000,0.000000,0.000000,0.000000,0.000000,0.000000,0.000000,0.000000,0.000000,6506,1,30,-2
25.196831,0.007832,-0.304463,-1.050263,0.000180,0.000191,0.003203,-0.001080,-0.000394,-0.001392,-0.000040,0.000112,0.000460,10.000000,18.000000,-1.000000,0.000000,0.000000,0.000000,0.000000,0.065000,0.000000,1516.000000,0.000000,0.000000,0.000000,2.000000,0.000000,0.000000,0.000000,0.000000,0.000000,0.000000,0.000000,0.000000,6506,1,30,-2
25.198784,0.007832,-0.304463,-1.050257,0.000178,0.000190,0.003200,-0.001122,-0.000401,-0.001393,-0.000041,0.000117,0.000459,10.000000,18.000000,-1.000000,0.000000,0.000000,0.000000,0.000000,0.065000,0.000000,1516.000000,0.000000,0.000000,0.000000,2.000000,0.000000,0.000000,0.000000,0.000000,0.000000,0.000000,0.000000,0.000000,6506,1,30,-1
25.200739,0.007832,-0.304463,-1.050251,0.000176,0.000189,0.003197,-0.001165,-0.000408,-0.001393,-0.000042,0.000121,0.000458,10.000000,18.000000,-1.000000,0.000000,0.000000,0.000000,0.000000,0.065000,0.000000,1516.000000,0.000000,0.000000,0.000000,2.000000,0.000000,0.000000,0.000000,0.000000,0.000000,0.000000,0.000000,0.000000,6506,1,30,-1
25.202692,0.007833,-0.304462,-1.050244,0.000173,0.000189,0.003194,-0.001207,-0.000414,-0.001394,-0.000042,0.000125,0.000457,10.000000,18.000000,-1.000000,0.000000,0.000000,0.000000,0.000000,0.065000,0.000000,1516.000000,0.000000,0.000000,0.000000,2.000000,0.000000,0.000000,0.000000,0.000000,0.000000,0.000000,0.000000,0.000000,6506,1,30,-1
25.204645,0.007833,-0.304462,-1.050238,0.000171,0.000188,0.003191,-0.001250,-0.000418,-0.001394,-0.000043,0.000130,0.000456,10.000000,18.000000,-1.000000,0.000000,0.000000,0.000000,0.000000,0.065000,0.000000,1516.000000,0.000000,0.000000,0.000000,2.000000,0.000000,0.000000,0.000000,0.000000,0.000000,0.000000,0.000000,0.000000,6506,1,30,-1
25.206600,0.007833,-0.304461,-1.050231,0.000168,0.000187,0.003189,-0.001292,-0.000423,-0.001395,-0.000043,0.000134,0.000455,10.000000,18.000000,-1.000000,0.000000,0.000000,0.000000,0.000000,0.065000,0.000000,1516.000000,0.000000,0.000000,0.000000,2.000000,0.000000,0.000000,0.000000,0.000000,0.000000,0.000000,0.000000,0.000000,6506,1,30,-1
25.208553,0.007834,-0.304461,-1.050225,0.000166,0.000186,0.003186,-0.001334,-0.000426,-0.001395,-0.000043,0.000138,0.000454,10.000000,18.000000,-1.000000,0.000000,0.000000,0.000000,0.000000,0.065000,0.000000,1516.000000,0.000000,0.000000,0.000000,2.000000,0.000000,0.000000,0.000000,0.000000,0.000000,0.000000,0.000000,0.000000,6506,1,30,-1
25.210508,0.007834,-0.304461,-1.050219,0.000163,0.000185,0.003183,-0.001376,-0.000429,-0.001396,-0.000044,0.000143,0.000453,10.000000,18.000000,-1.000000,0.000000,0.000000,0.000000,0.000000,0.065000,0.000000,1516.000000,0.000000,0.000000,0.000000,2.000000,0.000000,0.000000,0.000000,0.000000,0.000000,0.000000,0.000000,0.000000,6506,1,30,-1
25.212461,0.007834,-0.304460,-1.050212,0.000160,0.000184,0.003180,-0.001417,-0.000431,-0.001396,-0.000044,0.000147,0.000452,10.000000,18.000000,-1.000000,0.000000,0.000000,0.000000,0.000000,0.065000,0.000000,1516.000000,0.000000,0.000000,0.000000,2.000000,0.000000,0.000000,0.000000,0.000000,0.000000,0.000000,0.000000,0.000000,6506,1,30,-1
25.214417,0.007835,-0.304460,-1.050206,0.000157,0.000184,0.003177,-0.001459,-0.000433,-0.001397,-0.000044,0.000151,0.000452,10.000000,18.000000,-1.000000,0.000000,0.000000,0.000000,0.000000,0.065000,0.000000,1516.000000,0.000000,0.000000,0.000000,2.000000,0.000000,0.000000,0.000000,0.000000,0.000000,0.000000,0.000000,0.000000,6506,1,30,-1
25.216370,0.007835,-0.304460,-1.050200,0.000154,0.000183,0.003175,-0.001500,-0.000434,-0.001397,-0.000044,0.000155,0.000451,10.000000,18.000000,-1.000000,0.000000,0.000000,0.000000,0.000000,0.065000,0.000000,1516.000000,0.000000,0.000000,0.000000,2.000000,0.000000,0.000000,0.000000,0.000000,0.000000,0.000000,0.000000,0.000000,6506,1,30,-1
25.218325,0.007835,-0.304459,-1.050193,0.000151,0.000182,0.003172,-0.001541,-0.000434,-0.001397,-0.000044,0.000159,0.000450,10.000000,18.000000,-1.000000,0.000000,0.000000,0.000000,0.000000,0.065000,0.000000,1516.000000,0.000000,0.000000,0.000000,2.000000,0.000000,0.000000,0.000000,0.000000,0.000000,0.000000,0.000000,0.000000,6506,0,30,0
25.220278,0.007835,-0.304459,-1.050187,0.000148,0.000181,0.003169,-0.001581,-0.000435,-0.001397,-0.000044,0.000163,0.000449,10.000000,18.000000,-1.000000,0.000000,0.000000,0.000000,0.000000,0.065000,0.000000,1516.000000,0.000000,0.000000,0.000000,2.000000,0.000000,0.000000,0.000000,0.000000,0.000000,0.000000,0.000000,0.000000,6506,0,30,0
25.222233,0.007836,-0.304459,-1.050181,0.000145,0.000180,0.003166,-0.001621,-0.000434,-0.001397,-0.000044,0.000167,0.000448,10.000000,18.000000,-1.000000,0.000000,0.000000,0.000000,0.000000,0.065000,0.000000,1516.000000,0.000000,0.000000,0.000000,2.000000,0.000000,0.000000,0.000000,0.000000,0.000000,0.000000,0.000000,0.000000,6506,0,30,0
25.224186,0.007836,-0.304458,-1.050174,0.000141,0.000179,0.003163,-0.001661,-0.000432,-0.001398,-0.000044,0.000171,0.000447,10.000000,18.000000,-1.000000,0.000000,0.000000,0.000000,0.000000,0.065000,0.000000,1516.000000,0.000000,0.000000,0.000000,2.000000,0.000000,0.000000,0.000000,0.000000,0.000000,0.000000,0.000000,0.000000,6506,0,30,0
25.226139,0.007836,-0.304458,-1.050168,0.000138,0.000178,0.003161,-0.001700,-0.000429,-0.001398,-0.000043,0.000175,0.000447,10.000000,18.000000,-1.000000,0.000000,0.000000,0.000000,0.000000,0.065000,0.000000,1516.000000,0.000000,0.000000,0.000000,2.000000,0.000000,0.000000,0.000000,0.000000,0.000000,0.000000,0.000000,0.000000,6506,0,29,0
25.228094,0.007837,-0.304457,-1.050162,0.000135,0.000177,0.003158,-0.001739,-0.000426,-0.001399,-0.000043,0.000179,0.000446,10.000000,18.000000,-1.000000,0.000000,0.000000,0.000000,0.000000,0.065000,0.000000,1516.000000,0.000000,0.000000,0.000000,2.000000,0.000000,0.000000,0.000000,0.000000,0.000000,0.000000,0.000000,0.000000,6506,0,29,0
25.230047,0.007837,-0.304457,-1.050155,0.000131,0.000177,0.003155,-0.001777,-0.000422,-0.001399,-0.000043,0.000183,0.000445,10.000000,18.000000,-1.000000,0.000000,0.000000,0.000000,0.000000,0.065000,0.000000,1516.000000,0.000000,0.000000,0.000000,2.000000,0.000000,0.000000,0.000000,0.000000,0.000000,0.000000,0.000000,0.000000,6506,0,29,0
25.232002,0.007837,-0.304457,-1.050149,0.000128,0.000176,0.003152,-0.001815,-0.000419,-0.001400,-0.000042,0.000187,0.000444,10.000000,18.000000,-1.000000,0.000000,0.000000,0.000000,0.000000,0.065000,0.000000,1516.000000,0.000000,0.000000,0.000000,2.000000,0.000000,0.000000,0.000000,0.000000,0.000000,0.000000,0.000000,0.000000,6506,0,29,0
25.233955,0.007837,-0.304456,-1.050143,0.000124,0.000175,0.003149,-0.001852,-0.000414,-0.001400,-0.000042,0.000191,0.000444,10.000000,18.000000,-1.000000,0.000000,0.000000,0.000000,0.000000,0.065000,0.000000,1516.000000,0.000000,0.000000,0.000000,2.000000,0.000000,0.000000,0.000000,0.000000,0.000000,0.000000,0.000000,0.000000,6506,0,29,0
25.235910,0.007838,-0.304456,-1.050136,0.000120,0.000174,0.003147,-0.001889,-0.000410,-0.001401,-0.000041,0.000195,0.000443,10.000000,18.000000,-1.000000,0.000000,0.000000,0.000000,0.000000,0.065000,0.000000,1516.000000,0.000000,0.000000,0.000000,2.000000,0.000000,0.000000,0.000000,0.000000,0.000000,0.000000,0.000000,0.000000,6506,0,29,0
25.237864,0.007838,-0.304456,-1.050130,0.000116,0.000173,0.003144,-0.001924,-0.000405,-0.001401,-0.000041,0.000198,0.000442,10.000000,18.000000,-1.000000,0.000000,0.000000,0.000000,0.000000,0.065000,0.000000,1516.000000,0.000000,0.000000,0.000000,2.000000,0.000000,0.000000,0.000000,0.000000,0.000000,0.000000,0.000000,0.000000,6506,0,29,0
25.239819,0.007838,-0.304455,-1.050124,0.000112,0.000173,0.003141,-0.001958,-0.000400,-0.001401,-0.000040,0.000202,0.000442,10.000000,18.000000,-1.000000,0.000000,0.000000,0.000000,0.000000,0.065000,0.000000,1516.000000,0.000000,0.000000,0.000000,2.000000,0.000000,0.000000,0.000000,0.000000,0.000000,0.000000,0.000000,0.000000,6506,0,29,0
25.241772,0.007838,-0.304455,-1.050118,0.000108,0.000172,0.003138,-0.001992,-0.000394,-0.001402,-0.000040,0.000205,0.000441,10.000000,18.000000,-1.000000,0.000000,0.000000,0.000000,0.000000,0.065000,0.000000,1516.000000,0.000000,0.000000,0.000000,2.000000,0.000000,0.000000,0.000000,0.000000,0.000000,0.000000,0.000000,0.000000,6506,0,29,0
25.243727,0.007838,-0.304455,-1.050111,0.000104,0.000171,0.003135,-0.002024,-0.000389,-0.001402,-0.000039,0.000208,0.000441,10.000000,18.000000,-1.000000,0.000000,0.000000,0.000000,0.000000,0.065000,0.000000,1516.000000,0.000000,0.000000,0.000000,2.000000,0.000000,0.000000,0.000000,0.000000,0.000000,0.000000,0.000000,0.000000,6506,0,29,0
25.245680,0.007839,-0.304454,-1.050105,0.000100,0.000170,0.003133,-0.002055,-0.000383,-0.001403,-0.000039,0.000211,0.000440,10.000000,18.000000,-1.000000,0.000000,0.000000,0.000000,0.000000,0.065000,0.000000,1516.000000,0.000000,0.000000,0.000000,2.000000,0.000000,0.000000,0.000000,0.000000,0.000000,0.000000,0.000000,0.000000,6506,0,29,0
25.247635,0.007839,-0.304454,-1.050099,0.000096,0.000169,0.003130,-0.002084,-0.000377,-0.001403,-0.000038,0.000214,0.000439,10.000000,18.000000,-1.000000,0.000000,0.000000,0.000000,0.000000,0.065000,0.000000,1516.000000,0.000000,0.000000,0.000000,2.000000,0.000000,0.000000,0.000000,0.000000,0.000000,0.000000,0.000000,0.000000,6506,0,29,0
25.249588,0.007839,-0.304454,-1.050092,0.000092,0.000169,0.003127,-0.002113,-0.000370,-0.001403,-0.000037,0.000217,0.000439,10.000000,18.000000,-1.000000,0.000000,0.000000,0.000000,0.000000,0.065000,0.000000,1516.000000,0.000000,0.000000,0.000000,2.000000,0.000000,0.000000,0.000000,0.000000,0.000000,0.000000,0.000000,0.000000,6506,0,29,0
25.251541,0.007839,-0.304453,-1.050086,0.000088,0.000168,0.003124,-0.002140,-0.000364,-0.001403,-0.000037,0.000220,0.000438,10.000000,18.000000,-1.000000,0.000000,0.000000,0.000000,0.000000,0.065000,0.000000,1516.000000,0.000000,0.000000,0.000000,2.000000,0.000000,0.000000,0.000000,0.000000,0.000000,0.000000,0.000000,0.000000,6506,0,29,0
25.253496,0.007839,-0.304453,-1.050080,0.000083,0.000167,0.003121,-0.002166,-0.000357,-0.001403,-0.000036,0.000222,0.000438,10.000000,18.000000,-1.000000,0.000000,0.000000,0.000000,0.000000,0.065000,0.000000,1516.000000,0.000000,0.000000,0.000000,2.000000,0.000000,0.000000,0.000000,0.000000,0.000000,0.000000,0.000000,0.000000,6506,0,30,0
25.255449,0.007840,-0.304453,-1.050074,0.000079,0.000167,0.003119,-0.002190,-0.000351,-0.001403,-0.000035,0.000225,0.000437,10.000000,18.000000,-1.000000,0.000000,0.000000,0.000000,0.000000,0.065000,0.000000,1516.000000,0.000000,0.000000,0.000000,2.000000,0.000000,0.000000,0.000000,0.000000,0.000000,0.000000,0.000000,0.000000,6506,0,30,0
25.257404,0.007840,-0.304452,-1.050068,0.000075,0.000166,0.003116,-0.002213,-0.000344,-0.001402,-0.000035,0.000227,0.000437,10.000000,18.000000,-1.000000,0.000000,0.000000,0.000000,0.000000,0.065000,0.000000,1516.000000,0.000000,0.000000,0.000000,2.000000,0.000000,0.000000,0.000000,0.000000,0.000000,0.000000,0.000000,0.000000,6506,0,30,0
25.259357,0.007840,-0.304452,-1.050061,0.000070,0.000165,0.003113,-0.002234,-0.000337,-0.001402,-0.000034,0.000229,0.000436,10.000000,18.000000,-1.000000,0.000000,0.000000,0.000000,0.000000,0.065000,0.000000,1516.000000,0.000000,0.000000,0.000000,2.000000,0.000000,0.000000,0.000000,0.000000,0.000000,0.000000,0.000000,0.000000,6506,0,30,0
25.261312,0.007840,-0.304452,-1.050055,0.000066,0.000165,0.003110,-0.002255,-0.000330,-0.001401,-0.000033,0.000231,0.000435,10.000000,18.000000,-1.000000,0.000000,0.000000,0.000000,0.000000,0.065000,0.000000,1516.000000,0.000000,0.000000,0.000000,2.000000,0.000000,0.000000,0.000000,0.000000,0.000000,0.000000,0.000000,0.000000,6506,0,30,0
25.263266,0.007840,-0.304451,-1.050049,0.000061,0.000164,0.003107,-0.002274,-0.000323,-0.001401,-0.000032,0.000233,0.000435,10.000000,18.000000,-1.000000,0.000000,0.000000,0.000000,0.000000,0.065000,0.000000,1516.000000,0.000000,0.000000,0.000000,2.000000,0.000000,0.000000,0.000000,0.000000,0.000000,0.000000,0.000000,0.000000,6506,0,30,0
25.265221,0.007840,-0.304451,-1.050043,0.000056,0.000163,0.003105,-0.002292,-0.000316,-0.001400,-0.000032,0.000235,0.000434,10.000000,18.000000,-1.000000,0.000000,0.000000,0.000000,0.000000,0.065000,0.000000,1516.000000,0.000000,0.000000,0.000000,2.000000,0.000000,0.000000,0.000000,0.000000,0.000000,0.000000,0.000000,0.000000,6506,0,30,0
25.267174,0.007840,-0.304451,-1.050036,0.000052,0.000163,0.003102,-0.002309,-0.000309,-0.001400,-0.000031,0.000236,0.000434,10.000000,18.000000,-1.000000,0.000000,0.000000,0.000000,0.000000,0.065000,0.000000,1516.000000,0.000000,0.000000,0.000000,2.000000,0.000000,0.000000,0.000000,0.000000,0.000000,0.000000,0.000000,0.000000,6506,0,30,0
25.269129,0.007840,-0.304450,-1.050030,0.000047,0.000162,0.003099,-0.002325,-0.000301,-0.001400,-0.000030,0.000238,0.000433,10.000000,18.000000,-1.000000,0.000000,0.000000,0.000000,0.000000,0.065000,0.000000,1516.000000,0.000000,0.000000,0.000000,2.000000,0.000000,0.000000,0.000000,0.000000,0.000000,0.000000,0.000000,0.000000,6506,0,30,0
25.271082,0.007841,-0.304450,-1.050024,0.000043,0.000161,0.003096,-0.002340,-0.000294,-0.001400,-0.000030,0.000240,0.000433,10.000000,18.000000,-1.000000,0.000000,0.000000,0.000000,0.000000,0.065000,0.000000,1516.000000,0.000000,0.000000,0.000000,2.000000,0.000000,0.000000,0.000000,0.000000,0.000000,0.000000,0.000000,0.000000,6506,0,30,0
25.273037,0.007841,-0.304450,-1.050018,0.000038,0.000161,0.003093,-0.002355,-0.000287,-0.001399,-0.000029,0.000241,0.000432,10.000000,18.000000,-1.000000,0.000000,0.000000,0.000000,0.000000,0.065000,0.000000,1516.000000,0.000000,0.000000,0.000000,2.000000,0.000000,0.000000,0.000000,0.000000,0.000000,0.000000,0.000000,0.000000,6506,0,30,0
25.274990,0.007841,-0.304449,-1.050012,0.000033,0.000160,0.003091,-0.002368,-0.000279,-0.001398,-0.000028,0.000242,0.000432,10.000000,18.000000,-1.000000,0.000000,0.000000,0.000000,0.000000,0.065000,0.000000,1516.000000,0.000000,0.000000,0.000000,2.000000,0.000000,0.000000,0.000000,0.000000,0.000000,0.000000,0.000000,0.000000,6506,0,30,0
25.276943,0.007841,-0.304449,-1.050006,0.000028,0.000160,0.003088,-0.002380,-0.000272,-0.001398,-0.000027,0.000243,0.000431,10.000000,18.000000,-1.000000,0.000000,0.000000,0.000000,0.000000,0.065000,0.000000,1516.000000,0.000000,0.000000,0.000000,2.000000,0.000000,0.000000,0.000000,0.000000,0.000000,0.000000,0.000000,0.000000,6506,0,30,0
25.278898,0.007841,-0.304449,-1.049999,0.000024,0.000159,0.003085,-0.002392,-0.000264,-0.001398,-0.000026,0.000245,0.000431,10.000000,18.000000,-1.000000,0.000000,0.000000,0.000000,0.000000,0.065000,0.000000,1516.000000,0.000000,0.000000,0.000000,2.000000,0.000000,0.000000,0.000000,0.000000,0.000000,0.000000,0.000000,0.000000,6506,0,30,0
25.280851,0.007841,-0.304448,-1.049993,0.000019,0.000159,0.003082,-0.002403,-0.000257,-0.001397,-0.000026,0.000246,0.000430,10.000000,19.000000,-1.000000,0.000000,0.000000,0.000000,0.000000,0.065000,0.000000,1518.000000,0.000000,0.000000,0.000000,2.000000,0.000000,0.000000,0.000000,0.000000,0.000000,0.000000,0.000000,0.000000,6506,0,30,0
25.282806,0.007841,-0.304448,-1.049987,0.000014,0.000158,0.003079,-0.002413,-0.000249,-0.001397,-0.000025,0.000247,0.000430,10.000000,19.000000,-1.000000,0.000000,0.000000,0.000000,0.000000,0.065000,0.000000,1518.000000,0.000000,0.000000,0.000000,2.000000,0.000000,0.000000,0.000000,0.000000,0.000000,0.000000,0.000000,0.000000,6506,0,30,0
25.284760,0.007841,-0.304448,-1.049981,0.000009,0.000158,0.003077,-0.002422,-0.000242,-0.001397,-0.000024,0.000248,0.000429,10.000000,19.000000,-1.000000,0.000000,0.000000,0.000000,0.000000,0.065000,0.000000,1518.000000,0.000000,0.000000,0.000000,2.000000,0.000000,0.000000,0.000000,0.000000,0.000000,0.000000,0.000000,0.000000,6506,0,30,0
25.286715,0.007841,-0.304447,-1.049975,0.000004,0.000157,0.003074,-0.002431,-0.000234,-0.001397,-0.000023,0.000248,0.000429,10.000000,19.000000,-1.000000,0.000000,0.000000,0.000000,0.000000,0.065000,0.000000,1518.000000,0.000000,0.000000,0.000000,2.000000,0.000000,0.000000,0.000000,0.000000,0.000000,0.000000,0.000000,0.000000,6506,0,30,0
25.288668,0.007841,-0.304447,-1.049969,-0.000001,0.000157,0.003071,-0.002439,-0.000226,-0.001397,-0.000023,0.000249,0.000428,10.000000,19.000000,-1.000000,0.000000,0.000000,0.000000,0.000000,0.065000,0.000000,1518.000000,0.000000,0.000000,0.000000,2.000000,0.000000,0.000000,0.000000,0.000000,0.000000,0.000000,0.000000,0.000000,6506,0,27,1
25.290623,0.007841,-0.304447,-1.049962,-0.000006,0.000156,0.003068,-0.002446,-0.000220,-0.001399,-0.000022,0.000250,0.000428,10.000000,19.000000,-1.000000,0.000000,0.000000,0.000000,0.000000,0.065000,0.000000,1518.000000,0.000000,0.000000,0.000000,2.000000,0.000000,0.000000,0.000000,0.000000,0.000000,0.000000,0.000000,0.000000,6506,0,27,1
25.292576,0.007841,-0.304447,-1.049956,-0.000010,0.000156,0.003065,-0.002452,-0.000212,-0.001400,-0.000021,0.000250,0.000427,10.000000,19.000000,-1.000000,0.000000,0.000000,0.000000,0.000000,0.065000,0.000000,1518.000000,0.000000,0.000000,0.000000,2.000000,0.000000,0.000000,0.000000,0.000000,0.000000,0.000000,0.000000,0.000000,6506,0,27,1
25.294531,0.007841,-0.304446,-1.049950,-0.000015,0.000155,0.003063,-0.002457,-0.000205,-0.001401,-0.000020,0.000251,0.000427,10.000000,19.000000,-1.000000,0.000000,0.000000,0.000000,0.000000,0.065000,0.000000,1518.000000,0.000000,0.000000,0.000000,2.000000,0.000000,0.000000,0.000000,0.000000,0.000000,0.000000,0.000000,0.000000,6506,0,27,2
25.296484,0.007841,-0.304446,-1.049944,-0.000020,0.000155,0.003060,-0.002461,-0.000199,-0.001403,-0.000019,0.000251,0.000426,10.000000,19.000000,-1.000000,0.000000,0.000000,0.000000,0.000000,0.065000,0.000000,1518.000000,0.000000,0.000000,0.000000,2.000000,0.000000,0.000000,0.000000,0.000000,0.000000,0.000000,0.000000,0.000000,6506,0,28,2
25.298437,0.007841,-0.304446,-1.049938,-0.000025,0.000155,0.003057,-0.002463,-0.000191,-0.001403,-0.000019,0.000251,0.000426,10.000000,19.000000,-1.000000,0.000000,0.000000,0.000000,0.000000,0.065000,0.000000,1518.000000,0.000000,0.000000,0.000000,2.000000,0.000000,0.000000,0.000000,0.000000,0.000000,0.000000,0.000000,0.000000,6506,0,28,2
25.300392,0.007841,-0.304445,-1.049932,-0.000030,0.000154,0.003054,-0.002464,-0.000182,-0.001404,-0.000018,0.000251,0.000426,10.000000,19.000000,-1.000000,0.000000,0.000000,0.000000,0.000000,0.065000,0.000000,1518.000000,0.000000,0.000000,0.000000,2.000000,0.000000,0.000000,0.000000,0.000000,0.000000,0.000000,0.000000,0.000000,6505,0,28,3
25.302345,0.007841,-0.304445,-1.049926,-0.000035,0.000154,0.003052,-0.002462,-0.000176,-0.001300,-0.000017,0.000251,0.000426,10.000000,19.000000,-1.000000,0.000000,0.000000,0.000000,0.000000,0.065000,0.000000,1518.000000,0.000000,0.000000,0.000000,2.000000,0.000000,0.000000,0.000000,0.000000,0.000000,0.000000,0.000000,0.000000,6505,0,28,3
25.304300,0.007841,-0.304445,-1.049920,-0.000040,0.000154,0.003049,-0.002459,-0.000168,-0.001170,-0.000016,0.000251,0.000425,10.000000,19.000000,-1.000000,0.000000,0.000000,0.000000,0.000000,0.065000,0.000000,1518.000000,0.000000,0.000000,0.000000,2.000000,0.000000,0.000000,0.000000,0.000000,0.000000,0.000000,0.000000,0.000000,6505,0,28,3
25.306253,0.007840,-0.304444,-1.049914,-0.000045,0.000153,0.003047,-0.002454,-0.000160,-0.001052,-0.000015,0.000250,0.000425,10.000000,19.000000,-1.000000,0.000000,0.000000,0.000000,0.000000,0.065000,0.000000,1518.000000,0.000000,0.000000,0.000000,2.000000,0.000000,0.000000,0.000000,0.000000,0.000000,0.000000,0.000000,0.000000,6505,0,28,3
25.308208,0.007840,-0.304444,-1.049907,-0.000050,0.000153,0.003045,-0.002447,-0.000152,-0.000946,-0.000015,0.000249,0.000425,10.000000,19.000000,-1.000000,0.000000,0.000000,0.000000,0.000000,0.065000,0.000000,1518.000000,0.000000,0.000000,0.000000,2.000000,0.000000,0.000000,0.000000,0.000000,0.000000,0.000000,0.000000,0.000000,6505,0,28,4
25.310162,0.007840,-0.304444,-1.049901,-0.000055,0.000153,0.003043,-0.002438,-0.000146,-0.000849,-0.000014,0.000248,0.000425,10.000000,19.000000,-1.000000,0.000000,0.000000,0.000000,0.000000,0.065000,0.000000,1518.000000,0.000000,0.000000,0.000000,2.000000,0.000000,0.000000,0.000000,0.000000,0.000000,0.000000,0.000000,0.000000,6505,0,28,4
25.312117,0.007840,-0.304443,-1.049895,-0.000060,0.000152,0.003042,-0.002426,-0.000137,-0.000761,-0.000013,0.000247,0.000425,10.000000,19.000000,-1.000000,0.000000,0.000000,0.000000,0.000000,0.065000,0.000000,1518.000000,0.000000,0.000000,0.000000,2.000000,0.000000,0.000000,0.000000,0.000000,0.000000,0.000000,0.000000,0.000000,6505,0,28,4
25.314070,0.007840,-0.304443,-1.049889,-0.000064,0.000152,0.003040,-0.002413,-0.000129,-0.000681,-0.000012,0.000245,0.000426,10.000000,19.000000,-1.000000,0.000000,0.000000,0.000000,0.000000,0.065000,0.000000,1518.000000,0.000000,0.000000,0.000000,2.000000,0.000000,0.000000,0.000000,0.000000,0.000000,0.000000,0.000000,0.000000,6505,0,28,4
25.316025,0.007840,-0.304443,-1.049883,-0.000069,0.000152,0.003039,-0.002397,-0.000121,-0.000609,-0.000011,0.000244,0.000426,10.000000,19.000000,-1.000000,0.000000,0.000000,0.000000,0.000000,0.065000,0.000000,1518.000000,0.000000,0.000000,0.000000,2.000000,0.000000,0.000000,0.000000,0.000000,0.000000,0.000000,0.000000,0.000000,6505,0,29,4
25.317978,0.007840,-0.304443,-1.049877,-0.000074,0.000152,0.003038,-0.002379,-0.000113,-0.000543,-0.000011,0.000242,0.000426,10.000000,19.000000,-1.000000,0.000000,0.000000,0.000000,0.000000,0.065000,0.000000,1518.000000,0.000000,0.000000,0.000000,2.000000,0.000000,0.000000,0.000000,0.000000,0.000000,0.000000,0.000000,0.000000,6505,0,29,4
25.319933,0.007840,-0.304442,-1.049871,-0.000079,0.000151,0.003037,-0.002359,-0.000105,-0.000483,-0.000010,0.000240,0.000427,10.000000,19.000000,-1.000000,0.000000,0.000000,0.000000,0.000000,0.065000,0.000000,1518.000000,0.000000,0.000000,0.000000,2.000000,0.000000,0.000000,0.000000,0.000000,0.000000,0.000000,0.000000,0.000000,6505,0,29,4
25.321886,0.007839,-0.304442,-1.049865,-0.000083,0.000151,0.003036,-0.002336,-0.000096,-0.000428,-0.000009,0.000237,0.000427,10.000000,19.000000,-1.000000,0.000000,0.000000,0.000000,0.000000,0.065000,0.000000,1518.000000,0.000000,0.000000,0.000000,2.000000,0.000000,0.000000,0.000000,0.000000,0.000000,0.000000,0.000000,0.000000,6505,0,29,5
25.323839,0.007839,-0.304442,-1.049859,-0.000088,0.000151,0.003035,-0.002311,-0.000090,-0.000379,-0.000008,0.000235,0.000428,10.000000,19.000000,-1.000000,0.000000,0.000000,0.000000,0.000000,0.065000,0.000000,1518.000000,0.000000,0.000000,0.000000,2.000000,0.000000,0.000000,0.000000,0.000000,0.000000,0.000000,0.000000,0.000000,6505,0,29,5
25.325794,0.007839,-0.304441,-1.049853,-0.000093,0.000151,0.003035,-0.002284,-0.000082,-0.000334,-0.000007,0.000232,0.000428,10.000000,19.000000,-1.000000,0.000000,0.000000,0.000000,0.000000,0.065000,0.000000,1518.000000,0.000000,0.000000,0.000000,2.000000,0.000000,0.000000,0.000000,0.000000,0.000000,0.000000,0.000000,0.000000,6505,0,29,5
25.327747,0.007839,-0.304441,-1.049847,-0.000097,0.000151,0.003034,-0.002255,-0.000074,-0.000293,-0.000007,0.000229,0.000429,10.000000,19.000000,-1.000000,0.000000,0.000000,0.000000,0.000000,0.065000,0.000000,1518.000000,0.000000,0.000000,0.000000,2.000000,0.000000,0.000000,0.000000,0.000000,0.000000,0.000000,0.000000,0.000000,6505,0,30,5
25.329702,0.007839,-0.304441,-1.049841,-0.000102,0.000151,0.003033,-0.002224,-0.000065,-0.000256,-0.000006,0.000225,0.000430,10.000000,19.000000,-1.000000,0.000000,0.000000,0.000000,0.000000,0.065000,0.000000,1518.000000,0.000000,0.000000,0.000000,2.000000,0.000000,0.000000,0.000000,0.000000,0.000000,0.000000,0.000000,0.000000,6505,0,30,5
25.331656,0.007838,-0.304440,-1.049835,-0.000106,0.000150,0.003033,-0.002192,-0.000057,-0.000223,-0.000005,0.000222,0.000430,10.000000,19.000000,-1.000000,0.000000,0.000000,0.000000,0.000000,0.065000,0.000000,1518.000000,0.000000,0.000000,0.000000,2.000000,0.000000,0.000000,0.000000,0.000000,0.000000,0.000000,0.000000,0.000000,6505,0,30,5
25.333611,0.007838,-0.304440,-1.049829,-0.000110,0.000150,0.003033,-0.002157,-0.000049,-0.000192,-0.000004,0.000218,0.000431,10.000000,19.000000,-1.000000,0.000000,0.000000,0.000000,0.000000,0.065000,0.000000,1518.000000,0.000000,0.000000,0.000000,2.000000,0.000000,0.000000,0.000000,0.000000,0.000000,0.000000,0.000000,0.000000,6505,0,30,4
25.335564,0.007838,-0.304440,-1.049822,-0.000115,0.000150,0.003032,-0.002121,-0.000039,-0.000165,-0.000003,0.000214,0.000432,10.000000,19.000000,-1.000000,0.000000,0.000000,0.000000,0.000000,0.065000,0.000000,1518.000000,0.000000,0.000000,0.000000,2.000000,0.000000,0.000000,0.000000,0.000000,0.000000,0.000000,0.000000,0.000000,6505,0,30,4
25.337519,0.007838,-0.304440,-1.049816,-0.000119,0.000150,0.003032,-0.002083,-0.000031,-0.000140,-0.000002,0.000211,0.000433,10.000000,19.000000,-1.000000,0.000000,0.000000,0.000000,0.000000,0.065000,0.000000,1518.000000,0.000000,0.000000,0.000000,2.000000,0.000000,0.000000,0.000000,0.000000,0.000000,0.000000,0.000000,0.000000,6505,0,30,4
25.339472,0.007838,-0.304439,-1.049810,-0.000123,0.000150,0.003032,-0.002043,-0.000023,-0.000117,-0.000002,0.000206,0.000434,10.000000,19.000000,-1.000000,0.000000,0.000000,0.000000,0.000000,0.065000,0.000000,1518.000000,0.000000,0.000000,0.000000,2.000000,0.000000,0.000000,0.000000,0.000000,0.000000,0.000000,0.000000,0.000000,6505,0,30,4
25.341427,0.007837,-0.304439,-1.049804,-0.000127,0.000150,0.003032,-0.002002,-0.000015,-0.000097,-0.000001,0.000202,0.000435,10.000000,19.000000,-1.000000,0.000000,0.000000,0.000000,0.000000,0.065000,0.000000,1518.000000,0.000000,0.000000,0.000000,2.000000,0.000000,0.000000,0.000000,0.000000,0.000000,0.000000,0.000000,0.000000,6505,0,31,4
25.343380,0.007837,-0.304439,-1.049798,-0.000131,0.000150,0.003031,-0.001960,-0.000007,-0.000078,0.000000,0.000198,0.000436,10.000000,19.000000,-1.000000,0.000000,0.000000,0.000000,0.000000,0.065000,0.000000,1518.000000,0.000000,0.000000,0.000000,2.000000,0.000000,0.000000,0.000000,0.000000,0.000000,0.000000,0.000000,0.000000,6505,0,31,4
25.345333,0.007837,-0.304438,-1.049792,-0.000135,0.000150,0.003031,-0.001916,0.000002,-0.000061,0.000001,0.000193,0.000437,10.000000,19.000000,-1.000000,0.000000,0.000000,0.000000,0.000000,0.065000,0.000000,1518.000000,0.000000,0.000000,0.000000,2.000000,0.000000,0.000000,0.000000,0.000000,0.000000,0.000000,0.000000,0.000000,6505,0,31,4
25.347288,0.007836,-0.304438,-1.049786,-0.000138,0.000150,0.003031,-0.001871,0.000010,-0.000045,0.000002,0.000189,0.000438,10.000000,19.000000,-1.000000,0.000000,0.000000,0.000000,0.000000,0.065000,0.000000,1518.000000,0.000000,0.000000,0.000000,2.000000,0.000000,0.000000,0.000000,0.000000,0.000000,0.000000,0.000000,0.000000,6505,0,31,4
25.349241,0.007836,-0.304438,-1.049780,-0.000142,0.000150,0.003031,-0.001825,0.000018,-0.000031,0.000002,0.000184,0.000439,10.000000,19.000000,-1.000000,0.000000,0.000000,0.000000,0.000000,0.065000,0.000000,1518.000000,0.000000,0.000000,0.000000,2.000000,0.000000,0.000000,0.000000,0.000000,0.000000,0.000000,0.000000,0.000000,6505,0,31,4
25.351196,0.007836,-0.304437,-1.049774,-0.000146,0.000150,0.003031,-0.001778,0.000026,-0.000018,0.000003,0.000179,0.000440,10.000000,19.000000,-1.000000,0.000000,0.000000,0.000000,0.000000,0.065000,0.000000,1518.000000,0.000000,0.000000,0.000000,2.000000,0.000000,0.000000,0.000000,0.000000,0.000000,0.000000,0.000000,0.000000,6505,0,31,3
25.353149,0.007836,-0.304437,-1.049768,-0.000149,0.000150,0.003031,-0.001729,0.000036,-0.000006,0.000004,0.000174,0.000442,10.000000,19.000000,-1.000000,0.000000,0.000000,0.000000,0.000000,0.065000,0.000000,1518.000000,0.000000,0.000000,0.000000,2.000000,0.000000,0.000000,0.000000,0.000000,0.000000,0.000000,0.000000,0.000000,6505,0,31,3
25.355104,0.007835,-0.304437,-1.049762,-0.000153,0.000150,0.003031,-0.001680,0.000044,0.000004,0.000005,0.000169,0.000443,10.000000,19.000000,-1.000000,0.000000,0.000000,0.000000,0.000000,0.065000,0.000000,1518.000000,0.000000,0.000000,0.000000,2.000000,0.000000,0.000000,0.000000,0.000000,0.000000,0.000000,0.000000,0.000000,6505,0,32,3
25.357058,0.007835,-0.304437,-1.049756,-0.000156,0.000150,0.003031,-0.001630,0.000052,0.000015,0.000006,0.000164,0.000444,10.000000,19.000000,-1.000000,0.000000,0.000000,0.000000,0.000000,0.065000,0.000000,1518.000000,0.000000,0.000000,0.000000,2.000000,0.000000,0.000000,0.000000,0.000000,0.000000,0.000000,0.000000,0.000000,6505,0,32,3
25.359013,0.007835,-0.304436,-1.049750,-0.000159,0.000151,0.003031,-0.001580,0.000060,0.000024,0.000007,0.000159,0.000445,10.000000,19.000000,-1.000000,0.000000,0.000000,0.000000,0.000000,0.065000,0.000000,1518.000000,0.000000,0.000000,0.000000,2.000000,0.000000,0.000000,0.000000,0.000000,0.000000,0.000000,0.000000,0.000000,6505,0,32,3
25.360966,0.007834,-0.304436,-1.049744,-0.000162,0.000151,0.003031,-0.001528,0.000068,0.000033,0.000007,0.000153,0.000446,10.000000,19.000000,-1.000000,0.000000,0.000000,0.000000,0.000000,0.065000,0.000000,1518.000000,0.000000,0.000000,0.000000,2.000000,0.000000,0.000000,0.000000,0.000000,0.000000,0.000000,0.000000,0.000000,6505,0,32,3
25.362921,0.007834,-0.304436,-1.049738,-0.000165,0.000151,0.003031,-0.001477,0.000076,0.000042,0.000008,0.000148,0.000447,10.000000,19.000000,-1.000000,0.000000,0.000000,0.000000,0.000000,0.065000,0.000000,1518.000000,0.000000,0.000000,0.000000,2.000000,0.000000,0.000000,0.000000,0.000000,0.000000,0.000000,0.000000,0.000000,6505,0,32,2
25.364874,0.007834,-0.304435,-1.049731,-0.000168,0.000151,0.003031,-0.001425,0.000085,0.000049,0.000009,0.000143,0.000449,10.000000,19.000000,-1.000000,0.000000,0.000000,0.000000,0.000000,0.065000,0.000000,1518.000000,0.000000,0.000000,0.000000,2.000000,0.000000,0.000000,0.000000,0.000000,0.000000,0.000000,0.000000,0.000000,6505,0,32,2
25.366829,0.007833,-0.304435,-1.049725,-0.000171,0.000151,0.003031,-0.001374,0.000093,0.000055,0.000010,0.000138,0.000450,10.000000,19.000000,-1.000000,0.000000,0.000000,0.000000,0.000000,0.065000,0.000000,1518.000000,0.000000,0.000000,0.000000,2.000000,0.000000,0.000000,0.000000,0.000000,0.000000,0.000000,0.000000,0.000000,6505,0,32,2
25.368782,0.007833,-0.304435,-1.049719,-0.000173,0.000151,0.003032,-0.001322,0.000101,0.000060,0.000011,0.000132,0.000451,10.000000,19.000000,-1.000000,0.000000,0.000000,0.000000,0.000000,0.065000,0.000000,1518.000000,0.000000,0.000000,0.000000,2.000000,0.000000,0.000000,0.000000,0.000000,0.000000,0.000000,0.000000,0.000000,6505,0,32,2
25.370735,0.007833,-0.304434,-1.049713,-0.000176,0.000152,0.003032,-0.001270,0.000109,0.000065,0.000012,0.000127,0.000452,10.000000,19.000000,-1.000000,0.000000,0.000000,0.000000,0.000000,0.065000,0.000000,1518.000000,0.000000,0.000000,0.000000,2.000000,0.000000,0.000000,0.000000,0.000000,0.000000,0.000000,0.000000,0.000000,6505,0,32,2
25.372690,0.007832,-0.304434,-1.049707,-0.000178,0.000152,0.003032,-0.001219,0.000117,0.000069,0.000012,0.000122,0.000453,10.000000,19.000000,-1.000000,0.000000,0.000000,0.000000,0.000000,0.065000,0.000000,1518.000000,0.000000,0.000000,0.000000,2.000000,0.000000,0.000000,0.000000,0.000000,0.000000,0.000000,0.000000,0.000000,6505,0,32,2
25.374643,0.007832,-0.304434,-1.049701,-0.000181,0.000152,0.003032,-0.001167,0.000125,0.000074,0.000013,0.000117,0.000454,10.000000,19.000000,-1.000000,0.000000,0.000000,0.000000,0.000000,0.065000,0.000000,1518.000000,0.000000,0.000000,0.000000,2.000000,0.000000,0.000000,0.000000,0.000000,0.000000,0.000000,0.000000,0.000000,6505,0,32,2
25.376598,0.007832,-0.304433,-1.049695,-0.000183,0.000152,0.003032,-0.001116,0.000133,0.000078,0.000014,0.000111,0.000455,10.000000,19.000000,-1.000000,0.000000,0.000000,0.000000,0.000000,0.065000,0.000000,1518.000000,0.000000,0.000000,0.000000,2.000000,0.000000,0.000000,0.000000,0.000000,0.000000,0.000000,0.000000,0.000000,6505,0,33,1
25.378551,0.007831,-0.304433,-1.049689,-0.000185,0.000153,0.003032,-0.001066,0.000143,0.000082,0.000015,0.000106,0.000456,10.000000,19.000000,-1.000000,0.000000,0.000000,0.000000,0.000000,0.065000,0.000000,1518.000000,0.000000,0.000000,0.000000,2.000000,0.000000,0.000000,0.000000,0.000000,0.000000,0.000000,0.000000,0.000000,6505,0,33,1
25.380507,0.007831,-0.304433,-1.049683,-0.000187,0.000153,0.003032,-0.001015,0.000150,0.000085,0.000016,0.000101,0.000457,10.000000,19.000000,-1.000000,0.000000,0.000000,0.000000,0.000000,0.065000,0.000000,1518.000000,0.000000,0.000000,0.000000,2.000000,0.000000,0.000000,0.000000,0.000000,0.000000,0.000000,0.000000,0.000000,6505,0,33,1
25.382460,0.007830,-0.304433,-1.049677,-0.000189,0.000153,0.003033,-0.000965,0.000158,0.000089,0.000016,0.000096,0.000458,10.000000,19.000000,-1.000000,0.000000,0.000000,0.000000,0.000000,0.065000,0.000000,1518.000000,0.000000,0.000000,0.000000,2.000000,0.000000,0.000000,0.000000,0.000000,0.000000,0.000000,0.000000,0.000000,6505,0,33,1
25.384415,0.007830,-0.304432,-1.049671,-0.000191,0.000154,0.003033,-0.000916,0.000166,0.000092,0.000017,0.000091,0.000459,10.000000,19.000000,-1.000000,0.000000,0.000000,0.000000,0.000000,0.065000,0.000000,1518.000000,0.000000,0.000000,0.000000,2.000000,0.000000,0.000000,0.000000,0.000000,0.000000,0.000000,0.000000,0.000000,6505,0,33,1
25.386368,0.007830,-0.304432,-1.049665,-0.000193,0.000154,0.003033,-0.000867,0.000174,0.000096,0.000018,0.000086,0.000460,10.000000,19.000000,-1.000000,0.000000,0.000000,0.000000,0.000000,0.065000,0.000000,1518.000000,0.000000,0.000000,0.000000,2.000000,0.000000,0.000000,0.000000,0.000000,0.000000,0.000000,0.000000,0.000000,6505,0,33,1
25.388323,0.007829,-0.304432,-1.049659,-0.000194,0.000154,0.003033,-0.000819,0.000182,0.000098,0.000019,0.000081,0.000461,10.000000,19.000000,-1.000000,0.000000,0.000000,0.000000,0.000000,0.065000,0.000000,1518.000000,0.000000,0.000000,0.000000,2.000000,0.000000,0.000000,0.000000,0.000000,0.000000,0.000000,0.000000,0.000000,6505,0,33,1
25.390276,0.007829,-0.304431,-1.049653,-0.000196,0.000155,0.003033,-0.000771,0.000190,0.000101,0.000020,0.000076,0.000462,10.000000,19.000000,-1.000000,0.000000,0.000000,0.000000,0.000000,0.065000,0.000000,1518.000000,0.000000,0.000000,0.000000,2.000000,0.000000,0.000000,0.000000,0.000000,0.000000,0.000000,0.000000,0.000000,6505,0,33,1
25.392229,0.007829,-0.304431,-1.049647,-0.000198,0.000155,0.003034,-0.000725,0.000198,0.000103,0.000021,0.000072,0.000463,10.000000,19.000000,-1.000000,0.000000,0.000000,0.000000,0.000000,0.065000,0.000000,1518.000000,0.000000,0.000000,0.000000,2.000000,0.000000,0.000000,0.000000,0.000000,0.000000,0.000000,0.000000,0.000000,6505,0,33,1
25.394184,0.007828,-0.304431,-1.049641,-0.000199,0.000155,0.003034,-0.000679,0.000206,0.000106,0.000021,0.000067,0.000464,10.000000,19.000000,-1.000000,0.000000,0.000000,0.000000,0.000000,0.065000,0.000000,1518.000000,0.000000,0.000000,0.000000,2.000000,0.000000,0.000000,0.000000,0.000000,0.000000,0.000000,0.000000,0.000000,6505,0,33,1
25.396137,0.007828,-0.304430,-1.049634,-0.000200,0.000156,0.003034,-0.000634,0.000214,0.000108,0.000022,0.000062,0.000465,10.000000,19.000000,-1.000000,0.000000,0.000000,0.000000,0.000000,0.065000,0.000000,1518.000000,0.000000,0.000000,0.000000,2.000000,0.000000,0.000000,0.000000,0.000000,0.000000,0.000000,0.000000,0.000000,6505,0,33,1
25.398092,0.007827,-0.304430,-1.049628,-0.000201,0.000156,0.003034,-0.000591,0.000222,0.000109,0.000023,0.000058,0.000466,10.000000,19.000000,-1.000000,0.000000,0.000000,0.000000,0.000000,0.065000,0.000000,1518.000000,0.000000,0.000000,0.000000,2.000000,0.000000,0.000000,0.000000,0.000000,0.000000,0.000000,0.000000,0.000000,6505,0,33,0
25.400045,0.007827,-0.304430,-1.049622,-0.000202,0.000157,0.003034,-0.000548,0.000231,0.000111,0.000024,0.000054,0.000467,10.000000,19.000000,-1.000000,0.000000,0.000000,0.000000,0.000000,0.065000,0.000000,1518.000000,0.000000,0.000000,0.000000,2.000000,0.000000,0.000000,0.000000,0.000000,0.000000,0.000000,0.000000,0.000000,6505,0,33,0
25.402000,0.007827,-0.304429,-1.049616,-0.000204,0.000157,0.003035,-0.000506,0.000239,0.000112,0.000025,0.000050,0.000468,10.000000,19.000000,-1.000000,0.000000,0.000000,0.000000,0.000000,0.065000,0.000000,1518.000000,0.000000,0.000000,0.000000,2.000000,0.000000,0.000000,0.000000,0.000000,0.000000,0.000000,0.000000,0.000000,6505,0,33,0
25.403954,0.007826,-0.304429,-1.049610,-0.000204,0.000158,0.003035,-0.000465,0.000247,0.000114,0.000025,0.000045,0.000468,10.000000,19.000000,-1.000000,0.000000,0.000000,0.000000,0.000000,0.065000,0.000000,1518.000000,0.000000,0.000000,0.000000,2.000000,0.000000,0.000000,0.000000,0.000000,0.000000,0.000000,0.000000,0.000000,6505,0,33,0
25.405909,0.007826,-0.304429,-1.049604,-0.000205,0.000158,0.003035,-0.000426,0.000255,0.000115,0.000026,0.000041,0.000469,10.000000,19.000000,-1.000000,0.000000,0.000000,0.000000,0.000000,0.065000,0.000000,1518.000000,0.000000,0.000000,0.000000,2.000000,0.000000,0.000000,0.000000,0.000000,0.000000,0.000000,0.000000,0.000000,6505,0,33,0
25.407862,0.007825,-0.304429,-1.049598,-0.000206,0.000159,0.003035,-0.000388,0.000263,0.000116,0.000027,0.000038,0.000470,10.000000,19.000000,-1.000000,0.000000,0.000000,0.000000,0.000000,0.065000,0.000000,1518.000000,0.000000,0.000000,0.000000,2.000000,0.000000,0.000000,0.000000,0.000000,0.000000,0.000000,0.000000,0.000000,6504,0,33,0
25.409817,0.007825,-0.304428,-1.049592,-0.000207,0.000159,0.003036,-0.000351,0.000271,0.000224,0.000028,0.000034,0.000471,10.000000,19.000000,-1.000000,0.000000,0.000000,0.000000,0.000000,0.065000,0.000000,1518.000000,0.000000,0.000000,0.000000,2.000000,0.000000,0.000000,0.000000,0.000000,0.000000,0.000000,0.000000,0.000000,6504,0,33,0
25.411770,0.007824,-0.304428,-1.049586,-0.000208,0.000160,0.003036,-0.000315,0.000279,0.000355,0.000029,0.000030,0.000471,10.000000,19.000000,-1.000000,0.000000,0.000000,0.000000,0.000000,0.065000,0.000000,1518.000000,0.000000,0.000000,0.000000,2.000000,0.000000,0.000000,0.000000,0.000000,0.000000,0.000000,0.000000,0.000000,6504,0,33,0
25.413725,0.007824,-0.304428,-1.049580,-0.000208,0.000160,0.003037,-0.000281,0.000287,0.000474,0.000030,0.000027,0.000472,10.000000,19.000000,-1.000000,0.000000,0.000000,0.000000,0.000000,0.065000,0.000000,1518.000000,0.000000,0.000000,0.000000,2.000000,0.000000,0.000000,0.000000,0.000000,0.000000,0.000000,0.000000,0.000000,6504,0,33,0
25.415678,0.007824,-0.304427,-1.049574,-0.000209,0.000161,0.003038,-0.000249,0.000295,0.000582,0.000030,0.000024,0.000473,10.000000,19.000000,-1.000000,0.000000,0.000000,0.000000,0.000000,0.065000,0.000000,1518.000000,0.000000,0.000000,0.000000,2.000000,0.000000,0.000000,0.000000,0.000000,0.000000,0.000000,0.000000,0.000000,6504,0,33,0
25.417631,0.007823,-0.304427,-1.049568,-0.000209,0.000162,0.003040,-0.000218,0.000302,0.000680,0.000031,0.000021,0.000473,10.000000,19.000000,-1.000000,0.000000,0.000000,0.000000,0.000000,0.065000,0.000000,1518.000000,0.000000,0.000000,0.000000,2.000000,0.000000,0.000000,0.000000,0.000000,0.000000,0.000000,0.000000,0.000000,6504,0,33,0
25.419586,0.007823,-0.304427,-1.049562,-0.000209,0.000162,0.003041,-0.000189,0.000310,0.000768,0.000032,0.000018,0.000474,10.000000,19.000000,-1.000000,0.000000,0.000000,0.000000,0.000000,0.065000,0.000000,1518.000000,0.000000,0.000000,0.000000,2.000000,0.000000,0.000000,0.000000,0.000000,0.000000,0.000000,0.000000,0.000000,6504,0,33,0
25.421539,0.007822,-0.304426,-1.049556,-0.000210,0.000163,0.003043,-0.000161,0.000318,0.000849,0.000033,0.000015,0.000475,10.000000,19.000000,-1.000000,0.000000,0.000000,0.000000,0.000000,0.065000,0.000000,1518.000000,0.000000,0.000000,0.000000,2.000000,0.000000,0.000000,0.000000,0.000000,0.000000,0.000000,0.000000,0.000000,6504,0,33,0
25.423494,0.007822,-0.304426,-1.049549,-0.000210,0.000164,0.003045,-0.000135,0.000326,0.000922,0.000034,0.000013,0.000475,10.000000,19.000000,-1.000000,0.000000,0.000000,0.000000,0.000000,0.065000,0.000000,1518.000000,0.000000,0.000000,0.000000,2.000000,0.000000,0.000000,0.000000,0.000000,0.000000,0.000000,0.000000,0.000000,6504,0,33,0
25.425447,0.007822,-0.304426,-1.049543,-0.000210,0.000164,0.003047,-0.000111,0.000334,0.000988,0.000034,0.000010,0.000476,10.000000,19.000000,-1.000000,0.000000,0.000000,0.000000,0.000000,0.065000,0.000000,1518.000000,0.000000,0.000000,0.000000,2.000000,0.000000,0.000000,0.000000,0.000000,0.000000,0.000000,0.000000,0.000000,6504,0,33,0
25.427402,0.007821,-0.304425,-1.049537,-0.000210,0.000165,0.003049,-0.000089,0.000342,0.001048,0.000035,0.000008,0.000476,10.000000,19.000000,-1.000000,0.000000,0.000000,0.000000,0.000000,0.065000,0.000000,1518.000000,0.000000,0.000000,0.000000,2.000000,0.000000,0.000000,0.000000,0.000000,0.000000,0.000000,0.000000,0.000000,6504,0,32,0
25.429356,0.007821,-0.304425,-1.049531,-0.000211,0.000166,0.003051,-0.000068,0.000350,0.001102,0.000036,0.000006,0.000477,10.000000,19.000000,-1.000000,0.000000,0.000000,0.000000,0.000000,0.065000,0.000000,1518.000000,0.000000,0.000000,0.000000,2.000000,0.000000,0.000000,0.000000,0.000000,0.000000,0.000000,0.000000,0.000000,6504,0,32,0
25.431311,0.007820,-0.304425,-1.049525,-0.000211,0.000166,0.003053,-0.000049,0.000358,0.001151,0.000037,0.000004,0.000478,10.000000,19.000000,-1.000000,0.000000,0.000000,0.000000,0.000000,0.065000,0.000000,1518.000000,0.000000,0.000000,0.000000,2.000000,0.000000,0.000000,0.000000,0.000000,0.000000,0.000000,0.000000,0.000000,6504,0,32,0
25.433264,0.007820,-0.304424,-1.049519,-0.000211,0.000167,0.003055,-0.000031,0.000366,0.001195,0.000038,0.000002,0.000478,10.000000,19.000000,-1.000000,0.000000,0.000000,0.000000,0.000000,0.065000,0.000000,1518.000000,0.000000,0.000000,0.000000,2.000000,0.000000,0.000000,0.000000,0.000000,0.000000,0.000000,0.000000,0.000000,6504,-1,32,0
25.435219,0.007819,-0.304424,-1.049513,-0.000211,0.000168,0.003058,-0.000015,0.000374,0.001235,0.000039,0.000001,0.000479,10.000000,19.000000,-1.000000,0.000000,0.000000,0.000000,0.000000,0.065000,0.000000,1518.000000,0.000000,0.000000,0.000000,2.000000,0.000000,0.000000,0.000000,0.000000,0.000000,0.000000,0.000000,0.000000,6504,-1,32,0
25.437172,0.007819,-0.304424,-1.049507,-0.000211,0.000169,0.003060,-0.000000,0.000382,0.001271,0.000039,-0.000001,0.000479,10.000000,19.000000,-1.000000,0.000000,0.000000,0.000000,0.000000,0.065000,0.000000,1518.000000,0.000000,0.000000,0.000000,2.000000,0.000000,0.000000,0.000000,0.000000,0.000000,0.000000,0.000000,0.000000,6505,-1,32,0
25.439125,0.007819,-0.304423,-1.049501,-0.000211,0.000169,0.003063,0.000013,0.000390,0.001198,0.000040,-0.000002,0.000480,10.000000,19.000000,-1.000000,0.000000,0.000000,0.000000,0.000000,0.065000,0.000000,1518.000000,0.000000,0.000000,0.000000,2.000000,0.000000,0.000000,0.000000,0.000000,0.000000,0.000000,0.000000,0.000000,6505,-1,32,0
25.441080,0.007818,-0.304423,-1.049494,-0.000211,0.000170,0.003065,0.000025,0.000397,0.001097,0.000041,-0.000003,0.000480,10.000000,19.000000,-1.000000,0.000000,0.000000,0.000000,0.000000,0.065000,0.000000,1518.000000,0.000000,0.000000,0.000000,2.000000,0.000000,0.000000,0.000000,0.000000,0.000000,0.000000,0.000000,0.000000,6505,-1,32,0
25.443033,0.007818,-0.304423,-1.049488,-0.000211,0.000171,0.003067,0.000036,0.000403,0.001006,0.000041,-0.000004,0.000481,10.000000,19.000000,-1.000000,0.000000,0.000000,0.000000,0.000000,0.065000,0.000000,1518.000000,0.000000,0.000000,0.000000,2.000000,0.000000,0.000000,0.000000,0.000000,0.000000,0.000000,0.000000,0.000000,6505,-1,32,0
25.444988,0.007817,-0.304422,-1.049482,-0.000211,0.000172,0.003069,0.000045,0.000409,0.000923,0.000042,-0.000005,0.000482,10.000000,19.000000,-1.000000,0.000000,0.000000,0.000000,0.000000,0.065000,0.000000,1518.000000,0.000000,0.000000,0.000000,2.000000,0.000000,0.000000,0.000000,0.000000,0.000000,0.000000,0.000000,0.000000,6505,-1,32,0
25.446941,0.007817,-0.304422,-1.049476,-0.000211,0.000173,0.003071,0.000053,0.000415,0.000847,0.000043,-0.000006,0.000482,10.000000,19.000000,-1.000000,0.000000,0.000000,0.000000,0.000000,0.065000,0.000000,1518.000000,0.000000,0.000000,0.000000,2.000000,0.000000,0.000000,0.000000,0.000000,0.000000,0.000000,0.000000,0.000000,6505,-1,32,0
25.448896,0.007816,-0.304422,-1.049470,-0.000210,0.000173,0.003072,0.000060,0.000419,0.000779,0.000043,-0.000007,0.000483,10.000000,19.000000,-1.000000,0.000000,0.000000,0.000000,0.000000,0.065000,0.000000,1518.000000,0.000000,0.000000,0.000000,2.000000,0.000000,0.000000,0.000000,0.000000,0.000000,0.000000,0.000000,0.000000,6505,-1,32,0
25.450850,0.007816,-0.304421,-1.049464,-0.000210,0.000174,0.003074,0.000067,0.000423,0.000718,0.000043,-0.000007,0.000483,10.000000,19.000000,-1.000000,0.000000,0.000000,0.000000,0.000000,0.065000,0.000000,1518.000000,0.000000,0.000000,0.000000,2.000000,0.000000,0.000000,0.000000,0.000000,0.000000,0.000000,0.000000,0.000000,6505,-1,32,0
25.452805,0.007816,-0.304421,-1.049458,-0.000210,0.000175,0.003075,0.000072,0.000425,0.000662,0.000043,-0.000008,0.000484,10.000000,19.000000,-1.000000,0.000000,0.000000,0.000000,0.000000,0.065000,0.000000,1518.000000,0.000000,0.000000,0.000000,2.000000,0.000000,0.000000,0.000000,0.000000,0.000000,0.000000,0.000000,0.000000,6505,0,32,0
25.454758,0.007815,-0.304421,-1.049451,-0.000210,0.000176,0.003076,0.000076,0.000427,0.000612,0.000044,-0.000008,0.000484,10.000000,19.000000,-1.000000,0.000000,0.000000,0.000000,0.000000,0.065000,0.000000,1518.000000,0.000000,0.000000,0.000000,2.000000,0.000000,0.000000,0.000000,0.000000,0.000000,0.000000,0.000000,0.000000,6505,0,31,0
25.456713,0.007815,-0.304420,-1.049445,-0.000210,0.000177,0.003078,0.000079,0.000427,0.000565,0.000044,-0.000008,0.000485,10.000000,19.000000,-1.000000,0.000000,0.000000,0.000000,0.000000,0.065000,0.000000,1518.000000,0.000000,0.000000,0.000000,2.000000,0.000000,0.000000,0.000000,0.000000,0.000000,0.000000,0.000000,0.000000,6505,0,31,0
25.458666,0.007814,-0.304420,-1.049439,-0.000210,0.000178,0.003079,0.000081,0.000427,0.000523,0.000043,-0.000008,0.000485,10.000000,19.000000,-1.000000,0.000000,0.000000,0.000000,0.000000,0.065000,0.000000,1518.000000,0.000000,0.000000,0.000000,2.000000,0.000000,0.000000,0.000000,0.000000,0.000000,0.000000,0.000000,0.000000,6505,0,31,0
25.460621,0.007814,-0.304419,-1.049433,-0.000210,0.000178,0.003080,0.000082,0.000425,0.000484,0.000043,-0.000008,0.000486,10.000000,19.000000,-1.000000,0.000000,0.000000,0.000000,0.000000,0.065000,0.000000,1518.000000,0.000000,0.000000,0.000000,2.000000,0.000000,0.000000,0.000000,0.000000,0.000000,0.000000,0.000000,0.000000,6505,0,31,0
25.462574,0.007814,-0.304419,-1.049427,-0.000209,0.000179,0.003081,0.000083,0.000423,0.000450,0.000043,-0.000009,0.000486,10.000000,19.000000,-1.000000,0.000000,0.000000,0.000000,0.000000,0.065000,0.000000,1518.000000,0.000000,0.000000,0.000000,2.000000,0.000000,0.000000,0.000000,0.000000,0.000000,0.000000,0.000000,0.000000,6505,0,31,0
25.464527,0.007813,-0.304419,-1.049421,-0.000209,0.000180,0.003081,0.000084,0.000420,0.000418,0.000043,-0.000009,0.000487,10.000000,19.000000,-1.000000,0.000000,0.000000,0.000000,0.000000,0.065000,0.000000,1518.000000,0.000000,0.000000,0.000000,2.000000,0.000000,0.000000,0.000000,0.000000,0.000000,0.000000,0.000000,0.000000,6505,0,31,0
25.466482,0.007813,-0.304418,-1.049414,-0.000209,0.000181,0.003082,0.000083,0.000417,0.000390,0.000042,-0.000009,0.000487,10.000000,19.000000,-1.000000,0.000000,0.000000,0.000000,0.000000,0.065000,0.000000,1518.000000,0.000000,0.000000,0.000000,2.000000,0.000000,0.000000,0.000000,0.000000,0.000000,0.000000,0.000000,0.000000,6505,0,31,0
25.468435,0.007812,-0.304418,-1.049408,-0.000209,0.000182,0.003083,0.000083,0.000413,0.000363,0.000042,-0.000008,0.000488,10.000000,19.000000,-1.000000,0.000000,0.000000,0.000000,0.000000,0.065000,0.000000,1518.000000,0.000000,0.000000,0.000000,2.000000,0.000000,0.000000,0.000000,0.000000,0.000000,0.000000,0.000000,0.000000,6505,0,28,-1
25.470390,0.007812,-0.304418,-1.049402,-0.000209,0.000183,0.003084,0.000082,0.000411,0.000339,0.000041,-0.000008,0.000488,10.000000,19.000000,-1.000000,0.000000,0.000000,0.000000,0.000000,0.065000,0.000000,1518.000000,0.000000,0.000000,0.000000,2.000000,0.000000,0.000000,0.000000,0.000000,0.000000,0.000000,0.000000,0.000000,6505,0,28,-1
25.472343,0.007811,-0.304417,-1.049396,-0.000209,0.000183,0.003084,0.000081,0.000406,0.000316,0.000041,-0.000008,0.000489,10.000000,19.000000,-1.000000,0.000000,0.000000,0.000000,0.000000,0.065000,0.000000,1518.000000,0.000000,0.000000,0.000000,2.000000,0.000000,0.000000,0.000000,0.000000,0.000000,0.000000,0.000000,0.000000,6505,0,28,-2
25.474298,0.007811,-0.304417,-1.049390,-0.000208,0.000184,0.003085,0.000081,0.000402,0.000295,0.000040,-0.000008,0.000489,10.000000,19.000000,-1.000000,0.000000,0.000000,0.000000,0.000000,0.065000,0.000000,1518.000000,0.000000,0.000000,0.000000,2.000000,0.000000,0.000000,0.000000,0.000000,0.000000,0.000000,0.000000,0.000000,6505,0,28,-2
25.476252,0.007811,-0.304417,-1.049384,-0.000208,0.000185,0.003085,0.000081,0.000396,0.000276,0.000040,-0.000008,0.000490,10.000000,19.000000,-1.000000,0.000000,0.000000,0.000000,0.000000,0.065000,0.000000,1520.000000,0.000000,0.000000,0.000000,2.000000,0.000000,0.000000,0.000000,0.000000,0.000000,0.000000,0.000000,0.000000,6505,0,28,-2
25.478207,0.007810,-0.304416,-1.049377,-0.000208,0.000186,0.003086,0.000081,0.000390,0.000258,0.000039,-0.000008,0.000490,10.000000,19.000000,-1.000000,0.000000,0.000000,0.000000,0.000000,0.065000,0.000000,1520.000000,0.000000,0.000000,0.000000,2.000000,0.000000,0.000000,0.000000,0.000000,0.000000,0.000000,0.000000,0.000000,6505,0,28,-3
25.480160,0.007810,-0.304416,-1.049371,-0.000208,0.000187,0.003087,0.000083,0.000385,0.000243,0.000038,-0.000009,0.000490,10.000000,19.000000,-1.000000,0.000000,0.000000,0.000000,0.000000,0.065000,0.000000,1520.000000,0.000000,0.000000,0.000000,2.000000,0.000000,0.000000,0.000000,0.000000,0.000000,0.000000,0.000000,0.000000,6505,0,28,-3
25.482115,0.007809,-0.304415,-1.049365,-0.000208,0.000187,0.003087,0.000085,0.000378,0.000230,0.000038,-0.000009,0.000490,10.000000,19.000000,-1.000000,0.000000,0.000000,0.000000,0.000000,0.065000,0.000000,1520.000000,0.000000,0.000000,0.000000,2.000000,0.000000,0.000000,0.000000,0.000000,0.000000,0.000000,0.000000,0.000000,6505,0,28,-3
25.484068,0.007809,-0.304415,-1.049359,-0.000208,0.000188,0.003087,0.000089,0.000371,0.000217,0.000037,-0.000009,0.000491,10.000000,19.000000,-1.000000,0.000000,0.000000,0.000000,0.000000,0.065000,0.000000,1520.000000,0.000000,0.000000,0.000000,2.000000,0.000000,0.000000,0.000000,0.000000,0.000000,0.000000,0.000000,0.000000,6505,0,29,-3
25.486023,0.007809,-0.304415,-1.049353,-0.000207,0.000189,0.003088,0.000094,0.000363,0.000207,0.000036,-0.000010,0.000491,10.000000,19.000000,-1.000000,0.000000,0.000000,0.000000,0.000000,0.065000,0.000000,1520.000000,0.000000,0.000000,0.000000,2.000000,0.000000,0.000000,0.000000,0.000000,0.000000,0.000000,0.000000,0.000000,6505,0,29,-4
25.487976,0.007808,-0.304414,-1.049347,-0.000207,0.000190,0.003088,0.000100,0.000358,0.000198,0.000036,-0.000011,0.000491,10.000000,19.000000,-1.000000,0.000000,0.000000,0.000000,0.000000,0.065000,0.000000,1520.000000,0.000000,0.000000,0.000000,2.000000,0.000000,0.000000,0.000000,0.000000,0.000000,0.000000,0.000000,0.000000,6505,0,29,-4
25.489929,0.007808,-0.304414,-1.049340,-0.000207,0.000190,0.003089,0.000107,0.000350,0.000189,0.000035,-0.000011,0.000490,10.000000,19.000000,-1.000000,0.000000,0.000000,0.000000,0.000000,0.065000,0.000000,1520.000000,0.000000,0.000000,0.000000,2.000000,0.000000,0.000000,0.000000,0.000000,0.000000,0.000000,0.000000,0.000000,6505,0,29,-4
25.491884,0.007807,-0.304414,-1.049334,-0.000207,0.000191,0.003089,0.000116,0.000342,0.000181,0.000034,-0.000012,0.000490,10.000000,19.000000,-1.000000,0.000000,0.000000,0.000000,0.000000,0.065000,0.000000,1520.000000,0.000000,0.000000,0.000000,2.000000,0.000000,0.000000,0.000000,0.000000,0.000000,0.000000,0.000000,0.000000,6505,0,29,-4
25.493837,0.007807,-0.304413,-1.049328,-0.000206,0.000192,0.003089,0.000127,0.000334,0.000173,0.000033,-0.000014,0.000490,10.000000,19.000000,-1.000000,0.000000,0.000000,0.000000,0.000000,0.065000,0.000000,1520.000000,0.000000,0.000000,0.000000,2.000000,0.000000,0.000000,0.000000,0.000000,0.000000,0.000000,0.000000,0.000000,6505,0,29,-4
25.495792,0.007806,-0.304413,-1.049322,-0.000206,0.000192,0.003090,0.000138,0.000325,0.000167,0.000032,-0.000015,0.000490,10.000000,19.000000,-1.000000,0.000000,0.000000,0.000000,0.000000,0.065000,0.000000,1520.000000,0.000000,0.000000,0.000000,2.000000,0.000000,0.000000,0.000000,0.000000,0.000000,0.000000,0.000000,0.000000,6505,0,29,-4
25.497746,0.007806,-0.304412,-1.049316,-0.000206,0.000193,0.003090,0.000152,0.000317,0.000161,0.000032,-0.000016,0.000489,10.000000,19.000000,-1.000000,0.000000,0.000000,0.000000,0.000000,0.065000,0.000000,1520.000000,0.000000,0.000000,0.000000,2.000000,0.000000,0.000000,0.000000,0.000000,0.000000,0.000000,0.000000,0.000000,6505,0,29,-4
25.499701,0.007806,-0.304412,-1.049309,-0.000206,0.000194,0.003090,0.000166,0.000308,0.000155,0.000031,-0.000018,0.000489,10.000000,19.000000,-1.000000,0.000000,0.000000,0.000000,0.000000,0.065000,0.000000,1520.000000,0.000000,0.000000,0.000000,2.000000,0.000000,0.000000,0.000000,0.000000,0.000000,0.000000,0.000000,0.000000,6505,0,29,-5
25.501654,0.007805,-0.304412,-1.049303,-0.000205,0.000194,0.003091,0.000183,0.000302,0.000150,0.000030,-0.000020,0.000489,10.000000,19.000000,-1.000000,0.000000,0.000000,0.000000,0.000000,0.065000,0.000000,1520.000000,0.000000,0.000000,0.000000,2.000000,0.000000,0.000000,0.000000,0.000000,0.000000,0.000000,0.000000,0.000000,6505,0,29,-5
25.503609,0.007805,-0.304411,-1.049297,-0.000205,0.000195,0.003091,0.000200,0.000293,0.000146,0.000029,-0.000021,0.000488,10.000000,19.000000,-1.000000,0.000000,0.000000,0.000000,0.000000,0.065000,0.000000,1520.000000,0.000000,0.000000,0.000000,2.000000,0.000000,0.000000,0.000000,0.000000,0.000000,0.000000,0.000000,0.000000,6505,0,29,-5
25.505562,0.007804,-0.304411,-1.049291,-0.000204,0.000195,0.003091,0.000220,0.000284,0.000142,0.000028,-0.000023,0.000487,10.000000,19.000000,-1.000000,0.000000,0.000000,0.000000,0.000000,0.065000,0.000000,1520.000000,0.000000,0.000000,0.000000,2.000000,0.000000,0.000000,0.000000,0.000000,0.000000,0.000000,0.000000,0.000000,6505,0,29,-5
25.507517,0.007804,-0.304410,-1.049285,-0.000204,0.000196,0.003091,0.000240,0.000275,0.000138,0.000027,-0.000026,0.000487,10.000000,19.000000,-1.000000,0.000000,0.000000,0.000000,0.000000,0.065000,0.000000,1520.000000,0.000000,0.000000,0.000000,2.000000,0.000000,0.000000,0.000000,0.000000,0.000000,0.000000,0.000000,0.000000,6505,0,30,-5
25.509470,0.007804,-0.304410,-1.049279,-0.000203,0.000196,0.003092,0.000263,0.000266,0.000134,0.000026,-0.000028,0.000486,10.000000,19.000000,-1.000000,0.000000,0.000000,0.000000,0.000000,0.065000,0.000000,1520.000000,0.000000,0.000000,0.000000,2.000000,0.000000,0.000000,0.000000,0.000000,0.000000,0.000000,0.000000,0.000000,6505,0,30,-5
25.511423,0.007803,-0.304410,-1.049272,-0.000203,0.000197,0.003092,0.000286,0.000257,0.000132,0.000025,-0.000030,0.000485,10.000000,19.000000,-1.000000,0.000000,0.000000,0.000000,0.000000,0.065000,0.000000,1520.000000,0.000000,0.000000,0.000000,2.000000,0.000000,0.000000,0.000000,0.000000,0.000000,0.000000,0.000000,0.000000,6505,0,30,-5
25.513378,0.007803,-0.304409,-1.049266,-0.000202,0.000197,0.003092,0.000311,0.000248,0.000129,0.000024,-0.000033,0.000484,10.000000,19.000000,-1.000000,0.000000,0.000000,0.000000,0.000000,0.065000,0.000000,1520.000000,0.000000,0.000000,0.000000,2.000000,0.000000,0.000000,0.000000,0.000000,0.000000,0.000000,0.000000,0.000000,6505,0,30,-4
25.515331,0.007802,-0.304409,-1.049260,-0.000202,0.000198,0.003093,0.000337,0.000237,0.000127,0.000024,-0.000036,0.000483,10.000000,19.000000,-1.000000,0.000000,0.000000,0.000000,0.000000,0.065000,0.000000,1520.000000,0.000000,0.000000,0.000000,2.000000,0.000000,0.000000,0.000000,0.000000,0.000000,0.000000,0.000000,0.000000,6505,0,30,-4
25.517286,0.007802,-0.304408,-1.049254,-0.000201,0.000198,0.003093,0.000365,0.000228,0.000125,0.000023,-0.000039,0.000482,10.000000,19.000000,-1.000000,0.000000,0.000000,0.000000,0.000000,0.065000,0.000000,1520.000000,0.000000,0.000000,0.000000,2.000000,0.000000,0.000000,0.000000,0.000000,0.000000,0.000000,0.000000,0.000000,6505,0,30,-4
25.519239,0.007802,-0.304408,-1.049248,-0.000200,0.000199,0.003093,0.000394,0.000219,0.000123,0.000022,-0.000042,0.000481,10.000000,19.000000,-1.000000,0.000000,0.000000,0.000000,0.000000,0.065000,0.000000,1520.000000,0.000000,0.000000,0.000000,2.000000,0.000000,0.000000,0.000000,0.000000,0.000000,0.000000,0.000000,0.000000,6505,0,30,-4
25.521194,0.007801,-0.304408,-1.049241,-0.000199,0.000199,0.003093,0.000423,0.000210,0.000122,0.000021,-0.000045,0.000480,10.000000,19.000000,-1.000000,0.000000,0.000000,0.000000,0.000000,0.065000,0.000000,1520.000000,0.000000,0.000000,0.000000,2.000000,0.000000,0.000000,0.000000,0.000000,0.000000,0.000000,0.000000,0.000000,6505,0,30,-4
25.523148,0.007801,-0.304407,-1.049235,-0.000198,0.000200,0.003093,0.000454,0.000200,0.000121,0.000020,-0.000048,0.000479,10.000000,19.000000,-1.000000,0.000000,0.000000,0.000000,0.000000,0.065000,0.000000,1520.000000,0.000000,0.000000,0.000000,2.000000,0.000000,0.000000,0.000000,0.000000,0.000000,0.000000,0.000000,0.000000,6505,0,30,-4
25.525103,0.007800,-0.304407,-1.049229,-0.000197,0.000200,0.003094,0.000486,0.000191,0.000119,0.000019,-0.000051,0.000478,10.000000,19.000000,-1.000000,0.000000,0.000000,0.000000,0.000000,0.065000,0.000000,1520.000000,0.000000,0.000000,0.000000,2.000000,0.000000,0.000000,0.000000,0.000000,0.000000,0.000000,0.000000,0.000000,6505,0,30,-4
25.527056,0.007800,-0.304406,-1.049223,-0.000196,0.000200,0.003094,0.000520,0.000182,0.000118,0.000018,-0.000055,0.000477,10.000000,19.000000,-1.000000,0.000000,0.000000,0.000000,0.000000,0.065000,0.000000,1520.000000,0.000000,0.000000,0.000000,2.000000,0.000000,0.000000,0.000000,0.000000,0.000000,0.000000,0.000000,0.000000,6505,0,30,-4
25.529011,0.007800,-0.304406,-1.049217,-0.000195,0.000201,0.003094,0.000554,0.000173,0.000116,0.000017,-0.000058,0.000476,10.000000,19.000000,-1.000000,0.000000,0.000000,0.000000,0.000000,0.065000,0.000000,1520.000000,0.000000,0.000000,0.000000,2.000000,0.000000,0.000000,0.000000,0.000000,0.000000,0.000000,0.000000,0.000000,6505,0,31,-3
25.530964,0.007799,-0.304406,-1.049211,-0.000194,0.000201,0.003094,0.000588,0.000162,0.000116,0.000016,-0.000062,0.000475,10.000000,19.000000,-1.000000,0.000000,0.000000,0.000000,0.000000,0.065000,0.000000,1520.000000,0.000000,0.000000,0.000000,2.000000,0.000000,0.000000,0.000000,0.000000,0.000000,0.000000,0.000000,0.000000,6505,0,31,-3
25.532917,0.007799,-0.304405,-1.049204,-0.000193,0.000201,0.003095,0.000624,0.000153,0.000115,0.000015,-0.000066,0.000473,10.000000,19.000000,-1.000000,0.000000,0.000000,0.000000,0.000000,0.065000,0.000000,1520.000000,0.000000,0.000000,0.000000,2.000000,0.000000,0.000000,0.000000,0.000000,0.000000,0.000000,0.000000,0.000000,6505,0,31,-3
25.534872,0.007798,-0.304405,-1.049198,-0.000192,0.000202,0.003095,0.000661,0.000143,0.000114,0.000014,-0.000069,0.000472,10.000000,19.000000,-1.000000,0.000000,0.000000,0.000000,0.000000,0.065000,0.000000,1520.000000,0.000000,0.000000,0.000000,2.000000,0.000000,0.000000,0.000000,0.000000,0.000000,0.000000,0.000000,0.000000,6505,0,31,-3
25.536825,0.007798,-0.304404,-1.049192,-0.000190,0.000202,0.003095,0.000698,0.000134,0.000114,0.000013,-0.000073,0.000471,10.000000,19.000000,-1.000000,0.000000,0.000000,0.000000,0.000000,0.065000,0.000000,1520.000000,0.000000,0.000000,0.000000,2.000000,0.000000,0.000000,0.000000,0.000000,0.000000,0.000000,0.000000,0.000000,6505,0,31,-3
25.538780,0.007798,-0.304404,-1.049186,-0.000189,0.000202,0.003095,0.000735,0.000125,0.000113,0.000012,-0.000077,0.000470,10.000000,19.000000,-1.000000,0.000000,0.000000,0.000000,0.000000,0.065000,0.000000,1520.000000,0.000000,0.000000,0.000000,2.000000,0.000000,0.000000,0.000000,0.000000,0.000000,0.000000,0.000000,0.000000,6505,0,31,-3
25.540733,0.007797,-0.304404,-1.049180,-0.000187,0.000202,0.003096,0.000774,0.000116,0.000113,0.000011,-0.000081,0.000469,10.000000,19.000000,-1.000000,0.000000,0.000000,0.000000,0.000000,0.065000,0.000000,1520.000000,0.000000,0.000000,0.000000,2.000000,0.000000,0.000000,0.000000,0.000000,0.000000,0.000000,0.000000,0.000000,6505,0,31,-2
25.542688,0.007797,-0.304403,-1.049173,-0.000186,0.000203,0.003096,0.000812,0.000105,0.000112,0.000010,-0.000085,0.000468,10.000000,19.000000,-1.000000,0.000000,0.000000,0.000000,0.000000,0.065000,0.000000,1520.000000,0.000000,0.000000,0.000000,2.000000,0.000000,0.000000,0.000000,0.000000,0.000000,0.000000,0.000000,0.000000,6505,0,31,-2
25.544641,0.007797,-0.304403,-1.049167,-0.000184,0.000203,0.003096,0.000852,0.000095,0.000112,0.000009,-0.000089,0.000466,10.000000,19.000000,-1.000000,0.000000,0.000000,0.000000,0.000000,0.065000,0.000000,1520.000000,0.000000,0.000000,0.000000,2.000000,0.000000,0.000000,0.000000,0.000000,0.000000,0.000000,0.000000,0.000000,6505,0,31,-2
25.546597,0.007796,-0.304402,-1.049161,-0.000182,0.000203,0.003096,0.000891,0.000086,0.000112,0.000008,-0.000093,0.000465,10.000000,19.000000,-1.000000,0.000000,0.000000,0.000000,0.000000,0.065000,0.000000,1520.000000,0.000000,0.000000,0.000000,2.000000,0.000000,0.000000,0.000000,0.000000,0.000000,0.000000,0.000000,0.000000,6505,0,31,-2
25.548550,0.007796,-0.304402,-1.049155,-0.000180,0.000203,0.003096,0.000932,0.000077,0.000112,0.000007,-0.000097,0.000464,10.000000,19.000000,-1.000000,0.000000,0.000000,0.000000,0.000000,0.065000,0.000000,1520.000000,0.000000,0.000000,0.000000,2.000000,0.000000,0.000000,0.000000,0.000000,0.000000,0.000000,0.000000,0.000000,6505,0,31,-2
25.550505,0.007795,-0.304402,-1.049149,-0.000178,0.000203,0.003097,0.000972,0.000068,0.000112,0.000006,-0.000101,0.000463,10.000000,19.000000,-1.000000,0.000000,0.000000,0.000000,0.000000,0.065000,0.000000,1520.000000,0.000000,0.000000,0.000000,2.000000,0.000000,0.000000,0.000000,0.000000,0.000000,0.000000,0.000000,0.000000,6505,0,31,-2
25.552458,0.007795,-0.304401,-1.049142,-0.000176,0.000203,0.003097,0.001013,0.000058,0.000112,0.000005,-0.000106,0.000462,10.000000,19.000000,-1.000000,0.000000,0.000000,0.000000,0.000000,0.065000,0.000000,1520.000000,0.000000,0.000000,0.000000,2.000000,0.000000,0.000000,0.000000,0.000000,0.000000,0.000000,0.000000,0.000000,6505,0,31,-2
25.554413,0.007795,-0.304401,-1.049136,-0.000174,0.000204,0.003097,0.001055,0.000049,0.000111,0.000005,-0.000110,0.000461,10.000000,19.000000,-1.000000,0.000000,0.000000,0.000000,0.000000,0.065000,0.000000,1520.000000,0.000000,0.000000,0.000000,2.000000,0.000000,0.000000,0.000000,0.000000,0.000000,0.000000,0.000000,0.000000,6505,0,32,-2
25.556366,0.007794,-0.304400,-1.049130,-0.000172,0.000204,0.003097,0.001097,0.000040,0.000112,0.000004,-0.000114,0.000460,10.000000,19.000000,-1.000000,0.000000,0.000000,0.000000,0.000000,0.065000,0.000000,1520.000000,0.000000,0.000000,0.000000,2.000000,0.000000,0.000000,0.000000,0.000000,0.000000,0.000000,0.000000,0.000000,6505,0,32,-1
25.558319,0.007794,-0.304400,-1.049124,-0.000170,0.000204,0.003098,0.001139,0.000029,0.000113,0.000003,-0.000118,0.000459,10.000000,19.000000,-1.000000,0.000000,0.000000,0.000000,0.000000,0.065000,0.000000,1520.000000,0.000000,0.000000,0.000000,2.000000,0.000000,0.000000,0.000000,0.000000,0.000000,0.000000,0.000000,0.000000,6505,0,32,-1
25.560274,0.007794,-0.304400,-1.049118,-0.000168,0.000204,0.003098,0.001182,0.000019,0.000114,0.000002,-0.000123,0.000458,10.000000,19.000000,-1.000000,0.000000,0.000000,0.000000,0.000000,0.065000,0.000000,1520.000000,0.000000,0.000000,0.000000,2.000000,0.000000,0.000000,0.000000,0.000000,0.000000,0.000000,0.000000,0.000000,6505,0,32,-1
25.562227,0.007793,-0.304399,-1.049111,-0.000165,0.000204,0.003098,0.001225,0.000010,0.000114,0.000001,-0.000127,0.000457,10.000000,19.000000,-1.000000,0.000000,0.000000,0.000000,0.000000,0.065000,0.000000,1520.000000,0.000000,0.000000,0.000000,2.000000,0.000000,0.000000,0.000000,0.000000,0.000000,0.000000,0.000000,0.000000,6505,0,32,-1
25.564182,0.007793,-0.304399,-1.049105,-0.000163,0.000204,0.003098,0.001268,0.000001,0.000115,-0.000000,-0.000132,0.000456,10.000000,19.000000,-1.000000,0.000000,0.000000,0.000000,0.000000,0.065000,0.000000,1520.000000,0.000000,0.000000,0.000000,2.000000,0.000000,0.000000,0.000000,0.000000,0.000000,0.000000,0.000000,0.000000,6505,0,32,-1
25.566135,0.007793,-0.304398,-1.049099,-0.000160,0.000204,0.003099,0.001311,-0.000008,0.000115,-0.000001,-0.000136,0.000455,10.000000,19.000000,-1.000000,0.000000,0.000000,0.000000,0.000000,0.065000,0.000000,1520.000000,0.000000,0.000000,0.000000,2.000000,0.000000,0.000000,0.000000,0.000000,0.000000,0.000000,0.000000,0.000000,6505,0,32,-1
25.568090,0.007792,-0.304398,-1.049093,-0.000157,0.000204,0.003099,0.001353,-0.000018,0.000116,-0.000002,-0.000140,0.000454,10.000000,19.000000,-1.000000,0.000000,0.000000,0.000000,0.000000,0.065000,0.000000,1520.000000,0.000000,0.000000,0.000000,2.000000,0.000000,0.000000,0.000000,0.000000,0.000000,0.000000,0.000000,0.000000,6505,0,32,-1
25.570044,0.007792,-0.304398,-1.049087,-0.000155,0.000204,0.003099,0.001395,-0.000027,0.000117,-0.000003,-0.000144,0.000453,10.000000,19.000000,-1.000000,0.000000,0.000000,0.000000,0.000000,0.065000,0.000000,1520.000000,0.000000,0.000000,0.000000,2.000000,0.000000,0.000000,0.000000,0.000000,0.000000,0.000000,0.000000,0.000000,6505,0,32,-1
25.571999,0.007792,-0.304397,-1.049080,-0.000152,0.000204,0.003099,0.001437,-0.000036,0.000117,-0.000004,-0.000149,0.000452,10.000000,19.000000,-1.000000,0.000000,0.000000,0.000000,0.000000,0.065000,0.000000,1520.000000,0.000000,0.000000,0.000000,2.000000,0.000000,0.000000,0.000000,0.000000,0.000000,0.000000,0.000000,0.000000,6505,0,32,-1
25.573952,0.007792,-0.304397,-1.049074,-0.000149,0.000204,0.003099,0.001478,-0.000046,0.000118,-0.000005,-0.000153,0.000451,10.000000,19.000000,-1.000000,0.000000,0.000000,0.000000,0.000000,0.065000,0.000000,1520.000000,0.000000,0.000000,0.000000,2.000000,0.000000,0.000000,0.000000,0.000000,0.000000,0.000000,0.000000,0.000000,6505,0,32,-1
25.575907,0.007791,-0.304396,-1.049068,-0.000146,0.000203,0.003100,0.001518,-0.000055,0.000118,-0.000006,-0.000157,0.000450,10.000000,19.000000,-1.000000,0.000000,0.000000,0.000000,0.000000,0.065000,0.000000,1520.000000,0.000000,0.000000,0.000000,2.000000,0.000000,0.000000,0.000000,0.000000,0.000000,0.000000,0.000000,0.000000,6505,0,32,0
25.577860,0.007791,-0.304396,-1.049062,-0.000143,0.000203,0.003100,0.001558,-0.000066,0.000119,-0.000007,-0.000161,0.000449,10.000000,19.000000,-1.000000,0.000000,0.000000,0.000000,0.000000,0.065000,0.000000,1520.000000,0.000000,0.000000,0.000000,2.000000,0.000000,0.000000,0.000000,0.000000,0.000000,0.000000,0.000000,0.000000,6505,0,32,0
25.579815,0.007791,-0.304396,-1.049056,-0.000139,0.000203,0.003100,0.001597,-0.000075,0.000119,-0.000008,-0.000165,0.000449,10.000000,19.000000,-1.000000,0.000000,0.000000,0.000000,0.000000,0.065000,0.000000,1520.000000,0.000000,0.000000,0.000000,2.000000,0.000000,0.000000,0.000000,0.000000,0.000000,0.000000,0.000000,0.000000,6505,0,32,0
25.581768,0.007790,-0.304395,-1.049049,-0.000136,0.000203,0.003100,0.001636,-0.000085,0.000119,-0.000009,-0.000169,0.000448,10.000000,19.000000,-1.000000,0.000000,0.000000,0.000000,0.000000,0.065000,0.000000,1520.000000,0.000000,0.000000,0.000000,2.000000,0.000000,0.000000,0.000000,0.000000,0.000000,0.000000,0.000000,0.000000,6505,0,32,0
25.583721,0.007790,-0.304395,-1.049043,-0.000133,0.000203,0.003101,0.001673,-0.000094,0.000119,-0.000010,-0.000173,0.000447,10.000000,19.000000,-1.000000,0.000000,0.000000,0.000000,0.000000,0.065000,0.000000,1520.000000,0.000000,0.000000,0.000000,2.000000,0.000000,0.000000,0.000000,0.000000,0.000000,0.000000,0.000000,0.000000,6505,0,32,0
25.585676,0.007790,-0.304394,-1.049037,-0.000130,0.000203,0.003101,0.001710,-0.000103,0.000120,-0.000011,-0.000176,0.000446,10.000000,19.000000,-1.000000,0.000000,0.000000,0.000000,0.000000,0.065000,0.000000,1520.000000,0.000000,0.000000,0.000000,2.000000,0.000000,0.000000,0.000000,0.000000,0.000000,0.000000,0.000000,0.000000,6505,0,32,0
25.587629,0.007790,-0.304394,-1.049031,-0.000126,0.000202,0.003101,0.001746,-0.000112,0.000120,-0.000012,-0.000180,0.000446,10.000000,19.000000,-1.000000,0.000000,0.000000,0.000000,0.000000,0.065000,0.000000,1520.000000,0.000000,0.000000,0.000000,2.000000,0.000000,0.000000,0.000000,0.000000,0.000000,0.000000,0.000000,0.000000,6505,0,32,0
25.589584,0.007789,-0.304394,-1.049025,-0.000122,0.000202,0.003101,0.001782,-0.000122,0.000120,-0.000013,-0.000184,0.000445,10.000000,19.000000,-1.000000,0.000000,0.000000,0.000000,0.000000,0.065000,0.000000,1520.000000,0.000000,0.000000,0.000000,2.000000,0.000000,0.000000,0.000000,0.000000,0.000000,0.000000,0.000000,0.000000,6505,0,32,0
25.591537,0.007789,-0.304393,-1.049019,-0.000119,0.000202,0.003102,0.001817,-0.000131,0.000120,-0.000014,-0.000187,0.000444,10.000000,19.000000,-1.000000,0.000000,0.000000,0.000000,0.000000,0.065000,0.000000,1520.000000,0.000000,0.000000,0.000000,2.000000,0.000000,0.000000,0.000000,0.000000,0.000000,0.000000,0.000000,0.000000,6505,0,32,0
25.593493,0.007789,-0.304393,-1.049012,-0.000115,0.000202,0.003102,0.001851,-0.000140,0.000120,-0.000015,-0.000191,0.000443,10.000000,19.000000,-1.000000,0.000000,0.000000,0.000000,0.000000,0.065000,0.000000,1520.000000,0.000000,0.000000,0.000000,2.000000,0.000000,0.000000,0.000000,0.000000,0.000000,0.000000,0.000000,0.000000,6505,0,32,0
25.595446,0.007789,-0.304392,-1.049006,-0.000111,0.000201,0.003102,0.001884,-0.000150,0.000120,-0.000016,-0.000194,0.000443,10.000000,19.000000,-1.000000,0.000000,0.000000,0.000000,0.000000,0.065000,0.000000,1520.000000,0.000000,0.000000,0.000000,2.000000,0.000000,0.000000,0.000000,0.000000,0.000000,0.000000,0.000000,0.000000,6505,0,32,0
25.597401,0.007788,-0.304392,-1.049000,-0.000108,0.000201,0.003102,0.001917,-0.000159,0.000120,-0.000017,-0.000197,0.000442,10.000000,19.000000,-1.000000,0.000000,0.000000,0.000000,0.000000,0.065000,0.000000,1520.000000,0.000000,0.000000,0.000000,2.000000,0.000000,0.000000,0.000000,0.000000,0.000000,0.000000,0.000000,0.000000,6505,0,32,0
25.599354,0.007788,-0.304391,-1.048994,-0.000104,0.000201,0.003103,0.001949,-0.000169,0.000120,-0.000018,-0.000201,0.000442,10.000000,19.000000,-1.000000,0.000000,0.000000,0.000000,0.000000,0.065000,0.000000,1520.000000,0.000000,0.000000,0.000000,2.000000,0.000000,0.000000,0.000000,0.000000,0.000000,0.000000,0.000000,0.000000,6505,0,32,0
25.601309,0.007788,-0.304391,-1.048987,-0.000100,0.000200,0.003103,0.001981,-0.000178,0.000120,-0.000019,-0.000204,0.000441,10.000000,19.000000,-1.000000,0.000000,0.000000,0.000000,0.000000,0.065000,0.000000,1520.000000,0.000000,0.000000,0.000000,2.000000,0.000000,0.000000,0.000000,0.000000,0.000000,0.000000,0.000000,0.000000,6505,0,32,0
25.603262,0.007788,-0.304391,-1.048981,-0.000096,0.000200,0.003103,0.002011,-0.000187,0.000120,-0.000020,-0.000207,0.000440,10.000000,19.000000,-1.000000,0.000000,0.000000,0.000000,0.000000,0.065000,0.000000,1520.000000,0.000000,0.000000,0.000000,2.000000,0.000000,0.000000,0.000000,0.000000,0.000000,0.000000,0.000000,0.000000,6505,0,32,0
25.605217,0.007788,-0.304390,-1.048975,-0.000092,0.000200,0.003103,0.002041,-0.000197,0.000120,-0.000021,-0.000210,0.000440,10.000000,19.000000,-1.000000,0.000000,0.000000,0.000000,0.000000,0.065000,0.000000,1520.000000,0.000000,0.000000,0.000000,2.000000,0.000000,0.000000,0.000000,0.000000,0.000000,0.000000,0.000000,0.000000,6505,0,32,0
25.607170,0.007787,-0.304390,-1.048969,-0.000088,0.000199,0.003104,0.002070,-0.000206,0.000121,-0.000022,-0.000213,0.000439,10.000000,19.000000,-1.000000,0.000000,0.000000,0.000000,0.000000,0.065000,0.000000,1520.000000,0.000000,0.000000,0.000000,2.000000,0.000000,0.000000,0.000000,0.000000,0.000000,0.000000,0.000000,0.000000,6505,0,32,0
25.609123,0.007787,-0.304389,-1.048963,-0.000083,0.000199,0.003104,0.002099,-0.000215,0.000121,-0.000023,-0.000216,0.000439,10.000000,19.000000,-1.000000,0.000000,0.000000,0.000000,0.000000,0.065000,0.000000,1520.000000,0.000000,0.000000,0.000000,2.000000,0.000000,0.000000,0.000000,0.000000,0.000000,0.000000,0.000000,0.000000,6505,0,32,0
25.611078,0.007787,-0.304389,-1.048956,-0.000079,0.000198,0.003104,0.002126,-0.000225,0.000121,-0.000023,-0.000218,0.000438,10.000000,19.000000,-1.000000,0.000000,0.000000,0.000000,0.000000,0.065000,0.000000,1520.000000,0.000000,0.000000,0.000000,2.000000,0.000000,0.000000,0.000000,0.000000,0.000000,0.000000,0.000000,0.000000,6505,0,32,0
25.613031,0.007787,-0.304389,-1.048950,-0.000075,0.000198,0.003104,0.002153,-0.000234,0.000122,-0.000024,-0.000221,0.000437,10.000000,19.000000,-1.000000,0.000000,0.000000,0.000000,0.000000,0.065000,0.000000,1518.000000,0.000000,0.000000,0.000000,2.000000,0.000000,0.000000,0.000000,0.000000,0.000000,0.000000,0.000000,0.000000,6505,0,32,0
25.614986,0.007787,-0.304388,-1.048944,-0.000071,0.000197,0.003104,0.002180,-0.000244,0.000122,-0.000025,-0.000224,0.000437,10.000000,19.000000,-1.000000,0.000000,0.000000,0.000000,0.000000,0.065000,0.000000,1518.000000,0.000000,0.000000,0.000000,2.000000,0.000000,0.000000,0.000000,0.000000,0.000000,0.000000,0.000000,0.000000,6505,0,32,0
25.616940,0.007787,-0.304388,-1.048938,-0.000066,0.000197,0.003105,0.002205,-0.000253,0.000122,-0.000026,-0.000226,0.000436,10.000000,19.000000,-1.000000,0.000000,0.000000,0.000000,0.000000,0.065000,0.000000,1518.000000,0.000000,0.000000,0.000000,2.000000,0.000000,0.000000,0.000000,0.000000,0.000000,0.000000,0.000000,0.000000,6505,0,32,0
25.618895,0.007787,-0.304388,-1.048932,-0.000062,0.000196,0.003105,0.002230,-0.000262,0.000122,-0.000027,-0.000229,0.000436,10.000000,19.000000,-1.000000,0.000000,0.000000,0.000000,0.000000,0.065000,0.000000,1518.000000,0.000000,0.000000,0.000000,2.000000,0.000000,0.000000,0.000000,0.000000,0.000000,0.000000,0.000000,0.000000,6505,0,32,0
25.620848,0.007786,-0.304387,-1.048925,-0.000057,0.000196,0.003105,0.002254,-0.000272,0.000122,-0.000028,-0.000231,0.000435,10.000000,19.000000,-1.000000,0.000000,0.000000,0.000000,0.000000,0.065000,0.000000,1518.000000,0.000000,0.000000,0.000000,2.000000,0.000000,0.000000,0.000000,0.000000,0.000000,0.000000,0.000000,0.000000,6505,0,32,0
25.622803,0.007786,-0.304387,-1.048919,-0.000053,0.000195,0.003105,0.002278,-0.000281,0.000122,-0.000029,-0.000234,0.000435,10.000000,19.000000,-1.000000,0.000000,0.000000,0.000000,0.000000,0.065000,0.000000,1518.000000,0.000000,0.000000,0.000000,2.000000,0.000000,0.000000,0.000000,0.000000,0.000000,0.000000,0.000000,0.000000,6505,0,32,0
25.624756,0.007786,-0.304386,-1.048913,-0.000048,0.000195,0.003106,0.002300,-0.000291,0.000122,-0.000030,-0.000236,0.000434,10.000000,19.000000,-1.000000,0.000000,0.000000,0.000000,0.000000,0.065000,0.000000,1518.000000,0.000000,0.000000,0.000000,2.000000,0.000000,0.000000,0.000000,0.000000,0.000000,0.000000,0.000000,0.000000,6505,0,32,0
25.626711,0.007786,-0.304386,-1.048907,-0.000043,0.000194,0.003106,0.002322,-0.000300,0.000122,-0.000031,-0.000238,0.000434,10.000000,19.000000,-1.000000,0.000000,0.000000,0.000000,0.000000,0.065000,0.000000,1518.000000,0.000000,0.000000,0.000000,2.000000,0.000000,0.000000,0.000000,0.000000,0.000000,0.000000,0.000000,0.000000,6505,1,32,0
25.628664,0.007786,-0.304386,-1.048900,-0.000039,0.000193,0.003106,0.002343,-0.000309,0.000121,-0.000032,-0.000240,0.000433,10.000000,19.000000,-1.000000,0.000000,0.000000,0.000000,0.000000,0.065000,0.000000,1518.000000,0.000000,0.000000,0.000000,2.000000,0.000000,0.000000,0.000000,0.000000,0.000000,0.000000,0.000000,0.000000,6505,1,32,0
25.630617,0.007786,-0.304385,-1.048894,-0.000034,0.000193,0.003106,0.002364,-0.000319,0.000121,-0.000033,-0.000242,0.000432,10.000000,19.000000,-1.000000,0.000000,0.000000,0.000000,0.000000,0.065000,0.000000,1518.000000,0.000000,0.000000,0.000000,2.000000,0.000000,0.000000,0.000000,0.000000,0.000000,0.000000,0.000000,0.000000,6505,1,32,0
25.632572,0.007786,-0.304385,-1.048888,-0.000029,0.000192,0.003107,0.002384,-0.000328,0.000120,-0.000034,-0.000244,0.000432,10.000000,19.000000,-1.000000,0.000000,0.000000,0.000000,0.000000,0.065000,0.000000,1518.000000,0.000000,0.000000,0.000000,2.000000,0.000000,0.000000,0.000000,0.000000,0.000000,0.000000,0.000000,0.000000,6505,1,32,0
25.634525,0.007786,-0.304384,-1.048882,-0.000024,0.000191,0.003107,0.002403,-0.000336,0.000120,-0.000035,-0.000246,0.000431,10.000000,19.000000,-1.000000,0.000000,0.000000,0.000000,0.000000,0.065000,0.000000,1518.000000,0.000000,0.000000,0.000000,2.000000,0.000000,0.000000,0.000000,0.000000,0.000000,0.000000,0.000000,0.000000,6505,1,32,0
25.636480,0.007786,-0.304384,-1.048876,-0.000020,0.000191,0.003107,0.002421,-0.000344,0.000120,-0.000036,-0.000248,0.000431,10.000000,19.000000,-1.000000,0.000000,0.000000,0.000000,0.000000,0.065000,0.000000,1518.000000,0.000000,0.000000,0.000000,2.000000,0.000000,0.000000,0.000000,0.000000,0.000000,0.000000,0.000000,0.000000,6505,1,32,0
25.638433,0.007786,-0.304384,-1.048869,-0.000015,0.000190,0.003107,0.002439,-0.000352,0.000120,-0.000036,-0.000250,0.000430,10.000000,19.000000,-1.000000,0.000000,0.000000,0.000000,0.000000,0.065000,0.000000,1518.000000,0.000000,0.000000,0.000000,2.000000,0.000000,0.000000,0.000000,0.000000,0.000000,0.000000,0.000000,0.000000,6505,1,32,0
25.640388,0.007786,-0.304383,-1.048863,-0.000010,0.000189,0.003108,0.002456,-0.000359,0.000119,-0.000037,-0.000251,0.000430,10.000000,19.000000,-1.000000,0.000000,0.000000,0.000000,0.000000,0.065000,0.000000,1518.000000,0.000000,0.000000,0.000000,2.000000,0.000000,0.000000,0.000000,0.000000,0.000000,0.000000,0.000000,0.000000,6505,1,32,0
25.642342,0.007786,-0.304383,-1.048857,-0.000005,0.000189,0.003108,0.002472,-0.000364,0.000119,-0.000038,-0.000253,0.000429,10.000000,19.000000,-1.000000,0.000000,0.000000,0.000000,0.000000,0.065000,0.000000,1518.000000,0.000000,0.000000,0.000000,2.000000,0.000000,0.000000,0.000000,0.000000,0.000000,0.000000,0.000000,0.000000,6505,1,32,0
25.644297,0.007786,-0.304383,-1.048851,0.000000,0.000188,0.003108,0.002488,-0.000369,0.000119,-0.000038,-0.000255,0.000429,10.000000,19.000000,-1.000000,0.000000,0.000000,0.000000,0.000000,0.065000,0.000000,1518.000000,0.000000,0.000000,0.000000,2.000000,0.000000,0.000000,0.000000,0.000000,0.000000,0.000000,0.000000,0.000000,6505,1,32,0
25.646250,0.007786,-0.304382,-1.048845,0.000005,0.000187,0.003108,0.002502,-0.000373,0.000118,-0.000038,-0.000256,0.000428,10.000000,19.000000,-1.000000,0.000000,0.000000,0.000000,0.000000,0.065000,0.000000,1518.000000,0.000000,0.000000,0.000000,2.000000,0.000000,0.000000,0.000000,0.000000,0.000000,0.000000,0.000000,0.000000,6505,1,35,1
25.648205,0.007786,-0.304382,-1.048838,0.000010,0.000186,0.003109,0.002516,-0.000378,0.000119,-0.000039,-0.000257,0.000428,10.000000,19.000000,-1.000000,0.000000,0.000000,0.000000,0.000000,0.065000,0.000000,1518.000000,0.000000,0.000000,0.000000,2.000000,0.000000,0.000000,0.000000,0.000000,0.000000,0.000000,0.000000,0.000000,6505,0,35,1
25.650158,0.007786,-0.304381,-1.048832,0.000015,0.000186,0.003109,0.002530,-0.000380,0.000121,-0.000039,-0.000259,0.000427,10.000000,19.000000,-1.000000,0.000000,0.000000,0.000000,0.000000,0.065000,0.000000,1518.000000,0.000000,0.000000,0.000000,2.000000,0.000000,0.000000,0.000000,0.000000,0.000000,0.000000,0.000000,0.000000,6505,0,35,1
25.652111,0.007786,-0.304381,-1.048826,0.000020,0.000185,0.003109,0.002541,-0.000380,0.000122,-0.000039,-0.000260,0.000427,10.000000,19.000000,-1.000000,0.000000,0.000000,0.000000,0.000000,0.065000,0.000000,1518.000000,0.000000,0.000000,0.000000,2.000000,0.000000,0.000000,0.000000,0.000000,0.000000,0.000000,0.000000,0.000000,6505,0,35,2
25.654066,0.007786,-0.304381,-1.048820,0.000025,0.000184,0.003109,0.002552,-0.000382,0.000123,-0.000039,-0.000261,0.000427,10.000000,19.000000,-1.000000,0.000000,0.000000,0.000000,0.000000,0.065000,0.000000,1518.000000,0.000000,0.000000,0.000000,2.000000,0.000000,0.000000,0.000000,0.000000,0.000000,0.000000,0.000000,0.000000,6505,0,35,2
25.656019,0.007786,-0.304380,-1.048813,0.000030,0.000183,0.003110,0.002561,-0.000381,0.000124,-0.000039,-0.000262,0.000426,10.000000,19.000000,-1.000000,0.000000,0.000000,0.000000,0.000000,0.065000,0.000000,1518.000000,0.000000,0.000000,0.000000,2.000000,0.000000,0.000000,0.000000,0.000000,0.000000,0.000000,0.000000,0.000000,6505,0,35,2
25.657974,0.007786,-0.304380,-1.048807,0.000036,0.000183,0.003110,0.002568,-0.000379,0.000125,-0.000038,-0.000262,0.000426,10.000000,19.000000,-1.000000,0.000000,0.000000,0.000000,0.000000,0.065000,0.000000,1518.000000,0.000000,0.000000,0.000000,2.000000,0.000000,0.000000,0.000000,0.000000,0.000000,0.000000,0.000000,0.000000,6505,0,35,3
25.659927,0.007786,-0.304380,-1.048801,0.000041,0.000182,0.003110,0.002574,-0.000378,0.000126,-0.000038,-0.000263,0.000426,10.000000,19.000000,-1.000000,0.000000,0.000000,0.000000,0.000000,0.065000,0.000000,1518.000000,0.000000,0.000000,0.000000,2.000000,0.000000,0.000000,0.000000,0.000000,0.000000,0.000000,0.000000,0.000000,6505,0,35,3
25.661882,0.007786,-0.304379,-1.048795,0.000046,0.000181,0.003110,0.002577,-0.000375,0.000128,-0.000038,-0.000263,0.000425,10.000000,19.000000,-1.000000,0.000000,0.000000,0.000000,0.000000,0.065000,0.000000,1518.000000,0.000000,0.000000,0.000000,2.000000,0.000000,0.000000,0.000000,0.000000,0.000000,0.000000,0.000000,0.000000,6505,0,35,3
25.663836,0.007786,-0.304379,-1.048789,0.000051,0.000180,0.003111,0.002578,-0.000371,0.000129,-0.000037,-0.000263,0.000425,10.000000,19.000000,-1.000000,0.000000,0.000000,0.000000,0.000000,0.065000,0.000000,1518.000000,0.000000,0.000000,0.000000,2.000000,0.000000,0.000000,0.000000,0.000000,0.000000,0.000000,0.000000,0.000000,6505,0,35,4
25.665791,0.007786,-0.304378,-1.048782,0.000056,0.000180,0.003111,0.002577,-0.000369,0.000130,-0.000037,-0.000263,0.000425,10.000000,19.000000,-1.000000,0.000000,0.000000,0.000000,0.000000,0.065000,0.000000,1518.000000,0.000000,0.000000,0.000000,2.000000,0.000000,0.000000,0.000000,0.000000,0.000000,0.000000,0.000000,0.000000,6505,0,35,4
25.667744,0.007787,-0.304378,-1.048776,0.000061,0.000179,0.003111,0.002573,-0.000364,0.000131,-0.000037,-0.000262,0.000425,10.000000,19.000000,-1.000000,0.000000,0.000000,0.000000,0.000000,0.065000,0.000000,1518.000000,0.000000,0.000000,0.000000,2.000000,0.000000,0.000000,0.000000,0.000000,0.000000,0.000000,0.000000,0.000000,6505,0,35,4
25.669699,0.007787,-0.304378,-1.048770,0.000066,0.000178,0.003111,0.002567,-0.000359,0.000131,-0.000036,-0.000261,0.000426,10.000000,19.000000,-1.000000,0.000000,0.000000,0.000000,0.000000,0.065000,0.000000,1518.000000,0.000000,0.000000,0.000000,2.000000,0.000000,0.000000,0.000000,0.000000,0.000000,0.000000,0.000000,0.000000,6505,0,34,4
25.671652,0.007787,-0.304377,-1.048764,0.000072,0.000177,0.003112,0.002558,-0.000353,0.000132,-0.000035,-0.000260,0.000426,10.000000,19.000000,-1.000000,0.000000,0.000000,0.000000,0.000000,0.065000,0.000000,1518.000000,0.000000,0.000000,0.000000,2.000000,0.000000,0.000000,0.000000,0.000000,0.000000,0.000000,0.000000,0.000000,6505,0,34,4
25.673607,0.007787,-0.304377,-1.048757,0.000077,0.000177,0.003112,0.002546,-0.000348,0.000133,-0.000035,-0.000259,0.000426,10.000000,19.000000,-1.000000,0.000000,0.000000,0.000000,0.000000,0.065000,0.000000,1518.000000,0.000000,0.000000,0.000000,2.000000,0.000000,0.000000,0.000000,0.000000,0.000000,0.000000,0.000000,0.000000,6505,0,34,4
25.675560,0.007787,-0.304377,-1.048751,0.000082,0.000176,0.003112,0.002532,-0.000341,0.000133,-0.000034,-0.000258,0.000426,10.000000,19.000000,-1.000000,0.000000,0.000000,0.000000,0.000000,0.065000,0.000000,1518.000000,0.000000,0.000000,0.000000,2.000000,0.000000,0.000000,0.000000,0.000000,0.000000,0.000000,0.000000,0.000000,6505,0,34,4
25.677513,0.007787,-0.304376,-1.048745,0.000087,0.000175,0.003112,0.002515,-0.000335,0.000134,-0.000034,-0.000256,0.000427,10.000000,19.000000,-1.000000,0.000000,0.000000,0.000000,0.000000,0.065000,0.000000,1518.000000,0.000000,0.000000,0.000000,2.000000,0.000000,0.000000,0.000000,0.000000,0.000000,0.000000,0.000000,0.000000,6505,0,34,5
25.679468,0.007788,-0.304376,-1.048739,0.000092,0.000175,0.003113,0.002495,-0.000330,0.000134,-0.000033,-0.000253,0.000427,10.000000,19.000000,-1.000000,0.000000,0.000000,0.000000,0.000000,0.065000,0.000000,1518.000000,0.000000,0.000000,0.000000,2.000000,0.000000,0.000000,0.000000,0.000000,0.000000,0.000000,0.000000,0.000000,6505,0,34,5
25.681421,0.007788,-0.304376,-1.048733,0.000097,0.000174,0.003113,0.002473,-0.000323,0.000134,-0.000032,-0.000251,0.000428,10.000000,19.000000,-1.000000,0.000000,0.000000,0.000000,0.000000,0.065000,0.000000,1518.000000,0.000000,0.000000,0.000000,2.000000,0.000000,0.000000,0.000000,0.000000,0.000000,0.000000,0.000000,0.000000,6505,0,33,5
25.683376,0.007788,-0.304375,-1.048726,0.000102,0.000173,0.003113,0.002447,-0.000316,0.000132,-0.000032,-0.000248,0.000428,10.000000,19.000000,-1.000000,0.000000,0.000000,0.000000,0.000000,0.065000,0.000000,1518.000000,0.000000,0.000000,0.000000,2.000000,0.000000,0.000000,0.000000,0.000000,0.000000,0.000000,0.000000,0.000000,6505,0,33,5
25.685329,0.007788,-0.304375,-1.048720,0.000106,0.000173,0.003113,0.002419,-0.000309,0.000131,-0.000031,-0.000245,0.000429,10.000000,19.000000,-1.000000,0.000000,0.000000,0.000000,0.000000,0.065000,0.000000,1518.000000,0.000000,0.000000,0.000000,2.000000,0.000000,0.000000,0.000000,0.000000,0.000000,0.000000,0.000000,0.000000,6505,0,33,5
25.687284,0.007788,-0.304375,-1.048714,0.000111,0.000172,0.003114,0.002389,-0.000301,0.000130,-0.000030,-0.000242,0.000430,10.000000,19.000000,-1.000000,0.000000,0.000000,0.000000,0.000000,0.065000,0.000000,1518.000000,0.000000,0.000000,0.000000,2.000000,0.000000,0.000000,0.000000,0.000000,0.000000,0.000000,0.000000,0.000000,6505,0,33,5
25.689238,0.007789,-0.304374,-1.048708,0.000116,0.000172,0.003114,0.002356,-0.000294,0.000128,-0.000029,-0.000239,0.000431,10.000000,19.000000,-1.000000,0.000000,0.000000,0.000000,0.000000,0.065000,0.000000,1518.000000,0.000000,0.000000,0.000000,2.000000,0.000000,0.000000,0.000000,0.000000,0.000000,0.000000,0.000000,0.000000,6505,0,33,4
25.691193,0.007789,-0.304374,-1.048701,0.000121,0.000171,0.003114,0.002320,-0.000284,0.000128,-0.000029,-0.000235,0.000432,10.000000,19.000000,-1.000000,0.000000,0.000000,0.000000,0.000000,0.065000,0.000000,1518.000000,0.000000,0.000000,0.000000,2.000000,0.000000,0.000000,0.000000,0.000000,0.000000,0.000000,0.000000,0.000000,6505,0,32,4
25.693146,0.007789,-0.304374,-1.048695,0.000125,0.000170,0.003115,0.002282,-0.000277,0.000127,-0.000028,-0.000231,0.000432,10.000000,19.000000,-1.000000,0.000000,0.000000,0.000000,0.000000,0.065000,0.000000,1518.000000,0.000000,0.000000,0.000000,2.000000,0.000000,0.000000,0.000000,0.000000,0.000000,0.000000,0.000000,0.000000,6505,0,32,4
25.695101,0.007789,-0.304373,-1.048689,0.000130,0.000170,0.003115,0.002243,-0.000269,0.000125,-0.000027,-0.000227,0.000433,10.000000,19.000000,-1.000000,0.000000,0.000000,0.000000,0.000000,0.065000,0.000000,1518.000000,0.000000,0.000000,0.000000,2.000000,0.000000,0.000000,0.000000,0.000000,0.000000,0.000000,0.000000,0.000000,6505,0,32,4
25.697054,0.007790,-0.304373,-1.048683,0.000134,0.000169,0.003115,0.002201,-0.000261,0.000124,-0.000026,-0.000222,0.000434,10.000000,19.000000,-1.000000,0.000000,0.000000,0.000000,0.000000,0.065000,0.000000,1518.000000,0.000000,0.000000,0.000000,2.000000,0.000000,0.000000,0.000000,0.000000,0.000000,0.000000,0.000000,0.000000,6505,0,32,4
25.699009,0.007790,-0.304373,-1.048676,0.000139,0.000169,0.003115,0.002157,-0.000253,0.000123,-0.000025,-0.000218,0.000435,10.000000,19.000000,-1.000000,0.000000,0.000000,0.000000,0.000000,0.065000,0.000000,1518.000000,0.000000,0.000000,0.000000,2.000000,0.000000,0.000000,0.000000,0.000000,0.000000,0.000000,0.000000,0.000000,6505,0,32,4
25.700962,0.007790,-0.304372,-1.048670,0.000143,0.000168,0.003115,0.002111,-0.000245,0.000122,-0.000024,-0.000213,0.000436,10.000000,19.000000,-1.000000,0.000000,0.000000,0.000000,0.000000,0.065000,0.000000,1518.000000,0.000000,0.000000,0.000000,2.000000,0.000000,0.000000,0.000000,0.000000,0.000000,0.000000,0.000000,0.000000,6505,0,32,4
25.702915,0.007790,-0.304372,-1.048664,0.000147,0.000168,0.003116,0.002064,-0.000237,0.000122,-0.000024,-0.000208,0.000437,10.000000,19.000000,-1.000000,0.000000,0.000000,0.000000,0.000000,0.065000,0.000000,1518.000000,0.000000,0.000000,0.000000,2.000000,0.000000,0.000000,0.000000,0.000000,0.000000,0.000000,0.000000,0.000000,6505,0,31,4
25.704870,0.007791,-0.304372,-1.048658,0.000151,0.000167,0.003116,0.002015,-0.000228,0.000121,-0.000023,-0.000203,0.000439,10.000000,19.000000,-1.000000,0.000000,0.000000,0.000000,0.000000,0.065000,0.000000,1518.000000,0.000000,0.000000,0.000000,2.000000,0.000000,0.000000,0.000000,0.000000,0.000000,0.000000,0.000000,0.000000,6505,0,31,4
25.706823,0.007791,-0.304371,-1.048652,0.000155,0.000167,0.003116,0.001965,-0.000220,0.000119,-0.000022,-0.000198,0.000440,10.000000,19.000000,-1.000000,0.000000,0.000000,0.000000,0.000000,0.065000,0.000000,1518.000000,0.000000,0.000000,0.000000,2.000000,0.000000,0.000000,0.000000,0.000000,0.000000,0.000000,0.000000,0.000000,6505,0,31,3
25.708778,0.007791,-0.304371,-1.048645,0.000159,0.000167,0.003116,0.001913,-0.000210,0.000118,-0.000021,-0.000193,0.000441,10.000000,19.000000,-1.000000,0.000000,0.000000,0.000000,0.000000,0.065000,0.000000,1518.000000,0.000000,0.000000,0.000000,2.000000,0.000000,0.000000,0.000000,0.000000,0.000000,0.000000,0.000000,0.000000,6505,0,31,3
25.710732,0.007792,-0.304371,-1.048639,0.000163,0.000166,0.003117,0.001861,-0.000202,0.000118,-0.000020,-0.000187,0.000442,10.000000,19.000000,-1.000000,0.000000,0.000000,0.000000,0.000000,0.065000,0.000000,1518.000000,0.000000,0.000000,0.000000,2.000000,0.000000,0.000000,0.000000,0.000000,0.000000,0.000000,0.000000,0.000000,6505,0,31,3
25.712687,0.007792,-0.304370,-1.048633,0.000166,0.000166,0.003117,0.001807,-0.000193,0.000117,-0.000019,-0.000182,0.000443,10.000000,19.000000,-1.000000,0.000000,0.000000,0.000000,0.000000,0.065000,0.000000,1518.000000,0.000000,0.000000,0.000000,2.000000,0.000000,0.000000,0.000000,0.000000,0.000000,0.000000,0.000000,0.000000,6505,0,31,3
25.714640,0.007792,-0.304370,-1.048627,0.000170,0.000165,0.003117,0.001752,-0.000185,0.000117,-0.000018,-0.000176,0.000444,10.000000,19.000000,-1.000000,0.000000,0.000000,0.000000,0.000000,0.065000,0.000000,1518.000000,0.000000,0.000000,0.000000,2.000000,0.000000,0.000000,0.000000,0.000000,0.000000,0.000000,0.000000,0.000000,6505,0,30,3
25.716595,0.007793,-0.304370,-1.048620,0.000173,0.000165,0.003117,0.001697,-0.000176,0.000116,-0.000018,-0.000170,0.000445,10.000000,19.000000,-1.000000,0.000000,0.000000,0.000000,0.000000,0.065000,0.000000,1518.000000,0.000000,0.000000,0.000000,2.000000,0.000000,0.000000,0.000000,0.000000,0.000000,0.000000,0.000000,0.000000,6505,0,30,3
25.718548,0.007793,-0.304369,-1.048614,0.000176,0.000165,0.003118,0.001640,-0.000168,0.000115,-0.000017,-0.000164,0.000446,10.000000,19.000000,-1.000000,0.000000,0.000000,0.000000,0.000000,0.065000,0.000000,1518.000000,0.000000,0.000000,0.000000,2.000000,0.000000,0.000000,0.000000,0.000000,0.000000,0.000000,0.000000,0.000000,6505,0,30,3
25.720503,0.007793,-0.304369,-1.048608,0.000180,0.000164,0.003118,0.001584,-0.000159,0.000115,-0.000016,-0.000159,0.000448,10.000000,19.000000,-1.000000,0.000000,0.000000,0.000000,0.000000,0.065000,0.000000,1518.000000,0.000000,0.000000,0.000000,2.000000,0.000000,0.000000,0.000000,0.000000,0.000000,0.000000,0.000000,0.000000,6505,0,30,2
25.722456,0.007794,-0.304369,-1.048602,0.000183,0.000164,0.003118,0.001526,-0.000149,0.000114,-0.000015,-0.000153,0.000449,10.000000,19.000000,-1.000000,0.000000,0.000000,0.000000,0.000000,0.065000,0.000000,1518.000000,0.000000,0.000000,0.000000,2.000000,0.000000,0.000000,0.000000,0.000000,0.000000,0.000000,0.000000,0.000000,6505,0,30,2
25.724409,0.007794,-0.304368,-1.048595,0.000186,0.000164,0.003118,0.001469,-0.000141,0.000114,-0.000014,-0.000147,0.000450,10.000000,19.000000,-1.000000,0.000000,0.000000,0.000000,0.000000,0.065000,0.000000,1518.000000,0.000000,0.000000,0.000000,2.000000,0.000000,0.000000,0.000000,0.000000,0.000000,0.000000,0.000000,0.000000,6505,0,30,2
25.726364,0.007795,-0.304368,-1.048589,0.000189,0.000164,0.003119,0.001411,-0.000132,0.000114,-0.000013,-0.000141,0.000451,10.000000,19.000000,-1.000000,0.000000,0.000000,0.000000,0.000000,0.065000,0.000000,1518.000000,0.000000,0.000000,0.000000,2.000000,0.000000,0.000000,0.000000,0.000000,0.000000,0.000000,0.000000,0.000000,6505,0,30,2
25.728317,0.007795,-0.304368,-1.048583,0.000191,0.000163,0.003119,0.001353,-0.000124,0.000114,-0.000012,-0.000135,0.000452,10.000000,19.000000,-1.000000,0.000000,0.000000,0.000000,0.000000,0.065000,0.000000,1518.000000,0.000000,0.000000,0.000000,2.000000,0.000000,0.000000,0.000000,0.000000,0.000000,0.000000,0.000000,0.000000,6505,0,30,2
25.730272,0.007795,-0.304367,-1.048577,0.000194,0.000163,0.003119,0.001295,-0.000115,0.000114,-0.000011,-0.000129,0.000453,10.000000,19.000000,-1.000000,0.000000,0.000000,0.000000,0.000000,0.065000,0.000000,1518.000000,0.000000,0.000000,0.000000,2.000000,0.000000,0.000000,0.000000,0.000000,0.000000,0.000000,0.000000,0.000000,6505,0,29,2
25.732225,0.007796,-0.304367,-1.048571,0.000196,0.000163,0.003119,0.001237,-0.000106,0.000112,-0.000010,-0.000123,0.000454,10.000000,19.000000,-1.000000,0.000000,0.000000,0.000000,0.000000,0.065000,0.000000,1518.000000,0.000000,0.000000,0.000000,2.000000,0.000000,0.000000,0.000000,0.000000,0.000000,0.000000,0.000000,0.000000,6505,0,29,2
25.734180,0.007796,-0.304367,-1.048564,0.000199,0.000163,0.003119,0.001180,-0.000098,0.000111,-0.000010,-0.000117,0.000455,10.000000,19.000000,-1.000000,0.000000,0.000000,0.000000,0.000000,0.065000,0.000000,1518.000000,0.000000,0.000000,0.000000,2.000000,0.000000,0.000000,0.000000,0.000000,0.000000,0.000000,0.000000,0.000000,6505,0,29,2
25.736134,0.007796,-0.304366,-1.048558,0.000201,0.000162,0.003120,0.001122,-0.000089,0.000110,-0.000009,-0.000112,0.000456,10.000000,19.000000,-1.000000,0.000000,0.000000,0.000000,0.000000,0.065000,0.000000,1518.000000,0.000000,0.000000,0.000000,2.000000,0.000000,0.000000,0.000000,0.000000,0.000000,0.000000,0.000000,0.000000,6505,0,29,1
25.738089,0.007797,-0.304366,-1.048552,0.000203,0.000162,0.003120,0.001065,-0.000079,0.000110,-0.000008,-0.000106,0.000457,10.000000,19.000000,-1.000000,0.000000,0.000000,0.000000,0.000000,0.065000,0.000000,1518.000000,0.000000,0.000000,0.000000,2.000000,0.000000,0.000000,0.000000,0.000000,0.000000,0.000000,0.000000,0.000000,6505,0,29,1
25.740042,0.007797,-0.304366,-1.048546,0.000205,0.000162,0.003120,0.001008,-0.000070,0.000109,-0.000007,-0.000100,0.000459,10.000000,19.000000,-1.000000,0.000000,0.000000,0.000000,0.000000,0.065000,0.000000,1518.000000,0.000000,0.000000,0.000000,2.000000,0.000000,0.000000,0.000000,0.000000,0.000000,0.000000,0.000000,0.000000,6505,0,29,1
25.741997,0.007798,-0.304365,-1.048539,0.000207,0.000162,0.003120,0.000952,-0.000061,0.000108,-0.000006,-0.000094,0.000460,10.000000,19.000000,-1.000000,0.000000,0.000000,0.000000,0.000000,0.065000,0.000000,1518.000000,0.000000,0.000000,0.000000,2.000000,0.000000,0.000000,0.000000,0.000000,0.000000,0.000000,0.000000,0.000000,6505,0,29,1
25.743950,0.007798,-0.304365,-1.048533,0.000209,0.000162,0.003121,0.000897,-0.000053,0.000108,-0.000005,-0.000089,0.000460,10.000000,19.000000,-1.000000,0.000000,0.000000,0.000000,0.000000,0.065000,0.000000,1518.000000,0.000000,0.000000,0.000000,2.000000,0.000000,0.000000,0.000000,0.000000,0.000000,0.000000,0.000000,0.000000,6505,0,29,1
25.745905,0.007799,-0.304365,-1.048527,0.000211,0.000162,0.003121,0.000842,-0.000044,0.000107,-0.000004,-0.000083,0.000461,10.000000,19.000000,-1.000000,0.000000,0.000000,0.000000,0.000000,0.065000,0.000000,1518.000000,0.000000,0.000000,0.000000,2.000000,0.000000,0.000000,0.000000,0.000000,0.000000,0.000000,0.000000,0.000000,6505,0,29,1
25.747858,0.007799,-0.304364,-1.048521,0.000212,0.000162,0.003121,0.000788,-0.000035,0.000107,-0.000003,-0.000078,0.000462,10.000000,19.000000,-1.000000,0.000000,0.000000,0.000000,0.000000,0.065000,0.000000,1518.000000,0.000000,0.000000,0.000000,2.000000,0.000000,0.000000,0.000000,0.000000,0.000000,0.000000,0.000000,0.000000,6505,0,29,1
25.749811,0.007799,-0.304364,-1.048514,0.000214,0.000162,0.003121,0.000735,-0.000027,0.000106,-0.000002,-0.000072,0.000463,10.000000,19.000000,-1.000000,0.000000,0.000000,0.000000,0.000000,0.065000,0.000000,1520.000000,0.000000,0.000000,0.000000,2.000000,0.000000,0.000000,0.000000,0.000000,0.000000,0.000000,0.000000,0.000000,6505,0,29,1
25.751766,0.007800,-0.304364,-1.048508,0.000215,0.000162,0.003121,0.000682,-0.000018,0.000106,-0.000001,-0.000067,0.000464,10.000000,19.000000,-1.000000,0.000000,0.000000,0.000000,0.000000,0.065000,0.000000,1520.000000,0.000000,0.000000,0.000000,2.000000,0.000000,0.000000,0.000000,0.000000,0.000000,0.000000,0.000000,0.000000,6505,0,29,1
25.753719,0.007800,-0.304363,-1.048502,0.000216,0.000162,0.003122,0.000630,-0.000009,0.000106,-0.000001,-0.000062,0.000465,10.000000,19.000000,-1.000000,0.000000,0.000000,0.000000,0.000000,0.065000,0.000000,1520.000000,0.000000,0.000000,0.000000,2.000000,0.000000,0.000000,0.000000,0.000000,0.000000,0.000000,0.000000,0.000000,6505,0,29,0
25.755674,0.007801,-0.304363,-1.048496,0.000218,0.000162,0.003122,0.000580,0.000001,0.000105,0.000000,-0.000057,0.000466,10.000000,19.000000,-1.000000,0.000000,0.000000,0.000000,0.000000,0.065000,0.000000,1520.000000,0.000000,0.000000,0.000000,2.000000,0.000000,0.000000,0.000000,0.000000,0.000000,0.000000,0.000000,0.000000,6505,0,29,0
25.757627,0.007801,-0.304363,-1.048489,0.000219,0.000162,0.003122,0.000530,0.000010,0.000105,0.000001,-0.000052,0.000467,10.000000,19.000000,-1.000000,0.000000,0.000000,0.000000,0.000000,0.065000,0.000000,1520.000000,0.000000,0.000000,0.000000,2.000000,0.000000,0.000000,0.000000,0.000000,0.000000,0.000000,0.000000,0.000000,6505,0,29,0
25.759583,0.007802,-0.304362,-1.048483,0.000220,0.000162,0.003122,0.000481,0.000019,0.000104,0.000002,-0.000047,0.000468,10.000000,19.000000,-1.000000,0.000000,0.000000,0.000000,0.000000,0.065000,0.000000,1520.000000,0.000000,0.000000,0.000000,2.000000,0.000000,0.000000,0.000000,0.000000,0.000000,0.000000,0.000000,0.000000,6505,0,29,0
25.761536,0.007802,-0.304362,-1.048477,0.000221,0.000162,0.003122,0.000433,0.000027,0.000103,0.000003,-0.000042,0.000468,10.000000,19.000000,-1.000000,0.000000,0.000000,0.000000,0.000000,0.065000,0.000000,1520.000000,0.000000,0.000000,0.000000,2.000000,0.000000,0.000000,0.000000,0.000000,0.000000,0.000000,0.000000,0.000000,6505,0,29,0
25.763491,0.007802,-0.304362,-1.048471,0.000221,0.000162,0.003123,0.000386,0.000036,0.000103,0.000004,-0.000037,0.000469,10.000000,19.000000,-1.000000,0.000000,0.000000,0.000000,0.000000,0.065000,0.000000,1520.000000,0.000000,0.000000,0.000000,2.000000,0.000000,0.000000,0.000000,0.000000,0.000000,0.000000,0.000000,0.000000,6505,0,29,0
25.765444,0.007803,-0.304361,-1.048464,0.000222,0.000162,0.003123,0.000341,0.000045,0.000102,0.000005,-0.000032,0.000470,10.000000,19.000000,-1.000000,0.000000,0.000000,0.000000,0.000000,0.065000,0.000000,1520.000000,0.000000,0.000000,0.000000,2.000000,0.000000,0.000000,0.000000,0.000000,0.000000,0.000000,0.000000,0.000000,6505,0,29,0
25.767399,0.007803,-0.304361,-1.048458,0.000223,0.000162,0.003123,0.000296,0.000054,0.000102,0.000006,-0.000028,0.000471,10.000000,19.000000,-1.000000,0.000000,0.000000,0.000000,0.000000,0.065000,0.000000,1520.000000,0.000000,0.000000,0.000000,2.000000,0.000000,0.000000,0.000000,0.000000,0.000000,0.000000,0.000000,0.000000,6505,0,29,0
25.769352,0.007804,-0.304361,-1.048452,0.000223,0.000162,0.003123,0.000253,0.000062,0.000102,0.000007,-0.000024,0.000471,10.000000,19.000000,-1.000000,0.000000,0.000000,0.000000,0.000000,0.065000,0.000000,1520.000000,0.000000,0.000000,0.000000,2.000000,0.000000,0.000000,0.000000,0.000000,0.000000,0.000000,0.000000,0.000000,6505,0,29,0
25.771305,0.007804,-0.304360,-1.048446,0.000224,0.000162,0.003123,0.000212,0.000071,0.000101,0.000008,-0.000020,0.000472,10.000000,19.000000,-1.000000,0.000000,0.000000,0.000000,0.000000,0.065000,0.000000,1520.000000,0.000000,0.000000,0.000000,2.000000,0.000000,0.000000,0.000000,0.000000,0.000000,0.000000,0.000000,0.000000,6505,0,29,0
25.773260,0.007805,-0.304360,-1.048439,0.000224,0.000162,0.003124,0.000172,0.000080,0.000101,0.000009,-0.000016,0.000473,10.000000,19.000000,-1.000000,0.000000,0.000000,0.000000,0.000000,0.065000,0.000000,1520.000000,0.000000,0.000000,0.000000,2.000000,0.000000,0.000000,0.000000,0.000000,0.000000,0.000000,0.000000,0.000000,6505,0,29,0
25.775213,0.007805,-0.304360,-1.048433,0.000224,0.000163,0.003124,0.000133,0.000089,0.000100,0.000009,-0.000012,0.000473,10.000000,19.000000,-1.000000,0.000000,0.000000,0.000000,0.000000,0.065000,0.000000,1520.000000,0.000000,0.000000,0.000000,2.000000,0.000000,0.000000,0.000000,0.000000,0.000000,0.000000,0.000000,0.000000,6505,0,29,0
25.777168,0.007806,-0.304359,-1.048427,0.000225,0.000163,0.003124,0.000096,0.000098,0.000100,0.000010,-0.000008,0.000474,10.000000,19.000000,-1.000000,0.000000,0.000000,0.000000,0.000000,0.065000,0.000000,1520.000000,0.000000,0.000000,0.000000,2.000000,0.000000,0.000000,0.000000,0.000000,0.000000,0.000000,0.000000,0.000000,6505,0,29,0
25.779121,0.007806,-0.304359,-1.048421,0.000225,0.000163,0.003124,0.000060,0.000106,0.000100,0.000011,-0.000004,0.000475,10.000000,19.000000,-1.000000,0.000000,0.000000,0.000000,0.000000,0.065000,0.000000,1520.000000,0.000000,0.000000,0.000000,2.000000,0.000000,0.000000,0.000000,0.000000,0.000000,0.000000,0.000000,0.000000,6505,0,29,0
25.781076,0.007806,-0.304359,-1.048414,0.000225,0.000163,0.003124,0.000025,0.000115,0.000100,0.000012,-0.000001,0.000475,10.000000,19.000000,-1.000000,0.000000,0.000000,0.000000,0.000000,0.065000,0.000000,1520.000000,0.000000,0.000000,0.000000,2.000000,0.000000,0.000000,0.000000,0.000000,0.000000,0.000000,0.000000,0.000000,6505,0,29,0
25.783030,0.007807,-0.304359,-1.048408,0.000225,0.000163,0.003125,-0.000007,0.000124,0.000100,0.000013,0.000002,0.000476,10.000000,19.000000,-1.000000,0.000000,0.000000,0.000000,0.000000,0.065000,0.000000,1520.000000,0.000000,0.000000,0.000000,2.000000,0.000000,0.000000,0.000000,0.000000,0.000000,0.000000,0.000000,0.000000,6505,0,29,0
25.784985,0.007807,-0.304358,-1.048402,0.000225,0.000164,0.003125,-0.000039,0.000133,0.000099,0.000014,0.000005,0.000476,10.000000,19.000000,-1.000000,0.000000,0.000000,0.000000,0.000000,0.065000,0.000000,1520.000000,0.000000,0.000000,0.000000,2.000000,0.000000,0.000000,0.000000,0.000000,0.000000,0.000000,0.000000,0.000000,6505,0,29,0
25.786938,0.007808,-0.304358,-1.048396,0.000225,0.000164,0.003125,-0.000068,0.000142,0.000100,0.000015,0.000008,0.000477,10.000000,19.000000,-1.000000,0.000000,0.000000,0.000000,0.000000,0.065000,0.000000,1520.000000,0.000000,0.000000,0.000000,2.000000,0.000000,0.000000,0.000000,0.000000,0.000000,0.000000,0.000000,0.000000,6505,0,29,0
25.788893,0.007808,-0.304358,-1.048389,0.000224,0.000164,0.003125,-0.000096,0.000151,0.000099,0.000016,0.000011,0.000478,10.000000,19.000000,-1.000000,0.000000,0.000000,0.000000,0.000000,0.065000,0.000000,1520.000000,0.000000,0.000000,0.000000,2.000000,0.000000,0.000000,0.000000,0.000000,0.000000,0.000000,0.000000,0.000000,6505,0,29,0
25.790846,0.007809,-0.304357,-1.048383,0.000224,0.000165,0.003125,-0.000123,0.000160,0.000099,0.000017,0.000014,0.000478,10.000000,19.000000,-1.000000,0.000000,0.000000,0.000000,0.000000,0.065000,0.000000,1520.000000,0.000000,0.000000,0.000000,2.000000,0.000000,0.000000,0.000000,0.000000,0.000000,0.000000,0.000000,0.000000,6505,0,29,0
25.792801,0.007809,-0.304357,-1.048377,0.000224,0.000165,0.003126,-0.000147,0.000168,0.000099,0.000018,0.000016,0.000479,10.000000,19.000000,-1.000000,0.000000,0.000000,0.000000,0.000000,0.065000,0.000000,1520.000000,0.000000,0.000000,0.000000,2.000000,0.000000,0.000000,0.000000,0.000000,0.000000,0.000000,0.000000,0.000000,6505,0,29,0
25.794754,0.007810,-0.304357,-1.048371,0.000224,0.000165,0.003126,-0.000171,0.000177,0.000099,0.000019,0.000019,0.000479,10.000000,19.000000,-1.000000,0.000000,0.000000,0.000000,0.000000,0.065000,0.000000,1520.000000,0.000000,0.000000,0.000000,2.000000,0.000000,0.000000,0.000000,0.000000,0.000000,0.000000,0.000000,0.000000,6505,0,29,0
25.796707,0.007810,-0.304356,-1.048364,0.000223,0.000166,0.003126,-0.000192,0.000186,0.000098,0.000019,0.000021,0.000480,10.000000,19.000000,-1.000000,0.000000,0.000000,0.000000,0.000000,0.065000,0.000000,1520.000000,0.000000,0.000000,0.000000,2.000000,0.000000,0.000000,0.000000,0.000000,0.000000,0.000000,0.000000,0.000000,6505,0,29,0
25.798662,0.007811,-0.304356,-1.048358,0.000223,0.000166,0.003126,-0.000212,0.000195,0.000098,0.000020,0.000023,0.000480,10.000000,19.000000,-1.000000,0.000000,0.000000,0.000000,0.000000,0.065000,0.000000,1520.000000,0.000000,0.000000,0.000000,2.000000,0.000000,0.000000,0.000000,0.000000,0.000000,0.000000,0.000000,0.000000,6505,0,29,0
25.800615,0.007811,-0.304356,-1.048352,0.000222,0.000166,0.003126,-0.000230,0.000204,0.000098,0.000021,0.000024,0.000481,10.000000,19.000000,-1.000000,0.000000,0.000000,0.000000,0.000000,0.065000,0.000000,1520.000000,0.000000,0.000000,0.000000,2.000000,0.000000,0.000000,0.000000,0.000000,0.000000,0.000000,0.000000,0.000000,6505,0,29,0
25.802570,0.007811,-0.304355,-1.048346,0.000222,0.000167,0.003127,-0.000246,0.000213,0.000098,0.000022,0.000026,0.000481,10.000000,19.000000,-1.000000,0.000000,0.000000,0.000000,0.000000,0.065000,0.000000,1520.000000,0.000000,0.000000,0.000000,2.000000,0.000000,0.000000,0.000000,0.000000,0.000000,0.000000,0.000000,0.000000,6505,0,29,0
25.804523,0.007812,-0.304355,-1.048339,0.000221,0.000167,0.003127,-0.000261,0.000222,0.000098,0.000023,0.000027,0.000482,10.000000,19.000000,-1.000000,0.000000,0.000000,0.000000,0.000000,0.065000,0.000000,1520.000000,0.000000,0.000000,0.000000,2.000000,0.000000,0.000000,0.000000,0.000000,0.000000,0.000000,0.000000,0.000000,6505,0,29,0
25.806479,0.007812,-0.304355,-1.048333,0.000221,0.000168,0.003127,-0.000274,0.000231,0.000098,0.000024,0.000029,0.000482,10.000000,19.000000,-1.000000,0.000000,0.000000,0.000000,0.000000,0.065000,0.000000,1520.000000,0.000000,0.000000,0.000000,2.000000,0.000000,0.000000,0.000000,0.000000,0.000000,0.000000,0.000000,0.000000,6505,0,29,0
25.808432,0.007813,-0.304354,-1.048327,0.000220,0.000168,0.003127,-0.000285,0.000240,0.000098,0.000025,0.000030,0.000483,10.000000,19.000000,-1.000000,0.000000,0.000000,0.000000,0.000000,0.065000,0.000000,1520.000000,0.000000,0.000000,0.000000,2.000000,0.000000,0.000000,0.000000,0.000000,0.000000,0.000000,0.000000,0.000000,6505,0,29,0
25.810387,0.007813,-0.304354,-1.048321,0.000220,0.000169,0.003127,-0.000295,0.000248,0.000098,0.000026,0.000031,0.000484,10.000000,19.000000,-1.000000,0.000000,0.000000,0.000000,0.000000,0.065000,0.000000,1520.000000,0.000000,0.000000,0.000000,2.000000,0.000000,0.000000,0.000000,0.000000,0.000000,0.000000,0.000000,0.000000,6505,0,32,0
25.812340,0.007814,-0.304354,-1.048314,0.000219,0.000169,0.003128,-0.000303,0.000257,0.000099,0.000027,0.000031,0.000484,10.000000,19.000000,-1.000000,0.000000,0.000000,0.000000,0.000000,0.065000,0.000000,1520.000000,0.000000,0.000000,0.000000,2.000000,0.000000,0.000000,0.000000,0.000000,0.000000,0.000000,0.000000,0.000000,6505,0,33,-1
25.814295,0.007814,-0.304353,-1.048308,0.000218,0.000170,0.003128,-0.000309,0.000268,0.000102,0.000028,0.000032,0.000485,10.000000,19.000000,-1.000000,0.000000,0.000000,0.000000,0.000000,0.065000,0.000000,1520.000000,0.000000,0.000000,0.000000,2.000000,0.000000,0.000000,0.000000,0.000000,0.000000,0.000000,0.000000,0.000000,6505,0,33,-1
25.816248,0.007814,-0.304353,-1.048302,0.000218,0.000170,0.003128,-0.000314,0.000277,0.000103,0.000029,0.000032,0.000485,10.000000,19.000000,-1.000000,0.000000,0.000000,0.000000,0.000000,0.065000,0.000000,1520.000000,0.000000,0.000000,0.000000,2.000000,0.000000,0.000000,0.000000,0.000000,0.000000,0.000000,0.000000,0.000000,6505,0,33,-1
25.818203,0.007815,-0.304352,-1.048296,0.000217,0.000171,0.003128,-0.000318,0.000286,0.000105,0.000029,0.000033,0.000486,10.000000,19.000000,-1.000000,0.000000,0.000000,0.000000,0.000000,0.065000,0.000000,1520.000000,0.000000,0.000000,0.000000,2.000000,0.000000,0.000000,0.000000,0.000000,0.000000,0.000000,0.000000,0.000000,6505,0,33,-2
25.820156,0.007815,-0.304352,-1.048289,0.000217,0.000171,0.003128,-0.000321,0.000296,0.000107,0.000030,0.000033,0.000486,10.000000,19.000000,-1.000000,0.000000,0.000000,0.000000,0.000000,0.065000,0.000000,1520.000000,0.000000,0.000000,0.000000,2.000000,0.000000,0.000000,0.000000,0.000000,0.000000,0.000000,0.000000,0.000000,6505,0,33,-2
25.822109,0.007816,-0.304352,-1.048283,0.000216,0.000172,0.003129,-0.000324,0.000305,0.000109,0.000031,0.000033,0.000486,10.000000,19.000000,-1.000000,0.000000,0.000000,0.000000,0.000000,0.065000,0.000000,1520.000000,0.000000,0.000000,0.000000,2.000000,0.000000,0.000000,0.000000,0.000000,0.000000,0.000000,0.000000,0.000000,6505,-1,33,-2
25.824064,0.007816,-0.304351,-1.048277,0.000215,0.000173,0.003129,-0.000326,0.000314,0.000111,0.000032,0.000033,0.000487,10.000000,19.000000,-1.000000,0.000000,0.000000,0.000000,0.000000,0.065000,0.000000,1520.000000,0.000000,0.000000,0.000000,2.000000,0.000000,0.000000,0.000000,0.000000,0.000000,0.000000,0.000000,0.000000,6505,-1,33,-2
25.826017,0.007817,-0.304351,-1.048271,0.000215,0.000173,0.003129,-0.000328,0.000322,0.000112,0.000033,0.000034,0.000487,10.000000,19.000000,-1.000000,0.000000,0.000000,0.000000,0.000000,0.065000,0.000000,1520.000000,0.000000,0.000000,0.000000,2.000000,0.000000,0.000000,0.000000,0.000000,0.000000,0.000000,0.000000,0.000000,6505,-1,33,-3
25.827972,0.007817,-0.304351,-1.048264,0.000214,0.000174,0.003129,-0.000330,0.000332,0.000113,0.000034,0.000034,0.000487,10.000000,19.000000,-1.000000,0.000000,0.000000,0.000000,0.000000,0.065000,0.000000,1520.000000,0.000000,0.000000,0.000000,2.000000,0.000000,0.000000,0.000000,0.000000,0.000000,0.000000,0.000000,0.000000,6505,-1,33,-3
25.829926,0.007817,-0.304350,-1.048258,0.000213,0.000175,0.003130,-0.000333,0.000340,0.000114,0.000035,0.000034,0.000487,10.000000,19.000000,-1.000000,0.000000,0.000000,0.000000,0.000000,0.065000,0.000000,1520.000000,0.000000,0.000000,0.000000,2.000000,0.000000,0.000000,0.000000,0.000000,0.000000,0.000000,0.000000,0.000000,6505,-1,33,-3
25.831881,0.007818,-0.304350,-1.048252,0.000213,0.000175,0.003130,-0.000336,0.000348,0.000114,0.000035,0.000034,0.000487,10.000000,19.000000,-1.000000,0.000000,0.000000,0.000000,0.000000,0.065000,0.000000,1520.000000,0.000000,0.000000,0.000000,2.000000,0.000000,0.000000,0.000000,0.000000,0.000000,0.000000,0.000000,0.000000,6505,-1,33,-3
25.833834,0.007818,-0.304350,-1.048246,0.000212,0.000176,0.003130,-0.000339,0.000355,0.000115,0.000036,0.000035,0.000487,10.000000,19.000000,-1.000000,0.000000,0.000000,0.000000,0.000000,0.065000,0.000000,1520.000000,0.000000,0.000000,0.000000,2.000000,0.000000,0.000000,0.000000,0.000000,0.000000,0.000000,0.000000,0.000000,6505,-1,33,-4
25.835789,0.007819,-0.304349,-1.048239,0.000211,0.000177,0.003130,-0.000343,0.000363,0.000116,0.000037,0.000035,0.000487,10.000000,19.000000,-1.000000,0.000000,0.000000,0.000000,0.000000,0.065000,0.000000,1520.000000,0.000000,0.000000,0.000000,2.000000,0.000000,0.000000,0.000000,0.000000,0.000000,0.000000,0.000000,0.000000,6505,-1,33,-4
25.837742,0.007819,-0.304349,-1.048233,0.000211,0.000178,0.003130,-0.000348,0.000369,0.000117,0.000037,0.000036,0.000487,10.000000,19.000000,-1.000000,0.000000,0.000000,0.000000,0.000000,0.065000,0.000000,1520.000000,0.000000,0.000000,0.000000,2.000000,0.000000,0.000000,0.000000,0.000000,0.000000,0.000000,0.000000,0.000000,6505,-1,33,-4
25.839697,0.007820,-0.304349,-1.048227,0.000210,0.000178,0.003131,-0.000354,0.000374,0.000118,0.000038,0.000036,0.000487,10.000000,19.000000,-1.000000,0.000000,0.000000,0.000000,0.000000,0.065000,0.000000,1520.000000,0.000000,0.000000,0.000000,2.000000,0.000000,0.000000,0.000000,0.000000,0.000000,0.000000,0.000000,0.000000,6505,-1,33,-4
25.841650,0.007820,-0.304348,-1.048221,0.000209,0.000179,0.003131,-0.000360,0.000379,0.000119,0.000038,0.000037,0.000487,10.000000,19.000000,-1.000000,0.000000,0.000000,0.000000,0.000000,0.065000,0.000000,1520.000000,0.000000,0.000000,0.000000,2.000000,0.000000,0.000000,0.000000,0.000000,0.000000,0.000000,0.000000,0.000000,6505,-1,33,-4
25.843603,0.007820,-0.304348,-1.048214,0.000208,0.000180,0.003131,-0.000368,0.000383,0.000119,0.000039,0.000038,0.000486,10.000000,19.000000,-1.000000,0.000000,0.000000,0.000000,0.000000,0.065000,0.000000,1520.000000,0.000000,0.000000,0.000000,2.000000,0.000000,0.000000,0.000000,0.000000,0.000000,0.000000,0.000000,0.000000,6505,-1,33,-4
25.845558,0.007821,-0.304348,-1.048208,0.000208,0.000181,0.003131,-0.000377,0.000385,0.000120,0.000039,0.000039,0.000486,10.000000,19.000000,-1.000000,0.000000,0.000000,0.000000,0.000000,0.065000,0.000000,1520.000000,0.000000,0.000000,0.000000,2.000000,0.000000,0.000000,0.000000,0.000000,0.000000,0.000000,0.000000,0.000000,6505,-1,33,-4
25.847511,0.007821,-0.304347,-1.048202,0.000207,0.000181,0.003132,-0.000388,0.000387,0.000120,0.000039,0.000040,0.000485,10.000000,19.000000,-1.000000,0.000000,0.000000,0.000000,0.000000,0.065000,0.000000,1520.000000,0.000000,0.000000,0.000000,2.000000,0.000000,0.000000,0.000000,0.000000,0.000000,0.000000,0.000000,0.000000,6505,0,33,-4
25.849466,0.007822,-0.304347,-1.048195,0.000206,0.000182,0.003132,-0.000399,0.000388,0.000121,0.000039,0.000041,0.000485,10.000000,19.000000,-1.000000,0.000000,0.000000,0.000000,0.000000,0.065000,0.000000,1520.000000,0.000000,0.000000,0.000000,2.000000,0.000000,0.000000,0.000000,0.000000,0.000000,0.000000,0.000000,0.000000,6505,0,33,-4
25.851419,0.007822,-0.304346,-1.048189,0.000205,0.000183,0.003132,-0.000412,0.000387,0.000121,0.000039,0.000043,0.000484,10.000000,19.000000,-1.000000,0.000000,0.000000,0.000000,0.000000,0.065000,0.000000,1520.000000,0.000000,0.000000,0.000000,2.000000,0.000000,0.000000,0.000000,0.000000,0.000000,0.000000,0.000000,0.000000,6505,0,33,-4
25.853374,0.007822,-0.304346,-1.048183,0.000204,0.000184,0.003132,-0.000427,0.000386,0.000122,0.000039,0.000044,0.000484,10.000000,19.000000,-1.000000,0.000000,0.000000,0.000000,0.000000,0.065000,0.000000,1520.000000,0.000000,0.000000,0.000000,2.000000,0.000000,0.000000,0.000000,0.000000,0.000000,0.000000,0.000000,0.000000,6505,0,33,-4
25.855328,0.007823,-0.304346,-1.048177,0.000204,0.000184,0.003133,-0.000443,0.000384,0.000123,0.000039,0.000046,0.000483,10.000000,19.000000,-1.000000,0.000000,0.000000,0.000000,0.000000,0.065000,0.000000,1520.000000,0.000000,0.000000,0.000000,2.000000,0.000000,0.000000,0.000000,0.000000,0.000000,0.000000,0.000000,0.000000,6505,0,32,-4
25.857283,0.007823,-0.304345,-1.048170,0.000203,0.000185,0.003133,-0.000460,0.000381,0.000123,0.000038,0.000048,0.000482,10.000000,19.000000,-1.000000,0.000000,0.000000,0.000000,0.000000,0.065000,0.000000,1520.000000,0.000000,0.000000,0.000000,2.000000,0.000000,0.000000,0.000000,0.000000,0.000000,0.000000,0.000000,0.000000,6505,0,32,-4
25.859236,0.007824,-0.304345,-1.048164,0.000202,0.000186,0.003133,-0.000479,0.000377,0.000122,0.000038,0.000050,0.000482,10.000000,19.000000,-1.000000,0.000000,0.000000,0.000000,0.000000,0.065000,0.000000,1520.000000,0.000000,0.000000,0.000000,2.000000,0.000000,0.000000,0.000000,0.000000,0.000000,0.000000,0.000000,0.000000,6505,0,32,-4
25.861191,0.007824,-0.304345,-1.048158,0.000201,0.000187,0.003133,-0.000499,0.000373,0.000121,0.000038,0.000052,0.000481,10.000000,19.000000,-1.000000,0.000000,0.000000,0.000000,0.000000,0.065000,0.000000,1520.000000,0.000000,0.000000,0.000000,2.000000,0.000000,0.000000,0.000000,0.000000,0.000000,0.000000,0.000000,0.000000,6505,0,32,-4
25.863144,0.007825,-0.304344,-1.048152,0.000200,0.000187,0.003134,-0.000521,0.000368,0.000121,0.000037,0.000054,0.000480,10.000000,19.000000,-1.000000,0.000000,0.000000,0.000000,0.000000,0.065000,0.000000,1520.000000,0.000000,0.000000,0.000000,2.000000,0.000000,0.000000,0.000000,0.000000,0.000000,0.000000,0.000000,0.000000,6505,0,32,-4
25.865097,0.007825,-0.304344,-1.048145,0.000199,0.000188,0.003134,-0.000544,0.000363,0.000120,0.000037,0.000057,0.000479,10.000000,19.000000,-1.000000,0.000000,0.000000,0.000000,0.000000,0.065000,0.000000,1520.000000,0.000000,0.000000,0.000000,2.000000,0.000000,0.000000,0.000000,0.000000,0.000000,0.000000,0.000000,0.000000,6505,0,32,-4
25.867052,0.007825,-0.304344,-1.048139,0.000197,0.000189,0.003134,-0.000568,0.000357,0.000119,0.000036,0.000059,0.000478,10.000000,19.000000,-1.000000,0.000000,0.000000,0.000000,0.000000,0.065000,0.000000,1520.000000,0.000000,0.000000,0.000000,2.000000,0.000000,0.000000,0.000000,0.000000,0.000000,0.000000,0.000000,0.000000,6505,0,32,-4
25.869005,0.007826,-0.304343,-1.048133,0.000196,0.000190,0.003134,-0.000593,0.000351,0.000119,0.000035,0.000062,0.000477,10.000000,19.000000,-1.000000,0.000000,0.000000,0.000000,0.000000,0.065000,0.000000,1520.000000,0.000000,0.000000,0.000000,2.000000,0.000000,0.000000,0.000000,0.000000,0.000000,0.000000,0.000000,0.000000,6505,0,32,-4
25.870960,0.007826,-0.304343,-1.048127,0.000195,0.000190,0.003135,-0.000620,0.000345,0.000118,0.000035,0.000065,0.000476,10.000000,19.000000,-1.000000,0.000000,0.000000,0.000000,0.000000,0.065000,0.000000,1520.000000,0.000000,0.000000,0.000000,2.000000,0.000000,0.000000,0.000000,0.000000,0.000000,0.000000,0.000000,0.000000,6505,0,32,-4
25.872913,0.007826,-0.304342,-1.048120,0.000194,0.000191,0.003135,-0.000648,0.000338,0.000118,0.000034,0.000068,0.000475,10.000000,19.000000,-1.000000,0.000000,0.000000,0.000000,0.000000,0.065000,0.000000,1520.000000,0.000000,0.000000,0.000000,2.000000,0.000000,0.000000,0.000000,0.000000,0.000000,0.000000,0.000000,0.000000,6505,0,32,-4
25.874868,0.007827,-0.304342,-1.048114,0.000192,0.000192,0.003135,-0.000676,0.000330,0.000118,0.000033,0.000071,0.000474,10.000000,19.000000,-1.000000,0.000000,0.000000,0.000000,0.000000,0.065000,0.000000,1520.000000,0.000000,0.000000,0.000000,2.000000,0.000000,0.000000,0.000000,0.000000,0.000000,0.000000,0.000000,0.000000,6505,0,32,-4
25.876822,0.007827,-0.304342,-1.048108,0.000191,0.000192,0.003135,-0.000706,0.000323,0.000118,0.000032,0.000074,0.000473,10.000000,19.000000,-1.000000,0.000000,0.000000,0.000000,0.000000,0.065000,0.000000,1520.000000,0.000000,0.000000,0.000000,2.000000,0.000000,0.000000,0.000000,0.000000,0.000000,0.000000,0.000000,0.000000,6505,0,31,-3
25.878777,0.007828,-0.304341,-1.048101,0.000190,0.000193,0.003136,-0.000737,0.000313,0.000117,0.000032,0.000077,0.000472,10.000000,19.000000,-1.000000,0.000000,0.000000,0.000000,0.000000,0.065000,0.000000,1520.000000,0.000000,0.000000,0.000000,2.000000,0.000000,0.000000,0.000000,0.000000,0.000000,0.000000,0.000000,0.000000,6505,0,31,-3
25.880730,0.007828,-0.304341,-1.048095,0.000188,0.000194,0.003136,-0.000769,0.000305,0.000116,0.000031,0.000080,0.000471,10.000000,19.000000,-1.000000,0.000000,0.000000,0.000000,0.000000,0.065000,0.000000,1520.000000,0.000000,0.000000,0.000000,2.000000,0.000000,0.000000,0.000000,0.000000,0.000000,0.000000,0.000000,0.000000,6505,0,31,-3
25.882685,0.007828,-0.304340,-1.048089,0.000186,0.000194,0.003136,-0.000801,0.000297,0.000116,0.000030,0.000083,0.000470,10.000000,19.000000,-1.000000,0.000000,0.000000,0.000000,0.000000,0.065000,0.000000,1520.000000,0.000000,0.000000,0.000000,2.000000,0.000000,0.000000,0.000000,0.000000,0.000000,0.000000,0.000000,0.000000,6505,0,31,-3
25.884638,0.007829,-0.304340,-1.048083,0.000185,0.000195,0.003136,-0.000834,0.000289,0.000115,0.000029,0.000087,0.000469,10.000000,19.000000,-1.000000,0.000000,0.000000,0.000000,0.000000,0.065000,0.000000,1520.000000,0.000000,0.000000,0.000000,2.000000,0.000000,0.000000,0.000000,0.000000,0.000000,0.000000,0.000000,0.000000,6505,0,31,-3
25.886593,0.007829,-0.304340,-1.048076,0.000183,0.000195,0.003136,-0.000869,0.000280,0.000115,0.000028,0.000090,0.000468,10.000000,19.000000,-1.000000,0.000000,0.000000,0.000000,0.000000,0.065000,0.000000,1520.000000,0.000000,0.000000,0.000000,2.000000,0.000000,0.000000,0.000000,0.000000,0.000000,0.000000,0.000000,0.000000,6505,0,31,-3
25.888546,0.007829,-0.304339,-1.048070,0.000181,0.000196,0.003137,-0.000903,0.000272,0.000114,0.000027,0.000094,0.000467,10.000000,19.000000,-1.000000,0.000000,0.000000,0.000000,0.000000,0.065000,0.000000,1520.000000,0.000000,0.000000,0.000000,2.000000,0.000000,0.000000,0.000000,0.000000,0.000000,0.000000,0.000000,0.000000,6505,0,31,-3
25.890499,0.007830,-0.304339,-1.048064,0.000179,0.000196,0.003137,-0.000939,0.000263,0.000114,0.000026,0.000098,0.000466,10.000000,19.000000,-1.000000,0.000000,0.000000,0.000000,0.000000,0.065000,0.000000,1520.000000,0.000000,0.000000,0.000000,2.000000,0.000000,0.000000,0.000000,0.000000,0.000000,0.000000,0.000000,0.000000,6505,0,31,-2
25.892454,0.007830,-0.304338,-1.048058,0.000177,0.000197,0.003137,-0.000975,0.000252,0.000113,0.000025,0.000101,0.000464,10.000000,19.000000,-1.000000,0.000000,0.000000,0.000000,0.000000,0.065000,0.000000,1520.000000,0.000000,0.000000,0.000000,2.000000,0.000000,0.000000,0.000000,0.000000,0.000000,0.000000,0.000000,0.000000,6505,0,31,-2
25.894407,0.007831,-0.304338,-1.048051,0.000175,0.000197,0.003137,-0.001011,0.000243,0.000113,0.000024,0.000105,0.000463,10.000000,19.000000,-1.000000,0.000000,0.000000,0.000000,0.000000,0.065000,0.000000,1520.000000,0.000000,0.000000,0.000000,2.000000,0.000000,0.000000,0.000000,0.000000,0.000000,0.000000,0.000000,0.000000,6505,0,31,-2
25.896362,0.007831,-0.304338,-1.048045,0.000173,0.000198,0.003138,-0.001048,0.000234,0.000112,0.000024,0.000109,0.000462,10.000000,19.000000,-1.000000,0.000000,0.000000,0.000000,0.000000,0.065000,0.000000,1520.000000,0.000000,0.000000,0.000000,2.000000,0.000000,0.000000,0.000000,0.000000,0.000000,0.000000,0.000000,0.000000,6505,0,31,-2
25.898315,0.007831,-0.304337,-1.048039,0.000171,0.000198,0.003138,-0.001085,0.000225,0.000112,0.000023,0.000113,0.000461,10.000000,19.000000,-1.000000,0.000000,0.000000,0.000000,0.000000,0.065000,0.000000,1520.000000,0.000000,0.000000,0.000000,2.000000,0.000000,0.000000,0.000000,0.000000,0.000000,0.000000,0.000000,0.000000,6505,0,31,-2
25.900270,0.007832,-0.304337,-1.048032,0.000169,0.000199,0.003138,-0.001122,0.000216,0.000112,0.000022,0.000116,0.000460,10.000000,19.000000,-1.000000,0.000000,0.000000,0.000000,0.000000,0.065000,0.000000,1520.000000,0.000000,0.000000,0.000000,2.000000,0.000000,0.000000,0.000000,0.000000,0.000000,0.000000,0.000000,0.000000,6505,0,30,-2
25.902224,0.007832,-0.304336,-1.048026,0.000167,0.000199,0.003138,-0.001160,0.000206,0.000112,0.000021,0.000120,0.000459,10.000000,19.000000,-1.000000,0.000000,0.000000,0.000000,0.000000,0.065000,0.000000,1520.000000,0.000000,0.000000,0.000000,2.000000,0.000000,0.000000,0.000000,0.000000,0.000000,0.000000,0.000000,0.000000,6505,0,30,-2
25.904179,0.007832,-0.304336,-1.048020,0.000164,0.000200,0.003138,-0.001197,0.000197,0.000112,0.000020,0.000124,0.000458,10.000000,19.000000,-1.000000,0.000000,0.000000,0.000000,0.000000,0.065000,0.000000,1520.000000,0.000000,0.000000,0.000000,2.000000,0.000000,0.000000,0.000000,0.000000,0.000000,0.000000,0.000000,0.000000,6505,0,30,-1
25.906132,0.007833,-0.304336,-1.048014,0.000162,0.000200,0.003139,-0.001235,0.000185,0.000111,0.000019,0.000128,0.000457,10.000000,19.000000,-1.000000,0.000000,0.000000,0.000000,0.000000,0.065000,0.000000,1520.000000,0.000000,0.000000,0.000000,2.000000,0.000000,0.000000,0.000000,0.000000,0.000000,0.000000,0.000000,0.000000,6505,0,30,-1
25.908087,0.007833,-0.304335,-1.048007,0.000159,0.000200,0.003139,-0.001272,0.000176,0.000111,0.000018,0.000132,0.000456,10.000000,19.000000,-1.000000,0.000000,0.000000,0.000000,0.000000,0.065000,0.000000,1520.000000,0.000000,0.000000,0.000000,2.000000,0.000000,0.000000,0.000000,0.000000,0.000000,0.000000,0.000000,0.000000,6505,0,30,-1
25.910040,0.007833,-0.304335,-1.048001,0.000157,0.000201,0.003139,-0.001309,0.000166,0.000110,0.000017,0.000136,0.000455,10.000000,19.000000,-1.000000,0.000000,0.000000,0.000000,0.000000,0.065000,0.000000,1520.000000,0.000000,0.000000,0.000000,2.000000,0.000000,0.000000,0.000000,0.000000,0.000000,0.000000,0.000000,0.000000,6505,0,30,-1
25.911995,0.007834,-0.304334,-1.047995,0.000154,0.000201,0.003139,-0.001347,0.000157,0.000109,0.000016,0.000139,0.000454,10.000000,19.000000,-1.000000,0.000000,0.000000,0.000000,0.000000,0.065000,0.000000,1520.000000,0.000000,0.000000,0.000000,2.000000,0.000000,0.000000,0.000000,0.000000,0.000000,0.000000,0.000000,0.000000,6505,0,30,-1
25.913948,0.007834,-0.304334,-1.047989,0.000151,0.000201,0.003140,-0.001383,0.000147,0.000109,0.000015,0.000143,0.000453,10.000000,19.000000,-1.000000,0.000000,0.000000,0.000000,0.000000,0.065000,0.000000,1520.000000,0.000000,0.000000,0.000000,2.000000,0.000000,0.000000,0.000000,0.000000,0.000000,0.000000,0.000000,0.000000,6505,0,30,-1
25.915901,0.007834,-0.304334,-1.047982,0.000149,0.000202,0.003140,-0.001420,0.000137,0.000108,0.000014,0.000147,0.000452,10.000000,19.000000,-1.000000,0.000000,0.000000,0.000000,0.000000,0.065000,0.000000,1520.000000,0.000000,0.000000,0.000000,2.000000,0.000000,0.000000,0.000000,0.000000,0.000000,0.000000,0.000000,0.000000,6505,0,30,-1
25.917856,0.007834,-0.304333,-1.047976,0.000146,0.000202,0.003140,-0.001455,0.000128,0.000107,0.000013,0.000150,0.000451,10.000000,19.000000,-1.000000,0.000000,0.000000,0.000000,0.000000,0.065000,0.000000,1520.000000,0.000000,0.000000,0.000000,2.000000,0.000000,0.000000,0.000000,0.000000,0.000000,0.000000,0.000000,0.000000,6505,0,30,-1
25.919809,0.007835,-0.304333,-1.047970,0.000143,0.000202,0.003140,-0.001491,0.000118,0.000107,0.000012,0.000154,0.000450,10.000000,19.000000,-1.000000,0.000000,0.000000,0.000000,0.000000,0.065000,0.000000,1520.000000,0.000000,0.000000,0.000000,2.000000,0.000000,0.000000,0.000000,0.000000,0.000000,0.000000,0.000000,0.000000,6505,0,30,-1
25.921764,0.007835,-0.304332,-1.047963,0.000140,0.000202,0.003140,-0.001525,0.000108,0.000107,0.000011,0.000157,0.000449,10.000000,19.000000,-1.000000,0.000000,0.000000,0.000000,0.000000,0.065000,0.000000,1520.000000,0.000000,0.000000,0.000000,2.000000,0.000000,0.000000,0.000000,0.000000,0.000000,0.000000,0.000000,0.000000,6505,0,30,0
25.923717,0.007835,-0.304332,-1.047957,0.000137,0.000202,0.003141,-0.001559,0.000096,0.000107,0.000010,0.000161,0.000448,10.000000,19.000000,-1.000000,0.000000,0.000000,0.000000,0.000000,0.065000,0.000000,1520.000000,0.000000,0.000000,0.000000,2.000000,0.000000,0.000000,0.000000,0.000000,0.000000,0.000000,0.000000,0.000000,6505,0,30,0
25.925673,0.007836,-0.304332,-1.047951,0.000133,0.000203,0.003141,-0.001593,0.000086,0.000108,0.000009,0.000164,0.000448,10.000000,19.000000,-1.000000,0.000000,0.000000,0.000000,0.000000,0.065000,0.000000,1520.000000,0.000000,0.000000,0.000000,2.000000,0.000000,0.000000,0.000000,0.000000,0.000000,0.000000,0.000000,0.000000,6505,0,30,0
25.927626,0.007836,-0.304331,-1.047945,0.000130,0.000203,0.003141,-0.001626,0.000076,0.000108,0.000008,0.000168,0.000447,10.000000,19.000000,-1.000000,0.000000,0.000000,0.000000,0.000000,0.065000,0.000000,1520.000000,0.000000,0.000000,0.000000,2.000000,0.000000,0.000000,0.000000,0.000000,0.000000,0.000000,0.000000,0.000000,6505,0,30,0
25.929581,0.007836,-0.304331,-1.047938,0.000127,0.000203,0.003141,-0.001658,0.000066,0.000108,0.000007,0.000171,0.000446,10.000000,19.000000,-1.000000,0.000000,0.000000,0.000000,0.000000,0.065000,0.000000,1520.000000,0.000000,0.000000,0.000000,2.000000,0.000000,0.000000,0.000000,0.000000,0.000000,0.000000,0.000000,0.000000,6505,0,30,0
25.931534,0.007836,-0.304330,-1.047932,0.000123,0.000203,0.003142,-0.001689,0.000057,0.000108,0.000005,0.000174,0.000445,10.000000,19.000000,-1.000000,0.000000,0.000000,0.000000,0.000000,0.065000,0.000000,1520.000000,0.000000,0.000000,0.000000,2.000000,0.000000,0.000000,0.000000,0.000000,0.000000,0.000000,0.000000,0.000000,6505,0,30,0
25.933489,0.007837,-0.304330,-1.047926,0.000120,0.000203,0.003142,-0.001720,0.000047,0.000108,0.000004,0.000177,0.000445,10.000000,19.000000,-1.000000,0.000000,0.000000,0.000000,0.000000,0.065000,0.000000,1520.000000,0.000000,0.000000,0.000000,2.000000,0.000000,0.000000,0.000000,0.000000,0.000000,0.000000,0.000000,0.000000,6505,0,30,0
25.935442,0.007837,-0.304330,-1.047919,0.000117,0.000203,0.003142,-0.001750,0.000037,0.000108,0.000003,0.000180,0.000444,10.000000,19.000000,-1.000000,0.000000,0.000000,0.000000,0.000000,0.065000,0.000000,1520.000000,0.000000,0.000000,0.000000,2.000000,0.000000,0.000000,0.000000,0.000000,0.000000,0.000000,0.000000,0.000000,6505,0,30,0
25.937395,0.007837,-0.304329,-1.047913,0.000113,0.000203,0.003142,-0.001780,0.000027,0.000109,0.000002,0.000183,0.000443,10.000000,19.000000,-1.000000,0.000000,0.000000,0.000000,0.000000,0.065000,0.000000,1520.000000,0.000000,0.000000,0.000000,2.000000,0.000000,0.000000,0.000000,0.000000,0.000000,0.000000,0.000000,0.000000,6505,0,30,0
25.939350,0.007837,-0.304329,-1.047907,0.000109,0.000203,0.003142,-0.001809,0.000016,0.000109,0.000001,0.000186,0.000443,10.000000,19.000000,-1.000000,0.000000,0.000000,0.000000,0.000000,0.065000,0.000000,1520.000000,0.000000,0.000000,0.000000,2.000000,0.000000,0.000000,0.000000,0.000000,0.000000,0.000000,0.000000,0.000000,6505,0,30,0
25.941303,0.007837,-0.304328,-1.047901,0.000106,0.000203,0.003143,-0.001837,0.000006,0.000109,0.000000,0.000189,0.000442,10.000000,19.000000,-1.000000,0.000000,0.000000,0.000000,0.000000,0.065000,0.000000,1520.000000,0.000000,0.000000,0.000000,2.000000,0.000000,0.000000,0.000000,0.000000,0.000000,0.000000,0.000000,0.000000,6504,0,30,0
25.943258,0.007838,-0.304328,-1.047894,0.000102,0.000203,0.003143,-0.001865,-0.000004,0.000215,-0.000001,0.000192,0.000441,10.000000,19.000000,-1.000000,0.000000,0.000000,0.000000,0.000000,0.065000,0.000000,1520.000000,0.000000,0.000000,0.000000,2.000000,0.000000,0.000000,0.000000,0.000000,0.000000,0.000000,0.000000,0.000000,6504,0,30,0
25.945211,0.007838,-0.304328,-1.047888,0.000098,0.000203,0.003144,-0.001892,-0.000014,0.000345,-0.000002,0.000194,0.000441,10.000000,19.000000,-1.000000,0.000000,0.000000,0.000000,0.000000,0.065000,0.000000,1520.000000,0.000000,0.000000,0.000000,2.000000,0.000000,0.000000,0.000000,0.000000,0.000000,0.000000,0.000000,0.000000,6504,0,30,0
25.947166,0.007838,-0.304327,-1.047882,0.000094,0.000203,0.003144,-0.001919,-0.000024,0.000463,-0.000003,0.000197,0.000440,10.000000,19.000000,-1.000000,0.000000,0.000000,0.000000,0.000000,0.065000,0.000000,1520.000000,0.000000,0.000000,0.000000,2.000000,0.000000,0.000000,0.000000,0.000000,0.000000,0.000000,0.000000,0.000000,6504,0,30,0
25.949120,0.007838,-0.304327,-1.047875,0.000091,0.000203,0.003146,-0.001945,-0.000034,0.000570,-0.000004,0.000200,0.000440,10.000000,19.000000,-1.000000,0.000000,0.000000,0.000000,0.000000,0.065000,0.000000,1520.000000,0.000000,0.000000,0.000000,2.000000,0.000000,0.000000,0.000000,0.000000,0.000000,0.000000,0.000000,0.000000,6504,0,30,0
25.951075,0.007838,-0.304326,-1.047869,0.000087,0.000203,0.003147,-0.001971,-0.000044,0.000667,-0.000005,0.000202,0.000439,10.000000,19.000000,-1.000000,0.000000,0.000000,0.000000,0.000000,0.065000,0.000000,1520.000000,0.000000,0.000000,0.000000,2.000000,0.000000,0.000000,0.000000,0.000000,0.000000,0.000000,0.000000,0.000000,6504,0,30,0
25.953028,0.007839,-0.304326,-1.047863,0.000083,0.000203,0.003148,-0.001996,-0.000054,0.000756,-0.000006,0.000205,0.000438,10.000000,19.000000,-1.000000,0.000000,0.000000,0.000000,0.000000,0.065000,0.000000,1520.000000,0.000000,0.000000,0.000000,2.000000,0.000000,0.000000,0.000000,0.000000,0.000000,0.000000,0.000000,0.000000,6504,0,30,0
25.954983,0.007839,-0.304326,-1.047857,0.000079,0.000203,0.003150,-0.002020,-0.000065,0.000836,-0.000007,0.000207,0.000438,10.000000,19.000000,-1.000000,0.000000,0.000000,0.000000,0.000000,0.065000,0.000000,1520.000000,0.000000,0.000000,0.000000,2.000000,0.000000,0.000000,0.000000,0.000000,0.000000,0.000000,0.000000,0.000000,6504,0,30,0
25.956936,0.007839,-0.304325,-1.047850,0.000075,0.000203,0.003152,-0.002044,-0.000075,0.000909,-0.000008,0.000210,0.000437,10.000000,19.000000,-1.000000,0.000000,0.000000,0.000000,0.000000,0.065000,0.000000,1520.000000,0.000000,0.000000,0.000000,2.000000,0.000000,0.000000,0.000000,0.000000,0.000000,0.000000,0.000000,0.000000,6504,0,30,0
25.958891,0.007839,-0.304325,-1.047844,0.000070,0.000203,0.003154,-0.002068,-0.000085,0.000975,-0.000009,0.000212,0.000437,10.000000,19.000000,-1.000000,0.000000,0.000000,0.000000,0.000000,0.065000,0.000000,1520.000000,0.000000,0.000000,0.000000,2.000000,0.000000,0.000000,0.000000,0.000000,0.000000,0.000000,0.000000,0.000000,6504,0,30,0
25.960844,0.007839,-0.304324,-1.047838,0.000066,0.000202,0.003156,-0.002090,-0.000095,0.001034,-0.000010,0.000214,0.000436,10.000000,19.000000,-1.000000,0.000000,0.000000,0.000000,0.000000,0.065000,0.000000,1520.000000,0.000000,0.000000,0.000000,2.000000,0.000000,0.000000,0.000000,0.000000,0.000000,0.000000,0.000000,0.000000,6504,0,30,0
25.962797,0.007839,-0.304324,-1.047831,0.000062,0.000202,0.003158,-0.002113,-0.000105,0.001089,-0.000011,0.000217,0.000436,10.000000,19.000000,-1.000000,0.000000,0.000000,0.000000,0.000000,0.065000,0.000000,1520.000000,0.000000,0.000000,0.000000,2.000000,0.000000,0.000000,0.000000,0.000000,0.000000,0.000000,0.000000,0.000000,6504,0,30,0
25.964752,0.007839,-0.304324,-1.047825,0.000058,0.000202,0.003160,-0.002134,-0.000116,0.001138,-0.000012,0.000219,0.000435,10.000000,19.000000,-1.000000,0.000000,0.000000,0.000000,0.000000,0.065000,0.000000,1520.000000,0.000000,0.000000,0.000000,2.000000,0.000000,0.000000,0.000000,0.000000,0.000000,0.000000,0.000000,0.000000,6504,0,30,0
25.966705,0.007839,-0.304323,-1.047819,0.000053,0.000202,0.003162,-0.002155,-0.000126,0.001183,-0.000013,0.000221,0.000435,10.000000,19.000000,-1.000000,0.000000,0.000000,0.000000,0.000000,0.065000,0.000000,1520.000000,0.000000,0.000000,0.000000,2.000000,0.000000,0.000000,0.000000,0.000000,0.000000,0.000000,0.000000,0.000000,6504,0,30,0
25.968660,0.007840,-0.304323,-1.047812,0.000049,0.000201,0.003165,-0.002176,-0.000136,0.001223,-0.000014,0.000223,0.000434,10.000000,19.000000,-1.000000,0.000000,0.000000,0.000000,0.000000,0.065000,0.000000,1520.000000,0.000000,0.000000,0.000000,2.000000,0.000000,0.000000,0.000000,0.000000,0.000000,0.000000,0.000000,0.000000,6504,0,30,0
25.970613,0.007840,-0.304322,-1.047806,0.000045,0.000201,0.003167,-0.002196,-0.000146,0.001260,-0.000015,0.000225,0.000433,10.000000,19.000000,-1.000000,0.000000,0.000000,0.000000,0.000000,0.065000,0.000000,1520.000000,0.000000,0.000000,0.000000,2.000000,0.000000,0.000000,0.000000,0.000000,0.000000,0.000000,0.000000,0.000000,6504,0,30,0
25.972569,0.007840,-0.304322,-1.047800,0.000040,0.000201,0.003170,-0.002216,-0.000156,0.001293,-0.000016,0.000227,0.000433,10.000000,19.000000,-1.000000,0.000000,0.000000,0.000000,0.000000,0.065000,0.000000,1520.000000,0.000000,0.000000,0.000000,2.000000,0.000000,0.000000,0.000000,0.000000,0.000000,0.000000,0.000000,0.000000,6504,0,30,0
25.974522,0.007840,-0.304322,-1.047793,0.000036,0.000201,0.003173,-0.002235,-0.000167,0.001323,-0.000017,0.000229,0.000432,10.000000,19.000000,-1.000000,0.000000,0.000000,0.000000,0.000000,0.065000,0.000000,1520.000000,0.000000,0.000000,0.000000,2.000000,0.000000,0.000000,0.000000,0.000000,0.000000,0.000000,0.000000,0.000000,6504,0,30,0
25.976477,0.007840,-0.304321,-1.047787,0.000031,0.000200,0.003175,-0.002253,-0.000177,0.001350,-0.000018,0.000231,0.000432,10.000000,19.000000,-1.000000,0.000000,0.000000,0.000000,0.000000,0.065000,0.000000,1520.000000,0.000000,0.000000,0.000000,2.000000,0.000000,0.000000,0.000000,0.000000,0.000000,0.000000,0.000000,0.000000,6504,0,30,0
25.978430,0.007840,-0.304321,-1.047781,0.000027,0.000200,0.003178,-0.002271,-0.000187,0.001375,-0.000020,0.000233,0.000431,10.000000,19.000000,-1.000000,0.000000,0.000000,0.000000,0.000000,0.065000,0.000000,1520.000000,0.000000,0.000000,0.000000,2.000000,0.000000,0.000000,0.000000,0.000000,0.000000,0.000000,0.000000,0.000000,6504,0,30,0
25.980385,0.007840,-0.304320,-1.047774,0.000022,0.000199,0.003181,-0.002289,-0.000197,0.001398,-0.000021,0.000234,0.000431,10.000000,19.000000,-1.000000,0.000000,0.000000,0.000000,0.000000,0.065000,0.000000,1520.000000,0.000000,0.000000,0.000000,2.000000,0.000000,0.000000,0.000000,0.000000,0.000000,0.000000,0.000000,0.000000,6504,0,30,0
25.982338,0.007840,-0.304320,-1.047768,0.000018,0.000199,0.003184,-0.002306,-0.000208,0.001418,-0.000022,0.000236,0.000430,10.000000,19.000000,-1.000000,0.000000,0.000000,0.000000,0.000000,0.065000,0.000000,1520.000000,0.000000,0.000000,0.000000,2.000000,0.000000,0.000000,0.000000,0.000000,0.000000,0.000000,0.000000,0.000000,6504,0,30,0
25.984291,0.007840,-0.304320,-1.047761,0.000013,0.000199,0.003186,-0.002322,-0.000218,0.001437,-0.000023,0.000238,0.000430,10.000000,19.000000,-1.000000,0.000000,0.000000,0.000000,0.000000,0.065000,0.000000,1520.000000,0.000000,0.000000,0.000000,2.000000,0.000000,0.000000,0.000000,0.000000,0.000000,0.000000,0.000000,0.000000,6504,0,30,0
25.986246,0.007840,-0.304319,-1.047755,0.000008,0.000198,0.003189,-0.002338,-0.000228,0.001453,-0.000024,0.000239,0.000429,10.000000,19.000000,-1.000000,0.000000,0.000000,0.000000,0.000000,0.065000,0.000000,1520.000000,0.000000,0.000000,0.000000,2.000000,0.000000,0.000000,0.000000,0.000000,0.000000,0.000000,0.000000,0.000000,6504,0,30,0
25.988199,0.007840,-0.304319,-1.047749,0.000004,0.000198,0.003192,-0.002353,-0.000238,0.001469,-0.000025,0.000241,0.000429,10.000000,19.000000,-1.000000,0.000000,0.000000,0.000000,0.000000,0.065000,0.000000,1520.000000,0.000000,0.000000,0.000000,2.000000,0.000000,0.000000,0.000000,0.000000,0.000000,0.000000,0.000000,0.000000,6504,0,30,0
25.990154,0.007840,-0.304318,-1.047742,-0.000001,0.000197,0.003195,-0.002368,-0.000249,0.001482,-0.000026,0.000242,0.000428,10.000000,19.000000,-1.000000,0.000000,0.000000,0.000000,0.000000,0.065000,0.000000,1520.000000,0.000000,0.000000,0.000000,2.000000,0.000000,0.000000,0.000000,0.000000,0.000000,0.000000,0.000000,0.000000,6504,0,27,1
25.992107,0.007840,-0.304318,-1.047736,-0.000006,0.000197,0.003198,-0.002382,-0.000261,0.001493,-0.000027,0.000244,0.000428,10.000000,19.000000,-1.000000,0.000000,0.000000,0.000000,0.000000,0.065000,0.000000,1520.000000,0.000000,0.000000,0.000000,2.000000,0.000000,0.000000,0.000000,0.000000,0.000000,0.000000,0.000000,0.000000,6504,0,27,1
25.994062,0.007840,-0.304318,-1.047729,-0.000011,0.000196,0.003201,-0.002396,-0.000271,0.001502,-0.000028,0.000245,0.000427,10.000000,19.000000,-1.000000,0.000000,0.000000,0.000000,0.000000,0.065000,0.000000,1520.000000,0.000000,0.000000,0.000000,2.000000,0.000000,0.000000,0.000000,0.000000,0.000000,0.000000,0.000000,0.000000,6504,0,27,1
25.996016,0.007840,-0.304317,-1.047723,-0.000015,0.000196,0.003204,-0.002408,-0.000281,0.001511,-0.000029,0.000246,0.000427,10.000000,19.000000,-1.000000,0.000000,0.000000,0.000000,0.000000,0.065000,0.000000,1520.000000,0.000000,0.000000,0.000000,2.000000,0.000000,0.000000,0.000000,0.000000,0.000000,0.000000,0.000000,0.000000,6504,0,27,2
25.997971,0.007840,-0.304317,-1.047717,-0.000020,0.000195,0.003207,-0.002419,-0.000293,0.001519,-0.000030,0.000247,0.000427,10.000000,19.000000,-1.000000,0.000000,0.000000,0.000000,0.000000,0.065000,0.000000,1520.000000,0.000000,0.000000,0.000000,2.000000,0.000000,0.000000,0.000000,0.000000,0.000000,0.000000,0.000000,0.000000,6504,1,27,2
25.999924,0.007840,-0.304316,-1.047710,-0.000025,0.000194,0.003210,-0.002429,-0.000303,0.001526,-0.000031,0.000248,0.000426,10.000000,19.000000,-1.000000,0.000000,0.000000,0.000000,0.000000,0.065000,0.000000,1520.000000,0.000000,0.000000,0.000000,2.000000,0.000000,0.000000,0.000000,0.000000,0.000000,0.000000,0.000000,0.000000,6504,1,27,2
26.001879,0.007840,-0.304316,-1.047704,-0.000030,0.000194,0.003213,-0.002437,-0.000313,0.001532,-0.000032,0.000249,0.000426,10.000000,19.000000,-1.000000,0.000000,0.000000,0.000000,0.000000,0.065000,0.000000,1520.000000,0.000000,0.000000,0.000000,2.000000,0.000000,0.000000,0.000000,0.000000,0.000000,0.000000,0.000000,0.000000,6504,1,27,3
26.003832,0.007840,-0.304316,-1.047697,-0.000035,0.000193,0.003216,-0.002444,-0.000325,0.001538,-0.000033,0.000250,0.000426,10.000000,19.000000,-1.000000,0.000000,0.000000,0.000000,0.000000,0.065000,0.000000,1520.000000,0.000000,0.000000,0.000000,2.000000,0.000000,0.000000,0.000000,0.000000,0.000000,0.000000,0.000000,0.000000,6504,1,27,3
26.005787,0.007840,-0.304315,-1.047691,-0.000040,0.000192,0.003220,-0.002448,-0.000334,0.001543,-0.000034,0.000250,0.000426,10.000000,19.000000,-1.000000,0.000000,0.000000,0.000000,0.000000,0.065000,0.000000,1520.000000,0.000000,0.000000,0.000000,2.000000,0.000000,0.000000,0.000000,0.000000,0.000000,0.000000,0.000000,0.000000,6504,1,27,3
26.007740,0.007840,-0.304315,-1.047685,-0.000045,0.000192,0.003223,-0.002450,-0.000343,0.001549,-0.000035,0.000250,0.000426,10.000000,19.000000,-1.000000,0.000000,0.000000,0.000000,0.000000,0.065000,0.000000,1520.000000,0.000000,0.000000,0.000000,2.000000,0.000000,0.000000,0.000000,0.000000,0.000000,0.000000,0.000000,0.000000,6504,1,28,3
26.009693,0.007840,-0.304314,-1.047678,-0.000050,0.000191,0.003226,-0.002450,-0.000352,0.001553,-0.000036,0.000250,0.000426,10.000000,19.000000,-1.000000,0.000000,0.000000,0.000000,0.000000,0.065000,0.000000,1520.000000,0.000000,0.000000,0.000000,2.000000,0.000000,0.000000,0.000000,0.000000,0.000000,0.000000,0.000000,0.000000,6504,1,28,4
26.011648,0.007839,-0.304314,-1.047672,-0.000054,0.000190,0.003229,-0.002448,-0.000362,0.001558,-0.000037,0.000250,0.000426,10.000000,19.000000,-1.000000,0.000000,0.000000,0.000000,0.000000,0.065000,0.000000,1520.000000,0.000000,0.000000,0.000000,2.000000,0.000000,0.000000,0.000000,0.000000,0.000000,0.000000,0.000000,0.000000,6504,1,28,4
26.013601,0.007839,-0.304314,-1.047665,-0.000059,0.000190,0.003232,-0.002443,-0.000369,0.001563,-0.000037,0.000249,0.000426,10.000000,19.000000,-1.000000,0.000000,0.000000,0.000000,0.000000,0.065000,0.000000,1520.000000,0.000000,0.000000,0.000000,2.000000,0.000000,0.000000,0.000000,0.000000,0.000000,0.000000,0.000000,0.000000,6504,1,28,4
26.015556,0.007839,-0.304313,-1.047659,-0.000064,0.000189,0.003235,-0.002436,-0.000375,0.001567,-0.000038,0.000248,0.000426,10.000000,19.000000,-1.000000,0.000000,0.000000,0.000000,0.000000,0.065000,0.000000,1520.000000,0.000000,0.000000,0.000000,2.000000,0.000000,0.000000,0.000000,0.000000,0.000000,0.000000,0.000000,0.000000,6504,1,28,4
26.017509,0.007839,-0.304313,-1.047652,-0.000069,0.000188,0.003238,-0.002426,-0.000381,0.001570,-0.000039,0.000247,0.000426,10.000000,19.000000,-1.000000,0.000000,0.000000,0.000000,0.000000,0.065000,0.000000,1520.000000,0.000000,0.000000,0.000000,2.000000,0.000000,0.000000,0.000000,0.000000,0.000000,0.000000,0.000000,0.000000,6504,1,28,4
26.019464,0.007839,-0.304313,-1.047646,-0.000074,0.000187,0.003241,-0.002415,-0.000386,0.001573,-0.000039,0.000246,0.000426,10.000000,19.000000,-1.000000,0.000000,0.000000,0.000000,0.000000,0.065000,0.000000,1520.000000,0.000000,0.000000,0.000000,2.000000,0.000000,0.000000,0.000000,0.000000,0.000000,0.000000,0.000000,0.000000,6504,1,28,4
26.021418,0.007839,-0.304312,-1.047639,-0.000079,0.000187,0.003245,-0.002401,-0.000391,0.001576,-0.000040,0.000244,0.000427,10.000000,19.000000,-1.000000,0.000000,0.000000,0.000000,0.000000,0.065000,0.000000,1520.000000,0.000000,0.000000,0.000000,2.000000,0.000000,0.000000,0.000000,0.000000,0.000000,0.000000,0.000000,0.000000,6504,1,28,4
26.023373,0.007839,-0.304312,-1.047633,-0.000083,0.000186,0.003248,-0.002384,-0.000394,0.001579,-0.000040,0.000242,0.000427,10.000000,19.000000,-1.000000,0.000000,0.000000,0.000000,0.000000,0.065000,0.000000,1520.000000,0.000000,0.000000,0.000000,2.000000,0.000000,0.000000,0.000000,0.000000,0.000000,0.000000,0.000000,0.000000,6504,1,29,5
26.025326,0.007838,-0.304311,-1.047626,-0.000088,0.000185,0.003251,-0.002365,-0.000399,0.001582,-0.000040,0.000240,0.000428,10.000000,19.000000,-1.000000,0.000000,0.000000,0.000000,0.000000,0.065000,0.000000,1520.000000,0.000000,0.000000,0.000000,2.000000,0.000000,0.000000,0.000000,0.000000,0.000000,0.000000,0.000000,0.000000,6504,1,29,5
26.027281,0.007838,-0.304311,-1.047620,-0.000093,0.000184,0.003254,-0.002344,-0.000401,0.001584,-0.000040,0.000238,0.000428,10.000000,19.000000,-1.000000,0.000000,0.000000,0.000000,0.000000,0.065000,0.000000,1520.000000,0.000000,0.000000,0.000000,2.000000,0.000000,0.000000,0.000000,0.000000,0.000000,0.000000,0.000000,0.000000,6504,0,29,5
26.029234,0.007838,-0.304311,-1.047613,-0.000098,0.000183,0.003257,-0.002321,-0.000402,0.001587,-0.000041,0.000236,0.000429,10.000000,19.000000,-1.000000,0.000000,0.000000,0.000000,0.000000,0.065000,0.000000,1520.000000,0.000000,0.000000,0.000000,2.000000,0.000000,0.000000,0.000000,0.000000,0.000000,0.000000,0.000000,0.000000,6504,0,29,5
26.031187,0.007838,-0.304310,-1.047607,-0.000102,0.000183,0.003260,-0.002295,-0.000403,0.001590,-0.000041,0.000233,0.000430,10.000000,19.000000,-1.000000,0.000000,0.000000,0.000000,0.000000,0.065000,0.000000,1520.000000,0.000000,0.000000,0.000000,2.000000,0.000000,0.000000,0.000000,0.000000,0.000000,0.000000,0.000000,0.000000,6504,0,29,5
26.033142,0.007838,-0.304310,-1.047600,-0.000107,0.000182,0.003264,-0.002267,-0.000403,0.001592,-0.000041,0.000230,0.000431,10.000000,19.000000,-1.000000,0.000000,0.000000,0.000000,0.000000,0.065000,0.000000,1520.000000,0.000000,0.000000,0.000000,2.000000,0.000000,0.000000,0.000000,0.000000,0.000000,0.000000,0.000000,0.000000,6504,0,29,4
26.035095,0.007837,-0.304310,-1.047594,-0.000111,0.000181,0.003267,-0.002238,-0.000400,0.001594,-0.000040,0.000227,0.000432,10.000000,19.000000,-1.000000,0.000000,0.000000,0.000000,0.000000,0.065000,0.000000,1520.000000,0.000000,0.000000,0.000000,2.000000,0.000000,0.000000,0.000000,0.000000,0.000000,0.000000,0.000000,0.000000,6504,0,30,4
26.037050,0.007837,-0.304309,-1.047587,-0.000116,0.000180,0.003270,-0.002206,-0.000399,0.001596,-0.000040,0.000223,0.000432,10.000000,19.000000,-1.000000,0.000000,0.000000,0.000000,0.000000,0.065000,0.000000,1520.000000,0.000000,0.000000,0.000000,2.000000,0.000000,0.000000,0.000000,0.000000,0.000000,0.000000,0.000000,0.000000,6504,0,30,4
26.039003,0.007837,-0.304309,-1.047581,-0.000120,0.000179,0.003273,-0.002173,-0.000398,0.001597,-0.000040,0.000220,0.000433,10.000000,19.000000,-1.000000,0.000000,0.000000,0.000000,0.000000,0.065000,0.000000,1520.000000,0.000000,0.000000,0.000000,2.000000,0.000000,0.000000,0.000000,0.000000,0.000000,0.000000,0.000000,0.000000,6504,0,30,4
26.040958,0.007837,-0.304309,-1.047574,-0.000124,0.000179,0.003276,-0.002137,-0.000396,0.001599,-0.000040,0.000216,0.000434,10.000000,19.000000,-1.000000,0.000000,0.000000,0.000000,0.000000,0.065000,0.000000,1520.000000,0.000000,0.000000,0.000000,2.000000,0.000000,0.000000,0.000000,0.000000,0.000000,0.000000,0.000000,0.000000,6504,0,30,4
26.042912,0.007836,-0.304308,-1.047567,-0.000129,0.000178,0.003280,-0.002100,-0.000393,0.001600,-0.000040,0.000212,0.000435,10.000000,19.000000,-1.000000,0.000000,0.000000,0.000000,0.000000,0.065000,0.000000,1520.000000,0.000000,0.000000,0.000000,2.000000,0.000000,0.000000,0.000000,0.000000,0.000000,0.000000,0.000000,0.000000,6504,0,30,4
26.044867,0.007836,-0.304308,-1.047561,-0.000133,0.000177,0.003283,-0.002062,-0.000390,0.001601,-0.000039,0.000208,0.000436,10.000000,19.000000,-1.000000,0.000000,0.000000,0.000000,0.000000,0.065000,0.000000,1520.000000,0.000000,0.000000,0.000000,2.000000,0.000000,0.000000,0.000000,0.000000,0.000000,0.000000,0.000000,0.000000,6504,0,30,4
26.046820,0.007836,-0.304307,-1.047554,-0.000137,0.000176,0.003286,-0.002022,-0.000387,0.001603,-0.000039,0.000204,0.000437,10.000000,19.000000,-1.000000,0.000000,0.000000,0.000000,0.000000,0.065000,0.000000,1520.000000,0.000000,0.000000,0.000000,2.000000,0.000000,0.000000,0.000000,0.000000,0.000000,0.000000,0.000000,0.000000,6504,0,30,4
26.048775,0.007836,-0.304307,-1.047548,-0.000141,0.000175,0.003289,-0.001981,-0.000384,0.001604,-0.000039,0.000200,0.000438,10.000000,19.000000,-1.000000,0.000000,0.000000,0.000000,0.000000,0.065000,0.000000,1520.000000,0.000000,0.000000,0.000000,2.000000,0.000000,0.000000,0.000000,0.000000,0.000000,0.000000,0.000000,0.000000,6504,0,30,4
26.050728,0.007835,-0.304307,-1.047541,-0.000145,0.000175,0.003292,-0.001939,-0.000380,0.001605,-0.000038,0.000196,0.000440,10.000000,19.000000,-1.000000,0.000000,0.000000,0.000000,0.000000,0.065000,0.000000,1520.000000,0.000000,0.000000,0.000000,2.000000,0.000000,0.000000,0.000000,0.000000,0.000000,0.000000,0.000000,0.000000,6504,0,31,4
26.052683,0.007835,-0.304306,-1.047535,-0.000148,0.000174,0.003296,-0.001895,-0.000376,0.001605,-0.000038,0.000191,0.000441,10.000000,19.000000,-1.000000,0.000000,0.000000,0.000000,0.000000,0.065000,0.000000,1520.000000,0.000000,0.000000,0.000000,2.000000,0.000000,0.000000,0.000000,0.000000,0.000000,0.000000,0.000000,0.000000,6504,0,31,3
26.054636,0.007835,-0.304306,-1.047528,-0.000152,0.000173,0.003299,-0.001850,-0.000370,0.001607,-0.000037,0.000187,0.000442,10.000000,19.000000,-1.000000,0.000000,0.000000,0.000000,0.000000,0.065000,0.000000,1520.000000,0.000000,0.000000,0.000000,2.000000,0.000000,0.000000,0.000000,0.000000,0.000000,0.000000,0.000000,0.000000,6504,0,31,3
26.056589,0.007834,-0.304306,-1.047521,-0.000156,0.000172,0.003302,-0.001805,-0.000366,0.001609,-0.000037,0.000182,0.000443,10.000000,19.000000,-1.000000,0.000000,0.000000,0.000000,0.000000,0.065000,0.000000,1520.000000,0.000000,0.000000,0.000000,2.000000,0.000000,0.000000,0.000000,0.000000,0.000000,0.000000,0.000000,0.000000,6504,0,31,3
26.058544,0.007834,-0.304305,-1.047515,-0.000159,0.000172,0.003305,-0.001758,-0.000361,0.001609,-0.000037,0.000177,0.000444,10.000000,19.000000,-1.000000,0.000000,0.000000,0.000000,0.000000,0.065000,0.000000,1520.000000,0.000000,0.000000,0.000000,2.000000,0.000000,0.000000,0.000000,0.000000,0.000000,0.000000,0.000000,0.000000,6504,0,31,3
26.060497,0.007834,-0.304305,-1.047508,-0.000163,0.000171,0.003308,-0.001710,-0.000357,0.001610,-0.000036,0.000172,0.000445,10.000000,19.000000,-1.000000,0.000000,0.000000,0.000000,0.000000,0.065000,0.000000,1520.000000,0.000000,0.000000,0.000000,2.000000,0.000000,0.000000,0.000000,0.000000,0.000000,0.000000,0.000000,0.000000,6504,0,31,3
26.062452,0.007833,-0.304305,-1.047502,-0.000166,0.000170,0.003312,-0.001662,-0.000352,0.001611,-0.000036,0.000167,0.000447,10.000000,19.000000,-1.000000,0.000000,0.000000,0.000000,0.000000,0.065000,0.000000,1520.000000,0.000000,0.000000,0.000000,2.000000,0.000000,0.000000,0.000000,0.000000,0.000000,0.000000,0.000000,0.000000,6504,0,31,3
26.064405,0.007833,-0.304304,-1.047495,-0.000169,0.000170,0.003315,-0.001613,-0.000347,0.001612,-0.000035,0.000162,0.000448,10.000000,19.000000,-1.000000,0.000000,0.000000,0.000000,0.000000,0.065000,0.000000,1520.000000,0.000000,0.000000,0.000000,2.000000,0.000000,0.000000,0.000000,0.000000,0.000000,0.000000,0.000000,0.000000,6504,0,31,2
26.066360,0.007833,-0.304304,-1.047488,-0.000173,0.000169,0.003318,-0.001564,-0.000340,0.001613,-0.000034,0.000157,0.000449,10.000000,19.000000,-1.000000,0.000000,0.000000,0.000000,0.000000,0.065000,0.000000,1520.000000,0.000000,0.000000,0.000000,2.000000,0.000000,0.000000,0.000000,0.000000,0.000000,0.000000,0.000000,0.000000,6504,0,32,2
26.068314,0.007832,-0.304304,-1.047482,-0.000176,0.000168,0.003321,-0.001513,-0.000335,0.001614,-0.000034,0.000152,0.000450,10.000000,19.000000,-1.000000,0.000000,0.000000,0.000000,0.000000,0.065000,0.000000,1520.000000,0.000000,0.000000,0.000000,2.000000,0.000000,0.000000,0.000000,0.000000,0.000000,0.000000,0.000000,0.000000,6504,0,32,2
26.070269,0.007832,-0.304303,-1.047475,-0.000179,0.000168,0.003325,-0.001463,-0.000330,0.001615,-0.000033,0.000147,0.000451,10.000000,19.000000,-1.000000,0.000000,0.000000,0.000000,0.000000,0.065000,0.000000,1520.000000,0.000000,0.000000,0.000000,2.000000,0.000000,0.000000,0.000000,0.000000,0.000000,0.000000,0.000000,0.000000,6504,0,32,2
26.072222,0.007832,-0.304303,-1.047468,-0.000181,0.000167,0.003328,-0.001412,-0.000325,0.001616,-0.000033,0.000142,0.000452,10.000000,19.000000,-1.000000,0.000000,0.000000,0.000000,0.000000,0.065000,0.000000,1520.000000,0.000000,0.000000,0.000000,2.000000,0.000000,0.000000,0.000000,0.000000,0.000000,0.000000,0.000000,0.000000,6504,0,32,2
26.074177,0.007831,-0.304303,-1.047462,-0.000184,0.000166,0.003331,-0.001361,-0.000319,0.001616,-0.000032,0.000136,0.000453,10.000000,19.000000,-1.000000,0.000000,0.000000,0.000000,0.000000,0.065000,0.000000,1520.000000,0.000000,0.000000,0.000000,2.000000,0.000000,0.000000,0.000000,0.000000,0.000000,0.000000,0.000000,0.000000,6504,0,32,2
26.076130,0.007831,-0.304302,-1.047455,-0.000187,0.000166,0.003334,-0.001309,-0.000314,0.001617,-0.000032,0.000131,0.000454,10.000000,19.000000,-1.000000,0.000000,0.000000,0.000000,0.000000,0.065000,0.000000,1520.000000,0.000000,0.000000,0.000000,2.000000,0.000000,0.000000,0.000000,0.000000,0.000000,0.000000,0.000000,0.000000,6504,0,32,2
26.078085,0.007831,-0.304302,-1.047448,-0.000189,0.000165,0.003337,-0.001258,-0.000308,0.001618,-0.000031,0.000126,0.000456,10.000000,19.000000,-1.000000,0.000000,0.000000,0.000000,0.000000,0.065000,0.000000,1520.000000,0.000000,0.000000,0.000000,2.000000,0.000000,0.000000,0.000000,0.000000,0.000000,0.000000,0.000000,0.000000,6504,0,32,1
26.080038,0.007830,-0.304302,-1.047442,-0.000192,0.000164,0.003341,-0.001206,-0.000301,0.001619,-0.000031,0.000120,0.000457,10.000000,19.000000,-1.000000,0.000000,0.000000,0.000000,0.000000,0.065000,0.000000,1520.000000,0.000000,0.000000,0.000000,2.000000,0.000000,0.000000,0.000000,0.000000,0.000000,0.000000,0.000000,0.000000,6504,0,32,1
26.081991,0.007830,-0.304301,-1.047435,-0.000194,0.000164,0.003344,-0.001155,-0.000295,0.001620,-0.000030,0.000115,0.000458,10.000000,19.000000,-1.000000,0.000000,0.000000,0.000000,0.000000,0.065000,0.000000,1520.000000,0.000000,0.000000,0.000000,2.000000,0.000000,0.000000,0.000000,0.000000,0.000000,0.000000,0.000000,0.000000,6504,0,32,1
26.083946,0.007829,-0.304301,-1.047428,-0.000196,0.000163,0.003347,-0.001104,-0.000289,0.001621,-0.000029,0.000110,0.000459,10.000000,19.000000,-1.000000,0.000000,0.000000,0.000000,0.000000,0.065000,0.000000,1520.000000,0.000000,0.000000,0.000000,2.000000,0.000000,0.000000,0.000000,0.000000,0.000000,0.000000,0.000000,0.000000,6504,0,32,1
26.085899,0.007829,-0.304301,-1.047422,-0.000198,0.000163,0.003350,-0.001053,-0.000284,0.001622,-0.000029,0.000105,0.000460,10.000000,19.000000,-1.000000,0.000000,0.000000,0.000000,0.000000,0.065000,0.000000,1520.000000,0.000000,0.000000,0.000000,2.000000,0.000000,0.000000,0.000000,0.000000,0.000000,0.000000,0.000000,0.000000,6504,0,32,1
26.087854,0.007829,-0.304300,-1.047415,-0.000200,0.000162,0.003354,-0.001002,-0.000278,0.001623,-0.000028,0.000100,0.000461,10.000000,19.000000,-1.000000,0.000000,0.000000,0.000000,0.000000,0.065000,0.000000,1520.000000,0.000000,0.000000,0.000000,2.000000,0.000000,0.000000,0.000000,0.000000,0.000000,0.000000,0.000000,0.000000,6504,0,32,1
26.089808,0.007828,-0.304300,-1.047408,-0.000202,0.000162,0.003357,-0.000952,-0.000272,0.001623,-0.000028,0.000095,0.000462,10.000000,19.000000,-1.000000,0.000000,0.000000,0.000000,0.000000,0.065000,0.000000,1520.000000,0.000000,0.000000,0.000000,2.000000,0.000000,0.000000,0.000000,0.000000,0.000000,0.000000,0.000000,0.000000,6504,0,33,1
26.091763,0.007828,-0.304300,-1.047401,-0.000204,0.000161,0.003360,-0.000903,-0.000266,0.001624,-0.000027,0.000090,0.000463,10.000000,19.000000,-1.000000,0.000000,0.000000,0.000000,0.000000,0.065000,0.000000,1520.000000,0.000000,0.000000,0.000000,2.000000,0.000000,0.000000,0.000000,0.000000,0.000000,0.000000,0.000000,0.000000,6504,0,33,1
26.093716,0.007827,-0.304299,-1.047395,-0.000206,0.000161,0.003363,-0.000854,-0.000260,0.001624,-0.000026,0.000085,0.000463,10.000000,19.000000,-1.000000,0.000000,0.000000,0.000000,0.000000,0.065000,0.000000,1520.000000,0.000000,0.000000,0.000000,2.000000,0.000000,0.000000,0.000000,0.000000,0.000000,0.000000,0.000000,0.000000,6504,0,33,1
26.095671,0.007827,-0.304299,-1.047388,-0.000208,0.000160,0.003367,-0.000806,-0.000254,0.001625,-0.000026,0.000080,0.000464,10.000000,19.000000,-1.000000,0.000000,0.000000,0.000000,0.000000,0.065000,0.000000,1520.000000,0.000000,0.000000,0.000000,2.000000,0.000000,0.000000,0.000000,0.000000,0.000000,0.000000,0.000000,0.000000,6504,0,33,1
26.097624,0.007827,-0.304299,-1.047381,-0.000209,0.000160,0.003370,-0.000759,-0.000248,0.001625,-0.000025,0.000075,0.000465,10.000000,19.000000,-1.000000,0.000000,0.000000,0.000000,0.000000,0.065000,0.000000,1520.000000,0.000000,0.000000,0.000000,2.000000,0.000000,0.000000,0.000000,0.000000,0.000000,0.000000,0.000000,0.000000,6504,0,33,0
26.099579,0.007826,-0.304298,-1.047374,-0.000211,0.000159,0.003373,-0.000712,-0.000240,0.001626,-0.000024,0.000070,0.000466,10.000000,19.000000,-1.000000,0.000000,0.000000,0.000000,0.000000,0.065000,0.000000,1520.000000,0.000000,0.000000,0.000000,2.000000,0.000000,0.000000,0.000000,0.000000,0.000000,0.000000,0.000000,0.000000,6504,0,33,0
26.101532,0.007826,-0.304298,-1.047368,-0.000212,0.000159,0.003376,-0.000667,-0.000234,0.001626,-0.000024,0.000066,0.000467,10.000000,19.000000,-1.000000,0.000000,0.000000,0.000000,0.000000,0.065000,0.000000,1520.000000,0.000000,0.000000,0.000000,2.000000,0.000000,0.000000,0.000000,0.000000,0.000000,0.000000,0.000000,0.000000,6504,0,33,0
26.103485,0.007825,-0.304298,-1.047361,-0.000213,0.000158,0.003380,-0.000622,-0.000228,0.001627,-0.000023,0.000061,0.000468,10.000000,19.000000,-1.000000,0.000000,0.000000,0.000000,0.000000,0.065000,0.000000,1520.000000,0.000000,0.000000,0.000000,2.000000,0.000000,0.000000,0.000000,0.000000,0.000000,0.000000,0.000000,0.000000,6504,0,33,0
26.105440,0.007825,-0.304298,-1.047354,-0.000214,0.000158,0.003383,-0.000579,-0.000222,0.001627,-0.000023,0.000057,0.000469,10.000000,19.000000,-1.000000,0.000000,0.000000,0.000000,0.000000,0.065000,0.000000,1520.000000,0.000000,0.000000,0.000000,2.000000,0.000000,0.000000,0.000000,0.000000,0.000000,0.000000,0.000000,0.000000,6504,0,33,0
26.107393,0.007824,-0.304297,-1.047348,-0.000215,0.000157,0.003386,-0.000537,-0.000216,0.001628,-0.000022,0.000053,0.000469,10.000000,19.000000,-1.000000,0.000000,0.000000,0.000000,0.000000,0.065000,0.000000,1520.000000,0.000000,0.000000,0.000000,2.000000,0.000000,0.000000,0.000000,0.000000,0.000000,0.000000,0.000000,0.000000,6504,0,33,0
26.109348,0.007824,-0.304297,-1.047341,-0.000216,0.000157,0.003389,-0.000496,-0.000210,0.001628,-0.000021,0.000049,0.000470,10.000000,19.000000,-1.000000,0.000000,0.000000,0.000000,0.000000,0.065000,0.000000,1520.000000,0.000000,0.000000,0.000000,2.000000,0.000000,0.000000,0.000000,0.000000,0.000000,0.000000,0.000000,0.000000,6504,0,33,0
26.111301,0.007824,-0.304297,-1.047334,-0.000217,0.000156,0.003393,-0.000456,-0.000204,0.001629,-0.000021,0.000045,0.000471,10.000000,19.000000,-1.000000,0.000000,0.000000,0.000000,0.000000,0.065000,0.000000,1520.000000,0.000000,0.000000,0.000000,2.000000,0.000000,0.000000,0.000000,0.000000,0.000000,0.000000,0.000000,0.000000,6504,0,33,0
26.113256,0.007823,-0.304296,-1.047327,-0.000218,0.000156,0.003396,-0.000418,-0.000198,0.001630,-0.000020,0.000041,0.000471,10.000000,19.000000,-1.000000,0.000000,0.000000,0.000000,0.000000,0.065000,0.000000,1520.000000,0.000000,0.000000,0.000000,2.000000,0.000000,0.000000,0.000000,0.000000,0.000000,0.000000,0.000000,0.000000,6504,0,33,0
26.115210,0.007823,-0.304296,-1.047320,-0.000219,0.000156,0.003399,-0.000381,-0.000192,0.001630,-0.000019,0.000037,0.000472,10.000000,19.000000,-1.000000,0.000000,0.000000,0.000000,0.000000,0.065000,0.000000,1520.000000,0.000000,0.000000,0.000000,2.000000,0.000000,0.000000,0.000000,0.000000,0.000000,0.000000,0.000000,0.000000,6504,0,33,0
26.117165,0.007822,-0.304296,-1.047314,-0.000220,0.000155,0.003402,-0.000346,-0.000186,0.001630,-0.000019,0.000034,0.000473,10.000000,19.000000,-1.000000,0.000000,0.000000,0.000000,0.000000,0.065000,0.000000,1520.000000,0.000000,0.000000,0.000000,2.000000,0.000000,0.000000,0.000000,0.000000,0.000000,0.000000,0.000000,0.000000,6504,0,33,0
26.119118,0.007822,-0.304295,-1.047307,-0.000220,0.000155,0.003406,-0.000312,-0.000179,0.001630,-0.000018,0.000030,0.000473,10.000000,19.000000,-1.000000,0.000000,0.000000,0.000000,0.000000,0.065000,0.000000,1520.000000,0.000000,0.000000,0.000000,2.000000,0.000000,0.000000,0.000000,0.000000,0.000000,0.000000,0.000000,0.000000,6504,0,33,0
26.121073,0.007821,-0.304295,-1.047300,-0.000221,0.000155,0.003409,-0.000280,-0.000173,0.001630,-0.000017,0.000027,0.000474,10.000000,19.000000,-1.000000,0.000000,0.000000,0.000000,0.000000,0.065000,0.000000,1520.000000,0.000000,0.000000,0.000000,2.000000,0.000000,0.000000,0.000000,0.000000,0.000000,0.000000,0.000000,0.000000,6504,0,33,0
26.123026,0.007821,-0.304295,-1.047293,-0.000221,0.000154,0.003412,-0.000250,-0.000167,0.001631,-0.000017,0.000024,0.000475,10.000000,19.000000,-1.000000,0.000000,0.000000,0.000000,0.000000,0.065000,0.000000,1520.000000,0.000000,0.000000,0.000000,2.000000,0.000000,0.000000,0.000000,0.000000,0.000000,0.000000,0.000000,0.000000,6504,0,32,0
26.124981,0.007821,-0.304294,-1.047286,-0.000222,0.000154,0.003416,-0.000221,-0.000161,0.001630,-0.000016,0.000021,0.000475,10.000000,19.000000,-1.000000,0.000000,0.000000,0.000000,0.000000,0.065000,0.000000,1520.000000,0.000000,0.000000,0.000000,2.000000,0.000000,0.000000,0.000000,0.000000,0.000000,0.000000,0.000000,0.000000,6504,0,32,0
26.126934,0.007820,-0.304294,-1.047279,-0.000222,0.000154,0.003419,-0.000193,-0.000155,0.001629,-0.000016,0.000018,0.000476,10.000000,19.000000,-1.000000,0.000000,0.000000,0.000000,0.000000,0.065000,0.000000,1520.000000,0.000000,0.000000,0.000000,2.000000,0.000000,0.000000,0.000000,0.000000,0.000000,0.000000,0.000000,0.000000,6504,0,32,0
26.128887,0.007820,-0.304294,-1.047273,-0.000223,0.000153,0.003422,-0.000168,-0.000148,0.001629,-0.000015,0.000016,0.000477,10.000000,19.000000,-1.000000,0.000000,0.000000,0.000000,0.000000,0.065000,0.000000,1520.000000,0.000000,0.000000,0.000000,2.000000,0.000000,0.000000,0.000000,0.000000,0.000000,0.000000,0.000000,0.000000,6504,0,32,0
26.130842,0.007819,-0.304294,-1.047266,-0.000223,0.000153,0.003425,-0.000143,-0.000142,0.001628,-0.000014,0.000013,0.000477,10.000000,19.000000,-1.000000,0.000000,0.000000,0.000000,0.000000,0.065000,0.000000,1520.000000,0.000000,0.000000,0.000000,2.000000,0.000000,0.000000,0.000000,0.000000,0.000000,0.000000,0.000000,0.000000,6504,0,32,0
26.132795,0.007819,-0.304293,-1.047259,-0.000223,0.000153,0.003429,-0.000120,-0.000136,0.001628,-0.000014,0.000011,0.000478,10.000000,19.000000,-1.000000,0.000000,0.000000,0.000000,0.000000,0.065000,0.000000,1520.000000,0.000000,0.000000,0.000000,2.000000,0.000000,0.000000,0.000000,0.000000,0.000000,0.000000,0.000000,0.000000,6504,0,32,0
26.134750,0.007818,-0.304293,-1.047252,-0.000223,0.000152,0.003432,-0.000099,-0.000130,0.001628,-0.000013,0.000009,0.000478,10.000000,19.000000,-1.000000,0.000000,0.000000,0.000000,0.000000,0.065000,0.000000,1520.000000,0.000000,0.000000,0.000000,2.000000,0.000000,0.000000,0.000000,0.000000,0.000000,0.000000,0.000000,0.000000,6504,0,32,0
26.136703,0.007818,-0.304293,-1.047245,-0.000224,0.000152,0.003435,-0.000078,-0.000123,0.001627,-0.000012,0.000007,0.000479,10.000000,19.000000,-1.000000,0.000000,0.000000,0.000000,0.000000,0.065000,0.000000,1520.000000,0.000000,0.000000,0.000000,2.000000,0.000000,0.000000,0.000000,0.000000,0.000000,0.000000,0.000000,0.000000,6504,0,32,0
26.138659,0.007817,-0.304292,-1.047238,-0.000224,0.000152,0.003438,-0.000059,-0.000117,0.001627,-0.000012,0.000005,0.000479,10.000000,19.000000,-1.000000,0.000000,0.000000,0.000000,0.000000,0.065000,0.000000,1520.000000,0.000000,0.000000,0.000000,2.000000,0.000000,0.000000,0.000000,0.000000,0.000000,0.000000,0.000000,0.000000,6504,0,32,0
26.140612,0.007817,-0.304292,-1.047231,-0.000224,0.000152,0.003442,-0.000041,-0.000111,0.001626,-0.000011,0.000003,0.000480,10.000000,19.000000,-1.000000,0.000000,0.000000,0.000000,0.000000,0.065000,0.000000,1520.000000,0.000000,0.000000,0.000000,2.000000,0.000000,0.000000,0.000000,0.000000,0.000000,0.000000,0.000000,0.000000,6504,0,32,0
26.142567,0.007817,-0.304292,-1.047225,-0.000224,0.000151,0.003445,-0.000024,-0.000104,0.001626,-0.000010,0.000002,0.000480,10.000000,19.000000,-1.000000,0.000000,0.000000,0.000000,0.000000,0.065000,0.000000,1520.000000,0.000000,0.000000,0.000000,2.000000,0.000000,0.000000,0.000000,0.000000,0.000000,0.000000,0.000000,0.000000,6504,0,32,0
26.144520,0.007816,-0.304291,-1.047218,-0.000224,0.000151,0.003448,-0.000008,-0.000098,0.001626,-0.000010,0.000000,0.000481,10.000000,19.000000,-1.000000,0.000000,0.000000,0.000000,0.000000,0.065000,0.000000,1520.000000,0.000000,0.000000,0.000000,2.000000,0.000000,0.000000,0.000000,0.000000,0.000000,0.000000,0.000000,0.000000,6504,0,32,0
26.146475,0.007816,-0.304291,-1.047211,-0.000224,0.000151,0.003451,0.000007,-0.000092,0.001626,-0.000009,-0.000001,0.000482,10.000000,19.000000,-1.000000,0.000000,0.000000,0.000000,0.000000,0.065000,0.000000,1520.000000,0.000000,0.000000,0.000000,2.000000,0.000000,0.000000,0.000000,0.000000,0.000000,0.000000,0.000000,0.000000,6504,0,32,0
26.148428,0.007815,-0.304291,-1.047204,-0.000224,0.000151,0.003455,0.000021,-0.000086,0.001626,-0.000008,-0.000003,0.000482,10.000000,19.000000,-1.000000,0.000000,0.000000,0.000000,0.000000,0.065000,0.000000,1520.000000,0.000000,0.000000,0.000000,2.000000,0.000000,0.000000,0.000000,0.000000,0.000000,0.000000,0.000000,0.000000,6504,0,32,0
26.150381,0.007815,-0.304290,-1.047197,-0.000224,0.000151,0.003458,0.000033,-0.000079,0.001626,-0.000008,-0.000004,0.000483,10.000000,19.000000,-1.000000,0.000000,0.000000,0.000000,0.000000,0.065000,0.000000,1520.000000,0.000000,0.000000,0.000000,2.000000,0.000000,0.000000,0.000000,0.000000,0.000000,0.000000,0.000000,0.000000,6504,0,32,0
26.152336,0.007814,-0.304290,-1.047190,-0.000224,0.000151,0.003461,0.000045,-0.000073,0.001626,-0.000007,-0.000005,0.000483,10.000000,19.000000,-1.000000,0.000000,0.000000,0.000000,0.000000,0.065000,0.000000,1520.000000,0.000000,0.000000,0.000000,2.000000,0.000000,0.000000,0.000000,0.000000,0.000000,0.000000,0.000000,0.000000,6504,0,32,0
26.154289,0.007814,-0.304290,-1.047183,-0.000224,0.000150,0.003464,0.000056,-0.000067,0.001625,-0.000006,-0.000006,0.000484,10.000000,19.000000,-1.000000,0.000000,0.000000,0.000000,0.000000,0.065000,0.000000,1520.000000,0.000000,0.000000,0.000000,2.000000,0.000000,0.000000,0.000000,0.000000,0.000000,0.000000,0.000000,0.000000,6504,0,32,0
26.156244,0.007813,-0.304290,-1.047176,-0.000223,0.000150,0.003468,0.000066,-0.000060,0.001625,-0.000006,-0.000007,0.000484,10.000000,19.000000,-1.000000,0.000000,0.000000,0.000000,0.000000,0.065000,0.000000,1520.000000,0.000000,0.000000,0.000000,2.000000,0.000000,0.000000,0.000000,0.000000,0.000000,0.000000,0.000000,0.000000,6504,0,32,0
26.158197,0.007813,-0.304289,-1.047169,-0.000223,0.000150,0.003471,0.000075,-0.000054,0.001625,-0.000005,-0.000008,0.000485,10.000000,19.000000,-1.000000,0.000000,0.000000,0.000000,0.000000,0.065000,0.000000,1520.000000,0.000000,0.000000,0.000000,2.000000,0.000000,0.000000,0.000000,0.000000,0.000000,0.000000,0.000000,0.000000,6504,0,32,0
26.160152,0.007812,-0.304289,-1.047162,-0.000223,0.000150,0.003474,0.000083,-0.000048,0.001625,-0.000005,-0.000009,0.000485,10.000000,19.000000,-1.000000,0.000000,0.000000,0.000000,0.000000,0.065000,0.000000,1520.000000,0.000000,0.000000,0.000000,2.000000,0.000000,0.000000,0.000000,0.000000,0.000000,0.000000,0.000000,0.000000,6504,0,32,0
26.162106,0.007812,-0.304289,-1.047155,-0.000223,0.000150,0.003477,0.000091,-0.000041,0.001625,-0.000004,-0.000010,0.000486,10.000000,19.000000,-1.000000,0.000000,0.000000,0.000000,0.000000,0.065000,0.000000,1520.000000,0.000000,0.000000,0.000000,2.000000,0.000000,0.000000,0.000000,0.000000,0.000000,0.000000,0.000000,0.000000,6504,0,29,-1
26.164061,0.007812,-0.304288,-1.047148,-0.000223,0.000150,0.003481,0.000097,-0.000033,0.001624,-0.000003,-0.000010,0.000486,10.000000,19.000000,-1.000000,0.000000,0.000000,0.000000,0.000000,0.065000,0.000000,1520.000000,0.000000,0.000000,0.000000,2.000000,0.000000,0.000000,0.000000,0.000000,0.000000,0.000000,0.000000,0.000000,6504,0,29,-1
26.166014,0.007811,-0.304288,-1.047141,-0.000223,0.000150,0.003484,0.000103,-0.000027,0.001623,-0.000003,-0.000011,0.000487,10.000000,19.000000,-1.000000,0.000000,0.000000,0.000000,0.000000,0.065000,0.000000,1520.000000,0.000000,0.000000,0.000000,2.000000,0.000000,0.000000,0.000000,0.000000,0.000000,0.000000,0.000000,0.000000,6504,0,29,-1
26.167969,0.007811,-0.304288,-1.047134,-0.000222,0.000150,0.003487,0.000108,-0.000021,0.001622,-0.000002,-0.000011,0.000487,10.000000,19.000000,-1.000000,0.000000,0.000000,0.000000,0.000000,0.065000,0.000000,1520.000000,0.000000,0.000000,0.000000,2.000000,0.000000,0.000000,0.000000,0.000000,0.000000,0.000000,0.000000,0.000000,6504,0,29,-2
26.169922,0.007810,-0.304287,-1.047127,-0.000222,0.000150,0.003490,0.000113,-0.000013,0.001621,-0.000001,-0.000012,0.000488,10.000000,19.000000,-1.000000,0.000000,0.000000,0.000000,0.000000,0.065000,0.000000,1520.000000,0.000000,0.000000,0.000000,2.000000,0.000000,0.000000,0.000000,0.000000,0.000000,0.000000,0.000000,0.000000,6504,0,29,-2
26.171877,0.007810,-0.304287,-1.047120,-0.000222,0.000150,0.003494,0.000117,-0.000007,0.001619,-0.000001,-0.000012,0.000488,10.000000,19.000000,-1.000000,0.000000,0.000000,0.000000,0.000000,0.065000,0.000000,1520.000000,0.000000,0.000000,0.000000,2.000000,0.000000,0.000000,0.000000,0.000000,0.000000,0.000000,0.000000,0.000000,6504,0,29,-2
26.173830,0.007809,-0.304287,-1.047113,-0.000222,0.000150,0.003497,0.000122,-0.000001,0.001618,-0.000000,-0.000013,0.000488,10.000000,19.000000,-1.000000,0.000000,0.000000,0.000000,0.000000,0.065000,0.000000,1520.000000,0.000000,0.000000,0.000000,2.000000,0.000000,0.000000,0.000000,0.000000,0.000000,0.000000,0.000000,0.000000,6504,0,29,-3
26.175783,0.007809,-0.304287,-1.047106,-0.000221,0.000150,0.003500,0.000126,0.000007,0.001617,0.000001,-0.000013,0.000489,10.000000,19.000000,-1.000000,0.000000,0.000000,0.000000,0.000000,0.065000,0.000000,1520.000000,0.000000,0.000000,0.000000,2.000000,0.000000,0.000000,0.000000,0.000000,0.000000,0.000000,0.000000,0.000000,6504,0,29,-3
26.177738,0.007808,-0.304286,-1.047099,-0.000221,0.000150,0.003503,0.000131,0.000013,0.001616,0.000001,-0.000014,0.000489,10.000000,19.000000,-1.000000,0.000000,0.000000,0.000000,0.000000,0.065000,0.000000,1520.000000,0.000000,0.000000,0.000000,2.000000,0.000000,0.000000,0.000000,0.000000,0.000000,0.000000,0.000000,0.000000,6504,0,29,-3
26.179691,0.007808,-0.304286,-1.047092,-0.000221,0.000150,0.003506,0.000137,0.000019,0.001616,0.000002,-0.000014,0.000489,10.000000,19.000000,-1.000000,0.000000,0.000000,0.000000,0.000000,0.065000,0.000000,1520.000000,0.000000,0.000000,0.000000,2.000000,0.000000,0.000000,0.000000,0.000000,0.000000,0.000000,0.000000,0.000000,6504,0,29,-3
26.181646,0.007808,-0.304286,-1.047085,-0.000221,0.000150,0.003510,0.000143,0.000025,0.001615,0.000003,-0.000015,0.000489,10.000000,19.000000,-1.000000,0.000000,0.000000,0.000000,0.000000,0.065000,0.000000,1520.000000,0.000000,0.000000,0.000000,2.000000,0.000000,0.000000,0.000000,0.000000,0.000000,0.000000,0.000000,0.000000,6504,0,29,-4
26.183599,0.007807,-0.304285,-1.047078,-0.000220,0.000150,0.003513,0.000149,0.000033,0.001614,0.000003,-0.000016,0.000489,10.000000,19.000000,-1.000000,0.000000,0.000000,0.000000,0.000000,0.065000,0.000000,1520.000000,0.000000,0.000000,0.000000,2.000000,0.000000,0.000000,0.000000,0.000000,0.000000,0.000000,0.000000,0.000000,6504,0,29,-4
26.185555,0.007807,-0.304285,-1.047071,-0.000220,0.000150,0.003516,0.000156,0.000039,0.001614,0.000004,-0.000016,0.000489,10.000000,19.000000,-1.000000,0.000000,0.000000,0.000000,0.000000,0.065000,0.000000,1520.000000,0.000000,0.000000,0.000000,2.000000,0.000000,0.000000,0.000000,0.000000,0.000000,0.000000,0.000000,0.000000,6504,0,29,-4
26.187508,0.007806,-0.304285,-1.047064,-0.000220,0.000150,0.003519,0.000163,0.000045,0.001613,0.000004,-0.000017,0.000489,10.000000,19.000000,-1.000000,0.000000,0.000000,0.000000,0.000000,0.065000,0.000000,1520.000000,0.000000,0.000000,0.000000,2.000000,0.000000,0.000000,0.000000,0.000000,0.000000,0.000000,0.000000,0.000000,6504,0,29,-4
26.189463,0.007806,-0.304284,-1.047057,-0.000219,0.000150,0.003523,0.000171,0.000051,0.001613,0.000005,-0.000018,0.000488,10.000000,19.000000,-1.000000,0.000000,0.000000,0.000000,0.000000,0.065000,0.000000,1520.000000,0.000000,0.000000,0.000000,2.000000,0.000000,0.000000,0.000000,0.000000,0.000000,0.000000,0.000000,0.000000,6504,0,29,-4
26.191416,0.007805,-0.304284,-1.047050,-0.000219,0.000150,0.003526,0.000181,0.000057,0.001613,0.000006,-0.000019,0.000488,10.000000,19.000000,-1.000000,0.000000,0.000000,0.000000,0.000000,0.065000,0.000000,1520.000000,0.000000,0.000000,0.000000,2.000000,0.000000,0.000000,0.000000,0.000000,0.000000,0.000000,0.000000,0.000000,6504,0,29,-4
26.193371,0.007805,-0.304284,-1.047043,-0.000219,0.000151,0.003529,0.000191,0.000063,0.001613,0.000006,-0.000020,0.000488,10.000000,19.000000,-1.000000,0.000000,0.000000,0.000000,0.000000,0.065000,0.000000,1520.000000,0.000000,0.000000,0.000000,2.000000,0.000000,0.000000,0.000000,0.000000,0.000000,0.000000,0.000000,0.000000,6504,0,29,-4
26.195324,0.007805,-0.304284,-1.047036,-0.000218,0.000151,0.003532,0.000202,0.000069,0.001613,0.000007,-0.000021,0.000487,10.000000,19.000000,-1.000000,0.000000,0.000000,0.000000,0.000000,0.065000,0.000000,1520.000000,0.000000,0.000000,0.000000,2.000000,0.000000,0.000000,0.000000,0.000000,0.000000,0.000000,0.000000,0.000000,6504,0,29,-4
26.197277,0.007804,-0.304283,-1.047029,-0.000218,0.000151,0.003536,0.000214,0.000075,0.001612,0.000008,-0.000023,0.000487,10.000000,19.000000,-1.000000,0.000000,0.000000,0.000000,0.000000,0.065000,0.000000,1520.000000,0.000000,0.000000,0.000000,2.000000,0.000000,0.000000,0.000000,0.000000,0.000000,0.000000,0.000000,0.000000,6504,0,29,-4
26.199232,0.007804,-0.304283,-1.047022,-0.000217,0.000151,0.003539,0.000228,0.000081,0.001612,0.000008,-0.000024,0.000486,10.000000,19.000000,-1.000000,0.000000,0.000000,0.000000,0.000000,0.065000,0.000000,1520.000000,0.000000,0.000000,0.000000,2.000000,0.000000,0.000000,0.000000,0.000000,0.000000,0.000000,0.000000,0.000000,6504,0,29,-4
26.201185,0.007803,-0.304283,-1.047015,-0.000217,0.000151,0.003542,0.000243,0.000087,0.001611,0.000009,-0.000026,0.000486,10.000000,19.000000,-1.000000,0.000000,0.000000,0.000000,0.000000,0.065000,0.000000,1520.000000,0.000000,0.000000,0.000000,2.000000,0.000000,0.000000,0.000000,0.000000,0.000000,0.000000,0.000000,0.000000,6504,0,29,-4
26.203140,0.007803,-0.304282,-1.047008,-0.000216,0.000151,0.003545,0.000259,0.000093,0.001611,0.000010,-0.000027,0.000485,10.000000,19.000000,-1.000000,0.000000,0.000000,0.000000,0.000000,0.065000,0.000000,1520.000000,0.000000,0.000000,0.000000,2.000000,0.000000,0.000000,0.000000,0.000000,0.000000,0.000000,0.000000,0.000000,6504,0,29,-4
26.205093,0.007802,-0.304282,-1.047001,-0.000216,0.000152,0.003548,0.000276,0.000099,0.001611,0.000010,-0.000029,0.000484,10.000000,19.000000,-1.000000,0.000000,0.000000,0.000000,0.000000,0.065000,0.000000,1520.000000,0.000000,0.000000,0.000000,2.000000,0.000000,0.000000,0.000000,0.000000,0.000000,0.000000,0.000000,0.000000,6504,0,29,-4
26.207048,0.007802,-0.304282,-1.046994,-0.000215,0.000152,0.003552,0.000295,0.000105,0.001611,0.000011,-0.000031,0.000484,10.000000,19.000000,-1.000000,0.000000,0.000000,0.000000,0.000000,0.065000,0.000000,1520.000000,0.000000,0.000000,0.000000,2.000000,0.000000,0.000000,0.000000,0.000000,0.000000,0.000000,0.000000,0.000000,6504,0,29,-4
26.209002,0.007802,-0.304281,-1.046986,-0.000215,0.000152,0.003555,0.000315,0.000112,0.001610,0.000011,-0.000033,0.000483,10.000000,19.000000,-1.000000,0.000000,0.000000,0.000000,0.000000,0.065000,0.000000,1520.000000,0.000000,0.000000,0.000000,2.000000,0.000000,0.000000,0.000000,0.000000,0.000000,0.000000,0.000000,0.000000,6504,0,29,-4
26.210957,0.007801,-0.304281,-1.046979,-0.000214,0.000152,0.003558,0.000337,0.000118,0.001610,0.000012,-0.000036,0.000482,10.000000,19.000000,-1.000000,0.000000,0.000000,0.000000,0.000000,0.065000,0.000000,1520.000000,0.000000,0.000000,0.000000,2.000000,0.000000,0.000000,0.000000,0.000000,0.000000,0.000000,0.000000,0.000000,6504,0,29,-4
26.212910,0.007801,-0.304281,-1.046972,-0.000213,0.000152,0.003561,0.000360,0.000124,0.001610,0.000013,-0.000038,0.000481,10.000000,19.000000,-1.000000,0.000000,0.000000,0.000000,0.000000,0.065000,0.000000,1520.000000,0.000000,0.000000,0.000000,2.000000,0.000000,0.000000,0.000000,0.000000,0.000000,0.000000,0.000000,0.000000,6504,0,29,-4
26.214865,0.007800,-0.304281,-1.046965,-0.000213,0.000153,0.003565,0.000384,0.000130,0.001610,0.000013,-0.000041,0.000480,10.000000,19.000000,-1.000000,0.000000,0.000000,0.000000,0.000000,0.065000,0.000000,1520.000000,0.000000,0.000000,0.000000,2.000000,0.000000,0.000000,0.000000,0.000000,0.000000,0.000000,0.000000,0.000000,6504,0,29,-4
26.216818,0.007800,-0.304280,-1.046958,-0.000212,0.000153,0.003568,0.000410,0.000136,0.001610,0.000014,-0.000043,0.000480,10.000000,19.000000,-1.000000,0.000000,0.000000,0.000000,0.000000,0.065000,0.000000,1520.000000,0.000000,0.000000,0.000000,2.000000,0.000000,0.000000,0.000000,0.000000,0.000000,0.000000,0.000000,0.000000,6504,0,29,-4
26.218773,0.007799,-0.304280,-1.046951,-0.000211,0.000153,0.003571,0.000438,0.000142,0.001610,0.000015,-0.000046,0.000479,10.000000,19.000000,-1.000000,0.000000,0.000000,0.000000,0.000000,0.065000,0.000000,1520.000000,0.000000,0.000000,0.000000,2.000000,0.000000,0.000000,0.000000,0.000000,0.000000,0.000000,0.000000,0.000000,6504,0,30,-4
26.220726,0.007799,-0.304280,-1.046944,-0.000210,0.000154,0.003574,0.000467,0.000148,0.001611,0.000015,-0.000049,0.000478,10.000000,19.000000,-1.000000,0.000000,0.000000,0.000000,0.000000,0.065000,0.000000,1520.000000,0.000000,0.000000,0.000000,2.000000,0.000000,0.000000,0.000000,0.000000,0.000000,0.000000,0.000000,0.000000,6504,0,30,-4
26.222679,0.007799,-0.304279,-1.046937,-0.000209,0.000154,0.003577,0.000498,0.000154,0.001611,0.000016,-0.000052,0.000477,10.000000,19.000000,-1.000000,0.000000,0.000000,0.000000,0.000000,0.065000,0.000000,1520.000000,0.000000,0.000000,0.000000,2.000000,0.000000,0.000000,0.000000,0.000000,0.000000,0.000000,0.000000,0.000000,6504,0,30,-4
26.224634,0.007798,-0.304279,-1.046929,-0.000208,0.000154,0.003581,0.000530,0.000161,0.001612,0.000016,-0.000056,0.000476,10.000000,19.000000,-1.000000,0.000000,0.000000,0.000000,0.000000,0.065000,0.000000,1520.000000,0.000000,0.000000,0.000000,2.000000,0.000000,0.000000,0.000000,0.000000,0.000000,0.000000,0.000000,0.000000,6504,0,30,-4
26.226587,0.007798,-0.304279,-1.046922,-0.000207,0.000154,0.003584,0.000563,0.000167,0.001612,0.000017,-0.000059,0.000474,10.000000,19.000000,-1.000000,0.000000,0.000000,0.000000,0.000000,0.065000,0.000000,1520.000000,0.000000,0.000000,0.000000,2.000000,0.000000,0.000000,0.000000,0.000000,0.000000,0.000000,0.000000,0.000000,6504,0,30,-4
26.228542,0.007797,-0.304278,-1.046915,-0.000206,0.000155,0.003587,0.000598,0.000173,0.001612,0.000018,-0.000063,0.000473,10.000000,19.000000,-1.000000,0.000000,0.000000,0.000000,0.000000,0.065000,0.000000,1520.000000,0.000000,0.000000,0.000000,2.000000,0.000000,0.000000,0.000000,0.000000,0.000000,0.000000,0.000000,0.000000,6504,0,30,-3
26.230495,0.007797,-0.304278,-1.046908,-0.000204,0.000155,0.003590,0.000634,0.000177,0.001612,0.000018,-0.000067,0.000472,10.000000,19.000000,-1.000000,0.000000,0.000000,0.000000,0.000000,0.065000,0.000000,1520.000000,0.000000,0.000000,0.000000,2.000000,0.000000,0.000000,0.000000,0.000000,0.000000,0.000000,0.000000,0.000000,6504,0,30,-3
26.232450,0.007796,-0.304278,-1.046901,-0.000203,0.000156,0.003594,0.000671,0.000184,0.001612,0.000019,-0.000070,0.000471,10.000000,19.000000,-1.000000,0.000000,0.000000,0.000000,0.000000,0.065000,0.000000,1520.000000,0.000000,0.000000,0.000000,2.000000,0.000000,0.000000,0.000000,0.000000,0.000000,0.000000,0.000000,0.000000,6504,0,30,-3
26.234404,0.007796,-0.304277,-1.046893,-0.000202,0.000156,0.003597,0.000709,0.000190,0.001612,0.000020,-0.000074,0.000470,10.000000,19.000000,-1.000000,0.000000,0.000000,0.000000,0.000000,0.065000,0.000000,1520.000000,0.000000,0.000000,0.000000,2.000000,0.000000,0.000000,0.000000,0.000000,0.000000,0.000000,0.000000,0.000000,6504,0,31,-3
26.236359,0.007796,-0.304277,-1.046886,-0.000200,0.000156,0.003600,0.000749,0.000196,0.001613,0.000020,-0.000078,0.000469,10.000000,19.000000,-1.000000,0.000000,0.000000,0.000000,0.000000,0.065000,0.000000,1520.000000,0.000000,0.000000,0.000000,2.000000,0.000000,0.000000,0.000000,0.000000,0.000000,0.000000,0.000000,0.000000,6504,0,31,-3
26.238312,0.007795,-0.304277,-1.046879,-0.000199,0.000157,0.003603,0.000789,0.000202,0.001613,0.000021,-0.000083,0.000468,10.000000,19.000000,-1.000000,0.000000,0.000000,0.000000,0.000000,0.065000,0.000000,1520.000000,0.000000,0.000000,0.000000,2.000000,0.000000,0.000000,0.000000,0.000000,0.000000,0.000000,0.000000,0.000000,6504,0,31,-3
26.240267,0.007795,-0.304277,-1.046872,-0.000197,0.000157,0.003606,0.000831,0.000209,0.001614,0.000021,-0.000087,0.000467,10.000000,19.000000,-1.000000,0.000000,0.000000,0.000000,0.000000,0.065000,0.000000,1520.000000,0.000000,0.000000,0.000000,2.000000,0.000000,0.000000,0.000000,0.000000,0.000000,0.000000,0.000000,0.000000,6504,0,31,-3
26.242220,0.007794,-0.304276,-1.046865,-0.000195,0.000158,0.003610,0.000873,0.000215,0.001614,0.000022,-0.000091,0.000465,10.000000,19.000000,-1.000000,0.000000,0.000000,0.000000,0.000000,0.065000,0.000000,1520.000000,0.000000,0.000000,0.000000,2.000000,0.000000,0.000000,0.000000,0.000000,0.000000,0.000000,0.000000,0.000000,6506,0,31,-2
26.244175,0.007794,-0.304276,-1.046857,-0.000193,0.000158,0.003613,0.000916,0.000219,0.001403,0.000023,-0.000096,0.000464,10.000000,19.000000,-1.000000,0.000000,0.000000,0.000000,0.000000,0.065000,0.000000,1520.000000,0.000000,0.000000,0.000000,2.000000,0.000000,0.000000,0.000000,0.000000,0.000000,0.000000,0.000000,0.000000,6506,0,31,-2
26.246128,0.007794,-0.304276,-1.046850,-0.000192,0.000158,0.003615,0.000960,0.000226,0.001142,0.000023,-0.000100,0.000463,10.000000,19.000000,-1.000000,0.000000,0.000000,0.000000,0.000000,0.065000,0.000000,1520.000000,0.000000,0.000000,0.000000,2.000000,0.000000,0.000000,0.000000,0.000000,0.000000,0.000000,0.000000,0.000000,6506,0,31,-2
26.248081,0.007793,-0.304275,-1.046843,-0.000190,0.000159,0.003617,0.001005,0.000232,0.000906,0.000024,-0.000105,0.000462,10.000000,19.000000,-1.000000,0.000000,0.000000,0.000000,0.000000,0.065000,0.000000,1520.000000,0.000000,0.000000,0.000000,2.000000,0.000000,0.000000,0.000000,0.000000,0.000000,0.000000,0.000000,0.000000,6506,0,31,-2
26.250036,0.007793,-0.304275,-1.046836,-0.000187,0.000159,0.003618,0.001050,0.000238,0.000691,0.000025,-0.000109,0.000461,10.000000,19.000000,-1.000000,0.000000,0.000000,0.000000,0.000000,0.065000,0.000000,1520.000000,0.000000,0.000000,0.000000,2.000000,0.000000,0.000000,0.000000,0.000000,0.000000,0.000000,0.000000,0.000000,6506,0,32,-2
26.251989,0.007793,-0.304275,-1.046829,-0.000185,0.000160,0.003620,0.001096,0.000245,0.000497,0.000025,-0.000114,0.000460,10.000000,19.000000,-1.000000,0.000000,0.000000,0.000000,0.000000,0.065000,0.000000,1520.000000,0.000000,0.000000,0.000000,2.000000,0.000000,0.000000,0.000000,0.000000,0.000000,0.000000,0.000000,0.000000,6506,0,32,-2
26.253944,0.007792,-0.304274,-1.046821,-0.000183,0.000160,0.003620,0.001142,0.000251,0.000321,0.000026,-0.000119,0.000459,10.000000,19.000000,-1.000000,0.000000,0.000000,0.000000,0.000000,0.065000,0.000000,1520.000000,0.000000,0.000000,0.000000,2.000000,0.000000,0.000000,0.000000,0.000000,0.000000,0.000000,0.000000,0.000000,6506,0,32,-2
26.255898,0.007792,-0.304274,-1.046814,-0.000181,0.000161,0.003621,0.001189,0.000257,0.000162,0.000027,-0.000124,0.000458,10.000000,19.000000,-1.000000,0.000000,0.000000,0.000000,0.000000,0.065000,0.000000,1520.000000,0.000000,0.000000,0.000000,2.000000,0.000000,0.000000,0.000000,0.000000,0.000000,0.000000,0.000000,0.000000,6506,0,32,-1
26.257853,0.007792,-0.304274,-1.046807,-0.000178,0.000161,0.003621,0.001237,0.000262,0.000018,0.000027,-0.000129,0.000457,10.000000,19.000000,-1.000000,0.000000,0.000000,0.000000,0.000000,0.065000,0.000000,1520.000000,0.000000,0.000000,0.000000,2.000000,0.000000,0.000000,0.000000,0.000000,0.000000,0.000000,0.000000,0.000000,6506,0,32,-1
26.259806,0.007791,-0.304273,-1.046800,-0.000176,0.000162,0.003621,0.001284,0.000268,-0.000112,0.000028,-0.000133,0.000455,10.000000,19.000000,-1.000000,0.000000,0.000000,0.000000,0.000000,0.065000,0.000000,1520.000000,0.000000,0.000000,0.000000,2.000000,0.000000,0.000000,0.000000,0.000000,0.000000,0.000000,0.000000,0.000000,6506,0,32,-1
26.261761,0.007791,-0.304273,-1.046792,-0.000173,0.000162,0.003620,0.001332,0.000274,-0.000231,0.000028,-0.000138,0.000454,10.000000,19.000000,-1.000000,0.000000,0.000000,0.000000,0.000000,0.065000,0.000000,1520.000000,0.000000,0.000000,0.000000,2.000000,0.000000,0.000000,0.000000,0.000000,0.000000,0.000000,0.000000,0.000000,6506,0,32,-1
26.263714,0.007790,-0.304273,-1.046785,-0.000170,0.000163,0.003620,0.001379,0.000281,-0.000338,0.000029,-0.000143,0.000453,10.000000,19.000000,-1.000000,0.000000,0.000000,0.000000,0.000000,0.065000,0.000000,1520.000000,0.000000,0.000000,0.000000,2.000000,0.000000,0.000000,0.000000,0.000000,0.000000,0.000000,0.000000,0.000000,6506,0,32,-1
26.265669,0.007790,-0.304272,-1.046778,-0.000167,0.000164,0.003619,0.001427,0.000287,-0.000435,0.000030,-0.000148,0.000453,10.000000,19.000000,-1.000000,0.000000,0.000000,0.000000,0.000000,0.065000,0.000000,1520.000000,0.000000,0.000000,0.000000,2.000000,0.000000,0.000000,0.000000,0.000000,0.000000,0.000000,0.000000,0.000000,6506,0,32,-1
26.267622,0.007790,-0.304272,-1.046771,-0.000165,0.000164,0.003618,0.001474,0.000293,-0.000524,0.000030,-0.000153,0.000452,10.000000,19.000000,-1.000000,0.000000,0.000000,0.000000,0.000000,0.065000,0.000000,1520.000000,0.000000,0.000000,0.000000,2.000000,0.000000,0.000000,0.000000,0.000000,0.000000,0.000000,0.000000,0.000000,6506,0,32,-1
26.269575,0.007789,-0.304272,-1.046763,-0.000162,0.000165,0.003617,0.001521,0.000300,-0.000604,0.000031,-0.000158,0.000451,10.000000,19.000000,-1.000000,0.000000,0.000000,0.000000,0.000000,0.065000,0.000000,1520.000000,0.000000,0.000000,0.000000,2.000000,0.000000,0.000000,0.000000,0.000000,0.000000,0.000000,0.000000,0.000000,6506,0,32,-1
26.271530,0.007789,-0.304271,-1.046756,-0.000158,0.000165,0.003615,0.001567,0.000306,-0.000677,0.000032,-0.000162,0.000450,10.000000,19.000000,-1.000000,0.000000,0.000000,0.000000,0.000000,0.065000,0.000000,1520.000000,0.000000,0.000000,0.000000,2.000000,0.000000,0.000000,0.000000,0.000000,0.000000,0.000000,0.000000,0.000000,6506,0,33,0
26.273483,0.007789,-0.304271,-1.046749,-0.000155,0.000166,0.003614,0.001613,0.000310,-0.000743,0.000032,-0.000167,0.000449,10.000000,19.000000,-1.000000,0.000000,0.000000,0.000000,0.000000,0.065000,0.000000,1520.000000,0.000000,0.000000,0.000000,2.000000,0.000000,0.000000,0.000000,0.000000,0.000000,0.000000,0.000000,0.000000,6506,0,33,0
26.275438,0.007789,-0.304271,-1.046742,-0.000152,0.000167,0.003612,0.001658,0.000317,-0.000802,0.000033,-0.000171,0.000448,10.000000,19.000000,-1.000000,0.000000,0.000000,0.000000,0.000000,0.065000,0.000000,1520.000000,0.000000,0.000000,0.000000,2.000000,0.000000,0.000000,0.000000,0.000000,0.000000,0.000000,0.000000,0.000000,6506,0,33,0
26.277391,0.007788,-0.304270,-1.046734,-0.000149,0.000167,0.003611,0.001702,0.000323,-0.000856,0.000033,-0.000176,0.000447,10.000000,19.000000,-1.000000,0.000000,0.000000,0.000000,0.000000,0.065000,0.000000,1520.000000,0.000000,0.000000,0.000000,2.000000,0.000000,0.000000,0.000000,0.000000,0.000000,0.000000,0.000000,0.000000,6506,0,33,0
26.279346,0.007788,-0.304270,-1.046727,-0.000145,0.000168,0.003609,0.001745,0.000330,-0.000905,0.000034,-0.000180,0.000446,10.000000,19.000000,-1.000000,0.000000,0.000000,0.000000,0.000000,0.065000,0.000000,1520.000000,0.000000,0.000000,0.000000,2.000000,0.000000,0.000000,0.000000,0.000000,0.000000,0.000000,0.000000,0.000000,6506,0,33,0
26.281300,0.007788,-0.304270,-1.046720,-0.000142,0.000169,0.003607,0.001787,0.000336,-0.000949,0.000035,-0.000184,0.000446,10.000000,19.000000,-1.000000,0.000000,0.000000,0.000000,0.000000,0.065000,0.000000,1520.000000,0.000000,0.000000,0.000000,2.000000,0.000000,0.000000,0.000000,0.000000,0.000000,0.000000,0.000000,0.000000,6506,0,33,0
26.283255,0.007787,-0.304269,-1.046713,-0.000138,0.000169,0.003605,0.001828,0.000342,-0.000989,0.000035,-0.000189,0.000445,10.000000,19.000000,-1.000000,0.000000,0.000000,0.000000,0.000000,0.065000,0.000000,1520.000000,0.000000,0.000000,0.000000,2.000000,0.000000,0.000000,0.000000,0.000000,0.000000,0.000000,0.000000,0.000000,6506,0,33,0
26.285208,0.007787,-0.304269,-1.046706,-0.000134,0.000170,0.003603,0.001868,0.000349,-0.001025,0.000036,-0.000193,0.000444,10.000000,19.000000,-1.000000,0.000000,0.000000,0.000000,0.000000,0.065000,0.000000,1520.000000,0.000000,0.000000,0.000000,2.000000,0.000000,0.000000,0.000000,0.000000,0.000000,0.000000,0.000000,0.000000,6506,0,33,0
26.287163,0.007787,-0.304269,-1.046698,-0.000130,0.000171,0.003601,0.001907,0.000355,-0.001059,0.000037,-0.000197,0.000443,10.000000,19.000000,-1.000000,0.000000,0.000000,0.000000,0.000000,0.065000,0.000000,1520.000000,0.000000,0.000000,0.000000,2.000000,0.000000,0.000000,0.000000,0.000000,0.000000,0.000000,0.000000,0.000000,6506,0,33,0
26.289116,0.007787,-0.304268,-1.046691,-0.000127,0.000171,0.003599,0.001945,0.000361,-0.001089,0.000037,-0.000200,0.000443,10.000000,19.000000,-1.000000,0.000000,0.000000,0.000000,0.000000,0.065000,0.000000,1520.000000,0.000000,0.000000,0.000000,2.000000,0.000000,0.000000,0.000000,0.000000,0.000000,0.000000,0.000000,0.000000,6506,0,33,0
26.291071,0.007786,-0.304268,-1.046684,-0.000123,0.000172,0.003596,0.001981,0.000367,-0.001116,0.000038,-0.000204,0.000442,10.000000,19.000000,-1.000000,0.000000,0.000000,0.000000,0.000000,0.065000,0.000000,1520.000000,0.000000,0.000000,0.000000,2.000000,0.000000,0.000000,0.000000,0.000000,0.000000,0.000000,0.000000,0.000000,6506,-1,33,0
26.293024,0.007786,-0.304268,-1.046677,-0.000119,0.000173,0.003594,0.002015,0.000374,-0.001140,0.000038,-0.000207,0.000441,10.000000,19.000000,-1.000000,0.000000,0.000000,0.000000,0.000000,0.065000,0.000000,1520.000000,0.000000,0.000000,0.000000,2.000000,0.000000,0.000000,0.000000,0.000000,0.000000,0.000000,0.000000,0.000000,6506,-1,33,0
26.294977,0.007786,-0.304267,-1.046670,-0.000114,0.000174,0.003592,0.002048,0.000380,-0.001163,0.000039,-0.000211,0.000441,10.000000,19.000000,-1.000000,0.000000,0.000000,0.000000,0.000000,0.065000,0.000000,1520.000000,0.000000,0.000000,0.000000,2.000000,0.000000,0.000000,0.000000,0.000000,0.000000,0.000000,0.000000,0.000000,6506,-1,33,0
26.296932,0.007786,-0.304267,-1.046662,-0.000110,0.000174,0.003589,0.002080,0.000386,-0.001183,0.000040,-0.000214,0.000440,10.000000,19.000000,-1.000000,0.000000,0.000000,0.000000,0.000000,0.065000,0.000000,1520.000000,0.000000,0.000000,0.000000,2.000000,0.000000,0.000000,0.000000,0.000000,0.000000,0.000000,0.000000,0.000000,6506,-1,32,0
26.298885,0.007785,-0.304267,-1.046655,-0.000106,0.000175,0.003587,0.002110,0.000391,-0.001202,0.000040,-0.000217,0.000439,10.000000,19.000000,-1.000000,0.000000,0.000000,0.000000,0.000000,0.065000,0.000000,1520.000000,0.000000,0.000000,0.000000,2.000000,0.000000,0.000000,0.000000,0.000000,0.000000,0.000000,0.000000,0.000000,6506,-1,32,0
26.300840,0.007785,-0.304266,-1.046648,-0.000102,0.000176,0.003585,0.002138,0.000396,-0.001219,0.000041,-0.000220,0.000439,10.000000,19.000000,-1.000000,0.000000,0.000000,0.000000,0.000000,0.065000,0.000000,1520.000000,0.000000,0.000000,0.000000,2.000000,0.000000,0.000000,0.000000,0.000000,0.000000,0.000000,0.000000,0.000000,6506,-1,32,0
26.302794,0.007785,-0.304266,-1.046641,-0.000098,0.000177,0.003582,0.002166,0.000400,-0.001235,0.000041,-0.000222,0.000438,10.000000,19.000000,-1.000000,0.000000,0.000000,0.000000,0.000000,0.065000,0.000000,1520.000000,0.000000,0.000000,0.000000,2.000000,0.000000,0.000000,0.000000,0.000000,0.000000,0.000000,0.000000,0.000000,6506,-1,32,0
26.304749,0.007785,-0.304266,-1.046634,-0.000093,0.000178,0.003580,0.002191,0.000404,-0.001249,0.000041,-0.000225,0.000438,10.000000,19.000000,-1.000000,0.000000,0.000000,0.000000,0.000000,0.065000,0.000000,1520.000000,0.000000,0.000000,0.000000,2.000000,0.000000,0.000000,0.000000,0.000000,0.000000,0.000000,0.000000,0.000000,6506,-1,32,0
26.306702,0.007785,-0.304265,-1.046627,-0.000089,0.000178,0.003577,0.002216,0.000406,-0.001262,0.000042,-0.000227,0.000437,10.000000,19.000000,-1.000000,0.000000,0.000000,0.000000,0.000000,0.065000,0.000000,1520.000000,0.000000,0.000000,0.000000,2.000000,0.000000,0.000000,0.000000,0.000000,0.000000,0.000000,0.000000,0.000000,6506,-1,32,0
26.308657,0.007785,-0.304265,-1.046619,-0.000084,0.000179,0.003575,0.002239,0.000408,-0.001274,0.000042,-0.000230,0.000437,10.000000,19.000000,-1.000000,0.000000,0.000000,0.000000,0.000000,0.065000,0.000000,1520.000000,0.000000,0.000000,0.000000,2.000000,0.000000,0.000000,0.000000,0.000000,0.000000,0.000000,0.000000,0.000000,6506,0,32,0
26.310610,0.007784,-0.304264,-1.046612,-0.000080,0.000180,0.003572,0.002261,0.000409,-0.001285,0.000042,-0.000232,0.000436,10.000000,19.000000,-1.000000,0.000000,0.000000,0.000000,0.000000,0.065000,0.000000,1520.000000,0.000000,0.000000,0.000000,2.000000,0.000000,0.000000,0.000000,0.000000,0.000000,0.000000,0.000000,0.000000,6506,0,32,0
26.312565,0.007784,-0.304264,-1.046605,-0.000075,0.000181,0.003569,0.002281,0.000409,-0.001295,0.000042,-0.000234,0.000435,10.000000,19.000000,-1.000000,0.000000,0.000000,0.000000,0.000000,0.065000,0.000000,1520.000000,0.000000,0.000000,0.000000,2.000000,0.000000,0.000000,0.000000,0.000000,0.000000,0.000000,0.000000,0.000000,6506,0,32,0
26.314518,0.007784,-0.304264,-1.046598,-0.000071,0.000182,0.003567,0.002301,0.000408,-0.001304,0.000041,-0.000236,0.000435,10.000000,19.000000,-1.000000,0.000000,0.000000,0.000000,0.000000,0.065000,0.000000,1520.000000,0.000000,0.000000,0.000000,2.000000,0.000000,0.000000,0.000000,0.000000,0.000000,0.000000,0.000000,0.000000,6506,0,32,0
26.316471,0.007784,-0.304263,-1.046591,-0.000066,0.000182,0.003564,0.002320,0.000406,-0.001313,0.000041,-0.000238,0.000434,10.000000,19.000000,-1.000000,0.000000,0.000000,0.000000,0.000000,0.065000,0.000000,1520.000000,0.000000,0.000000,0.000000,2.000000,0.000000,0.000000,0.000000,0.000000,0.000000,0.000000,0.000000,0.000000,6506,0,32,0
26.318426,0.007784,-0.304263,-1.046584,-0.000061,0.000183,0.003562,0.002337,0.000403,-0.001320,0.000041,-0.000239,0.000434,10.000000,19.000000,-1.000000,0.000000,0.000000,0.000000,0.000000,0.065000,0.000000,1520.000000,0.000000,0.000000,0.000000,2.000000,0.000000,0.000000,0.000000,0.000000,0.000000,0.000000,0.000000,0.000000,6506,0,32,0
26.320379,0.007784,-0.304263,-1.046577,-0.000057,0.000184,0.003559,0.002353,0.000400,-0.001327,0.000041,-0.000241,0.000433,10.000000,19.000000,-1.000000,0.000000,0.000000,0.000000,0.000000,0.065000,0.000000,1520.000000,0.000000,0.000000,0.000000,2.000000,0.000000,0.000000,0.000000,0.000000,0.000000,0.000000,0.000000,0.000000,6506,0,32,0
26.322334,0.007784,-0.304262,-1.046569,-0.000052,0.000185,0.003556,0.002369,0.000396,-0.001332,0.000040,-0.000242,0.000433,10.000000,19.000000,-1.000000,0.000000,0.000000,0.000000,0.000000,0.065000,0.000000,1520.000000,0.000000,0.000000,0.000000,2.000000,0.000000,0.000000,0.000000,0.000000,0.000000,0.000000,0.000000,0.000000,6506,0,32,0
26.324287,0.007783,-0.304262,-1.046562,-0.000047,0.000186,0.003554,0.002383,0.000392,-0.001338,0.000040,-0.000244,0.000432,10.000000,19.000000,-1.000000,0.000000,0.000000,0.000000,0.000000,0.065000,0.000000,1520.000000,0.000000,0.000000,0.000000,2.000000,0.000000,0.000000,0.000000,0.000000,0.000000,0.000000,0.000000,0.000000,6506,0,32,0
26.326242,0.007783,-0.304262,-1.046555,-0.000042,0.000186,0.003551,0.002397,0.000387,-0.001343,0.000039,-0.000245,0.000432,10.000000,19.000000,-1.000000,0.000000,0.000000,0.000000,0.000000,0.065000,0.000000,1520.000000,0.000000,0.000000,0.000000,2.000000,0.000000,0.000000,0.000000,0.000000,0.000000,0.000000,0.000000,0.000000,6506,0,32,0
26.328196,0.007783,-0.304261,-1.046548,-0.000038,0.000187,0.003548,0.002410,0.000382,-0.001348,0.000039,-0.000246,0.000431,10.000000,19.000000,-1.000000,0.000000,0.000000,0.000000,0.000000,0.065000,0.000000,1520.000000,0.000000,0.000000,0.000000,2.000000,0.000000,0.000000,0.000000,0.000000,0.000000,0.000000,0.000000,0.000000,6506,0,32,0
26.330151,0.007783,-0.304261,-1.046541,-0.000033,0.000188,0.003546,0.002421,0.000376,-0.001352,0.000038,-0.000248,0.000430,10.000000,19.000000,-1.000000,0.000000,0.000000,0.000000,0.000000,0.065000,0.000000,1520.000000,0.000000,0.000000,0.000000,2.000000,0.000000,0.000000,0.000000,0.000000,0.000000,0.000000,0.000000,0.000000,6506,0,32,0
26.332104,0.007783,-0.304260,-1.046534,-0.000028,0.000189,0.003543,0.002432,0.000370,-0.001356,0.000037,-0.000249,0.000430,10.000000,19.000000,-1.000000,0.000000,0.000000,0.000000,0.000000,0.065000,0.000000,1520.000000,0.000000,0.000000,0.000000,2.000000,0.000000,0.000000,0.000000,0.000000,0.000000,0.000000,0.000000,0.000000,6506,0,32,0
26.334059,0.007783,-0.304260,-1.046527,-0.000023,0.000189,0.003540,0.002442,0.000364,-0.001359,0.000037,-0.000250,0.000429,10.000000,19.000000,-1.000000,0.000000,0.000000,0.000000,0.000000,0.065000,0.000000,1520.000000,0.000000,0.000000,0.000000,2.000000,0.000000,0.000000,0.000000,0.000000,0.000000,0.000000,0.000000,0.000000,6506,0,32,0
26.336012,0.007783,-0.304260,-1.046520,-0.000018,0.000190,0.003537,0.002451,0.000357,-0.001362,0.000036,-0.000251,0.000429,10.000000,19.000000,-1.000000,0.000000,0.000000,0.000000,0.000000,0.065000,0.000000,1520.000000,0.000000,0.000000,0.000000,2.000000,0.000000,0.000000,0.000000,0.000000,0.000000,0.000000,0.000000,0.000000,6506,0,32,0
26.337967,0.007783,-0.304259,-1.046513,-0.000013,0.000191,0.003535,0.002460,0.000350,-0.001365,0.000035,-0.000251,0.000428,10.000000,19.000000,-1.000000,0.000000,0.000000,0.000000,0.000000,0.065000,0.000000,1520.000000,0.000000,0.000000,0.000000,2.000000,0.000000,0.000000,0.000000,0.000000,0.000000,0.000000,0.000000,0.000000,6506,0,32,0
26.339920,0.007783,-0.304259,-1.046506,-0.000008,0.000192,0.003532,0.002467,0.000343,-0.001367,0.000035,-0.000252,0.000428,10.000000,19.000000,-1.000000,0.000000,0.000000,0.000000,0.000000,0.065000,0.000000,1520.000000,0.000000,0.000000,0.000000,2.000000,0.000000,0.000000,0.000000,0.000000,0.000000,0.000000,0.000000,0.000000,6506,0,32,1
26.341873,0.007783,-0.304258,-1.046499,-0.000003,0.000192,0.003529,0.002474,0.000334,-0.001369,0.000034,-0.000253,0.000427,10.000000,19.000000,-1.000000,0.000000,0.000000,0.000000,0.000000,0.065000,0.000000,1520.000000,0.000000,0.000000,0.000000,2.000000,0.000000,0.000000,0.000000,0.000000,0.000000,0.000000,0.000000,0.000000,6506,0,31,1
26.343828,0.007783,-0.304258,-1.046492,0.000002,0.000193,0.003526,0.002479,0.000326,-0.001371,0.000033,-0.000253,0.000427,10.000000,19.000000,-1.000000,0.000000,0.000000,0.000000,0.000000,0.065000,0.000000,1520.000000,0.000000,0.000000,0.000000,2.000000,0.000000,0.000000,0.000000,0.000000,0.000000,0.000000,0.000000,0.000000,6506,0,31,1
26.345781,0.007783,-0.304258,-1.046485,0.000007,0.000193,0.003524,0.002484,0.000319,-0.001373,0.000032,-0.000254,0.000426,10.000000,19.000000,-1.000000,0.000000,0.000000,0.000000,0.000000,0.065000,0.000000,1520.000000,0.000000,0.000000,0.000000,2.000000,0.000000,0.000000,0.000000,0.000000,0.000000,0.000000,0.000000,0.000000,6506,0,34,1
26.347736,0.007783,-0.304257,-1.046478,0.000012,0.000194,0.003521,0.002489,0.000311,-0.001374,0.000031,-0.000254,0.000426,10.000000,19.000000,-1.000000,0.000000,0.000000,0.000000,0.000000,0.065000,0.000000,1520.000000,0.000000,0.000000,0.000000,2.000000,0.000000,0.000000,0.000000,0.000000,0.000000,0.000000,0.000000,0.000000,6506,0,34,2
26.349689,0.007783,-0.304257,-1.046471,0.000017,0.000195,0.003518,0.002492,0.000301,-0.001374,0.000031,-0.000254,0.000426,10.000000,19.000000,-1.000000,0.000000,0.000000,0.000000,0.000000,0.065000,0.000000,1520.000000,0.000000,0.000000,0.000000,2.000000,0.000000,0.000000,0.000000,0.000000,0.000000,0.000000,0.000000,0.000000,6506,0,34,2
26.351645,0.007783,-0.304257,-1.046463,0.000022,0.000195,0.003515,0.002494,0.000293,-0.001373,0.000030,-0.000255,0.000425,10.000000,19.000000,-1.000000,0.000000,0.000000,0.000000,0.000000,0.065000,0.000000,1520.000000,0.000000,0.000000,0.000000,2.000000,0.000000,0.000000,0.000000,0.000000,0.000000,0.000000,0.000000,0.000000,6506,0,34,2
26.353598,0.007783,-0.304256,-1.046456,0.000027,0.000196,0.003513,0.002495,0.000285,-0.001373,0.000029,-0.000255,0.000425,10.000000,19.000000,-1.000000,0.000000,0.000000,0.000000,0.000000,0.065000,0.000000,1520.000000,0.000000,0.000000,0.000000,2.000000,0.000000,0.000000,0.000000,0.000000,0.000000,0.000000,0.000000,0.000000,6506,0,34,3
26.355553,0.007783,-0.304256,-1.046449,0.000032,0.000196,0.003510,0.002495,0.000275,-0.001373,0.000028,-0.000254,0.000425,10.000000,19.000000,-1.000000,0.000000,0.000000,0.000000,0.000000,0.065000,0.000000,1520.000000,0.000000,0.000000,0.000000,2.000000,0.000000,0.000000,0.000000,0.000000,0.000000,0.000000,0.000000,0.000000,6506,0,34,3
26.357506,0.007783,-0.304255,-1.046442,0.000037,0.000197,0.003507,0.002493,0.000267,-0.001374,0.000027,-0.000254,0.000425,10.000000,19.000000,-1.000000,0.000000,0.000000,0.000000,0.000000,0.065000,0.000000,1520.000000,0.000000,0.000000,0.000000,2.000000,0.000000,0.000000,0.000000,0.000000,0.000000,0.000000,0.000000,0.000000,6506,0,34,3
26.359461,0.007783,-0.304255,-1.046435,0.000042,0.000197,0.003504,0.002489,0.000259,-0.001374,0.000026,-0.000254,0.000424,10.000000,19.000000,-1.000000,0.000000,0.000000,0.000000,0.000000,0.065000,0.000000,1520.000000,0.000000,0.000000,0.000000,2.000000,0.000000,0.000000,0.000000,0.000000,0.000000,0.000000,0.000000,0.000000,6506,0,34,3
26.361414,0.007783,-0.304255,-1.046428,0.000046,0.000198,0.003502,0.002484,0.000250,-0.001374,0.000025,-0.000253,0.000424,10.000000,19.000000,-1.000000,0.000000,0.000000,0.000000,0.000000,0.065000,0.000000,1520.000000,0.000000,0.000000,0.000000,2.000000,0.000000,0.000000,0.000000,0.000000,0.000000,0.000000,0.000000,0.000000,6506,0,34,4
26.363367,0.007784,-0.304254,-1.046421,0.000051,0.000198,0.003499,0.002476,0.000240,-0.001374,0.000024,-0.000252,0.000424,10.000000,19.000000,-1.000000,0.000000,0.000000,0.000000,0.000000,0.065000,0.000000,1520.000000,0.000000,0.000000,0.000000,2.000000,0.000000,0.000000,0.000000,0.000000,0.000000,0.000000,0.000000,0.000000,6506,0,34,4
26.365322,0.007784,-0.304254,-1.046414,0.000056,0.000199,0.003496,0.002467,0.000232,-0.001375,0.000024,-0.000251,0.000425,10.000000,19.000000,-1.000000,0.000000,0.000000,0.000000,0.000000,0.065000,0.000000,1520.000000,0.000000,0.000000,0.000000,2.000000,0.000000,0.000000,0.000000,0.000000,0.000000,0.000000,0.000000,0.000000,6506,0,34,4
26.367275,0.007784,-0.304253,-1.046407,0.000061,0.000199,0.003493,0.002456,0.000223,-0.001375,0.000023,-0.000250,0.000425,10.000000,19.000000,-1.000000,0.000000,0.000000,0.000000,0.000000,0.065000,0.000000,1520.000000,0.000000,0.000000,0.000000,2.000000,0.000000,0.000000,0.000000,0.000000,0.000000,0.000000,0.000000,0.000000,6506,0,33,4
26.369230,0.007784,-0.304253,-1.046400,0.000066,0.000200,0.003491,0.002442,0.000214,-0.001375,0.000022,-0.000248,0.000425,10.000000,19.000000,-1.000000,0.000000,0.000000,0.000000,0.000000,0.065000,0.000000,1520.000000,0.000000,0.000000,0.000000,2.000000,0.000000,0.000000,0.000000,0.000000,0.000000,0.000000,0.000000,0.000000,6506,0,33,4
26.371183,0.007784,-0.304253,-1.046393,0.000071,0.000200,0.003488,0.002427,0.000206,-0.001376,0.000021,-0.000247,0.000425,10.000000,19.000000,-1.000000,0.000000,0.000000,0.000000,0.000000,0.065000,0.000000,1520.000000,0.000000,0.000000,0.000000,2.000000,0.000000,0.000000,0.000000,0.000000,0.000000,0.000000,0.000000,0.000000,6506,0,33,4
26.373138,0.007784,-0.304252,-1.046386,0.000076,0.000201,0.003485,0.002409,0.000197,-0.001377,0.000020,-0.000245,0.000426,10.000000,19.000000,-1.000000,0.000000,0.000000,0.000000,0.000000,0.065000,0.000000,1520.000000,0.000000,0.000000,0.000000,2.000000,0.000000,0.000000,0.000000,0.000000,0.000000,0.000000,0.000000,0.000000,6506,0,33,4
26.375092,0.007784,-0.304252,-1.046380,0.000081,0.000201,0.003482,0.002389,0.000188,-0.001377,0.000019,-0.000243,0.000426,10.000000,19.000000,-1.000000,0.000000,0.000000,0.000000,0.000000,0.065000,0.000000,1520.000000,0.000000,0.000000,0.000000,2.000000,0.000000,0.000000,0.000000,0.000000,0.000000,0.000000,0.000000,0.000000,6506,0,33,4
26.377047,0.007785,-0.304251,-1.046373,0.000085,0.000201,0.003480,0.002367,0.000179,-0.001377,0.000018,-0.000240,0.000427,10.000000,19.000000,-1.000000,0.000000,0.000000,0.000000,0.000000,0.065000,0.000000,1520.000000,0.000000,0.000000,0.000000,2.000000,0.000000,0.000000,0.000000,0.000000,0.000000,0.000000,0.000000,0.000000,6506,0,33,4
26.379000,0.007785,-0.304251,-1.046366,0.000090,0.000202,0.003477,0.002343,0.000170,-0.001377,0.000017,-0.000238,0.000427,10.000000,19.000000,-1.000000,0.000000,0.000000,0.000000,0.000000,0.065000,0.000000,1520.000000,0.000000,0.000000,0.000000,2.000000,0.000000,0.000000,0.000000,0.000000,0.000000,0.000000,0.000000,0.000000,6506,0,33,5
26.380955,0.007785,-0.304251,-1.046359,0.000095,0.000202,0.003474,0.002317,0.000160,-0.001377,0.000016,-0.000235,0.000428,10.000000,19.000000,-1.000000,0.000000,0.000000,0.000000,0.000000,0.065000,0.000000,1520.000000,0.000000,0.000000,0.000000,2.000000,0.000000,0.000000,0.000000,0.000000,0.000000,0.000000,0.000000,0.000000,6506,0,32,5
26.382908,0.007785,-0.304250,-1.046352,0.000099,0.000202,0.003471,0.002288,0.000151,-0.001378,0.000015,-0.000232,0.000428,10.000000,19.000000,-1.000000,0.000000,0.000000,0.000000,0.000000,0.065000,0.000000,1520.000000,0.000000,0.000000,0.000000,2.000000,0.000000,0.000000,0.000000,0.000000,0.000000,0.000000,0.000000,0.000000,6506,0,32,5
26.384863,0.007785,-0.304250,-1.046345,0.000104,0.000203,0.003469,0.002258,0.000142,-0.001378,0.000014,-0.000229,0.000429,10.000000,19.000000,-1.000000,0.000000,0.000000,0.000000,0.000000,0.065000,0.000000,1520.000000,0.000000,0.000000,0.000000,2.000000,0.000000,0.000000,0.000000,0.000000,0.000000,0.000000,0.000000,0.000000,6506,0,32,4
26.386816,0.007786,-0.304249,-1.046338,0.000108,0.000203,0.003466,0.002226,0.000135,-0.001378,0.000013,-0.000225,0.000430,10.000000,19.000000,-1.000000,0.000000,0.000000,0.000000,0.000000,0.065000,0.000000,1520.000000,0.000000,0.000000,0.000000,2.000000,0.000000,0.000000,0.000000,0.000000,0.000000,0.000000,0.000000,0.000000,6506,0,32,4
26.388769,0.007786,-0.304249,-1.046331,0.000113,0.000203,0.003463,0.002192,0.000125,-0.001379,0.000012,-0.000222,0.000431,10.000000,19.000000,-1.000000,0.000000,0.000000,0.000000,0.000000,0.065000,0.000000,1520.000000,0.000000,0.000000,0.000000,2.000000,0.000000,0.000000,0.000000,0.000000,0.000000,0.000000,0.000000,0.000000,6506,0,32,4
26.390724,0.007786,-0.304249,-1.046324,0.000117,0.000203,0.003460,0.002156,0.000116,-0.001380,0.000012,-0.000218,0.000432,10.000000,19.000000,-1.000000,0.000000,0.000000,0.000000,0.000000,0.065000,0.000000,1520.000000,0.000000,0.000000,0.000000,2.000000,0.000000,0.000000,0.000000,0.000000,0.000000,0.000000,0.000000,0.000000,6506,0,32,4
26.392677,0.007786,-0.304248,-1.046317,0.000121,0.000204,0.003458,0.002119,0.000107,-0.001381,0.000011,-0.000214,0.000433,10.000000,19.000000,-1.000000,0.000000,0.000000,0.000000,0.000000,0.065000,0.000000,1520.000000,0.000000,0.000000,0.000000,2.000000,0.000000,0.000000,0.000000,0.000000,0.000000,0.000000,0.000000,0.000000,6506,0,32,4
26.394632,0.007786,-0.304248,-1.046310,0.000126,0.000204,0.003455,0.002080,0.000098,-0.001382,0.000010,-0.000210,0.000433,10.000000,19.000000,-1.000000,0.000000,0.000000,0.000000,0.000000,0.065000,0.000000,1520.000000,0.000000,0.000000,0.000000,2.000000,0.000000,0.000000,0.000000,0.000000,0.000000,0.000000,0.000000,0.000000,6506,0,31,4
26.396585,0.007787,-0.304247,-1.046303,0.000130,0.000204,0.003452,0.002040,0.000089,-0.001383,0.000009,-0.000206,0.000434,10.000000,19.000000,-1.000000,0.000000,0.000000,0.000000,0.000000,0.065000,0.000000,1520.000000,0.000000,0.000000,0.000000,2.000000,0.000000,0.000000,0.000000,0.000000,0.000000,0.000000,0.000000,0.000000,6506,0,31,4
26.398540,0.007787,-0.304247,-1.046296,0.000134,0.000204,0.003449,0.001998,0.000080,-0.001384,0.000008,-0.000202,0.000435,10.000000,19.000000,-1.000000,0.000000,0.000000,0.000000,0.000000,0.065000,0.000000,1520.000000,0.000000,0.000000,0.000000,2.000000,0.000000,0.000000,0.000000,0.000000,0.000000,0.000000,0.000000,0.000000,6506,0,31,4
26.400494,0.007787,-0.304247,-1.046289,0.000138,0.000204,0.003447,0.001955,0.000070,-0.001386,0.000007,-0.000197,0.000436,10.000000,19.000000,-1.000000,0.000000,0.000000,0.000000,0.000000,0.065000,0.000000,1520.000000,0.000000,0.000000,0.000000,2.000000,0.000000,0.000000,0.000000,0.000000,0.000000,0.000000,0.000000,0.000000,6506,0,31,4
26.402449,0.007788,-0.304246,-1.046283,0.000141,0.000204,0.003444,0.001911,0.000061,-0.001387,0.000006,-0.000193,0.000438,10.000000,19.000000,-1.000000,0.000000,0.000000,0.000000,0.000000,0.065000,0.000000,1520.000000,0.000000,0.000000,0.000000,2.000000,0.000000,0.000000,0.000000,0.000000,0.000000,0.000000,0.000000,0.000000,6506,0,31,4
26.404402,0.007788,-0.304246,-1.046276,0.000145,0.000205,0.003441,0.001867,0.000052,-0.001387,0.000005,-0.000188,0.000439,10.000000,19.000000,-1.000000,0.000000,0.000000,0.000000,0.000000,0.065000,0.000000,1520.000000,0.000000,0.000000,0.000000,2.000000,0.000000,0.000000,0.000000,0.000000,0.000000,0.000000,0.000000,0.000000,6506,0,31,4
26.406357,0.007788,-0.304245,-1.046269,0.000149,0.000205,0.003438,0.001822,0.000042,-0.001388,0.000004,-0.000184,0.000440,10.000000,19.000000,-1.000000,0.000000,0.000000,0.000000,0.000000,0.065000,0.000000,1520.000000,0.000000,0.000000,0.000000,2.000000,0.000000,0.000000,0.000000,0.000000,0.000000,0.000000,0.000000,0.000000,6506,0,31,3
26.408310,0.007788,-0.304245,-1.046262,0.000152,0.000205,0.003436,0.001776,0.000035,-0.001389,0.000003,-0.000179,0.000441,10.000000,19.000000,-1.000000,0.000000,0.000000,0.000000,0.000000,0.065000,0.000000,1520.000000,0.000000,0.000000,0.000000,2.000000,0.000000,0.000000,0.000000,0.000000,0.000000,0.000000,0.000000,0.000000,6506,0,31,3
26.410263,0.007789,-0.304244,-1.046255,0.000156,0.000205,0.003433,0.001729,0.000026,-0.001390,0.000002,-0.000174,0.000442,10.000000,19.000000,-1.000000,0.000000,0.000000,0.000000,0.000000,0.065000,0.000000,1520.000000,0.000000,0.000000,0.000000,2.000000,0.000000,0.000000,0.000000,0.000000,0.000000,0.000000,0.000000,0.000000,6506,0,30,3
26.412218,0.007789,-0.304244,-1.046248,0.000159,0.000205,0.003430,0.001682,0.000016,-0.001391,0.000001,-0.000169,0.000443,10.000000,19.000000,-1.000000,0.000000,0.000000,0.000000,0.000000,0.065000,0.000000,1520.000000,0.000000,0.000000,0.000000,2.000000,0.000000,0.000000,0.000000,0.000000,0.000000,0.000000,0.000000,0.000000,6506,0,30,3
26.414171,0.007789,-0.304244,-1.046241,0.000163,0.000205,0.003427,0.001635,0.000007,-0.001392,0.000000,-0.000164,0.000444,10.000000,19.000000,-1.000000,0.000000,0.000000,0.000000,0.000000,0.065000,0.000000,1520.000000,0.000000,0.000000,0.000000,2.000000,0.000000,0.000000,0.000000,0.000000,0.000000,0.000000,0.000000,0.000000,6506,0,30,3
26.416126,0.007790,-0.304243,-1.046234,0.000166,0.000205,0.003424,0.001587,-0.000003,-0.001394,-0.000001,-0.000160,0.000445,10.000000,19.000000,-1.000000,0.000000,0.000000,0.000000,0.000000,0.065000,0.000000,1520.000000,0.000000,0.000000,0.000000,2.000000,0.000000,0.000000,0.000000,0.000000,0.000000,0.000000,0.000000,0.000000,6506,0,30,3
26.418079,0.007790,-0.304243,-1.046228,0.000169,0.000205,0.003422,0.001540,-0.000012,-0.001394,-0.000002,-0.000155,0.000447,10.000000,19.000000,-1.000000,0.000000,0.000000,0.000000,0.000000,0.065000,0.000000,1520.000000,0.000000,0.000000,0.000000,2.000000,0.000000,0.000000,0.000000,0.000000,0.000000,0.000000,0.000000,0.000000,6506,0,30,3
26.420034,0.007790,-0.304242,-1.046221,0.000172,0.000205,0.003419,0.001492,-0.000022,-0.001395,-0.000003,-0.000150,0.000448,10.000000,19.000000,-1.000000,0.000000,0.000000,0.000000,0.000000,0.065000,0.000000,1520.000000,0.000000,0.000000,0.000000,2.000000,0.000000,0.000000,0.000000,0.000000,0.000000,0.000000,0.000000,0.000000,6506,0,30,2
26.421988,0.007791,-0.304242,-1.046214,0.000175,0.000205,0.003416,0.001445,-0.000029,-0.001396,-0.000004,-0.000145,0.000449,10.000000,19.000000,-1.000000,0.000000,0.000000,0.000000,0.000000,0.065000,0.000000,1520.000000,0.000000,0.000000,0.000000,2.000000,0.000000,0.000000,0.000000,0.000000,0.000000,0.000000,0.000000,0.000000,6506,0,30,2
26.423943,0.007791,-0.304242,-1.046207,0.000178,0.000205,0.003413,0.001397,-0.000039,-0.001396,-0.000005,-0.000140,0.000450,10.000000,19.000000,-1.000000,0.000000,0.000000,0.000000,0.000000,0.065000,0.000000,1520.000000,0.000000,0.000000,0.000000,2.000000,0.000000,0.000000,0.000000,0.000000,0.000000,0.000000,0.000000,0.000000,6506,0,30,2
26.425896,0.007791,-0.304241,-1.046200,0.000180,0.000205,0.003410,0.001350,-0.000048,-0.001397,-0.000006,-0.000135,0.000451,10.000000,19.000000,-1.000000,0.000000,0.000000,0.000000,0.000000,0.065000,0.000000,1520.000000,0.000000,0.000000,0.000000,2.000000,0.000000,0.000000,0.000000,0.000000,0.000000,0.000000,0.000000,0.000000,6506,0,30,2
26.427851,0.007792,-0.304241,-1.046193,0.000183,0.000204,0.003408,0.001303,-0.000058,-0.001397,-0.000006,-0.000131,0.000452,10.000000,19.000000,-1.000000,0.000000,0.000000,0.000000,0.000000,0.065000,0.000000,1520.000000,0.000000,0.000000,0.000000,2.000000,0.000000,0.000000,0.000000,0.000000,0.000000,0.000000,0.000000,0.000000,6506,0,30,2
26.429804,0.007792,-0.304240,-1.046187,0.000186,0.000204,0.003405,0.001257,-0.000067,-0.001397,-0.000007,-0.000126,0.000453,10.000000,19.000000,-1.000000,0.000000,0.000000,0.000000,0.000000,0.065000,0.000000,1520.000000,0.000000,0.000000,0.000000,2.000000,0.000000,0.000000,0.000000,0.000000,0.000000,0.000000,0.000000,0.000000,6506,0,30,2
26.431759,0.007793,-0.304240,-1.046180,0.000188,0.000204,0.003402,0.001210,-0.000077,-0.001397,-0.000008,-0.000121,0.000454,10.000000,19.000000,-1.000000,0.000000,0.000000,0.000000,0.000000,0.065000,0.000000,1520.000000,0.000000,0.000000,0.000000,2.000000,0.000000,0.000000,0.000000,0.000000,0.000000,0.000000,0.000000,0.000000,6506,0,30,2
26.433712,0.007793,-0.304240,-1.046173,0.000190,0.000204,0.003399,0.001164,-0.000086,-0.001397,-0.000009,-0.000116,0.000456,10.000000,19.000000,-1.000000,0.000000,0.000000,0.000000,0.000000,0.065000,0.000000,1520.000000,0.000000,0.000000,0.000000,2.000000,0.000000,0.000000,0.000000,0.000000,0.000000,0.000000,0.000000,0.000000,6506,0,30,1
26.435665,0.007793,-0.304239,-1.046166,0.000193,0.000204,0.003396,0.001119,-0.000094,-0.001397,-0.000010,-0.000112,0.000457,10.000000,19.000000,-1.000000,0.000000,0.000000,0.000000,0.000000,0.065000,0.000000,1520.000000,0.000000,0.000000,0.000000,2.000000,0.000000,0.000000,0.000000,0.000000,0.000000,0.000000,0.000000,0.000000,6506,0,30,1
26.437620,0.007794,-0.304239,-1.046160,0.000195,0.000204,0.003394,0.001073,-0.000104,-0.001398,-0.000011,-0.000107,0.000458,10.000000,19.000000,-1.000000,0.000000,0.000000,0.000000,0.000000,0.065000,0.000000,1520.000000,0.000000,0.000000,0.000000,2.000000,0.000000,0.000000,0.000000,0.000000,0.000000,0.000000,0.000000,0.000000,6506,0,30,1
26.439573,0.007794,-0.304238,-1.046153,0.000197,0.000203,0.003391,0.001029,-0.000113,-0.001398,-0.000012,-0.000103,0.000459,10.000000,19.000000,-1.000000,0.000000,0.000000,0.000000,0.000000,0.065000,0.000000,1520.000000,0.000000,0.000000,0.000000,2.000000,0.000000,0.000000,0.000000,0.000000,0.000000,0.000000,0.000000,0.000000,6506,0,30,1
26.441528,0.007795,-0.304238,-1.046146,0.000199,0.000203,0.003388,0.000984,-0.000123,-0.001398,-0.000013,-0.000098,0.000460,10.000000,19.000000,-1.000000,0.000000,0.000000,0.000000,0.000000,0.065000,0.000000,1520.000000,0.000000,0.000000,0.000000,2.000000,0.000000,0.000000,0.000000,0.000000,0.000000,0.000000,0.000000,0.000000,6506,0,30,1
26.443481,0.007795,-0.304238,-1.046139,0.000201,0.000203,0.003385,0.000941,-0.000132,-0.001398,-0.000014,-0.000094,0.000461,10.000000,19.000000,-1.000000,0.000000,0.000000,0.000000,0.000000,0.065000,0.000000,1520.000000,0.000000,0.000000,0.000000,2.000000,0.000000,0.000000,0.000000,0.000000,0.000000,0.000000,0.000000,0.000000,6506,0,30,1
26.445436,0.007795,-0.304237,-1.046132,0.000203,0.000203,0.003382,0.000898,-0.000142,-0.001398,-0.000015,-0.000089,0.000462,10.000000,19.000000,-1.000000,0.000000,0.000000,0.000000,0.000000,0.065000,0.000000,1520.000000,0.000000,0.000000,0.000000,2.000000,0.000000,0.000000,0.000000,0.000000,0.000000,0.000000,0.000000,0.000000,6506,0,30,1
26.447390,0.007796,-0.304237,-1.046126,0.000204,0.000202,0.003380,0.000855,-0.000152,-0.001399,-0.000016,-0.000085,0.000463,10.000000,19.000000,-1.000000,0.000000,0.000000,0.000000,0.000000,0.065000,0.000000,1520.000000,0.000000,0.000000,0.000000,2.000000,0.000000,0.000000,0.000000,0.000000,0.000000,0.000000,0.000000,0.000000,6506,0,30,1
26.449345,0.007796,-0.304236,-1.046119,0.000206,0.000202,0.003377,0.000814,-0.000161,-0.001399,-0.000017,-0.000081,0.000463,10.000000,19.000000,-1.000000,0.000000,0.000000,0.000000,0.000000,0.065000,0.000000,1520.000000,0.000000,0.000000,0.000000,2.000000,0.000000,0.000000,0.000000,0.000000,0.000000,0.000000,0.000000,0.000000,6506,0,30,1
26.451298,0.007797,-0.304236,-1.046112,0.000207,0.000202,0.003374,0.000773,-0.000171,-0.001399,-0.000018,-0.000077,0.000464,10.000000,19.000000,-1.000000,0.000000,0.000000,0.000000,0.000000,0.065000,0.000000,1520.000000,0.000000,0.000000,0.000000,2.000000,0.000000,0.000000,0.000000,0.000000,0.000000,0.000000,0.000000,0.000000,6506,0,30,1
26.453253,0.007797,-0.304236,-1.046105,0.000209,0.000201,0.003371,0.000733,-0.000180,-0.001399,-0.000019,-0.000073,0.000465,10.000000,19.000000,-1.000000,0.000000,0.000000,0.000000,0.000000,0.065000,0.000000,1520.000000,0.000000,0.000000,0.000000,2.000000,0.000000,0.000000,0.000000,0.000000,0.000000,0.000000,0.000000,0.000000,6506,0,30,1
26.455206,0.007797,-0.304235,-1.046099,0.000210,0.000201,0.003368,0.000694,-0.000190,-0.001400,-0.000020,-0.000069,0.000466,10.000000,19.000000,-1.000000,0.000000,0.000000,0.000000,0.000000,0.065000,0.000000,1520.000000,0.000000,0.000000,0.000000,2.000000,0.000000,0.000000,0.000000,0.000000,0.000000,0.000000,0.000000,0.000000,6506,0,30,0
26.457161,0.007798,-0.304235,-1.046092,0.000212,0.000201,0.003366,0.000655,-0.000197,-0.001400,-0.000021,-0.000065,0.000467,10.000000,19.000000,-1.000000,0.000000,0.000000,0.000000,0.000000,0.065000,0.000000,1520.000000,0.000000,0.000000,0.000000,2.000000,0.000000,0.000000,0.000000,0.000000,0.000000,0.000000,0.000000,0.000000,6506,0,30,0
26.459114,0.007798,-0.304234,-1.046085,0.000213,0.000200,0.003363,0.000618,-0.000207,-0.001400,-0.000022,-0.000061,0.000468,10.000000,19.000000,-1.000000,0.000000,0.000000,0.000000,0.000000,0.065000,0.000000,1520.000000,0.000000,0.000000,0.000000,2.000000,0.000000,0.000000,0.000000,0.000000,0.000000,0.000000,0.000000,0.000000,6506,0,30,0
26.461067,0.007799,-0.304234,-1.046078,0.000214,0.000200,0.003360,0.000581,-0.000217,-0.001399,-0.000023,-0.000057,0.000469,10.000000,19.000000,-1.000000,0.000000,0.000000,0.000000,0.000000,0.065000,0.000000,1520.000000,0.000000,0.000000,0.000000,2.000000,0.000000,0.000000,0.000000,0.000000,0.000000,0.000000,0.000000,0.000000,6506,0,30,0
26.463022,0.007799,-0.304233,-1.046072,0.000215,0.000199,0.003357,0.000546,-0.000226,-0.001399,-0.000024,-0.000054,0.000469,10.000000,19.000000,-1.000000,0.000000,0.000000,0.000000,0.000000,0.065000,0.000000,1520.000000,0.000000,0.000000,0.000000,2.000000,0.000000,0.000000,0.000000,0.000000,0.000000,0.000000,0.000000,0.000000,6506,0,30,0
26.464975,0.007800,-0.304233,-1.046065,0.000216,0.000199,0.003354,0.000510,-0.000236,-0.001399,-0.000025,-0.000050,0.000470,10.000000,19.000000,-1.000000,0.000000,0.000000,0.000000,0.000000,0.065000,0.000000,1520.000000,0.000000,0.000000,0.000000,2.000000,0.000000,0.000000,0.000000,0.000000,0.000000,0.000000,0.000000,0.000000,6506,0,30,0
26.466930,0.007800,-0.304233,-1.046058,0.000217,0.000198,0.003352,0.000476,-0.000245,-0.001399,-0.000026,-0.000047,0.000471,10.000000,19.000000,-1.000000,0.000000,0.000000,0.000000,0.000000,0.065000,0.000000,1520.000000,0.000000,0.000000,0.000000,2.000000,0.000000,0.000000,0.000000,0.000000,0.000000,0.000000,0.000000,0.000000,6506,0,29,0
26.468884,0.007800,-0.304232,-1.046052,0.000218,0.000198,0.003349,0.000443,-0.000255,-0.001399,-0.000027,-0.000043,0.000472,10.000000,19.000000,-1.000000,0.000000,0.000000,0.000000,0.000000,0.065000,0.000000,1520.000000,0.000000,0.000000,0.000000,2.000000,0.000000,0.000000,0.000000,0.000000,0.000000,0.000000,0.000000,0.000000,6506,0,29,0
26.470839,0.007801,-0.304232,-1.046045,0.000219,0.000197,0.003346,0.000410,-0.000265,-0.001400,-0.000028,-0.000040,0.000472,10.000000,19.000000,-1.000000,0.000000,0.000000,0.000000,0.000000,0.065000,0.000000,1520.000000,0.000000,0.000000,0.000000,2.000000,0.000000,0.000000,0.000000,0.000000,0.000000,0.000000,0.000000,0.000000,6506,0,29,0
26.472792,0.007801,-0.304232,-1.046038,0.000220,0.000197,0.003343,0.000378,-0.000274,-0.001400,-0.000029,-0.000037,0.000473,10.000000,19.000000,-1.000000,0.000000,0.000000,0.000000,0.000000,0.065000,0.000000,1520.000000,0.000000,0.000000,0.000000,2.000000,0.000000,0.000000,0.000000,0.000000,0.000000,0.000000,0.000000,0.000000,6506,0,29,0
26.474747,0.007802,-0.304231,-1.046032,0.000220,0.000196,0.003340,0.000347,-0.000284,-0.001401,-0.000030,-0.000034,0.000474,10.000000,19.000000,-1.000000,0.000000,0.000000,0.000000,0.000000,0.065000,0.000000,1520.000000,0.000000,0.000000,0.000000,2.000000,0.000000,0.000000,0.000000,0.000000,0.000000,0.000000,0.000000,0.000000,6506,0,29,0
26.476700,0.007802,-0.304231,-1.046025,0.000221,0.000196,0.003338,0.000317,-0.000293,-0.001401,-0.000030,-0.000031,0.000474,10.000000,19.000000,-1.000000,0.000000,0.000000,0.000000,0.000000,0.065000,0.000000,1520.000000,0.000000,0.000000,0.000000,2.000000,0.000000,0.000000,0.000000,0.000000,0.000000,0.000000,0.000000,0.000000,6506,0,29,0
26.478655,0.007803,-0.304230,-1.046018,0.000222,0.000195,0.003335,0.000289,-0.000303,-0.001402,-0.000031,-0.000028,0.000475,10.000000,19.000000,-1.000000,0.000000,0.000000,0.000000,0.000000,0.065000,0.000000,1520.000000,0.000000,0.000000,0.000000,2.000000,0.000000,0.000000,0.000000,0.000000,0.000000,0.000000,0.000000,0.000000,6506,1,29,0
26.480608,0.007803,-0.304230,-1.046012,0.000222,0.000194,0.003332,0.000261,-0.000312,-0.001402,-0.000032,-0.000025,0.000476,10.000000,19.000000,-1.000000,0.000000,0.000000,0.000000,0.000000,0.065000,0.000000,1520.000000,0.000000,0.000000,0.000000,2.000000,0.000000,0.000000,0.000000,0.000000,0.000000,0.000000,0.000000,0.000000,6506,1,30,0
26.482561,0.007803,-0.304230,-1.046005,0.000223,0.000194,0.003329,0.000235,-0.000322,-0.001402,-0.000033,-0.000023,0.000476,10.000000,19.000000,-1.000000,0.000000,0.000000,0.000000,0.000000,0.065000,0.000000,1520.000000,0.000000,0.000000,0.000000,2.000000,0.000000,0.000000,0.000000,0.000000,0.000000,0.000000,0.000000,0.000000,6506,1,30,0
26.484516,0.007804,-0.304229,-1.045998,0.000223,0.000193,0.003326,0.000210,-0.000331,-0.001402,-0.000034,-0.000020,0.000477,10.000000,19.000000,-1.000000,0.000000,0.000000,0.000000,0.000000,0.065000,0.000000,1520.000000,0.000000,0.000000,0.000000,2.000000,0.000000,0.000000,0.000000,0.000000,0.000000,0.000000,0.000000,0.000000,6506,1,30,0
26.486469,0.007804,-0.304229,-1.045992,0.000224,0.000192,0.003324,0.000186,-0.000340,-0.001402,-0.000035,-0.000018,0.000478,10.000000,19.000000,-1.000000,0.000000,0.000000,0.000000,0.000000,0.065000,0.000000,1520.000000,0.000000,0.000000,0.000000,2.000000,0.000000,0.000000,0.000000,0.000000,0.000000,0.000000,0.000000,0.000000,6506,1,30,0
26.488424,0.007805,-0.304228,-1.045985,0.000224,0.000192,0.003321,0.000163,-0.000348,-0.001402,-0.000036,-0.000016,0.000478,10.000000,19.000000,-1.000000,0.000000,0.000000,0.000000,0.000000,0.065000,0.000000,1520.000000,0.000000,0.000000,0.000000,2.000000,0.000000,0.000000,0.000000,0.000000,0.000000,0.000000,0.000000,0.000000,6506,1,30,0
26.490377,0.007805,-0.304228,-1.045978,0.000224,0.000191,0.003318,0.000142,-0.000356,-0.001402,-0.000037,-0.000013,0.000479,10.000000,19.000000,-1.000000,0.000000,0.000000,0.000000,0.000000,0.065000,0.000000,1520.000000,0.000000,0.000000,0.000000,2.000000,0.000000,0.000000,0.000000,0.000000,0.000000,0.000000,0.000000,0.000000,6506,1,30,0
26.492332,0.007806,-0.304228,-1.045972,0.000224,0.000190,0.003315,0.000122,-0.000364,-0.001402,-0.000038,-0.000011,0.000479,10.000000,19.000000,-1.000000,0.000000,0.000000,0.000000,0.000000,0.065000,0.000000,1520.000000,0.000000,0.000000,0.000000,2.000000,0.000000,0.000000,0.000000,0.000000,0.000000,0.000000,0.000000,0.000000,6506,1,30,0
26.494286,0.007806,-0.304227,-1.045965,0.000225,0.000190,0.003312,0.000103,-0.000371,-0.001402,-0.000038,-0.000010,0.000480,10.000000,19.000000,-1.000000,0.000000,0.000000,0.000000,0.000000,0.065000,0.000000,1520.000000,0.000000,0.000000,0.000000,2.000000,0.000000,0.000000,0.000000,0.000000,0.000000,0.000000,0.000000,0.000000,6506,1,30,0
26.496241,0.007807,-0.304227,-1.045958,0.000225,0.000189,0.003310,0.000085,-0.000378,-0.001402,-0.000039,-0.000008,0.000480,10.000000,19.000000,-1.000000,0.000000,0.000000,0.000000,0.000000,0.065000,0.000000,1520.000000,0.000000,0.000000,0.000000,2.000000,0.000000,0.000000,0.000000,0.000000,0.000000,0.000000,0.000000,0.000000,6505,1,30,0
26.498194,0.007807,-0.304227,-1.045952,0.000225,0.000188,0.003307,0.000069,-0.000384,-0.001295,-0.000040,-0.000006,0.000481,10.000000,19.000000,-1.000000,0.000000,0.000000,0.000000,0.000000,0.065000,0.000000,1520.000000,0.000000,0.000000,0.000000,2.000000,0.000000,0.000000,0.000000,0.000000,0.000000,0.000000,0.000000,0.000000,6505,1,30,0
26.500149,0.007808,-0.304226,-1.045945,0.000225,0.000187,0.003305,0.000053,-0.000390,-0.001165,-0.000040,-0.000005,0.000482,10.000000,19.000000,-1.000000,0.000000,0.000000,0.000000,0.000000,0.065000,0.000000,1520.000000,0.000000,0.000000,0.000000,2.000000,0.000000,0.000000,0.000000,0.000000,0.000000,0.000000,0.000000,0.000000,6505,1,30,0
26.502102,0.007808,-0.304226,-1.045939,0.000225,0.000186,0.003302,0.000039,-0.000395,-0.001047,-0.000041,-0.000003,0.000482,10.000000,19.000000,-1.000000,0.000000,0.000000,0.000000,0.000000,0.065000,0.000000,1520.000000,0.000000,0.000000,0.000000,2.000000,0.000000,0.000000,0.000000,0.000000,0.000000,0.000000,0.000000,0.000000,6505,1,30,0
26.504055,0.007808,-0.304225,-1.045932,0.000225,0.000186,0.003301,0.000026,-0.000400,-0.000940,-0.000041,-0.000002,0.000483,10.000000,19.000000,-1.000000,0.000000,0.000000,0.000000,0.000000,0.065000,0.000000,1520.000000,0.000000,0.000000,0.000000,2.000000,0.000000,0.000000,0.000000,0.000000,0.000000,0.000000,0.000000,0.000000,6505,1,30,0
26.506010,0.007809,-0.304225,-1.045925,0.000225,0.000185,0.003299,0.000015,-0.000403,-0.000844,-0.000041,-0.000001,0.000483,10.000000,19.000000,-1.000000,0.000000,0.000000,0.000000,0.000000,0.065000,0.000000,1520.000000,0.000000,0.000000,0.000000,2.000000,0.000000,0.000000,0.000000,0.000000,0.000000,0.000000,0.000000,0.000000,6505,1,30,0
26.507963,0.007809,-0.304225,-1.045919,0.000225,0.000184,0.003297,0.000004,-0.000406,-0.000756,-0.000042,0.000000,0.000484,10.000000,19.000000,-1.000000,0.000000,0.000000,0.000000,0.000000,0.065000,0.000000,1520.000000,0.000000,0.000000,0.000000,2.000000,0.000000,0.000000,0.000000,0.000000,0.000000,0.000000,0.000000,0.000000,6505,1,30,0
26.509918,0.007810,-0.304224,-1.045912,0.000225,0.000183,0.003296,-0.000005,-0.000409,-0.000676,-0.000042,0.000001,0.000484,10.000000,19.000000,-1.000000,0.000000,0.000000,0.000000,0.000000,0.065000,0.000000,1520.000000,0.000000,0.000000,0.000000,2.000000,0.000000,0.000000,0.000000,0.000000,0.000000,0.000000,0.000000,0.000000,6505,1,30,0
26.511871,0.007810,-0.304224,-1.045906,0.000225,0.000182,0.003295,-0.000014,-0.000411,-0.000603,-0.000042,0.000002,0.000485,10.000000,19.000000,-1.000000,0.000000,0.000000,0.000000,0.000000,0.065000,0.000000,1520.000000,0.000000,0.000000,0.000000,2.000000,0.000000,0.000000,0.000000,0.000000,0.000000,0.000000,0.000000,0.000000,6505,1,30,0
26.513826,0.007811,-0.304224,-1.045899,0.000225,0.000182,0.003293,-0.000021,-0.000412,-0.000537,-0.000042,0.000002,0.000485,10.000000,19.000000,-1.000000,0.000000,0.000000,0.000000,0.000000,0.065000,0.000000,1520.000000,0.000000,0.000000,0.000000,2.000000,0.000000,0.000000,0.000000,0.000000,0.000000,0.000000,0.000000,0.000000,6505,0,30,0
26.515779,0.007811,-0.304223,-1.045892,0.000225,0.000181,0.003292,-0.000026,-0.000412,-0.000477,-0.000042,0.000003,0.000486,10.000000,19.000000,-1.000000,0.000000,0.000000,0.000000,0.000000,0.065000,0.000000,1520.000000,0.000000,0.000000,0.000000,2.000000,0.000000,0.000000,0.000000,0.000000,0.000000,0.000000,0.000000,0.000000,6505,0,30,0
26.517735,0.007812,-0.304223,-1.045886,0.000225,0.000180,0.003292,-0.000031,-0.000412,-0.000423,-0.000042,0.000003,0.000487,10.000000,19.000000,-1.000000,0.000000,0.000000,0.000000,0.000000,0.065000,0.000000,1520.000000,0.000000,0.000000,0.000000,2.000000,0.000000,0.000000,0.000000,0.000000,0.000000,0.000000,0.000000,0.000000,6505,0,31,0
26.519688,0.007812,-0.304222,-1.045879,0.000225,0.000179,0.003291,-0.000035,-0.000411,-0.000373,-0.000042,0.000004,0.000487,10.000000,19.000000,-1.000000,0.000000,0.000000,0.000000,0.000000,0.065000,0.000000,1520.000000,0.000000,0.000000,0.000000,2.000000,0.000000,0.000000,0.000000,0.000000,0.000000,0.000000,0.000000,0.000000,6505,0,31,0
26.521643,0.007812,-0.304222,-1.045873,0.000225,0.000178,0.003290,-0.000037,-0.000409,-0.000328,-0.000042,0.000004,0.000488,10.000000,19.000000,-1.000000,0.000000,0.000000,0.000000,0.000000,0.065000,0.000000,1520.000000,0.000000,0.000000,0.000000,2.000000,0.000000,0.000000,0.000000,0.000000,0.000000,0.000000,0.000000,0.000000,6505,0,31,-1
26.523596,0.007813,-0.304222,-1.045866,0.000225,0.000177,0.003290,-0.000039,-0.000405,-0.000287,-0.000041,0.000004,0.000488,10.000000,19.000000,-1.000000,0.000000,0.000000,0.000000,0.000000,0.065000,0.000000,1520.000000,0.000000,0.000000,0.000000,2.000000,0.000000,0.000000,0.000000,0.000000,0.000000,0.000000,0.000000,0.000000,6505,0,34,-1
26.525551,0.007813,-0.304221,-1.045860,0.000225,0.000177,0.003289,-0.000040,-0.000403,-0.000249,-0.000041,0.000004,0.000489,10.000000,19.000000,-1.000000,0.000000,0.000000,0.000000,0.000000,0.065000,0.000000,1520.000000,0.000000,0.000000,0.000000,2.000000,0.000000,0.000000,0.000000,0.000000,0.000000,0.000000,0.000000,0.000000,6505,0,34,-1
26.527504,0.007814,-0.304221,-1.045853,0.000225,0.000176,0.003289,-0.000040,-0.000400,-0.000214,-0.000041,0.000004,0.000489,10.000000,19.000000,-1.000000,0.000000,0.000000,0.000000,0.000000,0.065000,0.000000,1520.000000,0.000000,0.000000,0.000000,2.000000,0.000000,0.000000,0.000000,0.000000,0.000000,0.000000,0.000000,0.000000,6505,0,34,-2
26.529457,0.007814,-0.304221,-1.045846,0.000225,0.000175,0.003288,-0.000040,-0.000395,-0.000182,-0.000040,0.000004,0.000490,10.000000,19.000000,-1.000000,0.000000,0.000000,0.000000,0.000000,0.065000,0.000000,1520.000000,0.000000,0.000000,0.000000,2.000000,0.000000,0.000000,0.000000,0.000000,0.000000,0.000000,0.000000,0.000000,6505,0,34,-2
26.531412,0.007815,-0.304220,-1.045840,0.000225,0.000174,0.003288,-0.000040,-0.000391,-0.000152,-0.000040,0.000004,0.000490,10.000000,19.000000,-1.000000,0.000000,0.000000,0.000000,0.000000,0.065000,0.000000,1520.000000,0.000000,0.000000,0.000000,2.000000,0.000000,0.000000,0.000000,0.000000,0.000000,0.000000,0.000000,0.000000,6505,0,34,-2
26.533365,0.007815,-0.304220,-1.045833,0.000224,0.000174,0.003288,-0.000040,-0.000388,-0.000126,-0.000040,0.000004,0.000490,10.000000,19.000000,-1.000000,0.000000,0.000000,0.000000,0.000000,0.065000,0.000000,1520.000000,0.000000,0.000000,0.000000,2.000000,0.000000,0.000000,0.000000,0.000000,0.000000,0.000000,0.000000,0.000000,6505,0,34,-3
26.535320,0.007816,-0.304220,-1.045827,0.000224,0.000173,0.003287,-0.000040,-0.000382,-0.000102,-0.000039,0.000004,0.000490,10.000000,19.000000,-1.000000,0.000000,0.000000,0.000000,0.000000,0.065000,0.000000,1520.000000,0.000000,0.000000,0.000000,2.000000,0.000000,0.000000,0.000000,0.000000,0.000000,0.000000,0.000000,0.000000,6505,0,34,-3
26.537273,0.007816,-0.304219,-1.045820,0.000224,0.000172,0.003287,-0.000042,-0.000377,-0.000081,-0.000039,0.000004,0.000491,10.000000,19.000000,-1.000000,0.000000,0.000000,0.000000,0.000000,0.065000,0.000000,1520.000000,0.000000,0.000000,0.000000,2.000000,0.000000,0.000000,0.000000,0.000000,0.000000,0.000000,0.000000,0.000000,6505,0,34,-3
26.539228,0.007817,-0.304219,-1.045814,0.000224,0.000171,0.003287,-0.000044,-0.000373,-0.000061,-0.000038,0.000005,0.000491,10.000000,19.000000,-1.000000,0.000000,0.000000,0.000000,0.000000,0.065000,0.000000,1520.000000,0.000000,0.000000,0.000000,2.000000,0.000000,0.000000,0.000000,0.000000,0.000000,0.000000,0.000000,0.000000,6505,0,34,-4
26.541182,0.007817,-0.304219,-1.045807,0.000224,0.000171,0.003287,-0.000048,-0.000366,-0.000043,-0.000038,0.000005,0.000491,10.000000,19.000000,-1.000000,0.000000,0.000000,0.000000,0.000000,0.065000,0.000000,1520.000000,0.000000,0.000000,0.000000,2.000000,0.000000,0.000000,0.000000,0.000000,0.000000,0.000000,0.000000,0.000000,6505,0,34,-4
26.543137,0.007817,-0.304218,-1.045800,0.000224,0.000170,0.003287,-0.000052,-0.000362,-0.000026,-0.000037,0.000006,0.000491,10.000000,19.000000,-1.000000,0.000000,0.000000,0.000000,0.000000,0.065000,0.000000,1520.000000,0.000000,0.000000,0.000000,2.000000,0.000000,0.000000,0.000000,0.000000,0.000000,0.000000,0.000000,0.000000,6505,0,34,-4
26.545090,0.007818,-0.304218,-1.045794,0.000224,0.000169,0.003287,-0.000059,-0.000357,-0.000011,-0.000037,0.000006,0.000491,10.000000,19.000000,-1.000000,0.000000,0.000000,0.000000,0.000000,0.065000,0.000000,1520.000000,0.000000,0.000000,0.000000,2.000000,0.000000,0.000000,0.000000,0.000000,0.000000,0.000000,0.000000,0.000000,6505,0,34,-4
26.547045,0.007818,-0.304218,-1.045787,0.000224,0.000168,0.003287,-0.000066,-0.000351,0.000003,-0.000036,0.000007,0.000491,10.000000,19.000000,-1.000000,0.000000,0.000000,0.000000,0.000000,0.065000,0.000000,1520.000000,0.000000,0.000000,0.000000,2.000000,0.000000,0.000000,0.000000,0.000000,0.000000,0.000000,0.000000,0.000000,6505,0,33,-4
26.548998,0.007819,-0.304217,-1.045781,0.000224,0.000168,0.003287,-0.000076,-0.000346,0.000014,-0.000035,0.000008,0.000490,10.000000,19.000000,-1.000000,0.000000,0.000000,0.000000,0.000000,0.065000,0.000000,1520.000000,0.000000,0.000000,0.000000,2.000000,0.000000,0.000000,0.000000,0.000000,0.000000,0.000000,0.000000,0.000000,6505,0,33,-4
26.550953,0.007819,-0.304217,-1.045774,0.000223,0.000167,0.003287,-0.000087,-0.000341,0.000025,-0.000035,0.000010,0.000490,10.000000,19.000000,-1.000000,0.000000,0.000000,0.000000,0.000000,0.065000,0.000000,1520.000000,0.000000,0.000000,0.000000,2.000000,0.000000,0.000000,0.000000,0.000000,0.000000,0.000000,0.000000,0.000000,6505,0,33,-5
26.552906,0.007820,-0.304217,-1.045768,0.000223,0.000166,0.003287,-0.000101,-0.000333,0.000033,-0.000034,0.000011,0.000490,10.000000,19.000000,-1.000000,0.000000,0.000000,0.000000,0.000000,0.065000,0.000000,1520.000000,0.000000,0.000000,0.000000,2.000000,0.000000,0.000000,0.000000,0.000000,0.000000,0.000000,0.000000,0.000000,6505,0,33,-5
26.554859,0.007820,-0.304216,-1.045761,0.000223,0.000166,0.003287,-0.000116,-0.000328,0.000041,-0.000034,0.000013,0.000489,10.000000,19.000000,-1.000000,0.000000,0.000000,0.000000,0.000000,0.065000,0.000000,1520.000000,0.000000,0.000000,0.000000,2.000000,0.000000,0.000000,0.000000,0.000000,0.000000,0.000000,0.000000,0.000000,6505,0,33,-5
26.556814,0.007821,-0.304216,-1.045754,0.000223,0.000165,0.003287,-0.000132,-0.000322,0.000049,-0.000033,0.000014,0.000489,10.000000,19.000000,-1.000000,0.000000,0.000000,0.000000,0.000000,0.065000,0.000000,1520.000000,0.000000,0.000000,0.000000,2.000000,0.000000,0.000000,0.000000,0.000000,0.000000,0.000000,0.000000,0.000000,6505,0,33,-5
26.558767,0.007821,-0.304216,-1.045748,0.000223,0.000164,0.003287,-0.000151,-0.000316,0.000055,-0.000032,0.000016,0.000488,10.000000,19.000000,-1.000000,0.000000,0.000000,0.000000,0.000000,0.065000,0.000000,1520.000000,0.000000,0.000000,0.000000,2.000000,0.000000,0.000000,0.000000,0.000000,0.000000,0.000000,0.000000,0.000000,6505,0,33,-5
26.560722,0.007821,-0.304215,-1.045741,0.000222,0.000164,0.003287,-0.000171,-0.000310,0.000061,-0.000032,0.000019,0.000487,10.000000,19.000000,-1.000000,0.000000,0.000000,0.000000,0.000000,0.065000,0.000000,1520.000000,0.000000,0.000000,0.000000,2.000000,0.000000,0.000000,0.000000,0.000000,0.000000,0.000000,0.000000,0.000000,6505,0,33,-5
26.562675,0.007822,-0.304215,-1.045735,0.000222,0.000163,0.003288,-0.000193,-0.000304,0.000067,-0.000031,0.000021,0.000487,10.000000,19.000000,-1.000000,0.000000,0.000000,0.000000,0.000000,0.065000,0.000000,1520.000000,0.000000,0.000000,0.000000,2.000000,0.000000,0.000000,0.000000,0.000000,0.000000,0.000000,0.000000,0.000000,6505,0,33,-5
26.564631,0.007822,-0.304215,-1.045728,0.000221,0.000163,0.003288,-0.000217,-0.000298,0.000072,-0.000030,0.000023,0.000486,10.000000,19.000000,-1.000000,0.000000,0.000000,0.000000,0.000000,0.065000,0.000000,1520.000000,0.000000,0.000000,0.000000,2.000000,0.000000,0.000000,0.000000,0.000000,0.000000,0.000000,0.000000,0.000000,6505,0,32,-5
26.566584,0.007823,-0.304214,-1.045722,0.000221,0.000162,0.003288,-0.000242,-0.000292,0.000076,-0.000030,0.000026,0.000485,10.000000,19.000000,-1.000000,0.000000,0.000000,0.000000,0.000000,0.065000,0.000000,1520.000000,0.000000,0.000000,0.000000,2.000000,0.000000,0.000000,0.000000,0.000000,0.000000,0.000000,0.000000,0.000000,6505,0,32,-5
26.568539,0.007823,-0.304214,-1.045715,0.000220,0.000161,0.003288,-0.000268,-0.000285,0.000080,-0.000029,0.000029,0.000484,10.000000,19.000000,-1.000000,0.000000,0.000000,0.000000,0.000000,0.065000,0.000000,1520.000000,0.000000,0.000000,0.000000,2.000000,0.000000,0.000000,0.000000,0.000000,0.000000,0.000000,0.000000,0.000000,6505,0,32,-4
26.570492,0.007824,-0.304214,-1.045708,0.000220,0.000161,0.003288,-0.000296,-0.000281,0.000083,-0.000028,0.000032,0.000483,10.000000,19.000000,-1.000000,0.000000,0.000000,0.000000,0.000000,0.065000,0.000000,1520.000000,0.000000,0.000000,0.000000,2.000000,0.000000,0.000000,0.000000,0.000000,0.000000,0.000000,0.000000,0.000000,6505,0,32,-4
26.572447,0.007824,-0.304213,-1.045702,0.000219,0.000160,0.003288,-0.000326,-0.000274,0.000086,-0.000028,0.000035,0.000482,10.000000,19.000000,-1.000000,0.000000,0.000000,0.000000,0.000000,0.065000,0.000000,1520.000000,0.000000,0.000000,0.000000,2.000000,0.000000,0.000000,0.000000,0.000000,0.000000,0.000000,0.000000,0.000000,6505,0,32,-4
26.574400,0.007825,-0.304213,-1.045695,0.000218,0.000160,0.003289,-0.000357,-0.000268,0.000089,-0.000027,0.000038,0.000481,10.000000,19.000000,-1.000000,0.000000,0.000000,0.000000,0.000000,0.065000,0.000000,1520.000000,0.000000,0.000000,0.000000,2.000000,0.000000,0.000000,0.000000,0.000000,0.000000,0.000000,0.000000,0.000000,6505,0,32,-4
26.576355,0.007825,-0.304213,-1.045689,0.000218,0.000159,0.003289,-0.000390,-0.000261,0.000092,-0.000026,0.000041,0.000480,10.000000,19.000000,-1.000000,0.000000,0.000000,0.000000,0.000000,0.065000,0.000000,1520.000000,0.000000,0.000000,0.000000,2.000000,0.000000,0.000000,0.000000,0.000000,0.000000,0.000000,0.000000,0.000000,6505,0,32,-4
26.578308,0.007825,-0.304212,-1.045682,0.000217,0.000159,0.003289,-0.000424,-0.000255,0.000094,-0.000026,0.000045,0.000479,10.000000,19.000000,-1.000000,0.000000,0.000000,0.000000,0.000000,0.065000,0.000000,1520.000000,0.000000,0.000000,0.000000,2.000000,0.000000,0.000000,0.000000,0.000000,0.000000,0.000000,0.000000,0.000000,6505,0,32,-4
26.580261,0.007826,-0.304212,-1.045675,0.000216,0.000158,0.003289,-0.000459,-0.000248,0.000096,-0.000025,0.000049,0.000478,10.000000,19.000000,-1.000000,0.000000,0.000000,0.000000,0.000000,0.065000,0.000000,1520.000000,0.000000,0.000000,0.000000,2.000000,0.000000,0.000000,0.000000,0.000000,0.000000,0.000000,0.000000,0.000000,6505,0,32,-4
26.582216,0.007826,-0.304212,-1.045669,0.000215,0.000158,0.003289,-0.000495,-0.000241,0.000097,-0.000024,0.000052,0.000477,10.000000,19.000000,-1.000000,0.000000,0.000000,0.000000,0.000000,0.065000,0.000000,1520.000000,0.000000,0.000000,0.000000,2.000000,0.000000,0.000000,0.000000,0.000000,0.000000,0.000000,0.000000,0.000000,6505,0,31,-3
26.584169,0.007827,-0.304211,-1.045662,0.000214,0.000157,0.003290,-0.000532,-0.000236,0.000099,-0.000024,0.000056,0.000475,10.000000,19.000000,-1.000000,0.000000,0.000000,0.000000,0.000000,0.065000,0.000000,1520.000000,0.000000,0.000000,0.000000,2.000000,0.000000,0.000000,0.000000,0.000000,0.000000,0.000000,0.000000,0.000000,6505,0,31,-3
26.586124,0.007827,-0.304211,-1.045656,0.000213,0.000157,0.003290,-0.000571,-0.000230,0.000100,-0.000023,0.000060,0.000474,10.000000,19.000000,-1.000000,0.000000,0.000000,0.000000,0.000000,0.065000,0.000000,1520.000000,0.000000,0.000000,0.000000,2.000000,0.000000,0.000000,0.000000,0.000000,0.000000,0.000000,0.000000,0.000000,6505,0,31,-3
26.588078,0.007828,-0.304211,-1.045649,0.000212,0.000156,0.003290,-0.000610,-0.000223,0.000101,-0.000022,0.000064,0.000473,10.000000,19.000000,-1.000000,0.000000,0.000000,0.000000,0.000000,0.065000,0.000000,1520.000000,0.000000,0.000000,0.000000,2.000000,0.000000,0.000000,0.000000,0.000000,0.000000,0.000000,0.000000,0.000000,6505,0,31,-3
26.590033,0.007828,-0.304211,-1.045642,0.000210,0.000156,0.003290,-0.000650,-0.000216,0.000102,-0.000022,0.000068,0.000472,10.000000,19.000000,-1.000000,0.000000,0.000000,0.000000,0.000000,0.065000,0.000000,1520.000000,0.000000,0.000000,0.000000,2.000000,0.000000,0.000000,0.000000,0.000000,0.000000,0.000000,0.000000,0.000000,6505,0,31,-3
26.591986,0.007828,-0.304210,-1.045636,0.000209,0.000155,0.003290,-0.000691,-0.000209,0.000103,-0.000021,0.000073,0.000471,10.000000,19.000000,-1.000000,0.000000,0.000000,0.000000,0.000000,0.065000,0.000000,1520.000000,0.000000,0.000000,0.000000,2.000000,0.000000,0.000000,0.000000,0.000000,0.000000,0.000000,0.000000,0.000000,6505,0,31,-3
26.593941,0.007829,-0.304210,-1.045629,0.000208,0.000155,0.003291,-0.000733,-0.000202,0.000104,-0.000020,0.000077,0.000470,10.000000,19.000000,-1.000000,0.000000,0.000000,0.000000,0.000000,0.065000,0.000000,1520.000000,0.000000,0.000000,0.000000,2.000000,0.000000,0.000000,0.000000,0.000000,0.000000,0.000000,0.000000,0.000000,6505,0,31,-3
26.595894,0.007829,-0.304210,-1.045623,0.000206,0.000155,0.003291,-0.000776,-0.000195,0.000104,-0.000020,0.000081,0.000469,10.000000,19.000000,-1.000000,0.000000,0.000000,0.000000,0.000000,0.065000,0.000000,1520.000000,0.000000,0.000000,0.000000,2.000000,0.000000,0.000000,0.000000,0.000000,0.000000,0.000000,0.000000,0.000000,6505,0,31,-2
26.597849,0.007830,-0.304209,-1.045616,0.000204,0.000154,0.003291,-0.000819,-0.000190,0.000105,-0.000019,0.000086,0.000467,10.000000,19.000000,-1.000000,0.000000,0.000000,0.000000,0.000000,0.065000,0.000000,1520.000000,0.000000,0.000000,0.000000,2.000000,0.000000,0.000000,0.000000,0.000000,0.000000,0.000000,0.000000,0.000000,6505,0,31,-2
26.599802,0.007830,-0.304209,-1.045610,0.000203,0.000154,0.003291,-0.000863,-0.000183,0.000105,-0.000018,0.000090,0.000466,10.000000,19.000000,-1.000000,0.000000,0.000000,0.000000,0.000000,0.065000,0.000000,1520.000000,0.000000,0.000000,0.000000,2.000000,0.000000,0.000000,0.000000,0.000000,0.000000,0.000000,0.000000,0.000000,6505,0,30,-2
26.601755,0.007830,-0.304209,-1.045603,0.000201,0.000154,0.003291,-0.000907,-0.000176,0.000105,-0.000017,0.000095,0.000465,10.000000,19.000000,-1.000000,0.000000,0.000000,0.000000,0.000000,0.065000,0.000000,1520.000000,0.000000,0.000000,0.000000,2.000000,0.000000,0.000000,0.000000,0.000000,0.000000,0.000000,0.000000,0.000000,6505,0,30,-2
26.603710,0.007831,-0.304208,-1.045596,0.000199,0.000153,0.003292,-0.000951,-0.000169,0.000106,-0.000017,0.000099,0.000464,10.000000,19.000000,-1.000000,0.000000,0.000000,0.000000,0.000000,0.065000,0.000000,1520.000000,0.000000,0.000000,0.000000,2.000000,0.000000,0.000000,0.000000,0.000000,0.000000,0.000000,0.000000,0.000000,6505,0,30,-2
26.605663,0.007831,-0.304208,-1.045590,0.000197,0.000153,0.003292,-0.000996,-0.000162,0.000106,-0.000016,0.000104,0.000463,10.000000,19.000000,-1.000000,0.000000,0.000000,0.000000,0.000000,0.065000,0.000000,1520.000000,0.000000,0.000000,0.000000,2.000000,0.000000,0.000000,0.000000,0.000000,0.000000,0.000000,0.000000,0.000000,6505,0,30,-2
26.607618,0.007832,-0.304208,-1.045583,0.000195,0.000153,0.003292,-0.001041,-0.000155,0.000106,-0.000015,0.000109,0.000462,10.000000,19.000000,-1.000000,0.000000,0.000000,0.000000,0.000000,0.065000,0.000000,1520.000000,0.000000,0.000000,0.000000,2.000000,0.000000,0.000000,0.000000,0.000000,0.000000,0.000000,0.000000,0.000000,6505,0,30,-2
26.609571,0.007832,-0.304207,-1.045577,0.000193,0.000152,0.003292,-0.001086,-0.000148,0.000106,-0.000015,0.000113,0.000461,10.000000,19.000000,-1.000000,0.000000,0.000000,0.000000,0.000000,0.065000,0.000000,1520.000000,0.000000,0.000000,0.000000,2.000000,0.000000,0.000000,0.000000,0.000000,0.000000,0.000000,0.000000,0.000000,6505,0,30,-1
26.611526,0.007832,-0.304207,-1.045570,0.000191,0.000152,0.003292,-0.001131,-0.000143,0.000106,-0.000014,0.000118,0.000460,10.000000,19.000000,-1.000000,0.000000,0.000000,0.000000,0.000000,0.065000,0.000000,1520.000000,0.000000,0.000000,0.000000,2.000000,0.000000,0.000000,0.000000,0.000000,0.000000,0.000000,0.000000,0.000000,6505,0,30,-1
26.613480,0.007833,-0.304207,-1.045564,0.000188,0.000152,0.003293,-0.001177,-0.000136,0.000105,-0.000013,0.000122,0.000459,10.000000,19.000000,-1.000000,0.000000,0.000000,0.000000,0.000000,0.065000,0.000000,1520.000000,0.000000,0.000000,0.000000,2.000000,0.000000,0.000000,0.000000,0.000000,0.000000,0.000000,0.000000,0.000000,6505,0,30,-1
26.615435,0.007833,-0.304207,-1.045557,0.000186,0.000151,0.003293,-0.001222,-0.000129,0.000105,-0.000013,0.000127,0.000458,10.000000,19.000000,-1.000000,0.000000,0.000000,0.000000,0.000000,0.065000,0.000000,1520.000000,0.000000,0.000000,0.000000,2.000000,0.000000,0.000000,0.000000,0.000000,0.000000,0.000000,0.000000,0.000000,6505,0,30,-1
26.617388,0.007834,-0.304206,-1.045550,0.000183,0.000151,0.003293,-0.001266,-0.000122,0.000105,-0.000012,0.000131,0.000457,10.000000,19.000000,-1.000000,0.000000,0.000000,0.000000,0.000000,0.065000,0.000000,1520.000000,0.000000,0.000000,0.000000,2.000000,0.000000,0.000000,0.000000,0.000000,0.000000,0.000000,0.000000,0.000000,6505,0,30,-1
26.619343,0.007834,-0.304206,-1.045544,0.000181,0.000151,0.003293,-0.001311,-0.000115,0.000105,-0.000011,0.000136,0.000456,10.000000,19.000000,-1.000000,0.000000,0.000000,0.000000,0.000000,0.065000,0.000000,1520.000000,0.000000,0.000000,0.000000,2.000000,0.000000,0.000000,0.000000,0.000000,0.000000,0.000000,0.000000,0.000000,6505,0,30,-1
26.621296,0.007834,-0.304206,-1.045537,0.000178,0.000151,0.003293,-0.001355,-0.000108,0.000105,-0.000010,0.000140,0.000455,10.000000,19.000000,-1.000000,0.000000,0.000000,0.000000,0.000000,0.065000,0.000000,1520.000000,0.000000,0.000000,0.000000,2.000000,0.000000,0.000000,0.000000,0.000000,0.000000,0.000000,0.000000,0.000000,6505,0,30,-1
26.623249,0.007835,-0.304205,-1.045531,0.000175,0.000151,0.003294,-0.001398,-0.000101,0.000105,-0.000010,0.000145,0.000454,10.000000,19.000000,-1.000000,0.000000,0.000000,0.000000,0.000000,0.065000,0.000000,1520.000000,0.000000,0.000000,0.000000,2.000000,0.000000,0.000000,0.000000,0.000000,0.000000,0.000000,0.000000,0.000000,6505,0,30,-1
26.625204,0.007835,-0.304205,-1.045524,0.000172,0.000150,0.003294,-0.001442,-0.000094,0.000105,-0.000009,0.000149,0.000453,10.000000,19.000000,-1.000000,0.000000,0.000000,0.000000,0.000000,0.065000,0.000000,1520.000000,0.000000,0.000000,0.000000,2.000000,0.000000,0.000000,0.000000,0.000000,0.000000,0.000000,0.000000,0.000000,6505,0,30,-1
26.627157,0.007835,-0.304205,-1.045517,0.000169,0.000150,0.003294,-0.001484,-0.000087,0.000105,-0.000008,0.000154,0.000452,10.000000,19.000000,-1.000000,0.000000,0.000000,0.000000,0.000000,0.065000,0.000000,1520.000000,0.000000,0.000000,0.000000,2.000000,0.000000,0.000000,0.000000,0.000000,0.000000,0.000000,0.000000,0.000000,6505,0,30,-1
26.629112,0.007836,-0.304204,-1.045511,0.000166,0.000150,0.003294,-0.001526,-0.000080,0.000105,-0.000008,0.000158,0.000451,10.000000,19.000000,-1.000000,0.000000,0.000000,0.000000,0.000000,0.065000,0.000000,1520.000000,0.000000,0.000000,0.000000,2.000000,0.000000,0.000000,0.000000,0.000000,0.000000,0.000000,0.000000,0.000000,6505,0,30,-1
26.631065,0.007836,-0.304204,-1.045504,0.000163,0.000150,0.003295,-0.001567,-0.000073,0.000104,-0.000007,0.000162,0.000450,10.000000,19.000000,-1.000000,0.000000,0.000000,0.000000,0.000000,0.065000,0.000000,1520.000000,0.000000,0.000000,0.000000,2.000000,0.000000,0.000000,0.000000,0.000000,0.000000,0.000000,0.000000,0.000000,6505,0,30,-1
26.633020,0.007836,-0.304204,-1.045498,0.000160,0.000150,0.003295,-0.001607,-0.000066,0.000105,-0.000006,0.000166,0.000450,10.000000,19.000000,-1.000000,0.000000,0.000000,0.000000,0.000000,0.065000,0.000000,1520.000000,0.000000,0.000000,0.000000,2.000000,0.000000,0.000000,0.000000,0.000000,0.000000,0.000000,0.000000,0.000000,6505,0,30,0
26.634974,0.007837,-0.304204,-1.045491,0.000157,0.000150,0.003295,-0.001647,-0.000060,0.000105,-0.000006,0.000170,0.000449,10.000000,19.000000,-1.000000,0.000000,0.000000,0.000000,0.000000,0.065000,0.000000,1520.000000,0.000000,0.000000,0.000000,2.000000,0.000000,0.000000,0.000000,0.000000,0.000000,0.000000,0.000000,0.000000,6505,0,30,0
26.636929,0.007837,-0.304203,-1.045485,0.000154,0.000149,0.003295,-0.001686,-0.000053,0.000106,-0.000005,0.000174,0.000448,10.000000,19.000000,-1.000000,0.000000,0.000000,0.000000,0.000000,0.065000,0.000000,1520.000000,0.000000,0.000000,0.000000,2.000000,0.000000,0.000000,0.000000,0.000000,0.000000,0.000000,0.000000,0.000000,6505,0,30,0
26.638882,0.007837,-0.304203,-1.045478,0.000150,0.000149,0.003295,-0.001724,-0.000046,0.000106,-0.000004,0.000178,0.000447,10.000000,19.000000,-1.000000,0.000000,0.000000,0.000000,0.000000,0.065000,0.000000,1520.000000,0.000000,0.000000,0.000000,2.000000,0.000000,0.000000,0.000000,0.000000,0.000000,0.000000,0.000000,0.000000,6505,0,30,0
26.640837,0.007837,-0.304203,-1.045471,0.000147,0.000149,0.003296,-0.001762,-0.000039,0.000106,-0.000003,0.000182,0.000446,10.000000,19.000000,-1.000000,0.000000,0.000000,0.000000,0.000000,0.065000,0.000000,1520.000000,0.000000,0.000000,0.000000,2.000000,0.000000,0.000000,0.000000,0.000000,0.000000,0.000000,0.000000,0.000000,6505,0,30,0
26.642790,0.007838,-0.304202,-1.045465,0.000143,0.000149,0.003296,-0.001798,-0.000032,0.000106,-0.000003,0.000185,0.000446,10.000000,19.000000,-1.000000,0.000000,0.000000,0.000000,0.000000,0.065000,0.000000,1520.000000,0.000000,0.000000,0.000000,2.000000,0.000000,0.000000,0.000000,0.000000,0.000000,0.000000,0.000000,0.000000,6505,0,30,0
26.644745,0.007838,-0.304202,-1.045458,0.000139,0.000149,0.003296,-0.001834,-0.000025,0.000106,-0.000002,0.000189,0.000445,10.000000,19.000000,-1.000000,0.000000,0.000000,0.000000,0.000000,0.065000,0.000000,1520.000000,0.000000,0.000000,0.000000,2.000000,0.000000,0.000000,0.000000,0.000000,0.000000,0.000000,0.000000,0.000000,6505,0,30,0
26.646698,0.007838,-0.304202,-1.045452,0.000136,0.000149,0.003296,-0.001870,-0.000018,0.000106,-0.000001,0.000193,0.000444,10.000000,19.000000,-1.000000,0.000000,0.000000,0.000000,0.000000,0.065000,0.000000,1520.000000,0.000000,0.000000,0.000000,2.000000,0.000000,0.000000,0.000000,0.000000,0.000000,0.000000,0.000000,0.000000,6505,0,30,0
26.648651,0.007839,-0.304201,-1.045445,0.000132,0.000149,0.003296,-0.001904,-0.000011,0.000106,-0.000001,0.000196,0.000444,10.000000,19.000000,-1.000000,0.000000,0.000000,0.000000,0.000000,0.065000,0.000000,1520.000000,0.000000,0.000000,0.000000,2.000000,0.000000,0.000000,0.000000,0.000000,0.000000,0.000000,0.000000,0.000000,6505,0,29,0
26.650606,0.007839,-0.304201,-1.045438,0.000128,0.000149,0.003297,-0.001938,-0.000004,0.000105,0.000000,0.000200,0.000443,10.000000,19.000000,-1.000000,0.000000,0.000000,0.000000,0.000000,0.065000,0.000000,1520.000000,0.000000,0.000000,0.000000,2.000000,0.000000,0.000000,0.000000,0.000000,0.000000,0.000000,0.000000,0.000000,6505,0,29,0
26.652559,0.007839,-0.304201,-1.045432,0.000124,0.000149,0.003297,-0.001972,0.000003,0.000105,0.000001,0.000203,0.000442,10.000000,19.000000,-1.000000,0.000000,0.000000,0.000000,0.000000,0.065000,0.000000,1520.000000,0.000000,0.000000,0.000000,2.000000,0.000000,0.000000,0.000000,0.000000,0.000000,0.000000,0.000000,0.000000,6505,0,29,0
26.654514,0.007839,-0.304201,-1.045425,0.000120,0.000149,0.003297,-0.002004,0.000010,0.000104,0.000002,0.000206,0.000442,10.000000,19.000000,-1.000000,0.000000,0.000000,0.000000,0.000000,0.065000,0.000000,1520.000000,0.000000,0.000000,0.000000,2.000000,0.000000,0.000000,0.000000,0.000000,0.000000,0.000000,0.000000,0.000000,6505,0,29,0
26.656467,0.007840,-0.304200,-1.045419,0.000116,0.000149,0.003297,-0.002036,0.000017,0.000103,0.000002,0.000209,0.000441,10.000000,19.000000,-1.000000,0.000000,0.000000,0.000000,0.000000,0.065000,0.000000,1520.000000,0.000000,0.000000,0.000000,2.000000,0.000000,0.000000,0.000000,0.000000,0.000000,0.000000,0.000000,0.000000,6505,0,29,0
26.658422,0.007840,-0.304200,-1.045412,0.000112,0.000149,0.003297,-0.002066,0.000024,0.000102,0.000003,0.000212,0.000440,10.000000,19.000000,-1.000000,0.000000,0.000000,0.000000,0.000000,0.065000,0.000000,1520.000000,0.000000,0.000000,0.000000,2.000000,0.000000,0.000000,0.000000,0.000000,0.000000,0.000000,0.000000,0.000000,6505,0,29,0
26.660376,0.007840,-0.304200,-1.045405,0.000108,0.000149,0.003298,-0.002096,0.000031,0.000102,0.000004,0.000215,0.000440,10.000000,19.000000,-1.000000,0.000000,0.000000,0.000000,0.000000,0.065000,0.000000,1520.000000,0.000000,0.000000,0.000000,2.000000,0.000000,0.000000,0.000000,0.000000,0.000000,0.000000,0.000000,0.000000,6505,0,29,0
26.662331,0.007840,-0.304199,-1.045399,0.000103,0.000149,0.003298,-0.002124,0.000038,0.000102,0.000004,0.000218,0.000439,10.000000,19.000000,-1.000000,0.000000,0.000000,0.000000,0.000000,0.065000,0.000000,1520.000000,0.000000,0.000000,0.000000,2.000000,0.000000,0.000000,0.000000,0.000000,0.000000,0.000000,0.000000,0.000000,6505,0,29,0
26.664284,0.007840,-0.304199,-1.045392,0.000099,0.000149,0.003298,-0.002152,0.000045,0.000101,0.000005,0.000221,0.000439,10.000000,19.000000,-1.000000,0.000000,0.000000,0.000000,0.000000,0.065000,0.000000,1520.000000,0.000000,0.000000,0.000000,2.000000,0.000000,0.000000,0.000000,0.000000,0.000000,0.000000,0.000000,0.000000,6505,0,30,0
26.666239,0.007841,-0.304199,-1.045386,0.000095,0.000150,0.003298,-0.002178,0.000052,0.000102,0.000006,0.000223,0.000438,10.000000,19.000000,-1.000000,0.000000,0.000000,0.000000,0.000000,0.065000,0.000000,1520.000000,0.000000,0.000000,0.000000,2.000000,0.000000,0.000000,0.000000,0.000000,0.000000,0.000000,0.000000,0.000000,6505,0,30,0
26.668192,0.007841,-0.304198,-1.045379,0.000090,0.000150,0.003298,-0.002202,0.000059,0.000102,0.000007,0.000226,0.000438,10.000000,19.000000,-1.000000,0.000000,0.000000,0.000000,0.000000,0.065000,0.000000,1520.000000,0.000000,0.000000,0.000000,2.000000,0.000000,0.000000,0.000000,0.000000,0.000000,0.000000,0.000000,0.000000,6505,0,30,0
26.670147,0.007841,-0.304198,-1.045372,0.000086,0.000150,0.003299,-0.002226,0.000066,0.000103,0.000007,0.000228,0.000437,10.000000,19.000000,-1.000000,0.000000,0.000000,0.000000,0.000000,0.065000,0.000000,1520.000000,0.000000,0.000000,0.000000,2.000000,0.000000,0.000000,0.000000,0.000000,0.000000,0.000000,0.000000,0.000000,6505,0,30,0
26.672100,0.007841,-0.304198,-1.045366,0.000082,0.000150,0.003299,-0.002248,0.000073,0.000104,0.000008,0.000231,0.000436,10.000000,19.000000,-1.000000,0.000000,0.000000,0.000000,0.000000,0.065000,0.000000,1520.000000,0.000000,0.000000,0.000000,2.000000,0.000000,0.000000,0.000000,0.000000,0.000000,0.000000,0.000000,0.000000,6505,0,30,0
26.674053,0.007841,-0.304198,-1.045359,0.000077,0.000150,0.003299,-0.002270,0.000080,0.000104,0.000009,0.000233,0.000436,10.000000,19.000000,-1.000000,0.000000,0.000000,0.000000,0.000000,0.065000,0.000000,1520.000000,0.000000,0.000000,0.000000,2.000000,0.000000,0.000000,0.000000,0.000000,0.000000,0.000000,0.000000,0.000000,6505,0,30,0
26.676008,0.007841,-0.304197,-1.045353,0.000072,0.000150,0.003299,-0.002290,0.000087,0.000105,0.000009,0.000235,0.000435,10.000000,19.000000,-1.000000,0.000000,0.000000,0.000000,0.000000,0.065000,0.000000,1520.000000,0.000000,0.000000,0.000000,2.000000,0.000000,0.000000,0.000000,0.000000,0.000000,0.000000,0.000000,0.000000,6505,0,30,0
26.677961,0.007842,-0.304197,-1.045346,0.000068,0.000150,0.003300,-0.002310,0.000094,0.000105,0.000010,0.000237,0.000435,10.000000,19.000000,-1.000000,0.000000,0.000000,0.000000,0.000000,0.065000,0.000000,1520.000000,0.000000,0.000000,0.000000,2.000000,0.000000,0.000000,0.000000,0.000000,0.000000,0.000000,0.000000,0.000000,6505,0,30,0
26.679916,0.007842,-0.304197,-1.045339,0.000063,0.000151,0.003300,-0.002329,0.000101,0.000106,0.000011,0.000239,0.000434,10.000000,19.000000,-1.000000,0.000000,0.000000,0.000000,0.000000,0.065000,0.000000,1520.000000,0.000000,0.000000,0.000000,2.000000,0.000000,0.000000,0.000000,0.000000,0.000000,0.000000,0.000000,0.000000,6505,0,30,0
26.681870,0.007842,-0.304196,-1.045333,0.000058,0.000151,0.003300,-0.002346,0.000108,0.000106,0.000011,0.000240,0.000434,10.000000,19.000000,-1.000000,0.000000,0.000000,0.000000,0.000000,0.065000,0.000000,1520.000000,0.000000,0.000000,0.000000,2.000000,0.000000,0.000000,0.000000,0.000000,0.000000,0.000000,0.000000,0.000000,6505,0,30,0
26.683825,0.007842,-0.304196,-1.045326,0.000054,0.000151,0.003300,-0.002363,0.000115,0.000106,0.000012,0.000242,0.000433,10.000000,19.000000,-1.000000,0.000000,0.000000,0.000000,0.000000,0.065000,0.000000,1520.000000,0.000000,0.000000,0.000000,2.000000,0.000000,0.000000,0.000000,0.000000,0.000000,0.000000,0.000000,0.000000,6505,0,30,0
26.685778,0.007842,-0.304196,-1.045320,0.000049,0.000151,0.003300,-0.002379,0.000122,0.000107,0.000013,0.000244,0.000433,10.000000,19.000000,-1.000000,0.000000,0.000000,0.000000,0.000000,0.065000,0.000000,1520.000000,0.000000,0.000000,0.000000,2.000000,0.000000,0.000000,0.000000,0.000000,0.000000,0.000000,0.000000,0.000000,6505,0,30,0
26.687733,0.007842,-0.304195,-1.045313,0.000044,0.000152,0.003301,-0.002395,0.000129,0.000108,0.000014,0.000245,0.000432,10.000000,19.000000,-1.000000,0.000000,0.000000,0.000000,0.000000,0.065000,0.000000,1520.000000,0.000000,0.000000,0.000000,2.000000,0.000000,0.000000,0.000000,0.000000,0.000000,0.000000,0.000000,0.000000,6505,0,30,0
26.689686,0.007842,-0.304195,-1.045306,0.000039,0.000152,0.003301,-0.002409,0.000136,0.000107,0.000014,0.000247,0.000432,10.000000,19.000000,-1.000000,0.000000,0.000000,0.000000,0.000000,0.065000,0.000000,1520.000000,0.000000,0.000000,0.000000,2.000000,0.000000,0.000000,0.000000,0.000000,0.000000,0.000000,0.000000,0.000000,6505,0,30,0
26.691641,0.007842,-0.304195,-1.045300,0.000035,0.000152,0.003301,-0.002423,0.000143,0.000107,0.000015,0.000248,0.000431,10.000000,19.000000,-1.000000,0.000000,0.000000,0.000000,0.000000,0.065000,0.000000,1520.000000,0.000000,0.000000,0.000000,2.000000,0.000000,0.000000,0.000000,0.000000,0.000000,0.000000,0.000000,0.000000,6505,0,30,0
26.693594,0.007842,-0.304195,-1.045293,0.000030,0.000152,0.003301,-0.002436,0.000150,0.000108,0.000016,0.000249,0.000431,10.000000,19.000000,-1.000000,0.000000,0.000000,0.000000,0.000000,0.065000,0.000000,1520.000000,0.000000,0.000000,0.000000,2.000000,0.000000,0.000000,0.000000,0.000000,0.000000,0.000000,0.000000,0.000000,6505,0,30,0
26.695547,0.007842,-0.304194,-1.045287,0.000025,0.000153,0.003301,-0.002449,0.000157,0.000108,0.000016,0.000250,0.000430,10.000000,19.000000,-1.000000,0.000000,0.000000,0.000000,0.000000,0.065000,0.000000,1520.000000,0.000000,0.000000,0.000000,2.000000,0.000000,0.000000,0.000000,0.000000,0.000000,0.000000,0.000000,0.000000,6505,0,30,0
26.697502,0.007842,-0.304194,-1.045280,0.000020,0.000153,0.003302,-0.002460,0.000163,0.000109,0.000017,0.000252,0.000430,10.000000,19.000000,-1.000000,0.000000,0.000000,0.000000,0.000000,0.065000,0.000000,1520.000000,0.000000,0.000000,0.000000,2.000000,0.000000,0.000000,0.000000,0.000000,0.000000,0.000000,0.000000,0.000000,6505,0,30,0
26.699455,0.007842,-0.304194,-1.045273,0.000015,0.000153,0.003302,-0.002471,0.000170,0.000110,0.000018,0.000253,0.000429,10.000000,19.000000,-1.000000,0.000000,0.000000,0.000000,0.000000,0.065000,0.000000,1520.000000,0.000000,0.000000,0.000000,2.000000,0.000000,0.000000,0.000000,0.000000,0.000000,0.000000,0.000000,0.000000,6505,0,30,0
26.701410,0.007842,-0.304193,-1.045267,0.000010,0.000154,0.003302,-0.002482,0.000177,0.000110,0.000019,0.000254,0.000429,10.000000,19.000000,-1.000000,0.000000,0.000000,0.000000,0.000000,0.065000,0.000000,1520.000000,0.000000,0.000000,0.000000,2.000000,0.000000,0.000000,0.000000,0.000000,0.000000,0.000000,0.000000,0.000000,6505,0,30,0
26.703363,0.007842,-0.304193,-1.045260,0.000005,0.000154,0.003302,-0.002492,0.000184,0.000109,0.000019,0.000255,0.000428,10.000000,19.000000,-1.000000,0.000000,0.000000,0.000000,0.000000,0.065000,0.000000,1520.000000,0.000000,0.000000,0.000000,2.000000,0.000000,0.000000,0.000000,0.000000,0.000000,0.000000,0.000000,0.000000,6505,0,30,0
26.705318,0.007842,-0.304193,-1.045254,0.000000,0.000154,0.003303,-0.002501,0.000191,0.000109,0.000020,0.000256,0.000427,10.000000,19.000000,-1.000000,0.000000,0.000000,0.000000,0.000000,0.065000,0.000000,1520.000000,0.000000,0.000000,0.000000,2.000000,0.000000,0.000000,0.000000,0.000000,0.000000,0.000000,0.000000,0.000000,6505,0,30,0
26.707272,0.007842,-0.304192,-1.045247,-0.000005,0.000155,0.003303,-0.002509,0.000198,0.000109,0.000021,0.000256,0.000427,10.000000,19.000000,-1.000000,0.000000,0.000000,0.000000,0.000000,0.065000,0.000000,1520.000000,0.000000,0.000000,0.000000,2.000000,0.000000,0.000000,0.000000,0.000000,0.000000,0.000000,0.000000,0.000000,6505,0,27,1
26.709227,0.007842,-0.304192,-1.045240,-0.000010,0.000155,0.003303,-0.002517,0.000203,0.000108,0.000021,0.000257,0.000426,10.000000,19.000000,-1.000000,0.000000,0.000000,0.000000,0.000000,0.065000,0.000000,1520.000000,0.000000,0.000000,0.000000,2.000000,0.000000,0.000000,0.000000,0.000000,0.000000,0.000000,0.000000,0.000000,6505,0,27,1
26.711180,0.007842,-0.304192,-1.045234,-0.000015,0.000156,0.003303,-0.002524,0.000211,0.000106,0.000022,0.000258,0.000426,10.000000,19.000000,-1.000000,0.000000,0.000000,0.000000,0.000000,0.065000,0.000000,1520.000000,0.000000,0.000000,0.000000,2.000000,0.000000,0.000000,0.000000,0.000000,0.000000,0.000000,0.000000,0.000000,6505,0,27,2
26.713135,0.007842,-0.304191,-1.045227,-0.000020,0.000156,0.003303,-0.002530,0.000216,0.000104,0.000023,0.000258,0.000426,10.000000,19.000000,-1.000000,0.000000,0.000000,0.000000,0.000000,0.065000,0.000000,1520.000000,0.000000,0.000000,0.000000,2.000000,0.000000,0.000000,0.000000,0.000000,0.000000,0.000000,0.000000,0.000000,6505,0,27,2
26.715088,0.007842,-0.304191,-1.045220,-0.000025,0.000157,0.003304,-0.002535,0.000223,0.000103,0.000024,0.000259,0.000425,10.000000,19.000000,-1.000000,0.000000,0.000000,0.000000,0.000000,0.065000,0.000000,1520.000000,0.000000,0.000000,0.000000,2.000000,0.000000,0.000000,0.000000,0.000000,0.000000,0.000000,0.000000,0.000000,6505,0,27,2
26.717043,0.007842,-0.304191,-1.045214,-0.000030,0.000157,0.003304,-0.002538,0.000230,0.000102,0.000024,0.000259,0.000425,10.000000,19.000000,-1.000000,0.000000,0.000000,0.000000,0.000000,0.065000,0.000000,1520.000000,0.000000,0.000000,0.000000,2.000000,0.000000,0.000000,0.000000,0.000000,0.000000,0.000000,0.000000,0.000000,6505,0,27,3
26.718996,0.007842,-0.304191,-1.045207,-0.000035,0.000157,0.003304,-0.002539,0.000236,0.000101,0.000025,0.000259,0.000425,10.000000,19.000000,-1.000000,0.000000,0.000000,0.000000,0.000000,0.065000,0.000000,1520.000000,0.000000,0.000000,0.000000,2.000000,0.000000,0.000000,0.000000,0.000000,0.000000,0.000000,0.000000,0.000000,6505,0,27,3
26.720949,0.007842,-0.304190,-1.045201,-0.000040,0.000158,0.003304,-0.002539,0.000243,0.000100,0.000026,0.000259,0.000425,10.000000,19.000000,-1.000000,0.000000,0.000000,0.000000,0.000000,0.065000,0.000000,1520.000000,0.000000,0.000000,0.000000,2.000000,0.000000,0.000000,0.000000,0.000000,0.000000,0.000000,0.000000,0.000000,6505,0,27,3
26.722904,0.007842,-0.304190,-1.045194,-0.000045,0.000158,0.003304,-0.002537,0.000250,0.000098,0.000026,0.000259,0.000424,10.000000,19.000000,-1.000000,0.000000,0.000000,0.000000,0.000000,0.065000,0.000000,1520.000000,0.000000,0.000000,0.000000,2.000000,0.000000,0.000000,0.000000,0.000000,0.000000,0.000000,0.000000,0.000000,6505,0,28,3
26.724857,0.007842,-0.304190,-1.045187,-0.000051,0.000159,0.003305,-0.002533,0.000257,0.000098,0.000027,0.000258,0.000424,10.000000,19.000000,-1.000000,0.000000,0.000000,0.000000,0.000000,0.065000,0.000000,1520.000000,0.000000,0.000000,0.000000,2.000000,0.000000,0.000000,0.000000,0.000000,0.000000,0.000000,0.000000,0.000000,6505,0,28,4
26.726812,0.007842,-0.304189,-1.045181,-0.000056,0.000159,0.003305,-0.002526,0.000263,0.000097,0.000028,0.000257,0.000424,10.000000,19.000000,-1.000000,0.000000,0.000000,0.000000,0.000000,0.065000,0.000000,1520.000000,0.000000,0.000000,0.000000,2.000000,0.000000,0.000000,0.000000,0.000000,0.000000,0.000000,0.000000,0.000000,6505,0,28,4
26.728765,0.007842,-0.304189,-1.045174,-0.000061,0.000160,0.003305,-0.002518,0.000270,0.000097,0.000029,0.000256,0.000424,10.000000,19.000000,-1.000000,0.000000,0.000000,0.000000,0.000000,0.065000,0.000000,1520.000000,0.000000,0.000000,0.000000,2.000000,0.000000,0.000000,0.000000,0.000000,0.000000,0.000000,0.000000,0.000000,6505,0,28,4
26.730721,0.007842,-0.304189,-1.045168,-0.000066,0.000161,0.003305,-0.002507,0.000277,0.000097,0.000029,0.000255,0.000425,10.000000,19.000000,-1.000000,0.000000,0.000000,0.000000,0.000000,0.065000,0.000000,1520.000000,0.000000,0.000000,0.000000,2.000000,0.000000,0.000000,0.000000,0.000000,0.000000,0.000000,0.000000,0.000000,6505,0,28,4
26.732674,0.007841,-0.304188,-1.045161,-0.000071,0.000161,0.003305,-0.002494,0.000285,0.000097,0.000030,0.000254,0.000425,10.000000,19.000000,-1.000000,0.000000,0.000000,0.000000,0.000000,0.065000,0.000000,1520.000000,0.000000,0.000000,0.000000,2.000000,0.000000,0.000000,0.000000,0.000000,0.000000,0.000000,0.000000,0.000000,6505,0,28,4
26.734629,0.007841,-0.304188,-1.045154,-0.000076,0.000162,0.003306,-0.002478,0.000292,0.000096,0.000031,0.000252,0.000425,10.000000,19.000000,-1.000000,0.000000,0.000000,0.000000,0.000000,0.065000,0.000000,1520.000000,0.000000,0.000000,0.000000,2.000000,0.000000,0.000000,0.000000,0.000000,0.000000,0.000000,0.000000,0.000000,6505,0,28,4
26.736582,0.007841,-0.304188,-1.045148,-0.000081,0.000162,0.003306,-0.002460,0.000299,0.000097,0.000031,0.000250,0.000426,10.000000,19.000000,-1.000000,0.000000,0.000000,0.000000,0.000000,0.065000,0.000000,1520.000000,0.000000,0.000000,0.000000,2.000000,0.000000,0.000000,0.000000,0.000000,0.000000,0.000000,0.000000,0.000000,6505,0,28,5
26.738537,0.007841,-0.304187,-1.045141,-0.000085,0.000163,0.003306,-0.002439,0.000304,0.000097,0.000032,0.000248,0.000426,10.000000,19.000000,-1.000000,0.000000,0.000000,0.000000,0.000000,0.065000,0.000000,1520.000000,0.000000,0.000000,0.000000,2.000000,0.000000,0.000000,0.000000,0.000000,0.000000,0.000000,0.000000,0.000000,6505,0,29,5
26.740490,0.007841,-0.304187,-1.045135,-0.000090,0.000164,0.003306,-0.002416,0.000312,0.000097,0.000033,0.000245,0.000426,10.000000,19.000000,-1.000000,0.000000,0.000000,0.000000,0.000000,0.065000,0.000000,1520.000000,0.000000,0.000000,0.000000,2.000000,0.000000,0.000000,0.000000,0.000000,0.000000,0.000000,0.000000,0.000000,6505,0,29,5
26.742443,0.007841,-0.304187,-1.045128,-0.000095,0.000164,0.003306,-0.002390,0.000319,0.000097,0.000034,0.000242,0.000427,10.000000,19.000000,-1.000000,0.000000,0.000000,0.000000,0.000000,0.065000,0.000000,1520.000000,0.000000,0.000000,0.000000,2.000000,0.000000,0.000000,0.000000,0.000000,0.000000,0.000000,0.000000,0.000000,6505,0,29,5
26.744398,0.007840,-0.304186,-1.045121,-0.000100,0.000165,0.003307,-0.002362,0.000326,0.000098,0.000034,0.000239,0.000428,10.000000,19.000000,-1.000000,0.000000,0.000000,0.000000,0.000000,0.065000,0.000000,1520.000000,0.000000,0.000000,0.000000,2.000000,0.000000,0.000000,0.000000,0.000000,0.000000,0.000000,0.000000,0.000000,6505,0,29,5
26.746351,0.007840,-0.304186,-1.045115,-0.000105,0.000165,0.003307,-0.002332,0.000334,0.000099,0.000035,0.000236,0.000429,10.000000,19.000000,-1.000000,0.000000,0.000000,0.000000,0.000000,0.065000,0.000000,1520.000000,0.000000,0.000000,0.000000,2.000000,0.000000,0.000000,0.000000,0.000000,0.000000,0.000000,0.000000,0.000000,6505,0,29,5
26.748306,0.007840,-0.304186,-1.045108,-0.000109,0.000166,0.003307,-0.002299,0.000341,0.000099,0.000036,0.000233,0.000429,10.000000,19.000000,-1.000000,0.000000,0.000000,0.000000,0.000000,0.065000,0.000000,1520.000000,0.000000,0.000000,0.000000,2.000000,0.000000,0.000000,0.000000,0.000000,0.000000,0.000000,0.000000,0.000000,6505,0,30,5
26.750259,0.007840,-0.304185,-1.045102,-0.000114,0.000167,0.003307,-0.002265,0.000348,0.000100,0.000036,0.000229,0.000430,10.000000,19.000000,-1.000000,0.000000,0.000000,0.000000,0.000000,0.065000,0.000000,1520.000000,0.000000,0.000000,0.000000,2.000000,0.000000,0.000000,0.000000,0.000000,0.000000,0.000000,0.000000,0.000000,6505,0,30,5
26.752214,0.007840,-0.304185,-1.045095,-0.000118,0.000168,0.003307,-0.002229,0.000355,0.000100,0.000037,0.000225,0.000431,10.000000,19.000000,-1.000000,0.000000,0.000000,0.000000,0.000000,0.065000,0.000000,1520.000000,0.000000,0.000000,0.000000,2.000000,0.000000,0.000000,0.000000,0.000000,0.000000,0.000000,0.000000,0.000000,6505,0,30,4
26.754168,0.007839,-0.304185,-1.045088,-0.000123,0.000168,0.003308,-0.002190,0.000364,0.000101,0.000038,0.000221,0.000432,10.000000,19.000000,-1.000000,0.000000,0.000000,0.000000,0.000000,0.065000,0.000000,1520.000000,0.000000,0.000000,0.000000,2.000000,0.000000,0.000000,0.000000,0.000000,0.000000,0.000000,0.000000,0.000000,6505,0,30,4
26.756123,0.007839,-0.304184,-1.045082,-0.000127,0.000169,0.003308,-0.002150,0.000371,0.000101,0.000039,0.000217,0.000433,10.000000,19.000000,-1.000000,0.000000,0.000000,0.000000,0.000000,0.065000,0.000000,1520.000000,0.000000,0.000000,0.000000,2.000000,0.000000,0.000000,0.000000,0.000000,0.000000,0.000000,0.000000,0.000000,6505,-1,30,4
26.758076,0.007839,-0.304184,-1.045075,-0.000131,0.000170,0.003308,-0.002109,0.000378,0.000102,0.000039,0.000213,0.000434,10.000000,19.000000,-1.000000,0.000000,0.000000,0.000000,0.000000,0.065000,0.000000,1520.000000,0.000000,0.000000,0.000000,2.000000,0.000000,0.000000,0.000000,0.000000,0.000000,0.000000,0.000000,0.000000,6505,-1,30,4
26.760031,0.007839,-0.304184,-1.045069,-0.000135,0.000171,0.003308,-0.002066,0.000385,0.000102,0.000040,0.000209,0.000435,10.000000,19.000000,-1.000000,0.000000,0.000000,0.000000,0.000000,0.065000,0.000000,1520.000000,0.000000,0.000000,0.000000,2.000000,0.000000,0.000000,0.000000,0.000000,0.000000,0.000000,0.000000,0.000000,6505,-1,31,4
26.761984,0.007838,-0.304183,-1.045062,-0.000139,0.000171,0.003308,-0.002021,0.000392,0.000102,0.000041,0.000204,0.000436,10.000000,19.000000,-1.000000,0.000000,0.000000,0.000000,0.000000,0.065000,0.000000,1520.000000,0.000000,0.000000,0.000000,2.000000,0.000000,0.000000,0.000000,0.000000,0.000000,0.000000,0.000000,0.000000,6505,-1,31,4
26.763939,0.007838,-0.304183,-1.045055,-0.000143,0.000172,0.003309,-0.001975,0.000399,0.000103,0.000041,0.000199,0.000437,10.000000,19.000000,-1.000000,0.000000,0.000000,0.000000,0.000000,0.065000,0.000000,1520.000000,0.000000,0.000000,0.000000,2.000000,0.000000,0.000000,0.000000,0.000000,0.000000,0.000000,0.000000,0.000000,6505,-1,31,4
26.765892,0.007838,-0.304183,-1.045049,-0.000147,0.000173,0.003309,-0.001927,0.000405,0.000103,0.000042,0.000194,0.000438,10.000000,19.000000,-1.000000,0.000000,0.000000,0.000000,0.000000,0.065000,0.000000,1520.000000,0.000000,0.000000,0.000000,2.000000,0.000000,0.000000,0.000000,0.000000,0.000000,0.000000,0.000000,0.000000,6505,-1,31,4
26.767845,0.007837,-0.304182,-1.045042,-0.000151,0.000174,0.003309,-0.001879,0.000411,0.000104,0.000043,0.000189,0.000440,10.000000,19.000000,-1.000000,0.000000,0.000000,0.000000,0.000000,0.065000,0.000000,1520.000000,0.000000,0.000000,0.000000,2.000000,0.000000,0.000000,0.000000,0.000000,0.000000,0.000000,0.000000,0.000000,6505,-1,31,3
26.769800,0.007837,-0.304182,-1.045035,-0.000155,0.000175,0.003309,-0.001829,0.000419,0.000104,0.000043,0.000184,0.000441,10.000000,19.000000,-1.000000,0.000000,0.000000,0.000000,0.000000,0.065000,0.000000,1520.000000,0.000000,0.000000,0.000000,2.000000,0.000000,0.000000,0.000000,0.000000,0.000000,0.000000,0.000000,0.000000,6505,-1,31,3
26.771753,0.007837,-0.304182,-1.045029,-0.000158,0.000175,0.003309,-0.001779,0.000424,0.000105,0.000044,0.000179,0.000442,10.000000,19.000000,-1.000000,0.000000,0.000000,0.000000,0.000000,0.065000,0.000000,1520.000000,0.000000,0.000000,0.000000,2.000000,0.000000,0.000000,0.000000,0.000000,0.000000,0.000000,0.000000,0.000000,6505,-1,31,3
26.773708,0.007836,-0.304181,-1.045022,-0.000162,0.000176,0.003310,-0.001727,0.000429,0.000105,0.000044,0.000174,0.000443,10.000000,19.000000,-1.000000,0.000000,0.000000,0.000000,0.000000,0.065000,0.000000,1520.000000,0.000000,0.000000,0.000000,2.000000,0.000000,0.000000,0.000000,0.000000,0.000000,0.000000,0.000000,0.000000,6505,-1,32,3
26.775661,0.007836,-0.304181,-1.045016,-0.000165,0.000177,0.003310,-0.001675,0.000432,0.000106,0.000044,0.000168,0.000444,10.000000,19.000000,-1.000000,0.000000,0.000000,0.000000,0.000000,0.065000,0.000000,1520.000000,0.000000,0.000000,0.000000,2.000000,0.000000,0.000000,0.000000,0.000000,0.000000,0.000000,0.000000,0.000000,6505,-1,32,3
26.777617,0.007836,-0.304181,-1.045009,-0.000168,0.000178,0.003310,-0.001623,0.000435,0.000107,0.000045,0.000163,0.000445,10.000000,19.000000,-1.000000,0.000000,0.000000,0.000000,0.000000,0.065000,0.000000,1520.000000,0.000000,0.000000,0.000000,2.000000,0.000000,0.000000,0.000000,0.000000,0.000000,0.000000,0.000000,0.000000,6505,-1,32,3
26.779570,0.007835,-0.304180,-1.045002,-0.000172,0.000179,0.003310,-0.001569,0.000438,0.000108,0.000045,0.000157,0.000447,10.000000,19.000000,-1.000000,0.000000,0.000000,0.000000,0.000000,0.065000,0.000000,1520.000000,0.000000,0.000000,0.000000,2.000000,0.000000,0.000000,0.000000,0.000000,0.000000,0.000000,0.000000,0.000000,6505,-1,32,3
26.781525,0.007835,-0.304180,-1.044996,-0.000175,0.000180,0.003310,-0.001516,0.000439,0.000109,0.000045,0.000152,0.000448,10.000000,19.000000,-1.000000,0.000000,0.000000,0.000000,0.000000,0.065000,0.000000,1520.000000,0.000000,0.000000,0.000000,2.000000,0.000000,0.000000,0.000000,0.000000,0.000000,0.000000,0.000000,0.000000,6505,-1,32,2
26.783478,0.007835,-0.304179,-1.044989,-0.000178,0.000181,0.003311,-0.001462,0.000442,0.000109,0.000045,0.000146,0.000449,10.000000,19.000000,-1.000000,0.000000,0.000000,0.000000,0.000000,0.065000,0.000000,1520.000000,0.000000,0.000000,0.000000,2.000000,0.000000,0.000000,0.000000,0.000000,0.000000,0.000000,0.000000,0.000000,6505,-1,32,2
26.785433,0.007834,-0.304179,-1.044982,-0.000180,0.000182,0.003311,-0.001408,0.000442,0.000110,0.000045,0.000141,0.000450,10.000000,19.000000,0.000000,0.000000,0.000000,0.000000,0.000000,0.065000,0.000000,1486.000000,0.000000,0.000000,0.000000,2.000000,0.000000,0.000000,0.000000,0.000000,0.000000,0.000000,0.000000,0.000000,6505,0,32,2
26.787386,0.007834,-0.304179,-1.044976,-0.000183,0.000182,0.003311,-0.001354,0.000441,0.000111,0.000045,0.000135,0.000451,10.000000,19.000000,0.000000,0.000000,0.000000,0.000000,0.000000,0.065000,0.000000,1486.000000,0.000000,0.000000,0.000000,2.000000,0.000000,0.000000,0.000000,0.000000,0.000000,0.000000,0.000000,0.000000,6505,0,32,2
26.789341,0.007834,-0.304178,-1.044969,-0.000186,0.000183,0.003311,-0.001299,0.000439,0.000111,0.000045,0.000130,0.000452,10.000000,19.000000,0.000000,0.000000,0.000000,0.000000,0.000000,0.065000,0.000000,1486.000000,0.000000,0.000000,0.000000,2.000000,0.000000,0.000000,0.000000,0.000000,0.000000,0.000000,0.000000,0.000000,6505,0,32,2
26.791294,0.007833,-0.304178,-1.044963,-0.000188,0.000184,0.003312,-0.001245,0.000436,0.000112,0.000044,0.000124,0.000454,10.000000,19.000000,0.000000,0.000000,0.000000,0.000000,0.000000,0.065000,0.000000,1486.000000,0.000000,0.000000,0.000000,2.000000,0.000000,0.000000,0.000000,0.000000,0.000000,0.000000,0.000000,0.000000,6505,0,32,2
26.793247,0.007833,-0.304178,-1.044956,-0.000191,0.000185,0.003312,-0.001191,0.000433,0.000112,0.000044,0.000119,0.000455,10.000000,19.000000,0.000000,0.000000,0.000000,0.000000,0.000000,0.065000,0.000000,1486.000000,0.000000,0.000000,0.000000,2.000000,0.000000,0.000000,0.000000,0.000000,0.000000,0.000000,0.000000,0.000000,6505,0,33,1
26.795202,0.007832,-0.304177,-1.044949,-0.000193,0.000186,0.003312,-0.001137,0.000431,0.000113,0.000044,0.000113,0.000456,10.000000,19.000000,0.000000,0.000000,0.000000,0.000000,0.000000,0.065000,0.000000,1486.000000,0.000000,0.000000,0.000000,2.000000,0.000000,0.000000,0.000000,0.000000,0.000000,0.000000,0.000000,0.000000,6505,0,33,1
26.797155,0.007832,-0.304177,-1.044943,-0.000195,0.000187,0.003312,-0.001084,0.000426,0.000114,0.000043,0.000108,0.000457,10.000000,19.000000,0.000000,0.000000,0.000000,0.000000,0.000000,0.065000,0.000000,1486.000000,0.000000,0.000000,0.000000,2.000000,0.000000,0.000000,0.000000,0.000000,0.000000,0.000000,0.000000,0.000000,6505,0,33,1
26.799110,0.007832,-0.304176,-1.044936,-0.000197,0.000188,0.003312,-0.001030,0.000421,0.000114,0.000043,0.000102,0.000458,10.000000,19.000000,0.000000,0.000000,0.000000,0.000000,0.000000,0.065000,0.000000,1486.000000,0.000000,0.000000,0.000000,2.000000,0.000000,0.000000,0.000000,0.000000,0.000000,0.000000,0.000000,0.000000,6505,0,33,1
26.801064,0.007831,-0.304176,-1.044929,-0.000199,0.000188,0.003313,-0.000978,0.000415,0.000115,0.000042,0.000097,0.000459,10.000000,19.000000,0.000000,0.000000,0.000000,0.000000,0.000000,0.065000,0.000000,1486.000000,0.000000,0.000000,0.000000,2.000000,0.000000,0.000000,0.000000,0.000000,0.000000,0.000000,0.000000,0.000000,6505,0,33,1
26.803019,0.007831,-0.304176,-1.044923,-0.000201,0.000189,0.003313,-0.000925,0.000409,0.000116,0.000041,0.000092,0.000460,10.000000,19.000000,0.000000,0.000000,0.000000,0.000000,0.000000,0.065000,0.000000,1486.000000,0.000000,0.000000,0.000000,2.000000,0.000000,0.000000,0.000000,0.000000,0.000000,0.000000,0.000000,0.000000,6505,0,33,1
26.804972,0.007831,-0.304175,-1.044916,-0.000203,0.000190,0.003313,-0.000874,0.000402,0.000117,0.000041,0.000087,0.000461,10.000000,19.000000,0.000000,0.000000,0.000000,0.000000,0.000000,0.065000,0.000000,1486.000000,0.000000,0.000000,0.000000,2.000000,0.000000,0.000000,0.000000,0.000000,0.000000,0.000000,0.000000,0.000000,6505,0,33,1
26.806927,0.007830,-0.304175,-1.044910,-0.000205,0.000191,0.003313,-0.000823,0.000395,0.000117,0.000040,0.000081,0.000462,10.000000,19.000000,0.000000,0.000000,0.000000,0.000000,0.000000,0.065000,0.000000,1486.000000,0.000000,0.000000,0.000000,2.000000,0.000000,0.000000,0.000000,0.000000,0.000000,0.000000,0.000000,0.000000,6505,0,33,1
26.808880,0.007830,-0.304175,-1.044903,-0.000206,0.000192,0.003314,-0.000772,0.000388,0.000118,0.000039,0.000076,0.000463,10.000000,19.000000,0.000000,0.000000,0.000000,0.000000,0.000000,0.065000,0.000000,1486.000000,0.000000,0.000000,0.000000,2.000000,0.000000,0.000000,0.000000,0.000000,0.000000,0.000000,0.000000,0.000000,6505,0,33,1
26.810835,0.007829,-0.304174,-1.044896,-0.000208,0.000192,0.003314,-0.000723,0.000380,0.000118,0.000038,0.000071,0.000464,10.000000,19.000000,0.000000,0.000000,0.000000,0.000000,0.000000,0.065000,0.000000,1486.000000,0.000000,0.000000,0.000000,2.000000,0.000000,0.000000,0.000000,0.000000,0.000000,0.000000,0.000000,0.000000,6505,0,33,1
26.812788,0.007829,-0.304174,-1.044890,-0.000209,0.000193,0.003314,-0.000674,0.000373,0.000118,0.000038,0.000066,0.000464,10.000000,19.000000,0.000000,0.000000,0.000000,0.000000,0.000000,0.065000,0.000000,1486.000000,0.000000,0.000000,0.000000,2.000000,0.000000,0.000000,0.000000,0.000000,0.000000,0.000000,0.000000,0.000000,6505,0,33,1
26.814741,0.007828,-0.304173,-1.044883,-0.000210,0.000194,0.003314,-0.000627,0.000364,0.000119,0.000037,0.000062,0.000465,10.000000,19.000000,0.000000,0.000000,0.000000,0.000000,0.000000,0.065000,0.000000,1486.000000,0.000000,0.000000,0.000000,2.000000,0.000000,0.000000,0.000000,0.000000,0.000000,0.000000,0.000000,0.000000,6505,0,33,0
26.816696,0.007828,-0.304173,-1.044876,-0.000211,0.000195,0.003315,-0.000580,0.000358,0.000119,0.000036,0.000057,0.000466,10.000000,19.000000,0.000000,0.000000,0.000000,0.000000,0.000000,0.065000,0.000000,1486.000000,0.000000,0.000000,0.000000,2.000000,0.000000,0.000000,0.000000,0.000000,0.000000,0.000000,0.000000,0.000000,6505,0,33,0
26.818649,0.007828,-0.304173,-1.044870,-0.000212,0.000195,0.003315,-0.000534,0.000349,0.000119,0.000035,0.000052,0.000467,10.000000,19.000000,0.000000,0.000000,0.000000,0.000000,0.000000,0.065000,0.000000,1486.000000,0.000000,0.000000,0.000000,2.000000,0.000000,0.000000,0.000000,0.000000,0.000000,0.000000,0.000000,0.000000,6505,0,33,0
26.820604,0.007827,-0.304172,-1.044863,-0.000213,0.000196,0.003315,-0.000489,0.000341,0.000119,0.000034,0.000048,0.000468,10.000000,19.000000,0.000000,0.000000,0.000000,0.000000,0.000000,0.065000,0.000000,1486.000000,0.000000,0.000000,0.000000,2.000000,0.000000,0.000000,0.000000,0.000000,0.000000,0.000000,0.000000,0.000000,6505,0,33,0
26.822557,0.007827,-0.304172,-1.044857,-0.000214,0.000197,0.003315,-0.000446,0.000332,0.000119,0.000033,0.000043,0.000469,10.000000,19.000000,0.000000,0.000000,0.000000,0.000000,0.000000,0.065000,0.000000,1486.000000,0.000000,0.000000,0.000000,2.000000,0.000000,0.000000,0.000000,0.000000,0.000000,0.000000,0.000000,0.000000,6505,0,33,0
26.824512,0.007826,-0.304171,-1.044850,-0.000215,0.000197,0.003316,-0.000404,0.000323,0.000120,0.000032,0.000039,0.000469,10.000000,19.000000,0.000000,0.000000,0.000000,0.000000,0.000000,0.065000,0.000000,1486.000000,0.000000,0.000000,0.000000,2.000000,0.000000,0.000000,0.000000,0.000000,0.000000,0.000000,0.000000,0.000000,6505,0,33,0
26.826466,0.007826,-0.304171,-1.044843,-0.000216,0.000198,0.003316,-0.000363,0.000314,0.000120,0.000031,0.000035,0.000470,10.000000,19.000000,0.000000,0.000000,0.000000,0.000000,0.000000,0.065000,0.000000,1486.000000,0.000000,0.000000,0.000000,2.000000,0.000000,0.000000,0.000000,0.000000,0.000000,0.000000,0.000000,0.000000,6505,0,33,0
26.828421,0.007825,-0.304171,-1.044837,-0.000217,0.000199,0.003316,-0.000323,0.000304,0.000120,0.000030,0.000031,0.000471,10.000000,19.000000,0.000000,0.000000,0.000000,0.000000,0.000000,0.065000,0.000000,1486.000000,0.000000,0.000000,0.000000,2.000000,0.000000,0.000000,0.000000,0.000000,0.000000,0.000000,0.000000,0.000000,6505,0,33,0
26.830374,0.007825,-0.304170,-1.044830,-0.000217,0.000199,0.003316,-0.000285,0.000295,0.000120,0.000030,0.000027,0.000471,10.000000,19.000000,0.000000,0.000000,0.000000,0.000000,0.000000,0.065000,0.000000,1486.000000,0.000000,0.000000,0.000000,2.000000,0.000000,0.000000,0.000000,0.000000,0.000000,0.000000,0.000000,0.000000,6505,0,33,0
26.832329,0.007825,-0.304170,-1.044823,-0.000218,0.000200,0.003317,-0.000249,0.000285,0.000121,0.000029,0.000024,0.000472,10.000000,19.000000,0.000000,0.000000,0.000000,0.000000,0.000000,0.065000,0.000000,1486.000000,0.000000,0.000000,0.000000,2.000000,0.000000,0.000000,0.000000,0.000000,0.000000,0.000000,0.000000,0.000000,6505,0,33,0
26.834282,0.007824,-0.304169,-1.044817,-0.000218,0.000200,0.003317,-0.000214,0.000276,0.000120,0.000028,0.000020,0.000473,10.000000,19.000000,0.000000,0.000000,0.000000,0.000000,0.000000,0.065000,0.000000,1486.000000,0.000000,0.000000,0.000000,2.000000,0.000000,0.000000,0.000000,0.000000,0.000000,0.000000,0.000000,0.000000,6505,0,33,0
26.836235,0.007824,-0.304169,-1.044810,-0.000219,0.000201,0.003317,-0.000181,0.000266,0.000120,0.000027,0.000017,0.000473,10.000000,19.000000,0.000000,0.000000,0.000000,0.000000,0.000000,0.065000,0.000000,1486.000000,0.000000,0.000000,0.000000,2.000000,0.000000,0.000000,0.000000,0.000000,0.000000,0.000000,0.000000,0.000000,6505,0,33,0
26.838190,0.007823,-0.304169,-1.044804,-0.000219,0.000201,0.003317,-0.000149,0.000256,0.000120,0.000026,0.000014,0.000474,10.000000,19.000000,0.000000,0.000000,0.000000,0.000000,0.000000,0.065000,0.000000,1486.000000,0.000000,0.000000,0.000000,2.000000,0.000000,0.000000,0.000000,0.000000,0.000000,0.000000,0.000000,0.000000,6505,0,33,0
26.840143,0.007823,-0.304168,-1.044797,-0.000219,0.000202,0.003317,-0.000119,0.000247,0.000120,0.000025,0.000011,0.000475,10.000000,19.000000,0.000000,0.000000,0.000000,0.000000,0.000000,0.065000,0.000000,1486.000000,0.000000,0.000000,0.000000,2.000000,0.000000,0.000000,0.000000,0.000000,0.000000,0.000000,0.000000,0.000000,6505,0,33,0
26.842098,0.007822,-0.304168,-1.044790,-0.000219,0.000202,0.003318,-0.000090,0.000237,0.000121,0.000024,0.000008,0.000475,10.000000,19.000000,0.000000,0.000000,0.000000,0.000000,0.000000,0.065000,0.000000,1486.000000,0.000000,0.000000,0.000000,2.000000,0.000000,0.000000,0.000000,0.000000,0.000000,0.000000,0.000000,0.000000,6505,0,33,0
26.844051,0.007822,-0.304167,-1.044784,-0.000219,0.000203,0.003318,-0.000063,0.000227,0.000121,0.000023,0.000005,0.000476,10.000000,19.000000,-1.000000,0.000000,0.000000,0.000000,0.000000,0.065000,0.000000,1452.000000,0.000000,0.000000,0.000000,2.000000,0.000000,0.000000,0.000000,0.000000,0.000000,0.000000,0.000000,0.000000,6505,0,33,0
26.846006,0.007822,-0.304167,-1.044777,-0.000220,0.000203,0.003318,-0.000038,0.000217,0.000121,0.000022,0.000003,0.000476,10.000000,19.000000,-1.000000,0.000000,0.000000,0.000000,0.000000,0.065000,0.000000,1452.000000,0.000000,0.000000,0.000000,2.000000,0.000000,0.000000,0.000000,0.000000,0.000000,0.000000,0.000000,0.000000,6505,0,33,0
26.847960,0.007821,-0.304167,-1.044770,-0.000220,0.000204,0.003318,-0.000015,0.000207,0.000121,0.000021,0.000000,0.000477,10.000000,19.000000,-1.000000,0.000000,0.000000,0.000000,0.000000,0.065000,0.000000,1452.000000,0.000000,0.000000,0.000000,2.000000,0.000000,0.000000,0.000000,0.000000,0.000000,0.000000,0.000000,0.000000,6505,0,33,0
26.849915,0.007821,-0.304166,-1.044764,-0.000220,0.000204,0.003319,0.000006,0.000197,0.000122,0.000020,-0.000002,0.000478,10.000000,19.000000,-1.000000,0.000000,0.000000,0.000000,0.000000,0.065000,0.000000,1452.000000,0.000000,0.000000,0.000000,2.000000,0.000000,0.000000,0.000000,0.000000,0.000000,0.000000,0.000000,0.000000,6505,0,33,0
26.851868,0.007820,-0.304166,-1.044757,-0.000220,0.000204,0.003319,0.000026,0.000187,0.000122,0.000018,-0.000004,0.000478,10.000000,19.000000,-1.000000,0.000000,0.000000,0.000000,0.000000,0.065000,0.000000,1452.000000,0.000000,0.000000,0.000000,2.000000,0.000000,0.000000,0.000000,0.000000,0.000000,0.000000,0.000000,0.000000,6505,0,32,0
26.853823,0.007820,-0.304165,-1.044750,-0.000219,0.000205,0.003319,0.000044,0.000177,0.000122,0.000017,-0.000005,0.000479,10.000000,19.000000,-1.000000,0.000000,0.000000,0.000000,0.000000,0.065000,0.000000,1452.000000,0.000000,0.000000,0.000000,2.000000,0.000000,0.000000,0.000000,0.000000,0.000000,0.000000,0.000000,0.000000,6505,0,32,0
26.855776,0.007819,-0.304165,-1.044744,-0.000219,0.000205,0.003319,0.000060,0.000166,0.000122,0.000016,-0.000007,0.000479,10.000000,19.000000,-1.000000,0.000000,0.000000,0.000000,0.000000,0.065000,0.000000,1452.000000,0.000000,0.000000,0.000000,2.000000,0.000000,0.000000,0.000000,0.000000,0.000000,0.000000,0.000000,0.000000,6505,0,32,0
26.857731,0.007819,-0.304165,-1.044737,-0.000219,0.000205,0.003320,0.000075,0.000156,0.000122,0.000015,-0.000008,0.000480,10.000000,19.000000,-1.000000,0.000000,0.000000,0.000000,0.000000,0.065000,0.000000,1452.000000,0.000000,0.000000,0.000000,2.000000,0.000000,0.000000,0.000000,0.000000,0.000000,0.000000,0.000000,0.000000,6505,0,32,0
26.859684,0.007818,-0.304164,-1.044730,-0.000219,0.000206,0.003320,0.000088,0.000146,0.000122,0.000014,-0.000010,0.000480,10.000000,19.000000,-1.000000,0.000000,0.000000,0.000000,0.000000,0.065000,0.000000,1452.000000,0.000000,0.000000,0.000000,2.000000,0.000000,0.000000,0.000000,0.000000,0.000000,0.000000,0.000000,0.000000,6505,0,32,0
26.861637,0.007818,-0.304164,-1.044724,-0.000219,0.000206,0.003320,0.000099,0.000136,0.000122,0.000013,-0.000011,0.000481,10.000000,19.000000,-1.000000,0.000000,0.000000,0.000000,0.000000,0.065000,0.000000,1452.000000,0.000000,0.000000,0.000000,2.000000,0.000000,0.000000,0.000000,0.000000,0.000000,0.000000,0.000000,0.000000,6505,0,32,0
26.863592,0.007818,-0.304163,-1.044717,-0.000219,0.000206,0.003320,0.000109,0.000126,0.000121,0.000012,-0.000012,0.000482,10.000000,19.000000,-1.000000,0.000000,0.000000,0.000000,0.000000,0.065000,0.000000,1452.000000,0.000000,0.000000,0.000000,2.000000,0.000000,0.000000,0.000000,0.000000,0.000000,0.000000,0.000000,0.000000,6505,0,32,0
26.865545,0.007817,-0.304163,-1.044711,-0.000218,0.000206,0.003321,0.000118,0.000115,0.000122,0.000011,-0.000012,0.000482,10.000000,19.000000,-1.000000,0.000000,0.000000,0.000000,0.000000,0.065000,0.000000,1452.000000,0.000000,0.000000,0.000000,2.000000,0.000000,0.000000,0.000000,0.000000,0.000000,0.000000,0.000000,0.000000,6505,0,32,0
26.867500,0.007817,-0.304163,-1.044704,-0.000218,0.000207,0.003321,0.000125,0.000105,0.000122,0.000010,-0.000013,0.000483,10.000000,19.000000,-1.000000,0.000000,0.000000,0.000000,0.000000,0.065000,0.000000,1452.000000,0.000000,0.000000,0.000000,2.000000,0.000000,0.000000,0.000000,0.000000,0.000000,0.000000,0.000000,0.000000,6505,0,32,0
26.869453,0.007816,-0.304162,-1.044697,-0.000218,0.000207,0.003321,0.000132,0.000095,0.000121,0.000009,-0.000014,0.000483,10.000000,19.000000,-1.000000,0.000000,0.000000,0.000000,0.000000,0.065000,0.000000,1452.000000,0.000000,0.000000,0.000000,2.000000,0.000000,0.000000,0.000000,0.000000,0.000000,0.000000,0.000000,0.000000,6505,0,32,0
26.871408,0.007816,-0.304162,-1.044691,-0.000218,0.000207,0.003321,0.000137,0.000085,0.000122,0.000008,-0.000014,0.000484,10.000000,19.000000,-1.000000,0.000000,0.000000,0.000000,0.000000,0.065000,0.000000,1452.000000,0.000000,0.000000,0.000000,2.000000,0.000000,0.000000,0.000000,0.000000,0.000000,0.000000,0.000000,0.000000,6505,0,32,0
26.873362,0.007815,-0.304161,-1.044684,-0.000217,0.000207,0.003322,0.000141,0.000074,0.000122,0.000007,-0.000015,0.000484,10.000000,19.000000,-1.000000,0.000000,0.000000,0.000000,0.000000,0.065000,0.000000,1452.000000,0.000000,0.000000,0.000000,2.000000,0.000000,0.000000,0.000000,0.000000,0.000000,0.000000,0.000000,0.000000,6505,0,32,0
26.875317,0.007815,-0.304161,-1.044677,-0.000217,0.000207,0.003322,0.000143,0.000064,0.000122,0.000006,-0.000015,0.000485,10.000000,19.000000,-1.000000,0.000000,0.000000,0.000000,0.000000,0.065000,0.000000,1452.000000,0.000000,0.000000,0.000000,2.000000,0.000000,0.000000,0.000000,0.000000,0.000000,0.000000,0.000000,0.000000,6505,0,31,0
26.877270,0.007815,-0.304160,-1.044671,-0.000217,0.000207,0.003322,0.000145,0.000054,0.000121,0.000005,-0.000015,0.000485,10.000000,19.000000,-1.000000,0.000000,0.000000,0.000000,0.000000,0.065000,0.000000,1452.000000,0.000000,0.000000,0.000000,2.000000,0.000000,0.000000,0.000000,0.000000,0.000000,0.000000,0.000000,0.000000,6505,0,31,0
26.879225,0.007814,-0.304160,-1.044664,-0.000217,0.000208,0.003322,0.000146,0.000043,0.000120,0.000004,-0.000015,0.000486,10.000000,19.000000,-1.000000,0.000000,0.000000,0.000000,0.000000,0.065000,0.000000,1452.000000,0.000000,0.000000,0.000000,2.000000,0.000000,0.000000,0.000000,0.000000,0.000000,0.000000,0.000000,0.000000,6505,0,31,0
26.881178,0.007814,-0.304160,-1.044657,-0.000216,0.000208,0.003323,0.000146,0.000033,0.000119,0.000003,-0.000015,0.000486,10.000000,19.000000,-1.000000,0.000000,0.000000,0.000000,0.000000,0.065000,0.000000,1452.000000,0.000000,0.000000,0.000000,2.000000,0.000000,0.000000,0.000000,0.000000,0.000000,0.000000,0.000000,0.000000,6505,0,31,0
26.883133,0.007813,-0.304159,-1.044651,-0.000216,0.000208,0.003323,0.000145,0.000023,0.000118,0.000002,-0.000015,0.000487,10.000000,19.000000,-1.000000,0.000000,0.000000,0.000000,0.000000,0.065000,0.000000,1452.000000,0.000000,0.000000,0.000000,2.000000,0.000000,0.000000,0.000000,0.000000,0.000000,0.000000,0.000000,0.000000,6505,0,31,0
26.885086,0.007813,-0.304159,-1.044644,-0.000216,0.000208,0.003323,0.000144,0.000012,0.000118,0.000001,-0.000015,0.000487,10.000000,19.000000,-1.000000,0.000000,0.000000,0.000000,0.000000,0.065000,0.000000,1452.000000,0.000000,0.000000,0.000000,2.000000,0.000000,0.000000,0.000000,0.000000,0.000000,0.000000,0.000000,0.000000,6505,0,31,0
26.887039,0.007812,-0.304158,-1.044637,-0.000215,0.000208,0.003323,0.000142,0.000002,0.000118,-0.000000,-0.000014,0.000488,10.000000,19.000000,-1.000000,0.000000,0.000000,0.000000,0.000000,0.065000,0.000000,1452.000000,0.000000,0.000000,0.000000,2.000000,0.000000,0.000000,0.000000,0.000000,0.000000,0.000000,0.000000,0.000000,6505,0,31,-1
26.888994,0.007812,-0.304158,-1.044631,-0.000215,0.000208,0.003324,0.000140,-0.000007,0.000117,-0.000001,-0.000014,0.000488,10.000000,19.000000,-1.000000,0.000000,0.000000,0.000000,0.000000,0.065000,0.000000,1452.000000,0.000000,0.000000,0.000000,2.000000,0.000000,0.000000,0.000000,0.000000,0.000000,0.000000,0.000000,0.000000,6505,0,28,-1
26.890947,0.007811,-0.304158,-1.044624,-0.000215,0.000208,0.003324,0.000137,-0.000017,0.000115,-0.000002,-0.000014,0.000489,10.000000,19.000000,-1.000000,0.000000,0.000000,0.000000,0.000000,0.065000,0.000000,1452.000000,0.000000,0.000000,0.000000,2.000000,0.000000,0.000000,0.000000,0.000000,0.000000,0.000000,0.000000,0.000000,6505,0,28,-1
26.892902,0.007811,-0.304157,-1.044618,-0.000215,0.000208,0.003324,0.000135,-0.000028,0.000113,-0.000004,-0.000014,0.000489,10.000000,19.000000,-1.000000,0.000000,0.000000,0.000000,0.000000,0.065000,0.000000,1452.000000,0.000000,0.000000,0.000000,2.000000,0.000000,0.000000,0.000000,0.000000,0.000000,0.000000,0.000000,0.000000,6505,0,28,-2
26.894855,0.007811,-0.304157,-1.044611,-0.000214,0.000208,0.003324,0.000132,-0.000036,0.000111,-0.000005,-0.000013,0.000490,10.000000,19.000000,-1.000000,0.000000,0.000000,0.000000,0.000000,0.065000,0.000000,1452.000000,0.000000,0.000000,0.000000,2.000000,0.000000,0.000000,0.000000,0.000000,0.000000,0.000000,0.000000,0.000000,6505,0,28,-2
26.896811,0.007810,-0.304156,-1.044604,-0.000214,0.000207,0.003324,0.000130,-0.000047,0.000109,-0.000006,-0.000013,0.000490,10.000000,19.000000,-1.000000,0.000000,0.000000,0.000000,0.000000,0.065000,0.000000,1452.000000,0.000000,0.000000,0.000000,2.000000,0.000000,0.000000,0.000000,0.000000,0.000000,0.000000,0.000000,0.000000,6505,0,28,-2
26.898764,0.007810,-0.304156,-1.044598,-0.000214,0.000207,0.003325,0.000128,-0.000058,0.000107,-0.000007,-0.000013,0.000490,10.000000,19.000000,-1.000000,0.000000,0.000000,0.000000,0.000000,0.065000,0.000000,1452.000000,0.000000,0.000000,0.000000,2.000000,0.000000,0.000000,0.000000,0.000000,0.000000,0.000000,0.000000,0.000000,6505,0,28,-3
26.900719,0.007809,-0.304155,-1.044591,-0.000213,0.000207,0.003325,0.000128,-0.000067,0.000106,-0.000008,-0.000013,0.000491,10.000000,19.000000,-1.000000,0.000000,0.000000,0.000000,0.000000,0.065000,0.000000,1452.000000,0.000000,0.000000,0.000000,2.000000,0.000000,0.000000,0.000000,0.000000,0.000000,0.000000,0.000000,0.000000,6505,0,28,-3
26.902672,0.007809,-0.304155,-1.044584,-0.000213,0.000207,0.003325,0.000128,-0.000077,0.000105,-0.000009,-0.000013,0.000491,10.000000,19.000000,-1.000000,0.000000,0.000000,0.000000,0.000000,0.065000,0.000000,1452.000000,0.000000,0.000000,0.000000,2.000000,0.000000,0.000000,0.000000,0.000000,0.000000,0.000000,0.000000,0.000000,6505,0,28,-3
26.904627,0.007808,-0.304155,-1.044578,-0.000213,0.000207,0.003325,0.000129,-0.000088,0.000105,-0.000010,-0.000013,0.000491,10.000000,19.000000,-1.000000,0.000000,0.000000,0.000000,0.000000,0.065000,0.000000,1452.000000,0.000000,0.000000,0.000000,2.000000,0.000000,0.000000,0.000000,0.000000,0.000000,0.000000,0.000000,0.000000,6505,0,28,-3
26.906580,0.007808,-0.304154,-1.044571,-0.000213,0.000207,0.003325,0.000132,-0.000099,0.000104,-0.000011,-0.000014,0.000491,10.000000,19.000000,-1.000000,0.000000,0.000000,0.000000,0.000000,0.065000,0.000000,1452.000000,0.000000,0.000000,0.000000,2.000000,0.000000,0.000000,0.000000,0.000000,0.000000,0.000000,0.000000,0.000000,6505,0,28,-4
26.908533,0.007808,-0.304154,-1.044564,-0.000212,0.000207,0.003326,0.000136,-0.000107,0.000103,-0.000012,-0.000014,0.000491,10.000000,19.000000,-1.000000,0.000000,0.000000,0.000000,0.000000,0.065000,0.000000,1452.000000,0.000000,0.000000,0.000000,2.000000,0.000000,0.000000,0.000000,0.000000,0.000000,0.000000,0.000000,0.000000,6505,0,29,-4
26.910488,0.007807,-0.304153,-1.044558,-0.000212,0.000206,0.003326,0.000141,-0.000118,0.000102,-0.000013,-0.000015,0.000491,10.000000,19.000000,-1.000000,0.000000,0.000000,0.000000,0.000000,0.065000,0.000000,1452.000000,0.000000,0.000000,0.000000,2.000000,0.000000,0.000000,0.000000,0.000000,0.000000,0.000000,0.000000,0.000000,6505,0,29,-4
26.912441,0.007807,-0.304153,-1.044551,-0.000212,0.000206,0.003326,0.000148,-0.000129,0.000103,-0.000014,-0.000016,0.000491,10.000000,19.000000,-1.000000,0.000000,0.000000,0.000000,0.000000,0.065000,0.000000,1452.000000,0.000000,0.000000,0.000000,2.000000,0.000000,0.000000,0.000000,0.000000,0.000000,0.000000,0.000000,0.000000,6505,0,29,-4
26.914396,0.007806,-0.304153,-1.044544,-0.000212,0.000206,0.003326,0.000157,-0.000140,0.000103,-0.000015,-0.000016,0.000490,10.000000,19.000000,-1.000000,0.000000,0.000000,0.000000,0.000000,0.065000,0.000000,1452.000000,0.000000,0.000000,0.000000,2.000000,0.000000,0.000000,0.000000,0.000000,0.000000,0.000000,0.000000,0.000000,6505,0,29,-4
26.916349,0.007806,-0.304152,-1.044538,-0.000211,0.000205,0.003326,0.000167,-0.000150,0.000103,-0.000016,-0.000018,0.000490,10.000000,19.000000,-1.000000,0.000000,0.000000,0.000000,0.000000,0.065000,0.000000,1452.000000,0.000000,0.000000,0.000000,2.000000,0.000000,0.000000,0.000000,0.000000,0.000000,0.000000,0.000000,0.000000,6505,0,29,-4
26.918304,0.007806,-0.304152,-1.044531,-0.000211,0.000205,0.003327,0.000179,-0.000161,0.000103,-0.000017,-0.000019,0.000490,10.000000,19.000000,-1.000000,0.000000,0.000000,0.000000,0.000000,0.065000,0.000000,1452.000000,0.000000,0.000000,0.000000,2.000000,0.000000,0.000000,0.000000,0.000000,0.000000,0.000000,0.000000,0.000000,6505,0,29,-5
26.920258,0.007805,-0.304151,-1.044524,-0.000210,0.000205,0.003327,0.000192,-0.000170,0.000103,-0.000018,-0.000020,0.000489,10.000000,19.000000,-1.000000,0.000000,0.000000,0.000000,0.000000,0.065000,0.000000,1452.000000,0.000000,0.000000,0.000000,2.000000,0.000000,0.000000,0.000000,0.000000,0.000000,0.000000,0.000000,0.000000,6505,0,29,-5
26.922213,0.007805,-0.304151,-1.044518,-0.000210,0.000204,0.003327,0.000207,-0.000181,0.000103,-0.000020,-0.000022,0.000489,10.000000,19.000000,-1.000000,0.000000,0.000000,0.000000,0.000000,0.065000,0.000000,1452.000000,0.000000,0.000000,0.000000,2.000000,0.000000,0.000000,0.000000,0.000000,0.000000,0.000000,0.000000,0.000000,6505,0,29,-5
26.924166,0.007804,-0.304151,-1.044511,-0.000210,0.000204,0.003327,0.000223,-0.000192,0.000103,-0.000021,-0.000024,0.000488,10.000000,19.000000,-1.000000,0.000000,0.000000,0.000000,0.000000,0.065000,0.000000,1452.000000,0.000000,0.000000,0.000000,2.000000,0.000000,0.000000,0.000000,0.000000,0.000000,0.000000,0.000000,0.000000,6505,0,29,-5
26.926121,0.007804,-0.304150,-1.044504,-0.000209,0.000204,0.003328,0.000241,-0.000202,0.000103,-0.000022,-0.000026,0.000487,10.000000,19.000000,-1.000000,0.000000,0.000000,0.000000,0.000000,0.065000,0.000000,1452.000000,0.000000,0.000000,0.000000,2.000000,0.000000,0.000000,0.000000,0.000000,0.000000,0.000000,0.000000,0.000000,6505,0,29,-5
26.928074,0.007803,-0.304150,-1.044498,-0.000209,0.000203,0.003328,0.000261,-0.000213,0.000103,-0.000023,-0.000028,0.000487,10.000000,19.000000,-1.000000,0.000000,0.000000,0.000000,0.000000,0.065000,0.000000,1452.000000,0.000000,0.000000,0.000000,2.000000,0.000000,0.000000,0.000000,0.000000,0.000000,0.000000,0.000000,0.000000,6505,0,30,-5
26.930029,0.007803,-0.304149,-1.044491,-0.000208,0.000203,0.003328,0.000282,-0.000224,0.000103,-0.000024,-0.000030,0.000486,10.000000,19.000000,-1.000000,0.000000,0.000000,0.000000,0.000000,0.065000,0.000000,1452.000000,0.000000,0.000000,0.000000,2.000000,0.000000,0.000000,0.000000,0.000000,0.000000,0.000000,0.000000,0.000000,6505,0,30,-5
26.931982,0.007803,-0.304149,-1.044484,-0.000208,0.000202,0.003328,0.000304,-0.000235,0.000103,-0.000025,-0.000032,0.000485,10.000000,19.000000,-1.000000,0.000000,0.000000,0.000000,0.000000,0.065000,0.000000,1452.000000,0.000000,0.000000,0.000000,2.000000,0.000000,0.000000,0.000000,0.000000,0.000000,0.000000,0.000000,0.000000,6505,0,30,-5
26.933935,0.007802,-0.304148,-1.044478,-0.000207,0.000202,0.003328,0.000328,-0.000245,0.000103,-0.000026,-0.000035,0.000484,10.000000,19.000000,-1.000000,0.000000,0.000000,0.000000,0.000000,0.065000,0.000000,1452.000000,0.000000,0.000000,0.000000,2.000000,0.000000,0.000000,0.000000,0.000000,0.000000,0.000000,0.000000,0.000000,6505,0,30,-4
26.935890,0.007802,-0.304148,-1.044471,-0.000206,0.000201,0.003329,0.000353,-0.000258,0.000103,-0.000027,-0.000037,0.000483,10.000000,19.000000,-1.000000,0.000000,0.000000,0.000000,0.000000,0.065000,0.000000,1452.000000,0.000000,0.000000,0.000000,2.000000,0.000000,0.000000,0.000000,0.000000,0.000000,0.000000,0.000000,0.000000,6505,0,30,-4
26.937843,0.007801,-0.304148,-1.044464,-0.000205,0.000201,0.003329,0.000380,-0.000268,0.000104,-0.000028,-0.000040,0.000482,10.000000,19.000000,-1.000000,0.000000,0.000000,0.000000,0.000000,0.065000,0.000000,1452.000000,0.000000,0.000000,0.000000,2.000000,0.000000,0.000000,0.000000,0.000000,0.000000,0.000000,0.000000,0.000000,6505,0,30,-4
26.939798,0.007801,-0.304147,-1.044458,-0.000205,0.000200,0.003329,0.000407,-0.000279,0.000104,-0.000029,-0.000043,0.000481,10.000000,19.000000,-1.000000,0.000000,0.000000,0.000000,0.000000,0.065000,0.000000,1452.000000,0.000000,0.000000,0.000000,2.000000,0.000000,0.000000,0.000000,0.000000,0.000000,0.000000,0.000000,0.000000,6505,0,30,-4
26.941751,0.007801,-0.304147,-1.044451,-0.000204,0.000200,0.003329,0.000436,-0.000289,0.000104,-0.000030,-0.000046,0.000480,10.000000,19.000000,-1.000000,0.000000,0.000000,0.000000,0.000000,0.065000,0.000000,1452.000000,0.000000,0.000000,0.000000,2.000000,0.000000,0.000000,0.000000,0.000000,0.000000,0.000000,0.000000,0.000000,6505,0,30,-4
26.943707,0.007800,-0.304146,-1.044445,-0.000203,0.000199,0.003329,0.000466,-0.000300,0.000104,-0.000031,-0.000049,0.000479,10.000000,19.000000,-1.000000,0.000000,0.000000,0.000000,0.000000,0.065000,0.000000,1452.000000,0.000000,0.000000,0.000000,2.000000,0.000000,0.000000,0.000000,0.000000,0.000000,0.000000,0.000000,0.000000,6505,0,30,-4
26.945660,0.007800,-0.304146,-1.044438,-0.000202,0.000198,0.003330,0.000497,-0.000310,0.000104,-0.000032,-0.000052,0.000478,10.000000,19.000000,-1.000000,0.000000,0.000000,0.000000,0.000000,0.065000,0.000000,1452.000000,0.000000,0.000000,0.000000,2.000000,0.000000,0.000000,0.000000,0.000000,0.000000,0.000000,0.000000,0.000000,6505,1,30,-4
26.947615,0.007799,-0.304146,-1.044431,-0.000201,0.000198,0.003330,0.000529,-0.000321,0.000104,-0.000033,-0.000056,0.000477,10.000000,19.000000,-1.000000,0.000000,0.000000,0.000000,0.000000,0.065000,0.000000,1452.000000,0.000000,0.000000,0.000000,2.000000,0.000000,0.000000,0.000000,0.000000,0.000000,0.000000,0.000000,0.000000,6505,1,30,-4
26.949568,0.007799,-0.304145,-1.044425,-0.000200,0.000197,0.003330,0.000562,-0.000332,0.000104,-0.000035,-0.000059,0.000476,10.000000,19.000000,-1.000000,0.000000,0.000000,0.000000,0.000000,0.065000,0.000000,1452.000000,0.000000,0.000000,0.000000,2.000000,0.000000,0.000000,0.000000,0.000000,0.000000,0.000000,0.000000,0.000000,6505,1,31,-3
26.951523,0.007799,-0.304145,-1.044418,-0.000199,0.000197,0.003330,0.000596,-0.000344,0.000104,-0.000036,-0.000063,0.000474,10.000000,19.000000,-1.000000,0.000000,0.000000,0.000000,0.000000,0.065000,0.000000,1452.000000,0.000000,0.000000,0.000000,2.000000,0.000000,0.000000,0.000000,0.000000,0.000000,0.000000,0.000000,0.000000,6505,1,31,-3
26.953476,0.007798,-0.304145,-1.044411,-0.000197,0.000196,0.003330,0.000631,-0.000354,0.000105,-0.000037,-0.000066,0.000473,10.000000,19.000000,-1.000000,0.000000,0.000000,0.000000,0.000000,0.065000,0.000000,1452.000000,0.000000,0.000000,0.000000,2.000000,0.000000,0.000000,0.000000,0.000000,0.000000,0.000000,0.000000,0.000000,6505,1,31,-3
26.955429,0.007798,-0.304144,-1.044405,-0.000196,0.000195,0.003331,0.000667,-0.000363,0.000106,-0.000038,-0.000070,0.000472,10.000000,19.000000,-1.000000,0.000000,0.000000,0.000000,0.000000,0.065000,0.000000,1452.000000,0.000000,0.000000,0.000000,2.000000,0.000000,0.000000,0.000000,0.000000,0.000000,0.000000,0.000000,0.000000,6505,1,31,-3
26.957384,0.007797,-0.304144,-1.044398,-0.000195,0.000194,0.003331,0.000704,-0.000372,0.000106,-0.000038,-0.000074,0.000471,10.000000,19.000000,-1.000000,0.000000,0.000000,0.000000,0.000000,0.065000,0.000000,1452.000000,0.000000,0.000000,0.000000,2.000000,0.000000,0.000000,0.000000,0.000000,0.000000,0.000000,0.000000,0.000000,6505,1,31,-3
26.959337,0.007797,-0.304143,-1.044391,-0.000193,0.000194,0.003331,0.000741,-0.000381,0.000106,-0.000039,-0.000078,0.000470,10.000000,19.000000,-1.000000,0.000000,0.000000,0.000000,0.000000,0.065000,0.000000,1452.000000,0.000000,0.000000,0.000000,2.000000,0.000000,0.000000,0.000000,0.000000,0.000000,0.000000,0.000000,0.000000,6505,1,31,-3
26.961292,0.007797,-0.304143,-1.044385,-0.000192,0.000193,0.003331,0.000779,-0.000388,0.000107,-0.000040,-0.000081,0.000469,10.000000,19.000000,-1.000000,0.000000,0.000000,0.000000,0.000000,0.065000,0.000000,1452.000000,0.000000,0.000000,0.000000,2.000000,0.000000,0.000000,0.000000,0.000000,0.000000,0.000000,0.000000,0.000000,6505,1,31,-2
26.963245,0.007796,-0.304143,-1.044378,-0.000190,0.000192,0.003331,0.000817,-0.000397,0.000107,-0.000041,-0.000085,0.000467,10.000000,19.000000,-1.000000,0.000000,0.000000,0.000000,0.000000,0.065000,0.000000,1452.000000,0.000000,0.000000,0.000000,2.000000,0.000000,0.000000,0.000000,0.000000,0.000000,0.000000,0.000000,0.000000,6505,1,31,-2
26.965200,0.007796,-0.304142,-1.044371,-0.000188,0.000191,0.003332,0.000856,-0.000403,0.000108,-0.000041,-0.000089,0.000466,10.000000,19.000000,-1.000000,0.000000,0.000000,0.000000,0.000000,0.065000,0.000000,1452.000000,0.000000,0.000000,0.000000,2.000000,0.000000,0.000000,0.000000,0.000000,0.000000,0.000000,0.000000,0.000000,6505,1,31,-2
26.967154,0.007795,-0.304142,-1.044365,-0.000187,0.000190,0.003332,0.000895,-0.000408,0.000109,-0.000042,-0.000093,0.000465,10.000000,19.000000,-1.000000,0.000000,0.000000,0.000000,0.000000,0.065000,0.000000,1452.000000,0.000000,0.000000,0.000000,2.000000,0.000000,0.000000,0.000000,0.000000,0.000000,0.000000,0.000000,0.000000,6505,1,31,-2
26.969109,0.007795,-0.304141,-1.044358,-0.000185,0.000190,0.003332,0.000935,-0.000412,0.000109,-0.000042,-0.000097,0.000464,10.000000,19.000000,-1.000000,0.000000,0.000000,0.000000,0.000000,0.065000,0.000000,1452.000000,0.000000,0.000000,0.000000,2.000000,0.000000,0.000000,0.000000,0.000000,0.000000,0.000000,0.000000,0.000000,6505,1,31,-2
26.971062,0.007795,-0.304141,-1.044351,-0.000183,0.000189,0.003332,0.000975,-0.000416,0.000109,-0.000043,-0.000102,0.000463,10.000000,19.000000,-1.000000,0.000000,0.000000,0.000000,0.000000,0.065000,0.000000,1452.000000,0.000000,0.000000,0.000000,2.000000,0.000000,0.000000,0.000000,0.000000,0.000000,0.000000,0.000000,0.000000,6505,1,31,-2
26.973017,0.007794,-0.304141,-1.044345,-0.000181,0.000188,0.003333,0.001016,-0.000418,0.000110,-0.000043,-0.000106,0.000462,10.000000,19.000000,-1.000000,0.000000,0.000000,0.000000,0.000000,0.065000,0.000000,1452.000000,0.000000,0.000000,0.000000,2.000000,0.000000,0.000000,0.000000,0.000000,0.000000,0.000000,0.000000,0.000000,6505,0,31,-2
26.974970,0.007794,-0.304140,-1.044338,-0.000179,0.000187,0.003333,0.001056,-0.000420,0.000109,-0.000043,-0.000110,0.000461,10.000000,19.000000,-1.000000,0.000000,0.000000,0.000000,0.000000,0.065000,0.000000,1452.000000,0.000000,0.000000,0.000000,2.000000,0.000000,0.000000,0.000000,0.000000,0.000000,0.000000,0.000000,0.000000,6505,0,32,-1
26.976925,0.007794,-0.304140,-1.044331,-0.000176,0.000186,0.003333,0.001097,-0.000422,0.000110,-0.000043,-0.000114,0.000460,10.000000,19.000000,-1.000000,0.000000,0.000000,0.000000,0.000000,0.065000,0.000000,1452.000000,0.000000,0.000000,0.000000,2.000000,0.000000,0.000000,0.000000,0.000000,0.000000,0.000000,0.000000,0.000000,6505,0,32,-1
26.978878,0.007793,-0.304140,-1.044325,-0.000174,0.000185,0.003333,0.001138,-0.000423,0.000111,-0.000043,-0.000118,0.000459,10.000000,19.000000,-1.000000,0.000000,0.000000,0.000000,0.000000,0.065000,0.000000,1452.000000,0.000000,0.000000,0.000000,2.000000,0.000000,0.000000,0.000000,0.000000,0.000000,0.000000,0.000000,0.000000,6505,0,32,-1
26.980831,0.007793,-0.304139,-1.044318,-0.000172,0.000185,0.003333,0.001179,-0.000422,0.000112,-0.000043,-0.000122,0.000458,10.000000,20.000000,0.000000,0.000000,0.000000,0.000000,0.000000,0.065000,0.000000,1510.000000,0.000000,0.000000,0.000000,2.000000,0.000000,0.000000,0.000000,0.000000,0.000000,0.000000,0.000000,0.000000,6505,0,32,-1
26.982786,0.007793,-0.304139,-1.044311,-0.000169,0.000184,0.003334,0.001220,-0.000421,0.000113,-0.000043,-0.000127,0.000457,10.000000,20.000000,0.000000,0.000000,0.000000,0.000000,0.000000,0.065000,0.000000,1510.000000,0.000000,0.000000,0.000000,2.000000,0.000000,0.000000,0.000000,0.000000,0.000000,0.000000,0.000000,0.000000,6505,0,32,-1
26.984739,0.007792,-0.304138,-1.044305,-0.000167,0.000183,0.003334,0.001261,-0.000419,0.000114,-0.000043,-0.000131,0.000456,10.000000,20.000000,0.000000,0.000000,0.000000,0.000000,0.000000,0.065000,0.000000,1510.000000,0.000000,0.000000,0.000000,2.000000,0.000000,0.000000,0.000000,0.000000,0.000000,0.000000,0.000000,0.000000,6505,0,32,-1
26.986694,0.007792,-0.304138,-1.044298,-0.000164,0.000182,0.003334,0.001301,-0.000417,0.000114,-0.000042,-0.000135,0.000455,10.000000,20.000000,0.000000,0.000000,0.000000,0.000000,0.000000,0.065000,0.000000,1510.000000,0.000000,0.000000,0.000000,2.000000,0.000000,0.000000,0.000000,0.000000,0.000000,0.000000,0.000000,0.000000,6505,0,32,-1
26.988647,0.007792,-0.304138,-1.044291,-0.000162,0.000181,0.003334,0.001341,-0.000414,0.000115,-0.000042,-0.000139,0.000454,10.000000,20.000000,0.000000,0.000000,0.000000,0.000000,0.000000,0.065000,0.000000,1510.000000,0.000000,0.000000,0.000000,2.000000,0.000000,0.000000,0.000000,0.000000,0.000000,0.000000,0.000000,0.000000,6505,0,32,-1
26.990602,0.007791,-0.304137,-1.044285,-0.000159,0.000180,0.003335,0.001381,-0.000411,0.000116,-0.000042,-0.000143,0.000453,10.000000,20.000000,0.000000,0.000000,0.000000,0.000000,0.000000,0.065000,0.000000,1510.000000,0.000000,0.000000,0.000000,2.000000,0.000000,0.000000,0.000000,0.000000,0.000000,0.000000,0.000000,0.000000,6505,0,32,-1
26.992556,0.007791,-0.304137,-1.044278,-0.000156,0.000180,0.003335,0.001420,-0.000408,0.000116,-0.000041,-0.000147,0.000452,10.000000,20.000000,0.000000,0.000000,0.000000,0.000000,0.000000,0.065000,0.000000,1510.000000,0.000000,0.000000,0.000000,2.000000,0.000000,0.000000,0.000000,0.000000,0.000000,0.000000,0.000000,0.000000,6505,0,32,-1
26.994511,0.007791,-0.304137,-1.044271,-0.000153,0.000179,0.003335,0.001458,-0.000404,0.000117,-0.000041,-0.000151,0.000451,10.000000,20.000000,0.000000,0.000000,0.000000,0.000000,0.000000,0.065000,0.000000,1510.000000,0.000000,0.000000,0.000000,2.000000,0.000000,0.000000,0.000000,0.000000,0.000000,0.000000,0.000000,0.000000,6505,0,32,-1
26.996464,0.007790,-0.304136,-1.044265,-0.000150,0.000178,0.003335,0.001495,-0.000400,0.000118,-0.000041,-0.000154,0.000450,10.000000,20.000000,0.000000,0.000000,0.000000,0.000000,0.000000,0.065000,0.000000,1510.000000,0.000000,0.000000,0.000000,2.000000,0.000000,0.000000,0.000000,0.000000,0.000000,0.000000,0.000000,0.000000,6505,0,32,0
26.998419,0.007790,-0.304136,-1.044258,-0.000147,0.000177,0.003336,0.001532,-0.000398,0.000118,-0.000040,-0.000158,0.000449,10.000000,20.000000,0.000000,0.000000,0.000000,0.000000,0.000000,0.065000,0.000000,1510.000000,0.000000,0.000000,0.000000,2.000000,0.000000,0.000000,0.000000,0.000000,0.000000,0.000000,0.000000,0.000000,6505,0,32,0
27.000372,0.007790,-0.304136,-1.044251,-0.000144,0.000176,0.003336,0.001568,-0.000393,0.000118,-0.000040,-0.000162,0.000449,10.000000,20.000000,0.000000,0.000000,0.000000,0.000000,0.000000,0.065000,0.000000,1510.000000,0.000000,0.000000,0.000000,2.000000,0.000000,0.000000,0.000000,0.000000,0.000000,0.000000,0.000000,0.000000,6505,0,32,0
27.002325,0.007789,-0.304135,-1.044245,-0.000141,0.000176,0.003336,0.001603,-0.000388,0.000119,-0.000039,-0.000165,0.000448,10.000000,20.000000,0.000000,0.000000,0.000000,0.000000,0.000000,0.065000,0.000000,1510.000000,0.000000,0.000000,0.000000,2.000000,0.000000,0.000000,0.000000,0.000000,0.000000,0.000000,0.000000,0.000000,6505,0,32,0
27.004280,0.007789,-0.304135,-1.044238,-0.000138,0.000175,0.003336,0.001637,-0.000383,0.000119,-0.000039,-0.000169,0.000447,10.000000,20.000000,0.000000,0.000000,0.000000,0.000000,0.000000,0.065000,0.000000,1510.000000,0.000000,0.000000,0.000000,2.000000,0.000000,0.000000,0.000000,0.000000,0.000000,0.000000,0.000000,0.000000,6505,0,32,0
27.006233,0.007789,-0.304135,-1.044231,-0.000134,0.000174,0.003336,0.001671,-0.000378,0.000119,-0.000038,-0.000172,0.000446,10.000000,20.000000,0.000000,0.000000,0.000000,0.000000,0.000000,0.065000,0.000000,1510.000000,0.000000,0.000000,0.000000,2.000000,0.000000,0.000000,0.000000,0.000000,0.000000,0.000000,0.000000,0.000000,6505,0,32,0
27.008188,0.007789,-0.304134,-1.044225,-0.000131,0.000173,0.003337,0.001704,-0.000373,0.000119,-0.000038,-0.000175,0.000446,10.000000,20.000000,0.000000,0.000000,0.000000,0.000000,0.000000,0.065000,0.000000,1510.000000,0.000000,0.000000,0.000000,2.000000,0.000000,0.000000,0.000000,0.000000,0.000000,0.000000,0.000000,0.000000,6505,0,32,0
27.010141,0.007788,-0.304134,-1.044218,-0.000127,0.000173,0.003337,0.001736,-0.000367,0.000120,-0.000037,-0.000179,0.000445,10.000000,20.000000,0.000000,0.000000,0.000000,0.000000,0.000000,0.065000,0.000000,1510.000000,0.000000,0.000000,0.000000,2.000000,0.000000,0.000000,0.000000,0.000000,0.000000,0.000000,0.000000,0.000000,6505,0,32,0
27.012096,0.007788,-0.304134,-1.044211,-0.000124,0.000172,0.003337,0.001767,-0.000361,0.000119,-0.000037,-0.000182,0.000444,10.000000,20.000000,0.000000,0.000000,0.000000,0.000000,0.000000,0.065000,0.000000,1510.000000,0.000000,0.000000,0.000000,2.000000,0.000000,0.000000,0.000000,0.000000,0.000000,0.000000,0.000000,0.000000,6505,0,32,0
27.014050,0.007788,-0.304133,-1.044204,-0.000120,0.000171,0.003337,0.001798,-0.000356,0.000119,-0.000036,-0.000185,0.000444,10.000000,20.000000,0.000000,0.000000,0.000000,0.000000,0.000000,0.065000,0.000000,1510.000000,0.000000,0.000000,0.000000,2.000000,0.000000,0.000000,0.000000,0.000000,0.000000,0.000000,0.000000,0.000000,6505,0,32,0
27.016005,0.007788,-0.304133,-1.044198,-0.000117,0.000170,0.003338,0.001828,-0.000350,0.000119,-0.000035,-0.000188,0.000443,10.000000,20.000000,0.000000,0.000000,0.000000,0.000000,0.000000,0.065000,0.000000,1510.000000,0.000000,0.000000,0.000000,2.000000,0.000000,0.000000,0.000000,0.000000,0.000000,0.000000,0.000000,0.000000,6505,0,32,0
27.017958,0.007787,-0.304132,-1.044191,-0.000113,0.000170,0.003338,0.001857,-0.000344,0.000119,-0.000035,-0.000191,0.000442,10.000000,20.000000,0.000000,0.000000,0.000000,0.000000,0.000000,0.065000,0.000000,1510.000000,0.000000,0.000000,0.000000,2.000000,0.000000,0.000000,0.000000,0.000000,0.000000,0.000000,0.000000,0.000000,6505,0,32,0
27.019913,0.007787,-0.304132,-1.044184,-0.000109,0.000169,0.003338,0.001885,-0.000338,0.000120,-0.000034,-0.000194,0.000442,10.000000,20.000000,0.000000,0.000000,0.000000,0.000000,0.000000,0.065000,0.000000,1510.000000,0.000000,0.000000,0.000000,2.000000,0.000000,0.000000,0.000000,0.000000,0.000000,0.000000,0.000000,0.000000,6505,0,32,0
27.021866,0.007787,-0.304132,-1.044178,-0.000105,0.000168,0.003338,0.001913,-0.000332,0.000120,-0.000034,-0.000197,0.000441,10.000000,20.000000,0.000000,0.000000,0.000000,0.000000,0.000000,0.065000,0.000000,1510.000000,0.000000,0.000000,0.000000,2.000000,0.000000,0.000000,0.000000,0.000000,0.000000,0.000000,0.000000,0.000000,6505,0,32,0
27.023821,0.007787,-0.304131,-1.044171,-0.000102,0.000168,0.003339,0.001939,-0.000325,0.000120,-0.000033,-0.000199,0.000440,10.000000,20.000000,0.000000,0.000000,0.000000,0.000000,0.000000,0.065000,0.000000,1510.000000,0.000000,0.000000,0.000000,2.000000,0.000000,0.000000,0.000000,0.000000,0.000000,0.000000,0.000000,0.000000,6505,0,32,0
27.025774,0.007787,-0.304131,-1.044164,-0.000098,0.000167,0.003339,0.001966,-0.000319,0.000120,-0.000032,-0.000202,0.000440,10.000000,20.000000,0.000000,0.000000,0.000000,0.000000,0.000000,0.065000,0.000000,1510.000000,0.000000,0.000000,0.000000,2.000000,0.000000,0.000000,0.000000,0.000000,0.000000,0.000000,0.000000,0.000000,6505,0,32,0
27.027727,0.007786,-0.304131,-1.044158,-0.000094,0.000166,0.003339,0.001991,-0.000313,0.000120,-0.000032,-0.000204,0.000439,10.000000,20.000000,0.000000,0.000000,0.000000,0.000000,0.000000,0.065000,0.000000,1510.000000,0.000000,0.000000,0.000000,2.000000,0.000000,0.000000,0.000000,0.000000,0.000000,0.000000,0.000000,0.000000,6505,0,32,0
27.029682,0.007786,-0.304130,-1.044151,-0.000090,0.000166,0.003339,0.002015,-0.000306,0.000120,-0.000031,-0.000207,0.000439,10.000000,20.000000,0.000000,0.000000,0.000000,0.000000,0.000000,0.065000,0.000000,1510.000000,0.000000,0.000000,0.000000,2.000000,0.000000,0.000000,0.000000,0.000000,0.000000,0.000000,0.000000,0.000000,6505,0,32,0
27.031635,0.007786,-0.304130,-1.044144,-0.000086,0.000165,0.003340,0.002039,-0.000300,0.000121,-0.000030,-0.000209,0.000438,10.000000,20.000000,0.000000,0.000000,0.000000,0.000000,0.000000,0.065000,0.000000,1510.000000,0.000000,0.000000,0.000000,2.000000,0.000000,0.000000,0.000000,0.000000,0.000000,0.000000,0.000000,0.000000,6505,0,32,0
27.033590,0.007786,-0.304130,-1.044138,-0.000082,0.000165,0.003340,0.002063,-0.000294,0.000121,-0.000030,-0.000212,0.000438,10.000000,20.000000,0.000000,0.000000,0.000000,0.000000,0.000000,0.065000,0.000000,1510.000000,0.000000,0.000000,0.000000,2.000000,0.000000,0.000000,0.000000,0.000000,0.000000,0.000000,0.000000,0.000000,6505,0,32,0
27.035543,0.007786,-0.304129,-1.044131,-0.000077,0.000164,0.003340,0.002085,-0.000287,0.000121,-0.000029,-0.000214,0.000437,10.000000,20.000000,0.000000,0.000000,0.000000,0.000000,0.000000,0.065000,0.000000,1510.000000,0.000000,0.000000,0.000000,2.000000,0.000000,0.000000,0.000000,0.000000,0.000000,0.000000,0.000000,0.000000,6505,0,32,0
27.037498,0.007786,-0.304129,-1.044124,-0.000073,0.000164,0.003340,0.002107,-0.000281,0.000121,-0.000028,-0.000216,0.000436,10.000000,20.000000,0.000000,0.000000,0.000000,0.000000,0.000000,0.065000,0.000000,1510.000000,0.000000,0.000000,0.000000,2.000000,0.000000,0.000000,0.000000,0.000000,0.000000,0.000000,0.000000,0.000000,6505,0,32,0
27.039452,0.007785,-0.304129,-1.044118,-0.000069,0.000163,0.003341,0.002128,-0.000274,0.000121,-0.000028,-0.000218,0.000436,10.000000,20.000000,0.000000,0.000000,0.000000,0.000000,0.000000,0.065000,0.000000,1510.000000,0.000000,0.000000,0.000000,2.000000,0.000000,0.000000,0.000000,0.000000,0.000000,0.000000,0.000000,0.000000,6505,0,32,0
27.041407,0.007785,-0.304128,-1.044111,-0.000065,0.000162,0.003341,0.002148,-0.000267,0.000121,-0.000027,-0.000220,0.000435,10.000000,20.000000,0.000000,0.000000,0.000000,0.000000,0.000000,0.065000,0.000000,1510.000000,0.000000,0.000000,0.000000,2.000000,0.000000,0.000000,0.000000,0.000000,0.000000,0.000000,0.000000,0.000000,6505,0,32,0
27.043360,0.007785,-0.304128,-1.044104,-0.000060,0.000162,0.003341,0.002167,-0.000261,0.000121,-0.000026,-0.000222,0.000435,10.000000,20.000000,0.000000,0.000000,0.000000,0.000000,0.000000,0.065000,0.000000,1510.000000,0.000000,0.000000,0.000000,2.000000,0.000000,0.000000,0.000000,0.000000,0.000000,0.000000,0.000000,0.000000,6505,0,32,0
27.045315,0.007785,-0.304128,-1.044098,-0.000056,0.000161,0.003341,0.002186,-0.000254,0.000121,-0.000026,-0.000224,0.000434,10.000000,20.000000,0.000000,0.000000,0.000000,0.000000,0.000000,0.065000,0.000000,1510.000000,0.000000,0.000000,0.000000,2.000000,0.000000,0.000000,0.000000,0.000000,0.000000,0.000000,0.000000,0.000000,6505,0,32,0
27.047268,0.007785,-0.304128,-1.044091,-0.000052,0.000161,0.003342,0.002204,-0.000247,0.000121,-0.000025,-0.000226,0.000434,10.000000,20.000000,0.000000,0.000000,0.000000,0.000000,0.000000,0.065000,0.000000,1510.000000,0.000000,0.000000,0.000000,2.000000,0.000000,0.000000,0.000000,0.000000,0.000000,0.000000,0.000000,0.000000,6505,0,32,0
27.049223,0.007785,-0.304127,-1.044084,-0.000047,0.000160,0.003342,0.002221,-0.000241,0.000121,-0.000024,-0.000228,0.000433,10.000000,20.000000,0.000000,0.000000,0.000000,0.000000,0.000000,0.065000,0.000000,1510.000000,0.000000,0.000000,0.000000,2.000000,0.000000,0.000000,0.000000,0.000000,0.000000,0.000000,0.000000,0.000000,6505,0,32,0
27.051176,0.007785,-0.304127,-1.044078,-0.000043,0.000160,0.003342,0.002238,-0.000234,0.000121,-0.000024,-0.000229,0.000433,10.000000,20.000000,0.000000,0.000000,0.000000,0.000000,0.000000,0.065000,0.000000,1510.000000,0.000000,0.000000,0.000000,2.000000,0.000000,0.000000,0.000000,0.000000,0.000000,0.000000,0.000000,0.000000,6505,0,32,0
27.053129,0.007785,-0.304127,-1.044071,-0.000038,0.000159,0.003342,0.002254,-0.000227,0.000121,-0.000023,-0.000231,0.000432,10.000000,20.000000,0.000000,0.000000,0.000000,0.000000,0.000000,0.065000,0.000000,1510.000000,0.000000,0.000000,0.000000,2.000000,0.000000,0.000000,0.000000,0.000000,0.000000,0.000000,0.000000,0.000000,6505,0,32,0
27.055084,0.007785,-0.304126,-1.044064,-0.000034,0.000159,0.003343,0.002269,-0.000220,0.000121,-0.000022,-0.000232,0.000432,10.000000,20.000000,0.000000,0.000000,0.000000,0.000000,0.000000,0.065000,0.000000,1510.000000,0.000000,0.000000,0.000000,2.000000,0.000000,0.000000,0.000000,0.000000,0.000000,0.000000,0.000000,0.000000,6505,0,32,0
27.057037,0.007785,-0.304126,-1.044058,-0.000029,0.000159,0.003343,0.002283,-0.000214,0.000121,-0.000022,-0.000234,0.000431,10.000000,20.000000,0.000000,0.000000,0.000000,0.000000,0.000000,0.065000,0.000000,1510.000000,0.000000,0.000000,0.000000,2.000000,0.000000,0.000000,0.000000,0.000000,0.000000,0.000000,0.000000,0.000000,6505,0,32,0
27.058992,0.007785,-0.304126,-1.044051,-0.000024,0.000158,0.003343,0.002297,-0.000207,0.000121,-0.000021,-0.000235,0.000431,10.000000,20.000000,0.000000,0.000000,0.000000,0.000000,0.000000,0.065000,0.000000,1510.000000,0.000000,0.000000,0.000000,2.000000,0.000000,0.000000,0.000000,0.000000,0.000000,0.000000,0.000000,0.000000,6505,0,32,0
27.060946,0.007785,-0.304125,-1.044044,-0.000020,0.000158,0.003343,0.002310,-0.000200,0.000121,-0.000020,-0.000236,0.000430,10.000000,20.000000,0.000000,0.000000,0.000000,0.000000,0.000000,0.065000,0.000000,1510.000000,0.000000,0.000000,0.000000,2.000000,0.000000,0.000000,0.000000,0.000000,0.000000,0.000000,0.000000,0.000000,6505,0,32,0
27.062901,0.007784,-0.304125,-1.044037,-0.000015,0.000157,0.003343,0.002322,-0.000193,0.000121,-0.000019,-0.000238,0.000430,10.000000,20.000000,0.000000,0.000000,0.000000,0.000000,0.000000,0.065000,0.000000,1510.000000,0.000000,0.000000,0.000000,2.000000,0.000000,0.000000,0.000000,0.000000,0.000000,0.000000,0.000000,0.000000,6505,0,32,0
27.064854,0.007784,-0.304125,-1.044031,-0.000011,0.000157,0.003344,0.002334,-0.000186,0.000121,-0.000019,-0.000239,0.000429,10.000000,20.000000,0.000000,0.000000,0.000000,0.000000,0.000000,0.065000,0.000000,1510.000000,0.000000,0.000000,0.000000,2.000000,0.000000,0.000000,0.000000,0.000000,0.000000,0.000000,0.000000,0.000000,6505,0,32,0
27.066809,0.007784,-0.304124,-1.044024,-0.000006,0.000157,0.003344,0.002345,-0.000180,0.000121,-0.000018,-0.000240,0.000429,10.000000,20.000000,0.000000,0.000000,0.000000,0.000000,0.000000,0.065000,0.000000,1510.000000,0.000000,0.000000,0.000000,2.000000,0.000000,0.000000,0.000000,0.000000,0.000000,0.000000,0.000000,0.000000,6505,0,32,0
27.068762,0.007784,-0.304124,-1.044017,-0.000001,0.000156,0.003344,0.002355,-0.000173,0.000121,-0.000017,-0.000241,0.000428,10.000000,20.000000,0.000000,0.000000,0.000000,0.000000,0.000000,0.065000,0.000000,1510.000000,0.000000,0.000000,0.000000,2.000000,0.000000,0.000000,0.000000,0.000000,0.000000,0.000000,0.000000,0.000000,6505,0,32,0
27.070717,0.007784,-0.304124,-1.044011,0.000004,0.000156,0.003344,0.002364,-0.000166,0.000121,-0.000017,-0.000242,0.000428,10.000000,20.000000,0.000000,0.000000,0.000000,0.000000,0.000000,0.065000,0.000000,1510.000000,0.000000,0.000000,0.000000,2.000000,0.000000,0.000000,0.000000,0.000000,0.000000,0.000000,0.000000,0.000000,6505,0,31,0
27.072670,0.007784,-0.304123,-1.044004,0.000008,0.000156,0.003345,0.002373,-0.000159,0.000120,-0.000016,-0.000243,0.000427,10.000000,20.000000,0.000000,0.000000,0.000000,0.000000,0.000000,0.065000,0.000000,1510.000000,0.000000,0.000000,0.000000,2.000000,0.000000,0.000000,0.000000,0.000000,0.000000,0.000000,0.000000,0.000000,6505,0,34,1
27.074623,0.007784,-0.304123,-1.043997,0.000013,0.000155,0.003345,0.002381,-0.000154,0.000121,-0.000015,-0.000243,0.000427,10.000000,20.000000,0.000000,0.000000,0.000000,0.000000,0.000000,0.065000,0.000000,1510.000000,0.000000,0.000000,0.000000,2.000000,0.000000,0.000000,0.000000,0.000000,0.000000,0.000000,0.000000,0.000000,6505,0,34,1
27.076578,0.007785,-0.304123,-1.043991,0.000018,0.000155,0.003345,0.002388,-0.000147,0.000121,-0.000015,-0.000244,0.000426,10.000000,20.000000,0.000000,0.000000,0.000000,0.000000,0.000000,0.065000,0.000000,1510.000000,0.000000,0.000000,0.000000,2.000000,0.000000,0.000000,0.000000,0.000000,0.000000,0.000000,0.000000,0.000000,6505,0,34,2
27.078531,0.007785,-0.304123,-1.043984,0.000023,0.000155,0.003345,0.002394,-0.000142,0.000122,-0.000014,-0.000245,0.000426,10.000000,20.000000,0.000000,0.000000,0.000000,0.000000,0.000000,0.065000,0.000000,1510.000000,0.000000,0.000000,0.000000,2.000000,0.000000,0.000000,0.000000,0.000000,0.000000,0.000000,0.000000,0.000000,6504,0,34,2
27.080486,0.007785,-0.304122,-1.043977,0.000027,0.000154,0.003346,0.002399,-0.000135,0.000229,-0.000013,-0.000245,0.000425,10.000000,20.000000,0.000000,0.000000,0.000000,0.000000,0.000000,0.065000,0.000000,1510.000000,0.000000,0.000000,0.000000,2.000000,0.000000,0.000000,0.000000,0.000000,0.000000,0.000000,0.000000,0.000000,6504,0,34,2
27.082439,0.007785,-0.304122,-1.043971,0.000032,0.000154,0.003346,0.002403,-0.000128,0.000361,-0.000012,-0.000245,0.000425,10.000000,20.000000,0.000000,0.000000,0.000000,0.000000,0.000000,0.065000,0.000000,1510.000000,0.000000,0.000000,0.000000,2.000000,0.000000,0.000000,0.000000,0.000000,0.000000,0.000000,0.000000,0.000000,6504,0,34,3
27.084394,0.007785,-0.304122,-1.043964,0.000037,0.000154,0.003347,0.002405,-0.000122,0.000480,-0.000012,-0.000246,0.000425,10.000000,20.000000,0.000000,0.000000,0.000000,0.000000,0.000000,0.065000,0.000000,1510.000000,0.000000,0.000000,0.000000,2.000000,0.000000,0.000000,0.000000,0.000000,0.000000,0.000000,0.000000,0.000000,6504,0,34,3
27.086348,0.007785,-0.304121,-1.043957,0.000042,0.000154,0.003348,0.002406,-0.000115,0.000588,-0.000011,-0.000246,0.000425,10.000000,20.000000,0.000000,0.000000,0.000000,0.000000,0.000000,0.065000,0.000000,1510.000000,0.000000,0.000000,0.000000,2.000000,0.000000,0.000000,0.000000,0.000000,0.000000,0.000000,0.000000,0.000000,6504,0,34,3
27.088303,0.007785,-0.304121,-1.043951,0.000047,0.000154,0.003350,0.002405,-0.000108,0.000685,-0.000010,-0.000245,0.000424,10.000000,20.000000,0.000000,0.000000,0.000000,0.000000,0.000000,0.065000,0.000000,1510.000000,0.000000,0.000000,0.000000,2.000000,0.000000,0.000000,0.000000,0.000000,0.000000,0.000000,0.000000,0.000000,6504,0,34,3
27.090256,0.007785,-0.304121,-1.043944,0.000051,0.000153,0.003351,0.002402,-0.000101,0.000773,-0.000010,-0.000245,0.000424,10.000000,20.000000,0.000000,0.000000,0.000000,0.000000,0.000000,0.065000,0.000000,1510.000000,0.000000,0.000000,0.000000,2.000000,0.000000,0.000000,0.000000,0.000000,0.000000,0.000000,0.000000,0.000000,6504,0,34,4
27.092211,0.007785,-0.304120,-1.043937,0.000056,0.000153,0.003353,0.002398,-0.000096,0.000854,-0.000009,-0.000244,0.000424,10.000000,20.000000,0.000000,0.000000,0.000000,0.000000,0.000000,0.065000,0.000000,1510.000000,0.000000,0.000000,0.000000,2.000000,0.000000,0.000000,0.000000,0.000000,0.000000,0.000000,0.000000,0.000000,6504,0,34,4
27.094164,0.007785,-0.304120,-1.043930,0.000061,0.000153,0.003355,0.002391,-0.000088,0.000927,-0.000008,-0.000244,0.000425,10.000000,20.000000,0.000000,0.000000,0.000000,0.000000,0.000000,0.065000,0.000000,1510.000000,0.000000,0.000000,0.000000,2.000000,0.000000,0.000000,0.000000,0.000000,0.000000,0.000000,0.000000,0.000000,6504,0,34,4
27.096119,0.007785,-0.304120,-1.043924,0.000066,0.000153,0.003357,0.002383,-0.000081,0.000994,-0.000008,-0.000243,0.000425,10.000000,20.000000,0.000000,0.000000,0.000000,0.000000,0.000000,0.065000,0.000000,1510.000000,0.000000,0.000000,0.000000,2.000000,0.000000,0.000000,0.000000,0.000000,0.000000,0.000000,0.000000,0.000000,6504,0,33,4
27.098072,0.007786,-0.304119,-1.043917,0.000071,0.000153,0.003359,0.002372,-0.000074,0.001053,-0.000007,-0.000241,0.000425,10.000000,20.000000,0.000000,0.000000,0.000000,0.000000,0.000000,0.065000,0.000000,1510.000000,0.000000,0.000000,0.000000,2.000000,0.000000,0.000000,0.000000,0.000000,0.000000,0.000000,0.000000,0.000000,6504,0,33,4
27.100025,0.007786,-0.304119,-1.043910,0.000075,0.000152,0.003361,0.002359,-0.000067,0.001107,-0.000006,-0.000240,0.000425,10.000000,20.000000,0.000000,0.000000,0.000000,0.000000,0.000000,0.065000,0.000000,1510.000000,0.000000,0.000000,0.000000,2.000000,0.000000,0.000000,0.000000,0.000000,0.000000,0.000000,0.000000,0.000000,6504,0,33,4
27.101980,0.007786,-0.304119,-1.043903,0.000080,0.000152,0.003363,0.002343,-0.000060,0.001156,-0.000005,-0.000238,0.000426,10.000000,20.000000,0.000000,0.000000,0.000000,0.000000,0.000000,0.065000,0.000000,1510.000000,0.000000,0.000000,0.000000,2.000000,0.000000,0.000000,0.000000,0.000000,0.000000,0.000000,0.000000,0.000000,6504,0,33,5
27.103933,0.007786,-0.304119,-1.043897,0.000085,0.000152,0.003366,0.002326,-0.000054,0.001200,-0.000005,-0.000236,0.000426,10.000000,20.000000,0.000000,0.000000,0.000000,0.000000,0.000000,0.065000,0.000000,1510.000000,0.000000,0.000000,0.000000,2.000000,0.000000,0.000000,0.000000,0.000000,0.000000,0.000000,0.000000,0.000000,6504,0,33,5
27.105888,0.007786,-0.304118,-1.043890,0.000089,0.000152,0.003368,0.002307,-0.000047,0.001240,-0.000004,-0.000234,0.000427,10.000000,20.000000,0.000000,0.000000,0.000000,0.000000,0.000000,0.065000,0.000000,1510.000000,0.000000,0.000000,0.000000,2.000000,0.000000,0.000000,0.000000,0.000000,0.000000,0.000000,0.000000,0.000000,6504,0,33,5
27.107841,0.007786,-0.304118,-1.043883,0.000094,0.000152,0.003371,0.002285,-0.000040,0.001276,-0.000003,-0.000232,0.000427,10.000000,20.000000,0.000000,0.000000,0.000000,0.000000,0.000000,0.065000,0.000000,1510.000000,0.000000,0.000000,0.000000,2.000000,0.000000,0.000000,0.000000,0.000000,0.000000,0.000000,0.000000,0.000000,6504,0,33,5
27.109797,0.007787,-0.304118,-1.043877,0.000098,0.000152,0.003373,0.002262,-0.000032,0.001308,-0.000003,-0.000230,0.000428,10.000000,20.000000,0.000000,0.000000,0.000000,0.000000,0.000000,0.065000,0.000000,1510.000000,0.000000,0.000000,0.000000,2.000000,0.000000,0.000000,0.000000,0.000000,0.000000,0.000000,0.000000,0.000000,6504,0,33,5
27.111750,0.007787,-0.304117,-1.043870,0.000103,0.000152,0.003376,0.002236,-0.000025,0.001338,-0.000002,-0.000227,0.000429,10.000000,20.000000,0.000000,0.000000,0.000000,0.000000,0.000000,0.065000,0.000000,1510.000000,0.000000,0.000000,0.000000,2.000000,0.000000,0.000000,0.000000,0.000000,0.000000,0.000000,0.000000,0.000000,6504,0,32,5
27.113705,0.007787,-0.304117,-1.043863,0.000107,0.000152,0.003379,0.002209,-0.000018,0.001365,-0.000001,-0.000224,0.000429,10.000000,20.000000,0.000000,0.000000,0.000000,0.000000,0.000000,0.065000,0.000000,1510.000000,0.000000,0.000000,0.000000,2.000000,0.000000,0.000000,0.000000,0.000000,0.000000,0.000000,0.000000,0.000000,6504,0,32,5
27.115658,0.007787,-0.304117,-1.043856,0.000112,0.000152,0.003381,0.002180,-0.000011,0.001389,-0.000000,-0.000221,0.000430,10.000000,20.000000,0.000000,0.000000,0.000000,0.000000,0.000000,0.065000,0.000000,1510.000000,0.000000,0.000000,0.000000,2.000000,0.000000,0.000000,0.000000,0.000000,0.000000,0.000000,0.000000,0.000000,6504,0,32,5
27.117613,0.007787,-0.304116,-1.043850,0.000116,0.000152,0.003384,0.002149,-0.000004,0.001412,0.000000,-0.000218,0.000431,10.000000,20.000000,-1.000000,0.000000,0.000000,0.000000,0.000000,0.065000,0.000000,1518.000000,0.000000,0.000000,0.000000,2.000000,0.000000,0.000000,0.000000,0.000000,0.000000,0.000000,0.000000,0.000000,6504,0,32,4
27.119566,0.007788,-0.304116,-1.043843,0.000120,0.000152,0.003387,0.002116,0.000005,0.001431,0.000001,-0.000214,0.000432,10.000000,20.000000,-1.000000,0.000000,0.000000,0.000000,0.000000,0.065000,0.000000,1518.000000,0.000000,0.000000,0.000000,2.000000,0.000000,0.000000,0.000000,0.000000,0.000000,0.000000,0.000000,0.000000,6504,0,32,4
27.121519,0.007788,-0.304116,-1.043836,0.000124,0.000152,0.003390,0.002082,0.000012,0.001449,0.000002,-0.000211,0.000433,10.000000,20.000000,-1.000000,0.000000,0.000000,0.000000,0.000000,0.065000,0.000000,1518.000000,0.000000,0.000000,0.000000,2.000000,0.000000,0.000000,0.000000,0.000000,0.000000,0.000000,0.000000,0.000000,6504,0,32,4
27.123474,0.007788,-0.304115,-1.043829,0.000129,0.000152,0.003393,0.002046,0.000019,0.001465,0.000002,-0.000207,0.000434,10.000000,20.000000,-1.000000,0.000000,0.000000,0.000000,0.000000,0.065000,0.000000,1518.000000,0.000000,0.000000,0.000000,2.000000,0.000000,0.000000,0.000000,0.000000,0.000000,0.000000,0.000000,0.000000,6504,0,32,4
27.125427,0.007788,-0.304115,-1.043822,0.000133,0.000152,0.003396,0.002009,0.000026,0.001480,0.000003,-0.000203,0.000435,10.000000,20.000000,-1.000000,0.000000,0.000000,0.000000,0.000000,0.065000,0.000000,1518.000000,0.000000,0.000000,0.000000,2.000000,0.000000,0.000000,0.000000,0.000000,0.000000,0.000000,0.000000,0.000000,6504,0,31,4
27.127382,0.007789,-0.304115,-1.043816,0.000137,0.000152,0.003399,0.001970,0.000033,0.001492,0.000004,-0.000199,0.000436,10.000000,20.000000,-1.000000,0.000000,0.000000,0.000000,0.000000,0.065000,0.000000,1518.000000,0.000000,0.000000,0.000000,2.000000,0.000000,0.000000,0.000000,0.000000,0.000000,0.000000,0.000000,0.000000,6504,0,31,4
27.129335,0.007789,-0.304115,-1.043809,0.000140,0.000152,0.003402,0.001930,0.000040,0.001504,0.000005,-0.000195,0.000437,10.000000,20.000000,-1.000000,0.000000,0.000000,0.000000,0.000000,0.065000,0.000000,1518.000000,0.000000,0.000000,0.000000,2.000000,0.000000,0.000000,0.000000,0.000000,0.000000,0.000000,0.000000,0.000000,6504,0,31,4
27.131290,0.007789,-0.304114,-1.043802,0.000144,0.000152,0.003405,0.001889,0.000047,0.001515,0.000005,-0.000191,0.000439,10.000000,20.000000,-1.000000,0.000000,0.000000,0.000000,0.000000,0.065000,0.000000,1518.000000,0.000000,0.000000,0.000000,2.000000,0.000000,0.000000,0.000000,0.000000,0.000000,0.000000,0.000000,0.000000,6504,0,31,4
27.133244,0.007790,-0.304114,-1.043795,0.000148,0.000152,0.003408,0.001847,0.000054,0.001524,0.000006,-0.000186,0.000440,10.000000,20.000000,-1.000000,0.000000,0.000000,0.000000,0.000000,0.065000,0.000000,1518.000000,0.000000,0.000000,0.000000,2.000000,0.000000,0.000000,0.000000,0.000000,0.000000,0.000000,0.000000,0.000000,6504,0,31,3
27.135199,0.007790,-0.304114,-1.043788,0.000152,0.000152,0.003411,0.001804,0.000063,0.001533,0.000007,-0.000182,0.000441,10.000000,20.000000,-1.000000,0.000000,0.000000,0.000000,0.000000,0.065000,0.000000,1518.000000,0.000000,0.000000,0.000000,2.000000,0.000000,0.000000,0.000000,0.000000,0.000000,0.000000,0.000000,0.000000,6504,0,31,3
27.137152,0.007790,-0.304113,-1.043782,0.000155,0.000153,0.003414,0.001761,0.000070,0.001541,0.000007,-0.000177,0.000442,10.000000,20.000000,-1.000000,0.000000,0.000000,0.000000,0.000000,0.065000,0.000000,1518.000000,0.000000,0.000000,0.000000,2.000000,0.000000,0.000000,0.000000,0.000000,0.000000,0.000000,0.000000,0.000000,6504,0,31,3
27.139107,0.007790,-0.304113,-1.043775,0.000159,0.000153,0.003417,0.001716,0.000077,0.001549,0.000008,-0.000173,0.000443,10.000000,20.000000,-1.000000,0.000000,0.000000,0.000000,0.000000,0.065000,0.000000,1518.000000,0.000000,0.000000,0.000000,2.000000,0.000000,0.000000,0.000000,0.000000,0.000000,0.000000,0.000000,0.000000,6504,0,31,3
27.141060,0.007791,-0.304113,-1.043768,0.000162,0.000153,0.003420,0.001671,0.000084,0.001555,0.000009,-0.000168,0.000444,10.000000,20.000000,-1.000000,0.000000,0.000000,0.000000,0.000000,0.065000,0.000000,1518.000000,0.000000,0.000000,0.000000,2.000000,0.000000,0.000000,0.000000,0.000000,0.000000,0.000000,0.000000,0.000000,6504,0,31,3
27.143015,0.007791,-0.304112,-1.043761,0.000165,0.000153,0.003423,0.001626,0.000091,0.001561,0.000010,-0.000164,0.000446,10.000000,20.000000,-1.000000,0.000000,0.000000,0.000000,0.000000,0.065000,0.000000,1518.000000,0.000000,0.000000,0.000000,2.000000,0.000000,0.000000,0.000000,0.000000,0.000000,0.000000,0.000000,0.000000,6504,0,30,3
27.144968,0.007791,-0.304112,-1.043754,0.000168,0.000153,0.003426,0.001580,0.000098,0.001566,0.000010,-0.000159,0.000447,10.000000,20.000000,-1.000000,0.000000,0.000000,0.000000,0.000000,0.065000,0.000000,1518.000000,0.000000,0.000000,0.000000,2.000000,0.000000,0.000000,0.000000,0.000000,0.000000,0.000000,0.000000,0.000000,6504,0,30,2
27.146921,0.007792,-0.304112,-1.043747,0.000171,0.000153,0.003430,0.001534,0.000106,0.001571,0.000011,-0.000154,0.000448,10.000000,20.000000,-1.000000,0.000000,0.000000,0.000000,0.000000,0.065000,0.000000,1518.000000,0.000000,0.000000,0.000000,2.000000,0.000000,0.000000,0.000000,0.000000,0.000000,0.000000,0.000000,0.000000,6504,0,30,2
27.148876,0.007792,-0.304112,-1.043740,0.000174,0.000154,0.003433,0.001487,0.000113,0.001575,0.000012,-0.000149,0.000449,10.000000,20.000000,-1.000000,0.000000,0.000000,0.000000,0.000000,0.065000,0.000000,1518.000000,0.000000,0.000000,0.000000,2.000000,0.000000,0.000000,0.000000,0.000000,0.000000,0.000000,0.000000,0.000000,6504,0,30,2
27.150829,0.007793,-0.304111,-1.043734,0.000177,0.000154,0.003436,0.001440,0.000120,0.001579,0.000012,-0.000145,0.000450,10.000000,20.000000,-1.000000,0.000000,0.000000,0.000000,0.000000,0.065000,0.000000,1518.000000,0.000000,0.000000,0.000000,2.000000,0.000000,0.000000,0.000000,0.000000,0.000000,0.000000,0.000000,0.000000,6504,0,30,2
27.152784,0.007793,-0.304111,-1.043727,0.000180,0.000154,0.003439,0.001393,0.000127,0.001582,0.000013,-0.000140,0.000451,10.000000,20.000000,-1.000000,0.000000,0.000000,0.000000,0.000000,0.065000,0.000000,1518.000000,0.000000,0.000000,0.000000,2.000000,0.000000,0.000000,0.000000,0.000000,0.000000,0.000000,0.000000,0.000000,6504,0,30,2
27.154737,0.007793,-0.304111,-1.043720,0.000183,0.000154,0.003442,0.001346,0.000134,0.001585,0.000014,-0.000135,0.000452,10.000000,20.000000,-1.000000,0.000000,0.000000,0.000000,0.000000,0.065000,0.000000,1518.000000,0.000000,0.000000,0.000000,2.000000,0.000000,0.000000,0.000000,0.000000,0.000000,0.000000,0.000000,0.000000,6504,0,30,2
27.156693,0.007794,-0.304110,-1.043713,0.000185,0.000155,0.003445,0.001299,0.000140,0.001588,0.000015,-0.000130,0.000454,10.000000,20.000000,-1.000000,0.000000,0.000000,0.000000,0.000000,0.065000,0.000000,1518.000000,0.000000,0.000000,0.000000,2.000000,0.000000,0.000000,0.000000,0.000000,0.000000,0.000000,0.000000,0.000000,6504,0,30,2
27.158646,0.007794,-0.304110,-1.043706,0.000188,0.000155,0.003449,0.001252,0.000147,0.001591,0.000015,-0.000125,0.000455,10.000000,20.000000,-1.000000,0.000000,0.000000,0.000000,0.000000,0.065000,0.000000,1518.000000,0.000000,0.000000,0.000000,2.000000,0.000000,0.000000,0.000000,0.000000,0.000000,0.000000,0.000000,0.000000,6504,0,30,1
27.160601,0.007794,-0.304110,-1.043699,0.000190,0.000155,0.003452,0.001205,0.000156,0.001592,0.000016,-0.000121,0.000456,10.000000,20.000000,-1.000000,0.000000,0.000000,0.000000,0.000000,0.065000,0.000000,1518.000000,0.000000,0.000000,0.000000,2.000000,0.000000,0.000000,0.000000,0.000000,0.000000,0.000000,0.000000,0.000000,6504,0,30,1
27.162554,0.007795,-0.304109,-1.043692,0.000193,0.000156,0.003455,0.001158,0.000163,0.001594,0.000017,-0.000116,0.000457,10.000000,20.000000,-1.000000,0.000000,0.000000,0.000000,0.000000,0.065000,0.000000,1518.000000,0.000000,0.000000,0.000000,2.000000,0.000000,0.000000,0.000000,0.000000,0.000000,0.000000,0.000000,0.000000,6504,0,30,1
27.164509,0.007795,-0.304109,-1.043685,0.000195,0.000156,0.003458,0.001111,0.000170,0.001596,0.000017,-0.000111,0.000458,10.000000,20.000000,-1.000000,0.000000,0.000000,0.000000,0.000000,0.065000,0.000000,1518.000000,0.000000,0.000000,0.000000,2.000000,0.000000,0.000000,0.000000,0.000000,0.000000,0.000000,0.000000,0.000000,6504,0,30,1
27.166462,0.007796,-0.304109,-1.043678,0.000197,0.000156,0.003461,0.001065,0.000176,0.001597,0.000018,-0.000106,0.000459,10.000000,20.000000,-1.000000,0.000000,0.000000,0.000000,0.000000,0.065000,0.000000,1518.000000,0.000000,0.000000,0.000000,2.000000,0.000000,0.000000,0.000000,0.000000,0.000000,0.000000,0.000000,0.000000,6504,0,30,1
27.168415,0.007796,-0.304108,-1.043671,0.000199,0.000157,0.003465,0.001019,0.000183,0.001599,0.000019,-0.000102,0.000460,10.000000,20.000000,-1.000000,0.000000,0.000000,0.000000,0.000000,0.065000,0.000000,1518.000000,0.000000,0.000000,0.000000,2.000000,0.000000,0.000000,0.000000,0.000000,0.000000,0.000000,0.000000,0.000000,6504,0,30,1
27.170370,0.007796,-0.304108,-1.043665,0.000201,0.000157,0.003468,0.000973,0.000190,0.001601,0.000020,-0.000097,0.000461,10.000000,20.000000,-1.000000,0.000000,0.000000,0.000000,0.000000,0.065000,0.000000,1518.000000,0.000000,0.000000,0.000000,2.000000,0.000000,0.000000,0.000000,0.000000,0.000000,0.000000,0.000000,0.000000,6504,0,30,1
27.172323,0.007797,-0.304108,-1.043658,0.000203,0.000157,0.003471,0.000928,0.000197,0.001602,0.000020,-0.000092,0.000462,10.000000,20.000000,-1.000000,0.000000,0.000000,0.000000,0.000000,0.065000,0.000000,1518.000000,0.000000,0.000000,0.000000,2.000000,0.000000,0.000000,0.000000,0.000000,0.000000,0.000000,0.000000,0.000000,6504,0,30,1
27.174278,0.007797,-0.304107,-1.043651,0.000205,0.000158,0.003474,0.000884,0.000204,0.001603,0.000021,-0.000088,0.000463,10.000000,20.000000,-1.000000,0.000000,0.000000,0.000000,0.000000,0.065000,0.000000,1518.000000,0.000000,0.000000,0.000000,2.000000,0.000000,0.000000,0.000000,0.000000,0.000000,0.000000,0.000000,0.000000,6504,0,29,1
27.176231,0.007798,-0.304107,-1.043644,0.000207,0.000158,0.003477,0.000840,0.000211,0.001604,0.000022,-0.000084,0.000463,10.000000,20.000000,-1.000000,0.000000,0.000000,0.000000,0.000000,0.065000,0.000000,1518.000000,0.000000,0.000000,0.000000,2.000000,0.000000,0.000000,0.000000,0.000000,0.000000,0.000000,0.000000,0.000000,6504,0,29,1
27.178186,0.007798,-0.304107,-1.043637,0.000208,0.000159,0.003481,0.000797,0.000218,0.001605,0.000022,-0.000079,0.000464,10.000000,20.000000,-1.000000,0.000000,0.000000,0.000000,0.000000,0.065000,0.000000,1518.000000,0.000000,0.000000,0.000000,2.000000,0.000000,0.000000,0.000000,0.000000,0.000000,0.000000,0.000000,0.000000,6504,0,29,1
27.180140,0.007798,-0.304107,-1.043630,0.000210,0.000159,0.003484,0.000755,0.000225,0.001606,0.000023,-0.000075,0.000465,10.000000,20.000000,-1.000000,0.000000,0.000000,0.000000,0.000000,0.065000,0.000000,1518.000000,0.000000,0.000000,0.000000,2.000000,0.000000,0.000000,0.000000,0.000000,0.000000,0.000000,0.000000,0.000000,6504,0,29,0
27.182095,0.007799,-0.304106,-1.043623,0.000211,0.000160,0.003487,0.000713,0.000233,0.001606,0.000024,-0.000071,0.000466,10.000000,20.000000,-1.000000,0.000000,0.000000,0.000000,0.000000,0.065000,0.000000,1518.000000,0.000000,0.000000,0.000000,2.000000,0.000000,0.000000,0.000000,0.000000,0.000000,0.000000,0.000000,0.000000,6504,0,29,0
27.184048,0.007799,-0.304106,-1.043616,0.000213,0.000160,0.003490,0.000673,0.000240,0.001606,0.000025,-0.000067,0.000467,10.000000,20.000000,-1.000000,0.000000,0.000000,0.000000,0.000000,0.065000,0.000000,1518.000000,0.000000,0.000000,0.000000,2.000000,0.000000,0.000000,0.000000,0.000000,0.000000,0.000000,0.000000,0.000000,6504,0,29,0
27.186003,0.007800,-0.304106,-1.043609,0.000214,0.000161,0.003493,0.000633,0.000247,0.001605,0.000025,-0.000063,0.000468,10.000000,20.000000,-1.000000,0.000000,0.000000,0.000000,0.000000,0.065000,0.000000,1518.000000,0.000000,0.000000,0.000000,2.000000,0.000000,0.000000,0.000000,0.000000,0.000000,0.000000,0.000000,0.000000,6504,0,29,0
27.187956,0.007800,-0.304105,-1.043602,0.000215,0.000161,0.003497,0.000594,0.000254,0.001605,0.000026,-0.000059,0.000468,10.000000,20.000000,-1.000000,0.000000,0.000000,0.000000,0.000000,0.065000,0.000000,1518.000000,0.000000,0.000000,0.000000,2.000000,0.000000,0.000000,0.000000,0.000000,0.000000,0.000000,0.000000,0.000000,6504,0,29,0
27.189911,0.007801,-0.304105,-1.043595,0.000216,0.000162,0.003500,0.000557,0.000261,0.001605,0.000027,-0.000055,0.000469,10.000000,20.000000,-1.000000,0.000000,0.000000,0.000000,0.000000,0.065000,0.000000,1518.000000,0.000000,0.000000,0.000000,2.000000,0.000000,0.000000,0.000000,0.000000,0.000000,0.000000,0.000000,0.000000,6504,0,29,0
27.191864,0.007801,-0.304105,-1.043588,0.000217,0.000162,0.003503,0.000520,0.000267,0.001605,0.000027,-0.000051,0.000470,10.000000,20.000000,-1.000000,0.000000,0.000000,0.000000,0.000000,0.065000,0.000000,1518.000000,0.000000,0.000000,0.000000,2.000000,0.000000,0.000000,0.000000,0.000000,0.000000,0.000000,0.000000,0.000000,6504,0,29,0
27.193817,0.007801,-0.304104,-1.043581,0.000218,0.000163,0.003506,0.000485,0.000274,0.001605,0.000028,-0.000048,0.000471,10.000000,20.000000,-1.000000,0.000000,0.000000,0.000000,0.000000,0.065000,0.000000,1518.000000,0.000000,0.000000,0.000000,2.000000,0.000000,0.000000,0.000000,0.000000,0.000000,0.000000,0.000000,0.000000,6504,0,29,0
27.195772,0.007802,-0.304104,-1.043574,0.000219,0.000163,0.003509,0.000451,0.000281,0.001605,0.000029,-0.000044,0.000471,10.000000,20.000000,-1.000000,0.000000,0.000000,0.000000,0.000000,0.065000,0.000000,1518.000000,0.000000,0.000000,0.000000,2.000000,0.000000,0.000000,0.000000,0.000000,0.000000,0.000000,0.000000,0.000000,6504,0,29,0
27.197725,0.007802,-0.304104,-1.043567,0.000220,0.000164,0.003513,0.000419,0.000288,0.001605,0.000030,-0.000041,0.000472,10.000000,20.000000,-1.000000,0.000000,0.000000,0.000000,0.000000,0.065000,0.000000,1518.000000,0.000000,0.000000,0.000000,2.000000,0.000000,0.000000,0.000000,0.000000,0.000000,0.000000,0.000000,0.000000,6504,0,29,0
27.199680,0.007803,-0.304103,-1.043560,0.000221,0.000164,0.003516,0.000387,0.000295,0.001604,0.000030,-0.000038,0.000473,10.000000,20.000000,-1.000000,0.000000,0.000000,0.000000,0.000000,0.065000,0.000000,1518.000000,0.000000,0.000000,0.000000,2.000000,0.000000,0.000000,0.000000,0.000000,0.000000,0.000000,0.000000,0.000000,6504,0,30,0
27.201633,0.007803,-0.304103,-1.043553,0.000222,0.000165,0.003519,0.000357,0.000302,0.001605,0.000031,-0.000035,0.000473,10.000000,0.000000,0.000000,0.000000,0.000055,0.000000,0.000000,0.806027,0.000000,0.000000,0.000000,0.000000,0.000000,0.000000,27.200657,0.000000,0.000000,0.000000,0.000000,0.000323,0.001015,9.860000,6426,0,30,-1
27.203588,0.007804,-0.304103,-1.043546,0.000222,0.000166,0.003533,0.000329,0.000310,0.009875,0.000032,-0.000032,0.000474,10.000000,0.000000,0.000000,0.000000,0.000055,0.000000,0.000000,0.000000,0.000000,0.000000,0.000000,0.000000,0.000000,0.000000,27.202612,0.000000,0.000000,0.000000,0.000000,0.000310,0.000973,9.860000,6426,0,30,-4
27.205542,0.007804,-0.304102,-1.043539,0.000223,0.000166,0.003569,0.000301,0.000322,0.020042,0.000032,-0.000029,0.000474,10.000000,0.000000,0.000000,0.000000,0.000055,0.000000,0.000000,0.000000,0.000000,0.000000,0.000000,0.000000,0.000000,0.000000,27.204563,0.000000,0.000000,0.000000,0.000000,0.000269,0.000844,9.860000,6426,0,30,-6
27.207497,0.007804,-0.304102,-1.043531,0.000223,0.000167,0.003623,0.000275,0.000332,0.029264,0.000033,-0.000027,0.000475,10.000000,0.000000,0.000000,0.000000,0.000055,0.000000,0.000000,0.000000,0.000000,0.000000,0.000000,0.000000,0.000000,0.000000,27.206520,0.000000,0.000000,0.000000,0.000000,0.000196,0.000614,9.860000,6426,0,30,-8
27.209450,0.007805,-0.304102,-1.043524,0.000224,0.000168,0.003694,0.000250,0.000341,0.037627,0.000034,-0.000024,0.000475,10.000000,0.000000,0.000000,0.000000,0.000055,0.000000,0.000000,0.000000,0.000000,0.000000,0.000000,0.000000,0.000000,0.000000,27.208471,0.000000,0.000000,0.000000,0.000000,0.000099,0.000312,9.860000,6426,0,30,-10
27.211405,0.007805,-0.304101,-1.043516,0.000224,0.000168,0.003780,0.000226,0.000351,0.045212,0.000035,-0.000022,0.000475,10.000000,0.000000,0.000000,0.000000,0.000055,0.000000,0.000000,0.000000,0.000000,0.000000,0.000000,0.000000,0.000000,0.000000,27.210428,0.000000,0.000000,0.000000,0.000000,-0.000018,-0.000058,9.860000,6426,0,30,-12
27.213358,0.007806,-0.304101,-1.043509,0.000225,0.000169,0.003881,0.000203,0.000360,0.052091,0.000035,-0.000020,0.000474,10.000000,0.000000,0.000000,0.000000,0.000055,0.000000,0.000000,0.000000,0.000000,0.000000,0.000000,0.000000,0.000000,0.000000,27.212379,0.000000,0.000000,0.000000,0.000000,-0.000156,-0.000491,9.860000,6426,0,30,-14
27.215313,0.007806,-0.304101,-1.043501,0.000225,0.000170,0.003995,0.000180,0.000369,0.058330,0.000036,-0.000017,0.000474,10.000000,20.000000,-1.000000,0.000000,0.000055,0.000000,0.000000,0.000000,0.000000,1518.000000,0.000000,0.000000,0.000000,0.000000,27.214336,0.000000,0.000000,0.000000,0.000000,-0.000313,-0.000983,9.860000,6426,0,30,-16
27.217266,0.007807,-0.304100,-1.043493,0.000225,0.000171,0.004120,0.000159,0.000378,0.063988,0.000037,-0.000015,0.000473,10.000000,20.000000,-1.000000,0.000000,0.000055,0.000000,0.000000,0.000000,0.000000,1518.000000,0.000000,0.000000,0.000000,0.000000,27.216288,0.000000,0.000000,0.000000,0.000000,-0.000488,-0.001531,9.960000,6491,0,30,-17
27.219219,0.007807,-0.304100,-1.043484,0.000226,0.000171,0.004247,0.000139,0.000385,0.062229,0.000037,-0.000013,0.000471,10.000000,20.000000,-1.000000,0.000000,0.000055,0.000000,0.000000,0.000000,0.000000,1518.000000,0.000000,0.000000,0.000000,0.000000,27.218245,0.000000,0.000000,0.000000,0.000000,-0.000671,-0.002108,9.960000,6491,-1,30,-19
27.221174,0.007808,-0.304100,-1.043476,0.000226,0.000172,0.004365,0.000119,0.000394,0.058411,0.000038,-0.000011,0.000469,10.000000,20.000000,-1.000000,0.000000,0.000055,0.000000,0.000000,0.000000,0.000000,1518.000000,0.000000,0.000000,0.000000,0.000000,27.220196,0.000000,0.000000,0.000000,0.000000,-0.000864,-0.002714,9.960000,6491,-1,30,-20
27.223127,0.007808,-0.304099,-1.043467,0.000226,0.000173,0.004477,0.000100,0.000401,0.054948,0.000039,-0.000009,0.000467,10.000000,20.000000,-1.000000,0.000000,0.000055,0.000000,0.000000,0.000000,0.000000,1518.000000,0.000000,0.000000,0.000000,0.000000,27.222153,0.000000,0.000000,0.000000,0.000000,-0.001065,-0.003345,9.960000,6491,-1,30,-21
27.225082,0.007809,-0.304099,-1.043458,0.000226,0.000174,0.004582,0.000082,0.000408,0.051807,0.000039,-0.000008,0.000465,10.000000,20.000000,-1.000000,0.000000,0.000055,0.000000,0.000000,0.000000,0.000000,1518.000000,0.000000,0.000000,0.000000,0.000000,27.224104,0.000000,0.000000,0.000000,0.000000,-0.001268,-0.003981,9.960000,6491,-1,30,-22
27.227036,0.007809,-0.304099,-1.043448,0.000227,0.000175,0.004681,0.000065,0.000414,0.048959,0.000040,-0.000006,0.000462,10.000000,20.000000,-1.000000,0.000000,0.000055,0.000000,0.000000,0.000000,0.000000,1518.000000,0.000000,0.000000,0.000000,0.000000,27.226061,0.000000,0.000000,0.000000,0.000000,-0.001472,-0.004621,9.960000,6491,-1,30,-23
27.228991,0.007809,-0.304098,-1.043439,0.000227,0.000175,0.004775,0.000048,0.000421,0.046375,0.000041,-0.000004,0.000458,10.000000,20.000000,-1.000000,0.000000,0.000055,0.000000,0.000000,0.000000,0.000000,1518.000000,0.000000,0.000000,0.000000,0.000000,27.228012,0.000000,0.000000,0.000000,0.000000,-0.001677,-0.005266,9.960000,6491,-4,30,-24
27.230944,0.007810,-0.304098,-1.043429,0.000227,0.000176,0.004865,0.000032,0.000427,0.044032,0.000041,-0.000003,0.000454,10.000000,20.000000,-1.000000,0.000000,0.000055,0.000000,0.000000,0.000000,0.000000,1518.000000,0.000000,0.000000,0.000000,0.000000,27.229967,0.000000,0.000000,0.000000,0.000000,-0.001884,-0.005916,9.960000,6491,-4,30,-24
27.232899,0.007810,-0.304097,-1.043419,0.000227,0.000177,0.004949,0.000017,0.000430,0.041908,0.000042,-0.000001,0.000450,10.000000,20.000000,-1.000000,0.000000,0.000055,0.000000,0.000000,0.000000,0.000000,1518.000000,0.000000,0.000000,0.000000,0.000000,27.231920,0.000000,0.000000,0.000000,0.000000,-0.002086,-0.006550,9.960000,6491,-4,30,-24
27.234852,0.007811,-0.304097,-1.043409,0.000227,0.000178,0.005030,0.000003,0.000433,0.039981,0.000042,0.000000,0.000445,10.000000,20.000000,-1.000000,0.000000,0.000055,0.000000,0.000000,0.000000,0.000000,1518.000000,0.000000,0.000000,0.000000,0.000000,27.233875,0.000000,0.000000,0.000000,0.000000,-0.002276,-0.007148,9.960000,6491,-4,30,-25
27.236807,0.007811,-0.304097,-1.043399,0.000227,0.000179,0.005108,-0.000011,0.000436,0.038233,0.000042,0.000002,0.000440,10.000000,20.000000,-1.000000,0.000000,0.000056,0.000000,0.000000,0.067000,0.000000,1518.000000,0.000000,0.000000,0.000000,0.000000,27.235828,-14.925366,-14.899085,-222.766556,-151.019974,-0.002463,0.343139,10.019701,6534,305,30,-25
27.238760,0.007812,-0.304096,-1.043389,0.000227,0.000180,0.005176,-0.000024,0.000435,0.032090,0.000043,0.000003,0.000435,10.000000,20.000000,-1.000000,0.000000,0.000056,0.000000,0.000000,0.000000,0.000000,1518.000000,0.000000,0.000000,0.000000,0.000000,27.237783,-14.925366,-14.899085,-222.766556,-151.019974,-0.002641,0.342582,10.019701,6534,300,30,-25
27.240713,0.007812,-0.304096,-1.043378,0.000227,0.000181,0.005229,-0.000037,0.000460,0.025047,0.000049,0.000004,0.000429,10.000000,20.000000,-1.000000,0.000000,0.000056,0.000000,0.000000,0.000000,0.000000,1518.000000,0.000000,0.000000,0.000000,0.000000,27.239737,-14.925366,-14.899085,-222.766556,-151.019974,-0.002797,0.342091,10.019701,6534,299,30,-25
27.242668,0.007813,-0.304096,-1.043368,0.000227,0.000182,0.005270,-0.000048,0.000542,0.018661,0.000061,0.000005,0.000423,10.000000,20.000000,-1.000000,0.000000,0.000056,0.000000,0.000000,0.000000,0.000000,1518.000000,0.000000,0.000000,0.000000,0.000000,27.241692,-14.925366,-14.899085,-222.766556,-151.019974,-0.002939,0.341646,10.019701,6534,297,30,-25
27.244621,0.007813,-0.304095,-1.043357,0.000226,0.000183,0.005298,-0.000059,0.000710,0.012868,0.000084,0.000007,0.000417,10.000000,20.000000,-1.000000,0.000000,0.000056,0.000000,0.000000,0.000000,0.000000,1518.000000,0.000000,0.000000,0.000000,0.000000,27.243645,-14.925366,-14.899085,-222.766556,-151.019974,-0.003067,0.341242,10.019701,6534,293,30,-24
27.246576,0.007814,-0.304095,-1.043347,0.000226,0.000185,0.005316,-0.000070,0.000987,0.007615,0.000119,0.000008,0.000411,10.000000,20.000000,-1.000000,0.000000,0.000056,0.000000,0.000000,0.000000,0.000000,1518.000000,0.000000,0.000000,0.000000,0.000000,27.245600,-14.925366,-14.899085,-222.766556,-151.019974,-0.003177,0.340899,10.019701,6534,289,30,-24
27.248529,0.007814,-0.304095,-1.043336,0.000226,0.000187,0.005324,-0.000079,0.001401,0.002850,0.000169,0.000008,0.000404,10.000000,20.000000,-1.000000,0.000000,0.000056,0.000000,0.000000,0.000000,0.000000,1518.000000,0.000000,0.000000,0.000000,0.000000,27.247553,-14.925366,-14.899085,-222.766556,-151.019974,-0.003269,0.340608,10.019701,6534,283,30,-24
27.250484,0.007814,-0.304094,-1.043325,0.000226,0.000191,0.005323,-0.000088,0.001971,-0.001472,0.000236,0.000009,0.000397,10.000000,20.000000,-1.000000,0.000000,0.000056,0.000000,0.000000,0.000000,0.000000,1518.000000,0.000000,0.000000,0.000000,0.000000,27.249508,-14.925366,-14.899085,-222.766556,-151.019974,-0.003353,0.340345,10.019701,6534,277,30,-23
27.252438,0.007815,-0.304094,-1.043315,0.000226,0.000196,0.005314,-0.000096,0.002713,-0.005391,0.000321,0.000010,0.000390,10.000000,20.000000,-1.000000,0.000000,0.000056,0.000000,0.000000,0.000000,0.000000,1518.000000,0.000000,0.000000,0.000000,0.000000,27.251459,-14.925366,-14.899085,-222.766556,-151.019974,-0.003422,0.340128,10.019701,6534,270,30,-23
27.254393,0.007815,-0.304093,-1.043304,0.000226,0.000203,0.005298,-0.000103,0.003647,-0.008945,0.000426,0.000011,0.000384,10.000000,20.000000,-1.000000,0.000000,0.000056,0.000000,0.000000,0.000000,0.000000,1518.000000,0.000000,0.000000,0.000000,0.000000,27.253416,-14.925366,-14.899085,-222.766556,-151.019974,-0.003478,0.339952,10.019701,6534,262,30,-22
27.256346,0.007816,-0.304093,-1.043293,0.000225,0.000212,0.005275,-0.000110,0.004782,-0.012169,0.000553,0.000011,0.000376,10.000000,20.000000,-1.000000,0.000000,0.000056,0.000000,0.000000,0.000000,0.000000,1518.000000,0.000000,0.000000,0.000000,0.000000,27.255367,-14.925366,-14.899085,-222.766556,-151.019974,-0.003522,0.339815,10.019701,6534,253,30,-22
27.258301,0.007816,-0.304093,-1.043283,0.000225,0.000223,0.005247,-0.000115,0.006135,-0.015092,0.000702,0.000012,0.000369,10.000000,20.000000,-1.000000,0.000000,0.000056,0.000000,0.000000,0.000000,0.000000,1518.000000,0.000000,0.000000,0.000000,0.000000,27.257324,-14.925366,-14.899085,-222.766556,-151.019974,-0.003555,0.339710,10.019701,6534,244,30,-21
27.260254,0.007817,-0.304092,-1.043272,0.000225,0.000238,0.005212,-0.000120,0.007709,-0.017741,0.000874,0.000012,0.000362,10.000000,20.000000,-1.000000,0.000000,0.000056,0.000000,0.000000,0.000000,0.000000,1518.000000,0.000000,0.000000,0.000000,0.000000,27.259275,-14.925366,-14.899085,-222.766556,-151.019974,-0.003579,0.339637,10.019701,6534,234,30,-21
27.262209,0.007817,-0.304092,-1.043262,0.000225,0.000256,0.005173,-0.000124,0.009517,-0.020145,0.001070,0.000012,0.000355,10.000000,20.000000,-1.000000,0.000000,0.000056,0.000000,0.000000,0.000000,0.000000,1518.000000,0.000000,0.000000,0.000000,0.000000,27.261232,-14.925366,-14.899085,-222.766556,-151.019974,-0.003593,0.339590,10.019701,6534,224,30,-20
27.264162,0.007818,-0.304091,-1.043252,0.000224,0.000278,0.005130,-0.000127,0.011561,-0.022323,0.001290,0.000013,0.000348,10.000000,20.000000,-1.000000,0.000000,0.000056,0.000000,0.000000,0.000000,0.000000,1518.000000,0.000000,0.000000,0.000000,0.000000,27.263184,-14.925366,-14.899085,-222.766556,-151.019974,-0.003600,0.339568,10.019701,6534,212,30,-20
27.266115,0.007818,-0.304090,-1.043242,0.000224,0.000305,0.005082,-0.000129,0.013848,-0.024298,0.001535,0.000013,0.000341,10.000000,20.000000,-1.000000,0.000000,0.000056,0.000000,0.000000,0.000000,0.000000,1518.000000,0.000000,0.000000,0.000000,0.000000,27.265141,-14.925366,-14.899085,-222.766556,-151.019974,-0.003601,0.339567,10.019701,6534,201,30,-19
27.268070,0.007818,-0.304090,-1.043231,0.000224,0.000336,0.005031,-0.000130,0.016376,-0.026089,0.001805,0.000013,0.000333,10.000000,20.000000,-1.000000,0.000000,0.000056,0.000000,0.000000,0.000000,0.000000,1518.000000,0.000000,0.000000,0.000000,0.000000,27.267092,-14.925366,-14.899085,-222.766556,-151.019974,-0.003595,0.339586,10.019701,6534,189,30,-19
27.270023,0.007819,-0.304089,-1.043221,0.000224,0.000373,0.004976,-0.000131,0.019151,-0.027711,0.002099,0.000013,0.000326,10.000000,20.000000,-1.000000,0.000000,0.000056,0.000000,0.000000,0.000000,0.000000,1518.000000,0.000000,0.000000,0.000000,0.000000,27.269049,-14.925366,-14.899085,-222.766556,-151.019974,-0.003584,0.339621,10.019701,6534,177,30,-18
27.271978,0.007819,-0.304088,-1.043212,0.000223,0.000416,0.004918,-0.000130,0.022168,-0.029180,0.002418,0.000012,0.000319,10.000000,20.000000,-1.000000,0.000000,0.000056,0.000000,0.000000,0.000000,0.000000,1518.000000,0.000000,0.000000,0.000000,0.000000,27.271000,-14.925366,-14.899085,-222.766556,-151.019974,-0.003567,0.339672,10.019701,6534,164,31,-18
27.273932,0.007820,-0.304087,-1.043202,0.000223,0.000465,0.004858,-0.000129,0.025428,-0.030510,0.002762,0.000012,0.000312,10.000000,20.000000,-1.000000,0.000000,0.000056,0.000000,0.000000,0.000000,0.000000,1518.000000,0.000000,0.000000,0.000000,0.000000,27.272957,-14.925366,-14.899085,-222.766556,-151.019974,-0.003547,0.339735,10.019701,6534,152,31,-17
27.275887,0.007820,-0.304086,-1.043192,0.000223,0.000521,0.004795,-0.000127,0.028924,-0.031714,0.003129,0.000012,0.000305,10.000000,20.000000,-1.000000,0.000000,0.000056,0.000000,0.000000,0.000000,0.000000,1518.000000,0.000000,0.000000,0.000000,0.000000,27.274908,-14.925366,-14.899085,-222.766556,-151.019974,-0.003524,0.339809,10.019701,6534,139,31,-17
27.277840,0.007821,-0.304085,-1.043183,0.000223,0.000584,0.004730,-0.000124,0.032657,-0.032803,0.003520,0.000011,0.000298,10.000000,20.000000,-1.000000,0.000000,0.000056,0.000000,0.000000,0.000000,0.000000,1518.000000,0.000000,0.000000,0.000000,0.000000,27.276863,-14.925366,-14.899085,-222.766556,-151.019974,-0.003497,0.339893,10.019701,6534,125,31,-16
27.279795,0.007821,-0.304084,-1.043173,0.000222,0.000656,0.004663,-0.000121,0.036616,-0.033786,0.003934,0.000011,0.000291,10.000000,20.000000,-1.000000,0.000000,0.000056,0.000000,0.000000,0.000000,0.000000,1518.000000,0.000000,0.000000,0.000000,0.000000,27.278816,-14.925366,-14.899085,-222.766556,-151.019974,-0.003467,0.339986,10.019701,6534,112,31,-16
27.281748,0.007822,-0.304082,-1.043164,0.000222,0.000735,0.004594,-0.000117,0.040799,-0.034674,0.004370,0.000010,0.000284,10.000000,20.000000,-1.000000,0.000000,0.000056,0.000000,0.000000,0.000000,0.000000,1518.000000,0.000000,0.000000,0.000000,0.000000,27.280771,-14.925366,-14.899085,-222.766556,-151.019974,-0.003436,0.340084,10.019701,6534,99,31,-15
27.283703,0.007822,-0.304081,-1.043155,0.000222,0.000823,0.004524,-0.000112,0.045195,-0.035476,0.004827,0.000010,0.000277,10.000000,20.000000,-1.000000,0.000000,0.000056,0.000000,0.000000,0.000000,0.000000,1518.000000,0.000000,0.000000,0.000000,0.000000,27.282724,-14.925366,-14.899085,-222.766556,-151.019974,-0.003403,0.340189,10.019701,6534,86,31,-15
27.285656,0.007822,-0.304079,-1.043146,0.000222,0.000921,0.004452,-0.000106,0.049799,-0.036198,0.005305,0.000009,0.000271,10.000000,20.000000,-1.000000,0.000000,0.000056,0.000000,0.000000,0.000000,0.000000,1518.000000,0.000000,0.000000,0.000000,0.000000,27.284679,-14.925366,-14.899085,-222.766556,-151.019974,-0.003368,0.340298,10.019701,6534,73,31,-15
27.287609,0.007823,-0.304077,-1.043137,0.000221,0.001027,0.004378,-0.000100,0.054600,-0.036848,0.005802,0.000008,0.000264,10.000000,20.000000,-1.000000,0.000000,0.000056,0.000000,0.000000,0.000000,0.000000,1518.000000,0.000000,0.000000,0.000000,0.000000,27.286633,-14.925366,-14.899085,-222.766556,-151.019974,-0.003339,0.340388,10.019701,6534,59,31,-14
27.289564,0.007823,-0.304075,-1.043129,0.000221,0.001144,0.004304,-0.000093,0.059588,-0.037431,0.006318,0.000008,0.000257,10.000000,20.000000,-1.000000,0.000000,0.000056,0.000000,0.000000,0.000000,0.000000,1518.000000,0.000000,0.000000,0.000000,0.000000,27.288588,-14.925366,-14.899085,-222.766556,-151.019974,-0.003309,0.340483,10.019701,6534,46,31,-14
27.291517,0.007824,-0.304072,-1.043120,0.000221,0.001271,0.004228,-0.000086,0.064755,-0.037954,0.006851,0.000007,0.000251,10.000000,20.000000,-1.000000,0.000000,0.000056,0.000000,0.000000,0.000000,0.000000,1518.000000,0.000000,0.000000,0.000000,0.000000,27.290541,-14.925366,-14.899085,-222.766556,-151.019974,-0.003278,0.340580,10.019701,6534,34,31,-14
27.293472,0.007824,-0.304070,-1.043112,0.000221,0.001408,0.004151,-0.000079,0.070088,-0.038422,0.007401,0.000006,0.000244,10.000000,20.000000,-1.000000,0.000000,0.000056,0.000000,0.000000,0.000000,0.000000,1518.000000,0.000000,0.000000,0.000000,0.000000,27.292496,-14.925366,-14.899085,-222.766556,-151.019974,-0.003254,0.340657,10.019701,6534,21,31,-13
27.295425,0.007825,-0.304067,-1.043104,0.000221,0.001557,0.004074,-0.000071,0.075575,-0.038838,0.007966,0.000005,0.000238,10.000000,20.000000,-1.000000,0.000000,0.000056,0.000000,0.000000,0.000000,0.000000,1518.000000,0.000000,0.000000,0.000000,0.000000,27.294449,-14.925366,-14.899085,-222.766556,-151.019974,-0.003228,0.340739,10.019701,6534,9,31,-13
27.297380,0.007825,-0.304063,-1.043096,0.000221,0.001716,0.003996,-0.000063,0.081207,-0.039207,0.008545,0.000004,0.000232,10.000000,20.000000,-1.000000,0.000000,0.000056,0.000000,0.000000,0.000000,0.000000,1518.000000,0.000000,0.000000,0.000000,0.000000,27.296404,-14.925366,-14.899085,-222.766556,-151.019974,-0.003201,0.340822,10.019701,6534,-2,31,-13
27.299334,0.007826,-0.304060,-1.043088,0.000221,0.001887,0.003917,-0.000054,0.086972,-0.039534,0.009136,0.000003,0.000225,10.000000,20.000000,-1.000000,0.000000,0.000056,0.000000,0.000000,0.000000,0.000000,1518.000000,0.000000,0.000000,0.000000,0.000000,27.298355,-14.925366,-14.899085,-222.766556,-151.019974,-0.003181,0.340885,10.019701,6534,-14,31,-12
27.301289,0.007826,-0.304056,-1.043080,0.000220,0.002070,0.003837,-0.000045,0.092853,-0.039821,0.009739,0.000002,0.000219,10.000000,20.000000,-1.000000,0.000000,0.000056,0.000000,0.000000,0.000000,0.000000,1518.000000,0.000000,0.000000,0.000000,0.000000,27.300312,-14.925366,-14.899085,-222.766556,-151.019974,-0.003160,0.340951,10.019701,6534,-25,31,-12
27.303242,0.007826,-0.304051,-1.043073,0.000220,0.002265,0.003757,-0.000035,0.098844,-0.040071,0.010353,0.000001,0.000213,10.000000,20.000000,-1.000000,0.000000,0.000056,0.000000,0.000000,0.000000,0.000000,1518.000000,0.000000,0.000000,0.000000,0.000000,27.302263,-14.925366,-14.899085,-222.766556,-151.019974,-0.003138,0.341019,10.019701,6534,-36,32,-12
27.305197,0.007827,-0.304046,-1.043065,0.000220,0.002472,0.003677,-0.000025,0.104929,-0.040288,0.010975,-0.000000,0.000206,10.000000,20.000000,-1.000000,0.000000,0.000056,0.000000,0.000000,0.000000,0.000000,1518.000000,0.000000,0.000000,0.000000,0.000000,27.304220,-14.925366,-14.899085,-222.766556,-151.019974,-0.003123,0.341066,10.019701,6534,-47,32,-11
27.307150,0.007827,-0.304041,-1.043058,0.000220,0.002691,0.003596,-0.000015,0.111095,-0.040474,0.011605,-0.000001,0.000200,10.000000,20.000000,-1.000000,0.000000,0.000056,0.000000,0.000000,0.000000,0.000000,1518.000000,0.000000,0.000000,0.000000,0.000000,27.306171,-14.925366,-14.899085,-222.766556,-151.019974,-0.003107,0.341117,10.019701,6534,-57,32,-11
27.309105,0.007828,-0.304035,-1.043051,0.000220,0.002922,0.003515,-0.000005,0.117331,-0.040632,0.012242,-0.000002,0.000194,10.000000,20.000000,-1.000000,0.000000,0.000056,0.000000,0.000000,0.000000,0.000000,1518.000000,0.000000,0.000000,0.000000,0.000000,27.308128,-14.925366,-14.899085,-222.766556,-151.019974,-0.003091,0.341169,10.019701,6534,-67,32,-11
27.311058,0.007828,-0.304029,-1.043044,0.000220,0.003166,0.003433,0.000005,0.123624,-0.040764,0.012883,-0.000004,0.000188,10.000000,20.000000,-1.000000,0.000000,0.000056,0.000000,0.000000,0.000000,0.000000,1518.000000,0.000000,0.000000,0.000000,0.000000,27.310080,-14.925366,-14.899085,-222.766556,-151.019974,-0.003081,0.341200,10.019701,6534,-76,32,-10
27.313011,0.007829,-0.304022,-1.043037,0.000220,0.003423,0.003352,0.000016,0.129959,-0.040872,0.013529,-0.000005,0.000182,10.000000,21.000000,-1.000000,0.000000,0.000056,0.000000,0.000000,0.000000,0.000000,1520.000000,0.000000,0.000000,0.000000,0.000000,27.312037,-14.925366,-14.899085,-222.766556,-151.019974,-0.003070,0.341235,10.019701,6534,-84,32,-10
27.314966,0.007829,-0.304015,-1.043031,0.000220,0.003693,0.003270,0.000026,0.136327,-0.040957,0.014176,-0.000006,0.000175,10.000000,21.000000,-1.000000,0.002138,0.000055,0.000000,0.000000,0.067000,0.009822,1520.000000,0.000000,0.000000,0.000000,0.000000,27.313988,0.000000,-6.472347,222.766754,28.951111,-0.003058,0.142821,9.967985,6497,-269,32,-10
27.316919,0.007830,-0.304007,-1.043024,0.000220,0.003975,0.003193,0.000037,0.142657,-0.037100,0.014825,-0.000007,0.000169,10.000000,21.000000,-1.000000,0.002138,0.000055,0.000000,0.000000,0.000000,0.009822,1520.000000,0.000000,0.000000,0.000000,0.000000,27.315945,0.000000,-6.472347,222.766754,28.951111,-0.003057,0.142825,9.967985,6497,-276,32,-9
27.318874,0.007830,-0.303999,-1.043018,0.000220,0.004270,0.003126,0.000047,0.148957,-0.032325,0.015471,-0.000008,0.000163,10.000000,21.000000,-1.000000,0.002138,0.000055,0.000000,0.000000,0.000000,0.009822,1520.000000,0.000000,0.000000,0.000000,0.000000,27.317896,0.000000,-6.472347,222.766754,28.951111,-0.003061,0.142812,9.967985,6497,-283,32,-9
27.320827,0.007830,-0.303990,-1.043012,0.000221,0.004577,0.003068,0.000057,0.155221,-0.027982,0.016112,-0.000009,0.000157,10.000000,21.000000,-1.000000,0.002138,0.000055,0.000000,0.000000,0.000000,0.009822,1520.000000,0.000000,0.000000,0.000000,0.000000,27.319853,0.000000,-6.472347,222.766754,28.951111,-0.003068,0.142791,9.967985,6497,-288,32,-8
27.322783,0.007831,-0.303980,-1.043006,0.000221,0.004897,0.003018,0.000066,0.161417,-0.024057,0.016744,-0.000010,0.000151,10.000000,21.000000,-1.000000,0.002138,0.000055,0.000000,0.000000,0.000000,0.009822,1520.000000,0.000000,0.000000,0.000000,0.000000,27.321804,0.000000,-6.472347,222.766754,28.951111,-0.003080,0.142751,9.967985,6497,-292,32,-8
27.324736,0.007831,-0.303970,-1.043000,0.000221,0.005229,0.002975,0.000075,0.167520,-0.020468,0.017366,-0.000011,0.000145,10.000000,21.000000,-1.000000,0.002138,0.000055,0.000000,0.000000,0.000000,0.009822,1520.000000,0.000000,0.000000,0.000000,0.000000,27.323759,0.000000,-6.472347,222.766754,28.951111,-0.003095,0.142706,9.967985,6497,-295,32,-7
27.326691,0.007832,-0.303959,-1.042994,0.000221,0.005573,0.002939,0.000084,0.173504,-0.017193,0.017974,-0.000011,0.000138,10.000000,21.000000,-1.000000,0.002138,0.000055,0.000000,0.000000,0.000000,0.009822,1520.000000,0.000000,0.000000,0.000000,0.000000,27.325712,0.000000,-6.472347,222.766754,28.951111,-0.003107,0.142668,9.967985,6497,-297,32,-7
27.328644,0.007832,-0.303947,-1.042988,0.000221,0.005928,0.002909,0.000093,0.179350,-0.014213,0.018567,-0.000012,0.000132,10.000000,21.000000,-1.000000,0.002138,0.000055,0.000000,0.000000,0.000000,0.009822,1520.000000,0.000000,0.000000,0.000000,0.000000,27.327667,0.000000,-6.472347,222.766754,28.951111,-0.003121,0.142625,9.967985,6497,-298,32,-6
27.330599,0.007833,-0.303935,-1.042982,0.000221,0.006296,0.002885,0.000100,0.185034,-0.011499,0.019142,-0.000013,0.000126,10.000000,21.000000,-1.000000,0.002138,0.000055,0.000000,0.000000,0.000000,0.009822,1520.000000,0.000000,0.000000,0.000000,0.000000,27.329620,0.000000,-6.472347,222.766754,28.951111,-0.003135,0.142578,9.967985,6497,-298,32,-5
27.332552,0.007833,-0.303922,-1.042976,0.000222,0.006674,0.002866,0.000108,0.190539,-0.009029,0.019698,-0.000014,0.000120,10.000000,21.000000,-1.000000,0.002138,0.000055,0.000000,0.000000,0.000000,0.009822,1520.000000,0.000000,0.000000,0.000000,0.000000,27.331575,0.000000,-6.472347,222.766754,28.951111,-0.003144,0.142551,9.967985,6497,-296,32,-5
27.334505,0.007834,-0.303908,-1.042971,0.000222,0.007063,0.002851,0.000114,0.195848,-0.006779,0.020233,-0.000014,0.000113,10.000000,21.000000,-1.000000,0.002138,0.000055,0.000000,0.000000,0.000000,0.009822,1520.000000,0.000000,0.000000,0.000000,0.000000,27.333529,0.000000,-6.472347,222.766754,28.951111,-0.003154,0.142521,9.967985,6497,-294,32,-4
27.336460,0.007834,-0.303893,-1.042965,0.000222,0.007462,0.002841,0.000121,0.200944,-0.004730,0.020745,-0.000015,0.000107,10.000000,21.000000,-1.000000,0.002138,0.000055,0.000000,0.000000,0.000000,0.009822,1520.000000,0.000000,0.000000,0.000000,0.000000,27.335484,0.000000,-6.472347,222.766754,28.951111,-0.003164,0.142487,9.967985,6497,-291,32,-3
27.338413,0.007834,-0.303878,-1.042959,0.000222,0.007872,0.002834,0.000126,0.205815,-0.002864,0.021233,-0.000015,0.000100,10.000000,21.000000,-1.000000,0.002138,0.000055,0.000000,0.000000,0.000000,0.009822,1520.000000,0.000000,0.000000,0.000000,0.000000,27.337437,0.000000,-6.472347,222.766754,28.951111,-0.003168,0.142475,9.967985,6497,-287,32,-2
27.340368,0.007835,-0.303861,-1.042954,0.000223,0.008290,0.002831,0.000131,0.210447,-0.001166,0.021697,-0.000016,0.000094,10.000000,21.000000,-1.000000,0.002138,0.000055,0.000000,0.000000,0.000000,0.009822,1520.000000,0.000000,0.000000,0.000000,0.000000,27.339392,0.000000,-6.472347,222.766754,28.951111,-0.003166,0.142483,9.967985,6497,-282,32,-1
27.342321,0.007835,-0.303844,-1.042948,0.000223,0.008718,0.002831,0.000135,0.214831,0.000381,0.022134,-0.000016,0.000088,10.000000,21.000000,-1.000000,0.002138,0.000055,0.000000,0.000000,0.000000,0.009822,1520.000000,0.000000,0.000000,0.000000,0.000000,27.341345,0.000000,-6.472347,222.766754,28.951111,-0.003157,0.142509,9.967985,6497,-277,32,-1
27.344276,0.007836,-0.303826,-1.042942,0.000223,0.009154,0.002834,0.000139,0.218960,0.001789,0.022545,-0.000016,0.000082,10.000000,21.000000,-1.000000,0.002138,0.000055,0.000000,0.000000,0.000000,0.009822,1520.000000,0.000000,0.000000,0.000000,0.000000,27.343300,0.000000,-6.472347,222.766754,28.951111,-0.003150,0.142533,9.967985,6497,-271,32,0
27.346230,0.007836,-0.303807,-1.042937,0.000223,0.009588,0.002836,-0.000081,0.213224,0.000231,0.022928,-0.000016,0.000075,10.000000,21.000000,-1.000000,0.002138,0.000055,0.000000,0.000000,0.000000,0.009822,1520.000000,0.000000,0.000000,0.000000,0.000000,27.345251,0.000000,-6.472347,222.766754,28.951111,-0.003143,0.142554,9.967985,6497,-264,32,0
27.348185,0.007837,-0.303787,-1.042931,0.000223,0.010020,0.002839,-0.000062,0.217096,0.001600,0.023283,-0.000016,0.000069,10.000000,21.000000,-1.000000,0.002138,0.000055,0.000000,0.000000,0.000000,0.009822,1520.000000,0.000000,0.000000,0.000000,0.000000,27.347208,0.000000,-6.472347,222.766754,28.951111,-0.003136,0.142576,9.967985,6497,-256,31,1
27.350138,0.007837,-0.303766,-1.042925,0.000223,0.010459,0.002844,-0.000061,0.220002,0.002655,0.023610,-0.000016,0.000063,10.000000,21.000000,-1.000000,0.002138,0.000055,0.000000,0.000000,0.000000,0.009822,1520.000000,0.000000,0.000000,0.000000,0.000000,27.349159,0.000000,-6.472347,222.766754,28.951111,-0.003128,0.142601,9.967985,6497,-248,31,2
27.352093,0.007838,-0.303745,-1.042920,0.000223,0.010903,0.002850,-0.000059,0.222623,0.003610,0.023907,-0.000016,0.000056,10.000000,21.000000,-1.000000,0.002138,0.000055,0.000000,0.000000,0.000000,0.009822,1520.000000,0.000000,0.000000,0.000000,0.000000,27.351116,0.000000,-6.472347,222.766754,28.951111,-0.003113,0.142649,9.967985,6497,-239,31,3
27.354046,0.007838,-0.303722,-1.042914,0.000223,0.011352,0.002859,-0.000059,0.224958,0.004475,0.024176,-0.000016,0.000050,10.000000,21.000000,-1.000000,0.002138,0.000055,0.000000,0.000000,0.000000,0.009822,1520.000000,0.000000,0.000000,0.000000,0.000000,27.353067,0.000000,-6.472347,222.766754,28.951111,-0.003090,0.142721,9.967985,6497,-230,31,4
27.356001,0.007838,-0.303699,-1.042908,0.000223,0.011805,0.002869,-0.000059,0.227004,0.005258,0.024415,-0.000016,0.000044,10.000000,21.000000,-1.000000,0.002138,0.000055,0.000000,0.000000,0.000000,0.009822,1520.000000,0.000000,0.000000,0.000000,0.000000,27.355024,0.000000,-6.472347,222.766754,28.951111,-0.003060,0.142816,9.967985,6497,-220,31,5
27.357954,0.007839,-0.303675,-1.042902,0.000222,0.012261,0.002881,-0.000059,0.228764,0.005965,0.024625,-0.000016,0.000038,10.000000,21.000000,-1.000000,0.002138,0.000055,0.000000,0.000000,0.000000,0.009822,1520.000000,0.000000,0.000000,0.000000,0.000000,27.356976,0.000000,-6.472347,222.766754,28.951111,-0.003022,0.142933,9.967985,6497,-210,31,6
27.359907,0.007839,-0.303649,-1.042897,0.000222,0.012721,0.002894,-0.000060,0.230239,0.006602,0.024807,-0.000016,0.000032,10.000000,21.000000,-1.000000,0.002138,0.000055,0.000000,0.000000,0.000000,0.009822,1520.000000,0.000000,0.000000,0.000000,0.000000,27.358932,0.000000,-6.472347,222.766754,28.951111,-0.002978,0.143072,9.967985,6497,-200,31,8
27.361862,0.007840,-0.303623,-1.042891,0.000222,0.013184,0.002908,-0.000062,0.231429,0.007175,0.024959,-0.000015,0.000026,10.000000,21.000000,-1.000000,0.002138,0.000055,0.000000,0.000000,0.000000,0.009822,1520.000000,0.000000,0.000000,0.000000,0.000000,27.360884,0.000000,-6.472347,222.766754,28.951111,-0.002920,0.143256,9.967985,6497,-189,31,9
27.363815,0.007840,-0.303596,-1.042885,0.000222,0.013648,0.002923,-0.000063,0.232341,0.007690,0.025084,-0.000015,0.000021,10.000000,21.000000,-1.000000,0.002138,0.000055,0.000000,0.000000,0.000000,0.009822,1520.000000,0.000000,0.000000,0.000000,0.000000,27.362841,0.000000,-6.472347,222.766754,28.951111,-0.002848,0.143480,9.967985,6497,-179,31,10
27.365770,0.007841,-0.303568,-1.042879,0.000222,0.014113,0.002939,-0.000065,0.232979,0.008151,0.025180,-0.000015,0.000015,10.000000,21.000000,-1.000000,0.002138,0.000055,0.000000,0.000000,0.000000,0.009822,1520.000000,0.000000,0.000000,0.000000,0.000000,27.364792,0.000000,-6.472347,222.766754,28.951111,-0.002771,0.143723,9.967985,6497,-168,31,11
27.367723,0.007841,-0.303539,-1.042873,0.000222,0.014580,0.002956,-0.000068,0.233347,0.008563,0.025250,-0.000014,0.000010,10.000000,21.000000,-1.000000,0.002138,0.000055,0.000000,0.000000,0.000000,0.009822,1520.000000,0.000000,0.000000,0.000000,0.000000,27.366749,0.000000,-6.472347,222.766754,28.951111,-0.002688,0.143985,9.967985,6497,-156,31,12
27.369678,0.007842,-0.303509,-1.042867,0.000222,0.015047,0.002974,-0.000071,0.233452,0.008930,0.025293,-0.000014,0.000005,10.000000,21.000000,-1.000000,0.002138,0.000055,0.000000,0.000000,0.000000,0.009822,1520.000000,0.000000,0.000000,0.000000,0.000000,27.368700,0.000000,-6.472347,222.766754,28.951111,-0.002599,0.144264,9.967985,6497,-145,31,13
27.371632,0.007842,-0.303478,-1.042861,0.000222,0.015514,0.002992,-0.000074,0.233300,0.009255,0.025309,-0.000013,-0.000000,10.000000,20.000000,0.000000,0.002138,0.000055,0.000000,0.000000,0.000000,0.009822,1514.000000,0.000000,0.000000,0.000000,0.000000,27.370655,0.000000,-6.472347,222.766754,28.951111,-0.002504,0.144563,9.967985,6497,-134,31,14
27.373587,0.007842,-0.303447,-1.042855,0.000221,0.015980,0.003011,-0.000077,0.232899,0.009542,0.025301,-0.000013,-0.000005,10.000000,20.000000,0.000000,0.002138,0.000055,0.000000,0.000000,-0.933999,0.009822,1514.000000,0.000000,0.000000,0.000000,0.000000,27.372608,0.000000,-6.472347,222.766754,28.951111,-0.002403,0.144880,9.962985,6493,-122,31,15
27.375540,0.007843,-0.303414,-1.042849,0.000221,0.016444,0.003031,-0.000080,0.232247,0.010218,0.025268,-0.000012,-0.000009,10.000000,20.000000,0.000000,0.002138,0.000055,0.000000,0.000000,0.000000,0.009822,1514.000000,0.000000,0.000000,0.000000,0.000000,27.374563,0.000000,-6.472347,222.766754,28.951111,-0.002296,0.145216,9.962985,6493,-111,31,15
27.377495,0.007843,-0.303380,-1.042843,0.000221,0.016908,0.003052,-0.000084,0.231361,0.010958,0.025212,-0.000012,-0.000014,10.000000,20.000000,0.000000,0.002138,0.000055,0.000000,0.000000,0.000000,0.009822,1514.000000,0.000000,0.000000,0.000000,0.000000,27.376516,0.000000,-6.472347,222.766754,28.951111,-0.002190,0.145548,9.962985,6494,-100,31,16
27.379448,0.007844,-0.303346,-1.042837,0.000221,0.017369,0.003075,-0.000088,0.230255,0.011513,0.025133,-0.000011,-0.000018,10.000000,20.000000,0.000000,0.002138,0.000055,0.000000,0.000000,0.000000,0.009822,1514.000000,0.000000,0.000000,0.000000,0.000000,27.378471,0.000000,-6.472347,222.766754,28.951111,-0.002084,0.145878,9.962985,6494,-89,31,17
27.381401,0.007844,-0.303310,-1.042831,0.000221,0.017827,0.003099,-0.000092,0.228937,0.011973,0.025033,-0.000011,-0.000022,10.000000,20.000000,0.000000,0.002138,0.000055,0.000000,0.000000,0.000000,0.009822,1514.000000,0.000000,0.000000,0.000000,0.000000,27.380424,0.000000,-6.472347,222.766754,28.951111,-0.001972,0.146231,9.962985,6494,-73,31,18
27.383356,0.007845,-0.303274,-1.042825,0.000221,0.018283,0.003123,-0.000096,0.227417,0.012380,0.024912,-0.000010,-0.000025,10.000000,20.000000,0.000000,0.002138,0.000055,0.000000,0.000000,0.000000,0.009822,1514.000000,0.000000,0.000000,0.000000,0.000000,27.382380,0.000000,-6.472347,222.766754,28.951111,-0.001853,0.146606,9.962985,6494,-62,31,18
27.385309,0.007845,-0.303237,-1.042818,0.000220,0.018735,0.003149,-0.000101,0.225706,0.012740,0.024771,-0.000010,-0.000029,10.000000,20.000000,0.000000,0.002138,0.000055,0.000000,0.000000,0.000000,0.009822,1514.000000,0.000000,0.000000,0.000000,0.000000,27.384333,0.000000,-6.472347,222.766754,28.951111,-0.001734,0.146980,9.962985,6494,-52,31,19
27.387264,0.007846,-0.303198,-1.042812,0.000220,0.019184,0.003175,-0.000105,0.223813,0.013055,0.024612,-0.000009,-0.000032,10.000000,20.000000,0.000000,0.002138,0.000055,0.000000,0.000000,0.000000,0.009822,1514.000000,0.000000,0.000000,0.000000,0.000000,27.386288,0.000000,-6.472347,222.766754,28.951111,-0.001614,0.147355,9.962985,6494,-41,31,20
27.389217,0.007846,-0.303159,-1.042806,0.000220,0.019628,0.003201,-0.000110,0.221751,0.013331,0.024436,-0.000009,-0.000035,10.000000,20.000000,0.000000,0.002138,0.000055,0.000000,0.000000,0.000000,0.009822,1514.000000,0.000000,0.000000,0.000000,0.000000,27.388241,0.000000,-6.472347,222.766754,28.951111,-0.001487,0.147755,9.962985,6494,-31,31,20
27.391172,0.007846,-0.303119,-1.042799,0.000220,0.020069,0.003228,-0.000114,0.219534,0.013544,0.024244,-0.000008,-0.000037,10.000000,20.000000,0.000000,0.002138,0.000055,0.000000,0.000000,0.000000,0.009822,1514.000000,0.000000,0.000000,0.000000,0.000000,27.390196,0.000000,-6.472347,222.766754,28.951111,-0.001363,0.148145,9.962985,6494,-21,31,21
27.393126,0.007847,-0.303079,-1.042793,0.000219,0.020504,0.003256,-0.000119,0.217166,0.013746,0.024037,-0.000007,-0.000040,10.000000,20.000000,0.000000,0.002138,0.000055,0.000000,0.000000,0.000000,0.009822,1514.000000,0.000000,0.000000,0.000000,0.000000,27.392147,0.000000,-6.472347,222.766754,28.951111,-0.001237,0.148539,9.962985,6494,-12,31,21
27.395081,0.007847,-0.303037,-1.042786,0.000219,0.020935,0.003283,-0.000124,0.214666,0.013927,0.023816,-0.000007,-0.000042,10.000000,20.000000,0.000000,0.002138,0.000055,0.000000,0.000000,0.000000,0.009822,1514.000000,0.000000,0.000000,0.000000,0.000000,27.394104,0.000000,-6.472347,222.766754,28.951111,-0.001107,0.148948,9.962985,6494,-3,31,21
27.397034,0.007848,-0.302994,-1.042779,0.000219,0.021360,0.003311,-0.000129,0.212043,0.014081,0.023582,-0.000006,-0.000044,10.000000,20.000000,0.000000,0.002138,0.000055,0.000000,0.000000,0.000000,0.009822,1514.000000,0.000000,0.000000,0.000000,0.000000,27.396055,0.000000,-6.472347,222.766754,28.951111,-0.000982,0.149339,9.962985,6494,5,31,22
27.398989,0.007848,-0.302951,-1.042773,0.000219,0.021780,0.003340,-0.000134,0.209306,0.014212,0.023337,-0.000006,-0.000045,10.000000,20.000000,0.000000,0.002138,0.000055,0.000000,0.000000,0.000000,0.009822,1514.000000,0.000000,0.000000,0.000000,0.000000,27.398012,0.000000,-6.472347,222.766754,28.951111,-0.000856,0.149737,9.962985,6494,13,31,22
27.400942,0.007849,-0.302907,-1.042766,0.000218,0.022194,0.003368,-0.000139,0.206470,0.014320,0.023082,-0.000005,-0.000047,10.000000,20.000000,0.000000,0.002138,0.000055,0.000000,0.000000,0.000000,0.009822,1514.000000,0.000000,0.000000,0.000000,0.000000,27.399963,0.000000,-6.472347,222.766754,28.951111,-0.000727,0.150142,9.962985,6494,21,31,22
27.402897,0.007849,-0.302862,-1.042759,0.000218,0.022603,0.003397,-0.000144,0.203546,0.014409,0.022818,-0.000005,-0.000048,10.000000,20.000000,0.000000,0.002138,0.000055,0.000000,0.000000,0.000000,0.009822,1514.000000,0.000000,0.000000,0.000000,0.000000,27.401920,0.000000,-6.472347,222.766754,28.951111,-0.000603,0.150532,9.962985,6494,29,31,22
27.404850,0.007849,-0.302816,-1.042752,0.000218,0.023006,0.003426,-0.000149,0.200543,0.014481,0.022546,-0.000004,-0.000049,10.000000,20.000000,0.000000,0.002138,0.000055,0.000000,0.000000,0.000000,0.009822,1514.000000,0.000000,0.000000,0.000000,0.000000,27.403872,0.000000,-6.472347,222.766754,28.951111,-0.000482,0.150909,9.962985,6494,40,31,22
27.406803,0.007850,-0.302769,-1.042745,0.000218,0.023402,0.003455,-0.000154,0.197474,0.014536,0.022266,-0.000004,-0.000050,10.000000,20.000000,0.000000,0.002138,0.000055,0.000000,0.000000,0.000000,0.009822,1514.000000,0.000000,0.000000,0.000000,0.000000,27.405828,0.000000,-6.472347,222.766754,28.951111,-0.000366,0.151276,9.962985,6494,47,31,22
27.408758,0.007850,-0.302722,-1.042739,0.000217,0.023792,0.003484,-0.000159,0.194349,0.014577,0.021982,-0.000003,-0.000050,10.000000,20.000000,0.000000,0.002138,0.000055,0.000000,0.000000,0.000000,0.009822,1514.000000,0.000000,0.000000,0.000000,0.000000,27.407780,0.000000,-6.472347,222.766754,28.951111,-0.000252,0.151633,9.962985,6494,53,31,22
27.410711,0.007851,-0.302673,-1.042732,0.000217,0.024176,0.003514,-0.000164,0.191178,0.014606,0.021692,-0.000002,-0.000050,10.000000,20.000000,0.000000,0.002138,0.000055,0.000000,0.000000,0.000000,0.009822,1514.000000,0.000000,0.000000,0.000000,0.000000,27.409737,0.000000,-6.472347,222.766754,28.951111,-0.000140,0.151983,9.962985,6494,59,31,22
27.412666,0.007851,-0.302625,-1.042724,0.000217,0.024554,0.003543,-0.000170,0.187974,0.014624,0.021399,-0.000002,-0.000050,10.000000,20.000000,0.000000,0.002138,0.000055,0.000000,0.000000,0.000000,0.009822,1514.000000,0.000000,0.000000,0.000000,0.000000,27.411688,0.000000,-6.472347,222.766754,28.951111,-0.000031,0.152327,9.962985,6494,64,31,21
27.414619,0.007852,-0.302575,-1.042717,0.000216,0.024925,0.003572,-0.000175,0.184748,0.014633,0.021103,-0.000001,-0.000050,10.000000,20.000000,0.000000,0.002138,0.000055,0.000000,0.000000,0.000000,0.009822,1514.000000,0.000000,0.000000,0.000000,0.000000,27.413645,0.000000,-6.472347,222.766754,28.951111,0.000069,0.152642,9.962985,6494,69,31,21
27.416574,0.007852,-0.302524,-1.042710,0.000216,0.025290,0.003601,-0.000181,0.181505,0.014632,0.020806,-0.000001,-0.000050,10.000000,20.000000,0.000000,0.002138,0.000055,0.000000,0.000000,0.000000,0.009822,1514.000000,0.000000,0.000000,0.000000,0.000000,27.415596,0.000000,-6.472347,222.766754,28.951111,0.000162,0.152932,9.962985,6494,74,31,21
27.418528,0.007852,-0.302473,-1.042703,0.000215,0.025648,0.003631,-0.000186,0.178259,0.014625,0.020508,-0.000000,-0.000049,10.000000,20.000000,0.000000,0.002138,0.000055,0.000000,0.000000,0.000000,0.009822,1514.000000,0.000000,0.000000,0.000000,0.000000,27.417553,0.000000,-6.472347,222.766754,28.951111,0.000254,0.153221,9.962985,6494,78,31,20
27.420483,0.007853,-0.302421,-1.042696,0.000215,0.025999,0.003660,-0.000192,0.175019,0.014610,0.020210,0.000000,-0.000048,10.000000,20.000000,0.000000,0.002138,0.000055,0.000000,0.000000,0.000000,0.009822,1514.000000,0.000000,0.000000,0.000000,0.000000,27.419504,0.000000,-6.472347,222.766754,28.951111,0.000339,0.153487,9.962985,6494,81,31,20
27.422436,0.007853,-0.302369,-1.042688,0.000215,0.026345,0.003689,-0.000197,0.171791,0.014589,0.019914,0.000001,-0.000047,10.000000,20.000000,0.000000,0.002138,0.000055,0.000000,0.000000,0.000000,0.009822,1514.000000,0.000000,0.000000,0.000000,0.000000,27.421459,0.000000,-6.472347,222.766754,28.951111,0.000417,0.153733,9.962985,6494,84,31,20
27.424391,0.007854,-0.302315,-1.042681,0.000214,0.026683,0.003718,-0.000203,0.168585,0.014564,0.019619,0.000002,-0.000046,10.000000,20.000000,0.000000,0.002138,0.000055,0.000000,0.000000,0.000000,0.009822,1514.000000,0.000000,0.000000,0.000000,0.000000,27.423412,0.000000,-6.472347,222.766754,28.951111,0.000496,0.153982,9.962985,6494,87,31,19
27.426344,0.007854,-0.302262,-1.042673,0.000214,0.027016,0.003747,-0.000209,0.165411,0.014534,0.019328,0.000002,-0.000045,10.000000,20.000000,0.000000,0.002138,0.000055,0.000000,0.000000,0.000000,0.009822,1514.000000,0.000000,0.000000,0.000000,0.000000,27.425367,0.000000,-6.472347,222.766754,28.951111,0.000569,0.154212,9.962985,6494,89,31,19
27.428299,0.007855,-0.302207,-1.042666,0.000213,0.027342,0.003776,-0.000215,0.162273,0.014502,0.019040,0.000003,-0.000044,10.000000,20.000000,0.000000,0.002138,0.000055,0.000000,0.000000,0.000000,0.009822,1514.000000,0.000000,0.000000,0.000000,0.000000,27.427320,0.000000,-6.472347,222.766754,28.951111,0.000637,0.154424,9.962985,6494,91,30,18
27.430252,0.007855,-0.302152,-1.042658,0.000213,0.027662,0.003805,-0.000221,0.159181,0.014465,0.018756,0.000003,-0.000042,10.000000,20.000000,0.000000,0.002138,0.000055,0.000000,0.000000,0.000000,0.009822,1506.000000,0.000000,0.000000,0.000000,0.000000,27.429276,0.000000,-6.472347,222.766754,28.951111,0.000699,0.154620,9.962985,6494,93,30,17
27.432205,0.007855,-0.302096,-1.042650,0.000213,0.027976,0.003834,-0.000227,0.156141,0.014426,0.018478,0.000004,-0.000041,10.000000,20.000000,0.000000,-0.006903,0.000053,0.000000,0.000000,0.067000,-0.039589,1506.000000,0.000000,0.000000,0.000000,0.000000,27.431229,14.925373,7.691176,222.766754,112.673714,0.000750,-0.178773,9.957015,6490,-197,30,17
27.434160,0.007856,-0.302039,-1.042643,0.000212,0.028283,0.003863,-0.000232,0.153149,0.014809,0.018204,0.000005,-0.000039,10.000000,20.000000,0.000000,-0.006903,0.000053,0.000000,0.000000,0.000000,-0.039589,1506.000000,0.000000,0.000000,0.000000,0.000000,27.433184,14.925373,7.691176,222.766754,112.673714,0.000790,-0.178646,9.957015,6490,-196,30,16
27.436113,0.007856,-0.301982,-1.042635,0.000212,0.028585,0.003894,-0.000238,0.150194,0.015286,0.017932,0.000005,-0.000038,10.000000,20.000000,0.000000,-0.006903,0.000053,0.000000,0.000000,0.000000,-0.039589,1506.000000,0.000000,0.000000,0.000000,0.000000,27.435137,14.925373,7.691176,222.766754,112.673714,0.000817,-0.178563,9.957015,6490,-195,30,16
27.438068,0.007857,-0.301925,-1.042627,0.000211,0.028881,0.003925,-0.000243,0.147251,0.015711,0.017659,0.000006,-0.000036,10.000000,20.000000,0.000000,-0.006903,0.000053,0.000000,0.000000,0.000000,-0.039589,1506.000000,0.000000,0.000000,0.000000,0.000000,27.437092,14.925373,7.691176,222.766754,112.673714,0.000834,-0.178509,9.957015,6490,-192,30,15
27.440022,0.007857,-0.301866,-1.042619,0.000211,0.029171,0.003957,-0.000248,0.144302,0.016090,0.017384,0.000006,-0.000034,10.000000,20.000000,0.000000,-0.006903,0.000053,0.000000,0.000000,0.000000,-0.039589,1506.000000,0.000000,0.000000,0.000000,0.000000,27.439045,14.925373,7.691176,222.766754,112.673714,0.000842,-0.178482,9.957015,6490,-189,30,14
27.441977,0.007858,-0.301808,-1.042611,0.000210,0.029455,0.003990,-0.000252,0.141322,0.016426,0.017105,0.000007,-0.000033,10.000000,20.000000,0.000000,-0.006903,0.000053,0.000000,0.000000,0.000000,-0.039589,1506.000000,0.000000,0.000000,0.000000,0.000000,27.441000,14.925373,7.691176,222.766754,112.673714,0.000836,-0.178501,9.957015,6490,-185,30,14
27.443930,0.007858,-0.301748,-1.042603,0.000210,0.029734,0.004023,-0.000256,0.138293,0.016723,0.016819,0.000007,-0.000031,10.000000,20.000000,0.000000,-0.006903,0.000053,0.000000,0.000000,0.000000,-0.039589,1506.000000,0.000000,0.000000,0.000000,0.000000,27.442951,14.925373,7.691176,222.766754,112.673714,0.000824,-0.178540,9.957015,6490,-181,30,13
27.445885,0.007858,-0.301688,-1.042595,0.000209,0.030006,0.004057,-0.000260,0.135202,0.016984,0.016525,0.000007,-0.000029,10.000000,20.000000,0.000000,-0.006903,0.000053,0.000000,0.000000,0.000000,-0.039589,1506.000000,0.000000,0.000000,0.000000,0.000000,27.444908,14.925373,7.691176,222.766754,112.673714,0.000805,-0.178599,9.957015,6490,-176,30,12
27.447838,0.007859,-0.301628,-1.042587,0.000209,0.030271,0.004091,-0.000263,0.132032,0.017212,0.016221,0.000008,-0.000028,10.000000,20.000000,0.000000,-0.006903,0.000053,0.000000,0.000000,0.000000,-0.039589,1506.000000,0.000000,0.000000,0.000000,0.000000,27.446859,14.925373,7.691176,222.766754,112.673714,0.000774,-0.178697,9.957015,6490,-171,31,12
27.449793,0.007859,-0.301567,-1.042579,0.000208,0.030530,0.004126,-0.000265,0.128770,0.017411,0.015907,0.000008,-0.000026,10.000000,20.000000,0.000000,-0.006903,0.000053,0.000000,0.000000,0.000000,-0.039589,1506.000000,0.000000,0.000000,0.000000,0.000000,27.448816,14.925373,7.691176,222.766754,112.673714,0.000738,-0.178808,9.957015,6490,-165,31,11
27.451746,0.007860,-0.301505,-1.042570,0.000208,0.030783,0.004161,-0.000267,0.125409,0.017583,0.015582,0.000008,-0.000025,10.000000,20.000000,0.000000,-0.006903,0.000053,0.000000,0.000000,0.000000,-0.039589,1506.000000,0.000000,0.000000,0.000000,0.000000,27.450768,14.925373,7.691176,222.766754,112.673714,0.000699,-0.178933,9.957015,6490,-158,31,11
27.453699,0.007860,-0.301443,-1.042562,0.000207,0.031029,0.004196,-0.000268,0.121937,0.017730,0.015244,0.000008,-0.000024,10.000000,20.000000,0.000000,-0.006903,0.000053,0.000000,0.000000,0.000000,-0.039589,1506.000000,0.000000,0.000000,0.000000,0.000000,27.452724,14.925373,7.691176,222.766754,112.673714,0.000655,-0.179069,9.957015,6490,-151,31,10
27.455654,0.007861,-0.301381,-1.042554,0.000206,0.031267,0.004232,-0.000269,0.118350,0.017855,0.014894,0.000008,-0.000022,10.000000,20.000000,0.000000,-0.006903,0.000053,0.000000,0.000000,0.000000,-0.039589,1506.000000,0.000000,0.000000,0.000000,0.000000,27.454676,14.925373,7.691176,222.766754,112.673714,0.000609,-0.179216,9.957015,6490,-144,31,10
27.457607,0.007861,-0.301318,-1.042545,0.000206,0.031498,0.004268,-0.000269,0.114638,0.017959,0.014530,0.000008,-0.000021,10.000000,20.000000,0.000000,-0.006903,0.000053,0.000000,0.000000,0.000000,-0.039589,1506.000000,0.000000,0.000000,0.000000,0.000000,27.456633,14.925373,7.691176,222.766754,112.673714,0.000559,-0.179371,9.957015,6490,-136,31,10
27.459562,0.007861,-0.301255,-1.042536,0.000205,0.031722,0.004304,-0.000270,0.110799,0.018045,0.014151,0.000008,-0.000020,10.000000,20.000000,0.000000,-0.006903,0.000053,0.000000,0.000000,0.000000,-0.039589,1506.000000,0.000000,0.000000,0.000000,0.000000,27.458584,14.925373,7.691176,222.766754,112.673714,0.000514,-0.179512,9.957015,6490,-128,31,9
27.461515,0.007862,-0.301191,-1.042528,0.000205,0.031937,0.004340,-0.000270,0.106832,0.018114,0.013759,0.000008,-0.000019,10.000000,20.000000,0.000000,-0.006903,0.000053,0.000000,0.000000,0.000000,-0.039589,1506.000000,0.000000,0.000000,0.000000,0.000000,27.460541,14.925373,7.691176,222.766754,112.673714,0.000467,-0.179662,9.957015,6490,-120,31,9
27.463470,0.007862,-0.301126,-1.042519,0.000204,0.032145,0.004376,-0.000269,0.102731,0.018167,0.013353,0.000008,-0.000019,10.000000,20.000000,0.000000,-0.006903,0.000053,0.000000,0.000000,0.000000,-0.039589,1506.000000,0.000000,0.000000,0.000000,0.000000,27.462492,14.925373,7.691176,222.766754,112.673714,0.000416,-0.179820,9.957015,6490,-111,31,9
27.465424,0.007863,-0.301062,-1.042510,0.000204,0.032344,0.004413,-0.000269,0.098498,0.018207,0.012932,0.000008,-0.000018,10.000000,20.000000,0.000000,-0.006903,0.000053,0.000000,0.000000,0.000000,-0.039589,1506.000000,0.000000,0.000000,0.000000,0.000000,27.464449,14.925373,7.691176,222.766754,112.673714,0.000371,-0.179962,9.957015,6490,-107,31,9
27.467379,0.007863,-0.300997,-1.042501,0.000203,0.032534,0.004449,-0.000268,0.094133,0.018236,0.012496,0.000008,-0.000017,10.000000,20.000000,0.000000,-0.006903,0.000053,0.000000,0.000000,0.000000,-0.039589,1506.000000,0.000000,0.000000,0.000000,0.000000,27.466400,14.925373,7.691176,222.766754,112.673714,0.000330,-0.180090,9.957015,6490,-98,31,8
27.469332,0.007863,-0.300931,-1.042492,0.000203,0.032716,0.004486,-0.000267,0.089639,0.018253,0.012047,0.000008,-0.000017,10.000000,20.000000,0.000000,-0.006903,0.000053,0.000000,0.000000,0.000000,-0.039589,1506.000000,0.000000,0.000000,0.000000,0.000000,27.468355,14.925373,7.691176,222.766754,112.673714,0.000287,-0.180227,9.957015,6490,-89,31,8
27.471287,0.007864,-0.300866,-1.042483,0.000202,0.032888,0.004522,-0.000265,0.085013,0.018262,0.011583,0.000008,-0.000016,10.000000,20.000000,0.000000,-0.006903,0.000053,0.000000,0.000000,0.000000,-0.039589,1506.000000,0.000000,0.000000,0.000000,0.000000,27.470308,14.925373,7.691176,222.766754,112.673714,0.000241,-0.180371,9.957015,6490,-79,31,8
27.473240,0.007864,-0.300799,-1.042474,0.000202,0.033051,0.004559,-0.000264,0.080261,0.018262,0.011106,0.000008,-0.000016,10.000000,20.000000,0.000000,-0.006903,0.000053,0.000000,0.000000,0.000000,-0.039589,1506.000000,0.000000,0.000000,0.000000,0.000000,27.472263,14.925373,7.691176,222.766754,112.673714,0.000200,-0.180499,9.957015,6490,-70,31,8
27.475195,0.007865,-0.300733,-1.042465,0.000201,0.033205,0.004595,-0.000262,0.075386,0.018254,0.010615,0.000008,-0.000016,10.000000,20.000000,0.000000,-0.006903,0.000053,0.000000,0.000000,0.000000,-0.039589,1506.000000,0.000000,0.000000,0.000000,0.000000,27.474216,14.925373,7.691176,222.766754,112.673714,0.000164,-0.180612,9.957015,6490,-60,31,8
27.477148,0.007865,-0.300666,-1.042456,0.000201,0.033348,0.004632,-0.000260,0.070391,0.018240,0.010112,0.000008,-0.000015,10.000000,20.000000,0.000000,-0.006903,0.000053,0.000000,0.000000,0.000000,-0.039589,1506.000000,0.000000,0.000000,0.000000,0.000000,27.476171,14.925373,7.691176,222.766754,112.673714,0.000132,-0.180711,9.957015,6490,-51,31,8
27.479101,0.007865,-0.300599,-1.042446,0.000200,0.033481,0.004668,-0.000258,0.065283,0.018220,0.009596,0.000007,-0.000015,10.000000,20.000000,0.000000,-0.006903,0.000053,0.000000,0.000000,0.000000,-0.039589,1506.000000,0.000000,0.000000,0.000000,0.000000,27.478125,14.925373,7.691176,222.766754,112.673714,0.000105,-0.180797,9.957015,6490,-41,31,8
27.481056,0.007866,-0.300532,-1.042437,0.000200,0.033604,0.004705,-0.000256,0.060067,0.018196,0.009068,0.000007,-0.000015,10.000000,20.000000,0.000000,-0.006903,0.000053,0.000000,0.000000,0.000000,-0.039589,1506.000000,0.000000,0.000000,0.000000,0.000000,27.480080,14.925373,7.691176,222.766754,112.673714,0.000082,-0.180868,9.957015,6490,-32,31,8
27.483009,0.007866,-0.300465,-1.042428,0.000199,0.033716,0.004741,-0.000253,0.054749,0.018168,0.008530,0.000007,-0.000015,10.000000,20.000000,0.000000,-0.006903,0.000053,0.000000,0.000000,0.000000,-0.039589,1506.000000,0.000000,0.000000,0.000000,0.000000,27.482033,14.925373,7.691176,222.766754,112.673714,0.000064,-0.180927,9.957015,6490,-22,31,8
27.484964,0.007867,-0.300397,-1.042418,0.000199,0.033817,0.004777,-0.000251,0.049335,0.018137,0.007981,0.000007,-0.000015,10.000000,20.000000,0.000000,-0.006903,0.000053,0.000000,0.000000,0.000000,-0.039589,1506.000000,0.000000,0.000000,0.000000,0.000000,27.483988,14.925373,7.691176,222.766754,112.673714,0.000049,-0.180974,9.957015,6490,-13,31,8
27.486917,0.007867,-0.300329,-1.042408,0.000198,0.033908,0.004813,-0.000248,0.043833,0.018104,0.007422,0.000007,-0.000015,10.000000,20.000000,0.000000,-0.006903,0.000053,0.000000,0.000000,0.000000,-0.039589,1506.000000,0.000000,0.000000,0.000000,0.000000,27.485941,14.925373,7.691176,222.766754,112.673714,0.000038,-0.181009,9.957015,6490,-4,31,8
27.488873,0.007867,-0.300261,-1.042399,0.000198,0.033987,0.004850,-0.000245,0.038251,0.018070,0.006854,0.000006,-0.000015,10.000000,20.000000,0.000000,-0.006903,0.000053,0.000000,0.000000,0.000000,-0.039589,1506.000000,0.000000,0.000000,0.000000,0.000000,27.487896,14.925373,7.691176,222.766754,112.673714,0.000030,-0.181033,9.957015,6490,5,31,9
27.490826,0.007868,-0.300193,-1.042389,0.000197,0.034055,0.004886,-0.000242,0.032594,0.018033,0.006278,0.000006,-0.000015,10.000000,20.000000,0.000000,-0.006903,0.000053,0.000000,0.000000,0.000000,-0.039589,1506.000000,0.000000,0.000000,0.000000,0.000000,27.489847,14.925373,7.691176,222.766754,112.673714,0.000033,-0.181022,9.957015,6490,13,31,9
27.492781,0.007868,-0.300125,-1.042379,0.000197,0.034112,0.004922,-0.000239,0.026874,0.017997,0.005695,0.000006,-0.000014,10.000000,20.000000,0.000000,-0.006903,0.000053,0.000000,0.000000,0.000000,-0.039589,1506.000000,0.000000,0.000000,0.000000,0.000000,27.491804,14.925373,7.691176,222.766754,112.673714,0.000047,-0.180981,9.957015,6490,22,31,9
27.494734,0.007869,-0.300056,-1.042369,0.000196,0.034157,0.004958,-0.000236,0.021099,0.017961,0.005106,0.000005,-0.000014,10.000000,20.000000,0.000000,-0.006903,0.000053,0.000000,0.000000,0.000000,-0.039589,1506.000000,0.000000,0.000000,0.000000,0.000000,27.493755,14.925373,7.691176,222.766754,112.673714,0.000062,-0.180933,9.957015,6490,31,31,9
27.496689,0.007869,-0.299988,-1.042359,0.000196,0.034190,0.004994,-0.000233,0.015276,0.017925,0.004511,0.000005,-0.000014,10.000000,20.000000,0.000000,-0.006903,0.000053,0.000000,0.000000,0.000000,-0.039589,1506.000000,0.000000,0.000000,0.000000,0.000000,27.495712,14.925373,7.691176,222.766754,112.673714,0.000080,-0.180877,9.957015,6490,39,31,9
27.498642,0.007869,-0.299920,-1.042349,0.000195,0.034212,0.005029,-0.000229,0.009414,0.017889,0.003911,0.000005,-0.000014,10.000000,20.000000,0.000000,-0.006903,0.000053,0.000000,0.000000,0.000000,-0.039589,1506.000000,0.000000,0.000000,0.000000,0.000000,27.497663,14.925373,7.691176,222.766754,112.673714,0.000100,-0.180814,9.957015,6490,47,31,9
27.500595,0.007870,-0.299851,-1.042339,0.000195,0.034222,0.005065,-0.000226,0.003522,0.017855,0.003307,0.000004,-0.000014,10.000000,20.000000,0.000000,-0.006903,0.000053,0.000000,0.000000,0.000000,-0.039589,1506.000000,0.000000,0.000000,0.000000,0.000000,27.499620,14.925373,7.691176,222.766754,112.673714,0.000122,-0.180743,9.957015,6490,55,31,9
27.502550,0.007870,-0.299783,-1.042329,0.000194,0.034220,0.005101,-0.000222,-0.002391,0.017823,0.002701,0.000004,-0.000013,10.000000,20.000000,0.000000,-0.006903,0.000053,0.000000,0.000000,0.000000,-0.039589,1506.000000,0.000000,0.000000,0.000000,0.000000,27.501572,14.925373,7.691176,222.766754,112.673714,0.000147,-0.180665,9.957015,6490,62,31,9
27.504503,0.007871,-0.299714,-1.042319,0.000194,0.034206,0.005136,-0.000218,-0.008316,0.017792,0.002093,0.000004,-0.000013,10.000000,20.000000,0.000000,-0.006903,0.000053,0.000000,0.000000,0.000000,-0.039589,1506.000000,0.000000,0.000000,0.000000,0.000000,27.503529,14.925373,7.691176,222.766754,112.673714,0.000174,-0.180581,9.957015,6490,69,31,9
27.506458,0.007871,-0.299646,-1.042308,0.000193,0.034181,0.005172,-0.000214,-0.014244,0.017763,0.001484,0.000003,-0.000013,10.000000,20.000000,0.000000,-0.006903,0.000053,0.000000,0.000000,0.000000,-0.039589,1506.000000,0.000000,0.000000,0.000000,0.000000,27.505480,14.925373,7.691176,222.766754,112.673714,0.000203,-0.180489,9.957015,6490,76,31,9
27.508411,0.007871,-0.299577,-1.042298,0.000193,0.034144,0.005207,-0.000210,-0.020165,0.017736,0.000875,0.000003,-0.000012,10.000000,21.000000,0.000000,-0.006903,0.000053,0.000000,0.000000,0.000000,-0.039589,1504.000000,0.000000,0.000000,0.000000,0.000000,27.507437,14.925373,7.691176,222.766754,112.673714,0.000235,-0.180391,9.957015,6490,82,31,9
27.510366,0.007872,-0.299509,-1.042287,0.000193,0.034094,0.005243,-0.000206,-0.026072,0.017712,0.000267,0.000003,-0.000012,10.000000,21.000000,0.000000,-0.007556,0.000048,0.000000,0.000000,0.067000,-0.009920,1504.000000,0.000000,0.000000,0.000000,0.000000,27.509388,0.000000,3.807378,-222.766754,6.902046,0.000268,-0.088822,9.967985,6496,172,31,9
27.512320,0.007872,-0.299441,-1.042277,0.000192,0.034033,0.005277,-0.000202,-0.031954,0.017054,-0.000339,0.000002,-0.000011,10.000000,21.000000,0.000000,-0.007556,0.000048,0.000000,0.000000,0.000000,-0.009920,1504.000000,0.000000,0.000000,0.000000,0.000000,27.511345,0.000000,3.807378,-222.766754,6.902046,0.000305,-0.088705,9.967985,6496,177,31,9
27.514275,0.007872,-0.299373,-1.042266,0.000192,0.033961,0.005310,-0.000198,-0.037798,0.016255,-0.000942,0.000002,-0.000010,10.000000,21.000000,0.000000,-0.007556,0.000048,0.000000,0.000000,0.000000,-0.009920,1504.000000,0.000000,0.000000,0.000000,0.000000,27.513296,0.000000,3.807378,-222.766754,6.902046,0.000348,-0.088572,9.967985,6496,182,31,9
27.516228,0.007873,-0.299305,-1.042256,0.000191,0.033876,0.005342,-0.000194,-0.043585,0.015533,-0.001539,0.000001,-0.000009,10.000000,21.000000,0.000000,-0.007556,0.000048,0.000000,0.000000,0.000000,-0.009920,1504.000000,0.000000,0.000000,0.000000,0.000000,27.515251,0.000000,3.807378,-222.766754,6.902046,0.000393,-0.088428,9.967985,6496,186,31,8
27.518183,0.007873,-0.299237,-1.042245,0.000191,0.033781,0.005372,-0.000190,-0.049298,0.014880,-0.002128,0.000001,-0.000009,10.000000,21.000000,0.000000,-0.007556,0.000048,0.000000,0.000000,0.000000,-0.009920,1504.000000,0.000000,0.000000,0.000000,0.000000,27.517204,0.000000,3.807378,-222.766754,6.902046,0.000435,-0.088296,9.967985,6496,190,31,8
27.520136,0.007874,-0.299170,-1.042234,0.000191,0.033674,0.005401,-0.000185,-0.054926,0.014291,-0.002709,0.000001,-0.000008,10.000000,21.000000,0.000000,-0.007556,0.000048,0.000000,0.000000,0.000000,-0.009920,1504.000000,0.000000,0.000000,0.000000,0.000000,27.519159,0.000000,3.807378,-222.766754,6.902046,0.000474,-0.088175,9.967985,6496,192,31,8
27.522091,0.007874,-0.299103,-1.042223,0.000190,0.033555,0.005428,-0.000181,-0.060451,0.013758,-0.003280,0.000000,-0.000007,10.000000,21.000000,0.000000,-0.007556,0.000048,0.000000,0.000000,0.000000,-0.009920,1504.000000,0.000000,0.000000,0.000000,0.000000,27.521112,0.000000,3.807378,-222.766754,6.902046,0.000517,-0.088041,9.967985,6496,194,31,8
27.524044,0.007874,-0.299036,-1.042212,0.000190,0.033426,0.005455,-0.000177,-0.065861,0.013279,-0.003839,-0.000000,-0.000005,10.000000,21.000000,0.000000,-0.007556,0.000048,0.000000,0.000000,0.000000,-0.009920,1504.000000,0.000000,0.000000,0.000000,0.000000,27.523067,0.000000,3.807378,-222.766754,6.902046,0.000563,-0.087897,9.967985,6496,196,31,7
27.525997,0.007875,-0.298969,-1.042201,0.000190,0.033287,0.005481,-0.000173,-0.071143,0.012846,-0.004386,-0.000001,-0.000004,10.000000,21.000000,0.000000,-0.007556,0.000048,0.000000,0.000000,0.000000,-0.009920,1504.000000,0.000000,0.000000,0.000000,0.000000,27.525021,0.000000,3.807378,-222.766754,6.902046,0.000605,-0.087765,9.967985,6496,197,31,7
27.527952,0.007875,-0.298902,-1.042190,0.000189,0.033137,0.005506,-0.000169,-0.076287,0.012457,-0.004919,-0.000001,-0.000003,10.000000,21.000000,0.000000,-0.007556,0.000048,0.000000,0.000000,0.000000,-0.009920,1504.000000,0.000000,0.000000,0.000000,0.000000,27.526976,0.000000,3.807378,-222.766754,6.902046,0.000643,-0.087643,9.967985,6496,197,31,7
27.529905,0.007876,-0.298836,-1.042179,0.000189,0.032977,0.005531,-0.000165,-0.081284,0.012106,-0.005437,-0.000001,-0.000001,10.000000,21.000000,0.000000,-0.007556,0.000048,0.000000,0.000000,0.000000,-0.009920,1504.000000,0.000000,0.000000,0.000000,0.000000,27.528929,0.000000,3.807378,-222.766754,6.902046,0.000686,-0.087511,9.967985,6496,201,31,6
27.531860,0.007876,-0.298771,-1.042168,0.000189,0.032807,0.005554,-0.000161,-0.086120,0.011792,-0.005940,-0.000002,0.000000,10.000000,21.000000,0.000000,-0.007556,0.000048,0.000000,0.000000,0.000000,-0.009920,1504.000000,0.000000,0.000000,0.000000,0.000000,27.530884,0.000000,3.807378,-222.766754,6.902046,0.000724,-0.087390,9.967985,6496,200,31,6
27.533813,0.007876,-0.298705,-1.042157,0.000188,0.032628,0.005577,-0.000157,-0.090792,0.011508,-0.006425,-0.000002,0.000002,10.000000,21.000000,0.000000,-0.007556,0.000048,0.000000,0.000000,0.000000,-0.009920,1504.000000,0.000000,0.000000,0.000000,0.000000,27.532837,0.000000,3.807378,-222.766754,6.902046,0.000759,-0.087279,9.967985,6496,198,31,5
27.535769,0.007877,-0.298640,-1.042146,0.000188,0.032439,0.005600,-0.000153,-0.095288,0.011254,-0.006894,-0.000002,0.000003,10.000000,21.000000,0.000000,-0.007556,0.000048,0.000000,0.000000,0.000000,-0.009920,1504.000000,0.000000,0.000000,0.000000,0.000000,27.534792,0.000000,3.807378,-222.766754,6.902046,0.000791,-0.087180,9.967985,6496,196,31,5
27.537722,0.007877,-0.298575,-1.042134,0.000188,0.032242,0.005622,-0.000149,-0.099604,0.011026,-0.007345,-0.000003,0.000005,10.000000,21.000000,0.000000,-0.007556,0.000048,0.000000,0.000000,0.000000,-0.009920,1504.000000,0.000000,0.000000,0.000000,0.000000,27.536743,0.000000,3.807378,-222.766754,6.902046,0.000819,-0.087091,9.967985,6496,194,31,4
27.539677,0.007877,-0.298511,-1.042123,0.000187,0.032037,0.005644,-0.000145,-0.103731,0.010821,-0.007777,-0.000003,0.000007,10.000000,21.000000,0.000000,-0.007556,0.000048,0.000000,0.000000,0.000000,-0.009920,1504.000000,0.000000,0.000000,0.000000,0.000000,27.538700,0.000000,3.807378,-222.766754,6.902046,0.000845,-0.087012,9.967985,6496,191,31,4
27.541630,0.007878,-0.298447,-1.042112,0.000187,0.031823,0.005665,-0.000140,-0.107668,0.010637,-0.008189,-0.000004,0.000008,10.000000,21.000000,0.000000,-0.007556,0.000048,0.000000,0.000000,0.000000,-0.009920,1504.000000,0.000000,0.000000,0.000000,0.000000,27.540651,0.000000,3.807378,-222.766754,6.902046,0.000867,-0.086942,9.967985,6496,187,31,3
27.543585,0.007878,-0.298384,-1.042100,0.000187,0.031602,0.005686,-0.000136,-0.111406,0.010471,-0.008583,-0.000004,0.000010,10.000000,21.000000,0.000000,-0.007556,0.000048,0.000000,0.000000,0.000000,-0.009920,1504.000000,0.000000,0.000000,0.000000,0.000000,27.542608,0.000000,3.807378,-222.766754,6.902046,0.000886,-0.086883,9.967985,6496,183,31,3
27.545538,0.007879,-0.298321,-1.042089,0.000187,0.031374,0.005707,-0.000132,-0.114945,0.010323,-0.008956,-0.000004,0.000012,10.000000,21.000000,0.000000,-0.007556,0.000048,0.000000,0.000000,0.000000,-0.009920,1504.000000,0.000000,0.000000,0.000000,0.000000,27.544559,0.000000,3.807378,-222.766754,6.902046,0.000902,-0.086832,9.967985,6496,179,31,2
27.547493,0.007879,-0.298259,-1.042078,0.000186,0.031139,0.005728,-0.000128,-0.118280,0.010190,-0.009309,-0.000005,0.000014,10.000000,21.000000,0.000000,-0.007556,0.000048,0.000000,0.000000,0.000000,-0.009920,1504.000000,0.000000,0.000000,0.000000,0.000000,27.546516,0.000000,3.807378,-222.766754,6.902046,0.000915,-0.086792,9.967985,6496,174,31,1
27.549446,0.007879,-0.298197,-1.042066,0.000186,0.030898,0.005748,-0.000124,-0.121411,0.010069,-0.009641,-0.000005,0.000016,10.000000,21.000000,0.000000,-0.007556,0.000048,0.000000,0.000000,0.000000,-0.009920,1504.000000,0.000000,0.000000,0.000000,0.000000,27.548468,0.000000,3.807378,-222.766754,6.902046,0.000917,-0.086783,9.967985,6496,169,31,1
27.551399,0.007880,-0.298135,-1.042055,0.000186,0.030651,0.005768,-0.000120,-0.124338,0.009961,-0.009954,-0.000005,0.000017,10.000000,21.000000,0.000000,-0.007556,0.000048,0.000000,0.000000,0.000000,-0.009920,1504.000000,0.000000,0.000000,0.000000,0.000000,27.550425,0.000000,3.807378,-222.766754,6.902046,0.000918,-0.086782,9.967985,6496,163,31,0
27.553354,0.007880,-0.298074,-1.042043,0.000186,0.030398,0.005787,-0.000115,-0.127056,0.009863,-0.010245,-0.000006,0.000019,10.000000,21.000000,0.000000,-0.007556,0.000048,0.000000,0.000000,0.000000,-0.009920,1504.000000,0.000000,0.000000,0.000000,0.000000,27.552376,0.000000,3.807378,-222.766754,6.902046,0.000916,-0.086789,9.967985,6496,157,31,0
27.555307,0.007880,-0.298014,-1.042031,0.000185,0.030140,0.005807,-0.000111,-0.129571,0.009773,-0.010516,-0.000006,0.000021,10.000000,21.000000,0.000000,-0.007556,0.000048,0.000000,0.000000,0.000000,-0.009920,1504.000000,0.000000,0.000000,0.000000,0.000000,27.554333,0.000000,3.807378,-222.766754,6.902046,0.000911,-0.086804,9.967985,6496,151,31,0
27.557262,0.007881,-0.297954,-1.042020,0.000185,0.029877,0.005826,-0.000107,-0.131881,0.009693,-0.010767,-0.000007,0.000023,10.000000,21.000000,0.000000,-0.007556,0.000048,0.000000,0.000000,0.000000,-0.009920,1504.000000,0.000000,0.000000,0.000000,0.000000,27.556284,0.000000,3.807378,-222.766754,6.902046,0.000910,-0.086805,9.967985,6496,145,31,-1
27.559216,0.007881,-0.297894,-1.042008,0.000185,0.029611,0.005846,-0.000102,-0.133986,0.009618,-0.010997,-0.000007,0.000025,10.000000,21.000000,0.000000,-0.007556,0.000048,0.000000,0.000000,0.000000,-0.009920,1504.000000,0.000000,0.000000,0.000000,0.000000,27.558241,0.000000,3.807378,-222.766754,6.902046,0.000906,-0.086817,9.967985,6496,139,31,-2
27.561171,0.007881,-0.297835,-1.041996,0.000185,0.029340,0.005865,-0.000098,-0.135889,0.009550,-0.011208,-0.000007,0.000026,10.000000,21.000000,0.000000,-0.007556,0.000048,0.000000,0.000000,0.000000,-0.009920,1504.000000,0.000000,0.000000,0.000000,0.000000,27.560192,0.000000,3.807378,-222.766754,6.902046,0.000892,-0.086862,9.967985,6496,132,31,-2
27.563124,0.007882,-0.297777,-1.041984,0.000185,0.029065,0.005884,-0.000093,-0.137597,0.009488,-0.011398,-0.000008,0.000028,10.000000,21.000000,0.000000,-0.007556,0.000048,0.000000,0.000000,0.000000,-0.009920,1504.000000,0.000000,0.000000,0.000000,0.000000,27.562147,0.000000,3.807378,-222.766754,6.902046,0.000876,-0.086914,9.967985,6496,125,32,-3
27.565079,0.007882,-0.297719,-1.041973,0.000184,0.028788,0.005903,-0.000089,-0.139107,0.009429,-0.011569,-0.000008,0.000030,10.000000,21.000000,0.000000,-0.007556,0.000048,0.000000,0.000000,0.000000,-0.009920,1504.000000,0.000000,0.000000,0.000000,0.000000,27.564100,0.000000,3.807378,-222.766754,6.902046,0.000856,-0.086976,9.967985,6496,119,32,-3
27.567032,0.007883,-0.297662,-1.041961,0.000184,0.028508,0.005922,-0.000084,-0.140428,0.009375,-0.011721,-0.000009,0.000032,10.000000,21.000000,1.000000,-0.007556,0.000048,0.000000,0.000000,0.000000,-0.009920,1520.000000,0.000000,0.000000,0.000000,0.000000,27.566055,0.000000,3.807378,-222.766754,6.902046,0.000834,-0.087046,9.967985,6496,112,32,-4
27.568987,0.007883,-0.297605,-1.041949,0.000184,0.028225,0.005940,-0.000080,-0.141560,0.009325,-0.011854,-0.000009,0.000033,10.000000,21.000000,1.000000,0.011209,0.000046,0.000000,0.000000,0.066000,0.079956,1520.000000,0.000000,0.000000,0.000000,0.000000,27.568008,15.151515,11.936674,229.568405,72.776993,0.000808,-0.278570,9.965000,6497,-70,32,-5
27.570940,0.007883,-0.297549,-1.041937,0.000184,0.027940,0.005959,-0.000076,-0.142511,0.009171,-0.011970,-0.000010,0.000035,10.000000,21.000000,1.000000,0.011209,0.000046,0.000000,0.000000,0.000000,0.079956,1520.000000,0.000000,0.000000,0.000000,0.000000,27.569963,15.151515,11.936674,229.568405,72.776993,0.000769,-0.278693,9.965000,6497,-77,32,-5
27.572893,0.007884,-0.297494,-1.041925,0.000184,0.027654,0.005977,-0.000071,-0.143302,0.008996,-0.012071,-0.000010,0.000036,10.000000,21.000000,1.000000,0.011209,0.000046,0.000000,0.000000,0.000000,0.079956,1520.000000,0.000000,0.000000,0.000000,0.000000,27.571917,15.151515,11.936674,229.568405,72.776993,0.000722,-0.278843,9.965000,6497,-84,32,-6
27.574848,0.007884,-0.297439,-1.041913,0.000184,0.027367,0.005994,-0.000067,-0.143952,0.008836,-0.012158,-0.000010,0.000037,10.000000,21.000000,1.000000,0.011209,0.000046,0.000000,0.000000,0.000000,0.079956,1520.000000,0.000000,0.000000,0.000000,0.000000,27.573872,15.151515,11.936674,229.568405,72.776993,0.000668,-0.279013,9.965000,6497,-89,32,-6
27.576801,0.007884,-0.297385,-1.041901,0.000183,0.027078,0.006012,-0.000064,-0.144487,0.008689,-0.012235,-0.000011,0.000039,10.000000,21.000000,1.000000,0.011209,0.000046,0.000000,0.000000,0.000000,0.079956,1520.000000,0.000000,0.000000,0.000000,0.000000,27.575825,15.151515,11.936674,229.568405,72.776993,0.000608,-0.279200,9.965000,6497,-94,32,-7
27.578756,0.007885,-0.297331,-1.041889,0.000183,0.026788,0.006029,-0.000061,-0.144926,0.008554,-0.012303,-0.000011,0.000040,10.000000,21.000000,1.000000,0.011209,0.000046,0.000000,0.000000,0.000000,0.079956,1520.000000,0.000000,0.000000,0.000000,0.000000,27.577780,15.151515,11.936674,229.568405,72.776993,0.000542,-0.279405,9.965000,6497,-99,32,-7
27.580709,0.007885,-0.297278,-1.041877,0.000183,0.026498,0.006046,-0.000058,-0.145290,0.008430,-0.012365,-0.000011,0.000041,10.000000,21.000000,1.000000,0.011209,0.000046,0.000000,0.000000,0.000000,0.079956,1520.000000,0.000000,0.000000,0.000000,0.000000,27.579733,15.151515,11.936674,229.568405,72.776993,0.000472,-0.279626,9.965000,6497,-102,32,-8
27.582664,0.007886,-0.297225,-1.041865,0.000183,0.026207,0.006063,-0.000056,-0.145594,0.008317,-0.012421,-0.000011,0.000041,10.000000,21.000000,1.000000,0.011209,0.000046,0.000000,0.000000,0.000000,0.079956,1520.000000,0.000000,0.000000,0.000000,0.000000,27.581688,15.151515,11.936674,229.568405,72.776993,0.000396,-0.279864,9.965000,6497,-105,32,-8
27.584618,0.007886,-0.297173,-1.041853,0.000183,0.025915,0.006079,-0.000054,-0.145860,0.008214,-0.012474,-0.000011,0.000042,10.000000,21.000000,1.000000,0.011209,0.000046,0.000000,0.000000,0.000000,0.079956,1520.000000,0.000000,0.000000,0.000000,0.000000,27.583639,15.151515,11.936674,229.568405,72.776993,0.000316,-0.280116,9.965000,6497,-108,31,-8
27.586573,0.007886,-0.297122,-1.041840,0.000183,0.025623,0.006095,-0.000053,-0.146100,0.008119,-0.012526,-0.000011,0.000042,10.000000,21.000000,1.000000,0.011209,0.000046,0.000000,0.000000,0.000000,0.079956,1520.000000,0.000000,0.000000,0.000000,0.000000,27.585596,15.151515,11.936674,229.568405,72.776993,0.000239,-0.280360,9.965000,6497,-110,31,-9
27.588526,0.007887,-0.297071,-1.041828,0.000183,0.025331,0.006112,-0.000052,-0.146328,0.008032,-0.012577,-0.000011,0.000043,10.000000,21.000000,1.000000,0.011209,0.000046,0.000000,0.000000,0.000000,0.079956,1520.000000,0.000000,0.000000,0.000000,0.000000,27.587547,15.151515,11.936674,229.568405,72.776993,0.000156,-0.280619,9.965000,6497,-111,31,-9
27.590481,0.007887,-0.297020,-1.041816,0.000183,0.025038,0.006128,-0.000052,-0.146561,0.007951,-0.012629,-0.000011,0.000043,10.000000,21.000000,1.000000,0.011209,0.000046,0.000000,0.000000,0.000000,0.079956,1520.000000,0.000000,0.000000,0.000000,0.000000,27.589504,15.151515,11.936674,229.568405,72.776993,0.000069,-0.280892,9.965000,6497,-112,31,-9
27.592434,0.007887,-0.296971,-1.041804,0.000183,0.024744,0.006143,-0.000052,-0.146809,0.007878,-0.012683,-0.000011,0.000043,10.000000,21.000000,1.000000,0.011209,0.000046,0.000000,0.000000,0.000000,0.079956,1520.000000,0.000000,0.000000,0.000000,0.000000,27.591455,15.151515,11.936674,229.568405,72.776993,-0.000015,-0.281157,9.965000,6497,-112,31,-9
27.594387,0.007888,-0.296922,-1.041791,0.000182,0.024450,0.006159,-0.000053,-0.147084,0.007811,-0.012741,-0.000011,0.000042,10.000000,21.000000,1.000000,0.011209,0.000046,0.000000,0.000000,0.000000,0.079956,1520.000000,0.000000,0.000000,0.000000,0.000000,27.593412,15.151515,11.936674,229.568405,72.776993,-0.000097,-0.281413,9.965000,6497,-111,31,-9
27.596342,0.007888,-0.296873,-1.041779,0.000182,0.024155,0.006175,-0.000054,-0.147395,0.007751,-0.012803,-0.000011,0.000042,10.000000,21.000000,1.000000,0.011209,0.000046,0.000000,0.000000,0.000000,0.079956,1520.000000,0.000000,0.000000,0.000000,0.000000,27.595364,15.151515,11.936674,229.568405,72.776993,-0.000176,-0.281662,9.965000,6497,-111,31,-9
27.598295,0.007888,-0.296825,-1.041767,0.000182,0.023860,0.006190,-0.000055,-0.147752,0.007696,-0.012870,-0.000011,0.000042,10.000000,21.000000,1.000000,0.011209,0.000046,0.000000,0.000000,0.000000,0.079956,1520.000000,0.000000,0.000000,0.000000,0.000000,27.597321,15.151515,11.936674,229.568405,72.776993,-0.000253,-0.281904,9.965000,6497,-109,31,-9
27.600250,0.007889,-0.296778,-1.041754,0.000182,0.023564,0.006205,-0.000056,-0.148163,0.007646,-0.012943,-0.000011,0.000041,10.000000,21.000000,1.000000,0.011209,0.000046,0.000000,0.000000,0.000000,0.079956,1520.000000,0.000000,0.000000,0.000000,0.000000,27.599272,15.151515,11.936674,229.568405,72.776993,-0.000328,-0.282140,9.965000,6497,-107,31,-9
27.602203,0.007889,-0.296731,-1.041742,0.000182,0.023267,0.006220,-0.000058,-0.148635,0.007602,-0.013023,-0.000011,0.000040,10.000000,21.000000,1.000000,0.011209,0.000046,0.000000,0.000000,0.000000,0.079956,1520.000000,0.000000,0.000000,0.000000,0.000000,27.601229,15.151515,11.936674,229.568405,72.776993,-0.000402,-0.282370,9.965000,6497,-109,31,-9
27.604158,0.007890,-0.296685,-1.041729,0.000182,0.022969,0.006236,-0.000060,-0.149175,0.007563,-0.013110,-0.000011,0.000039,10.000000,21.000000,1.000000,0.011209,0.000046,0.000000,0.000000,0.000000,0.079956,1520.000000,0.000000,0.000000,0.000000,0.000000,27.603180,15.151515,11.936674,229.568405,72.776993,-0.000473,-0.282595,9.965000,6497,-107,31,-9
27.606112,0.007890,-0.296640,-1.041717,0.000182,0.022670,0.006251,-0.000062,-0.149788,0.007528,-0.013205,-0.000010,0.000038,10.000000,21.000000,1.000000,0.011209,0.000046,0.000000,0.000000,0.000000,0.079956,1520.000000,0.000000,0.000000,0.000000,0.000000,27.605137,15.151515,11.936674,229.568405,72.776993,-0.000544,-0.282816,9.965000,6497,-104,31,-9
27.608067,0.007890,-0.296595,-1.041704,0.000182,0.022369,0.006266,-0.000064,-0.150480,0.007497,-0.013308,-0.000010,0.000037,10.000000,21.000000,1.000000,0.011209,0.000046,0.000000,0.000000,0.000000,0.079956,1520.000000,0.000000,0.000000,0.000000,0.000000,27.607088,15.151515,11.936674,229.568405,72.776993,-0.000613,-0.283032,9.965000,6497,-100,31,-8
27.610020,0.007891,-0.296550,-1.041692,0.000182,0.022067,0.006281,-0.000066,-0.151258,0.007471,-0.013421,-0.000010,0.000035,10.000000,21.000000,1.000000,0.011209,0.000046,0.000000,0.000000,0.000000,0.079956,1520.000000,0.000000,0.000000,0.000000,0.000000,27.609043,15.151515,11.936674,229.568405,72.776993,-0.000673,-0.283221,9.965000,6497,-96,31,-8
27.611975,0.007891,-0.296507,-1.041679,0.000181,0.021763,0.006296,-0.000068,-0.152119,0.007448,-0.013542,-0.000010,0.000034,10.000000,21.000000,1.000000,0.011209,0.000046,0.000000,0.000000,0.000000,0.079956,1520.000000,0.000000,0.000000,0.000000,0.000000,27.610996,15.151515,11.936674,229.568405,72.776993,-0.000725,-0.283385,9.965000,6497,-92,31,-8
27.613928,0.007891,-0.296463,-1.041666,0.000181,0.021458,0.006310,-0.000071,-0.153070,0.007429,-0.013673,-0.000009,0.000032,10.000000,21.000000,1.000000,0.011209,0.000046,0.000000,0.000000,0.000000,0.079956,1520.000000,0.000000,0.000000,0.000000,0.000000,27.612951,15.151515,11.936674,229.568405,72.776993,-0.000777,-0.283548,9.965000,6497,-88,31,-7
27.615883,0.007892,-0.296421,-1.041654,0.000181,0.021150,0.006325,-0.000073,-0.154114,0.007413,-0.013813,-0.000009,0.000031,10.000000,21.000000,1.000000,0.011209,0.000046,0.000000,0.000000,0.000000,0.079956,1520.000000,0.000000,0.000000,0.000000,0.000000,27.614904,15.151515,11.936674,229.568405,72.776993,-0.000821,-0.283687,9.965000,6497,-83,31,-7
27.617836,0.007892,-0.296379,-1.041641,0.000181,0.020840,0.006340,-0.000075,-0.155249,0.007401,-0.013964,-0.000009,0.000029,10.000000,21.000000,1.000000,0.011209,0.000046,0.000000,0.000000,0.000000,0.079956,1520.000000,0.000000,0.000000,0.000000,0.000000,27.616859,15.151515,11.936674,229.568405,72.776993,-0.000858,-0.283804,9.965000,6497,-78,31,-6
27.619789,0.007892,-0.296338,-1.041628,0.000181,0.020528,0.006355,-0.000078,-0.156479,0.007392,-0.014124,-0.000009,0.000027,10.000000,21.000000,1.000000,0.011209,0.000046,0.000000,0.000000,0.000000,0.079956,1520.000000,0.000000,0.000000,0.000000,0.000000,27.618813,15.151515,11.936674,229.568405,72.776993,-0.000889,-0.283900,9.965000,6497,-73,31,-6
27.621744,0.007893,-0.296297,-1.041616,0.000181,0.020213,0.006370,-0.000081,-0.157799,0.007386,-0.014293,-0.000008,0.000025,10.000000,21.000000,1.000000,0.011209,0.000046,0.000000,0.000000,0.000000,0.079956,1520.000000,0.000000,0.000000,0.000000,0.000000,27.620768,15.151515,11.936674,229.568405,72.776993,-0.000913,-0.283976,9.965000,6497,-68,31,-5
27.623697,0.007893,-0.296257,-1.041603,0.000180,0.019895,0.006384,-0.000083,-0.159215,0.007383,-0.014473,-0.000008,0.000023,10.000000,21.000000,1.000000,0.011209,0.000046,0.000000,0.000000,0.000000,0.079956,1520.000000,0.000000,0.000000,0.000000,0.000000,27.622721,15.151515,11.936674,229.568405,72.776993,-0.000931,-0.284033,9.965000,6497,-62,31,-5
27.625652,0.007894,-0.296218,-1.041590,0.000180,0.019574,0.006399,-0.000086,-0.160720,0.007383,-0.014662,-0.000008,0.000021,10.000000,21.000000,1.000000,0.011209,0.000046,0.000000,0.000000,0.000000,0.079956,1518.000000,0.000000,0.000000,0.000000,0.000000,27.624676,15.151515,11.936674,229.568405,72.776993,-0.000944,-0.284072,9.965000,6497,-57,31,-4
27.627605,0.007894,-0.296179,-1.041577,0.000180,0.019250,0.006414,-0.000089,-0.162316,0.007386,-0.014860,-0.000008,0.000019,10.000000,21.000000,1.000000,0.006632,0.000045,0.000000,0.000000,0.067000,-0.009829,1518.000000,0.000000,0.000000,0.000000,0.000000,27.626629,0.000000,5.694653,-226.142059,-14.766434,-0.000951,-0.137094,9.965000,6495,80,31,-4
27.629560,0.007894,-0.296141,-1.041564,0.000180,0.018923,0.006429,-0.000091,-0.163995,0.007604,-0.015067,-0.000007,0.000018,10.000000,21.000000,1.000000,0.006632,0.000045,0.000000,0.000000,0.000000,-0.009829,1518.000000,0.000000,0.000000,0.000000,0.000000,27.628584,0.000000,5.694653,-226.142059,-14.766434,-0.000950,-0.137091,9.965000,6495,86,31,-3
27.631514,0.007895,-0.296104,-1.041551,0.000180,0.018593,0.006445,-0.000094,-0.165748,0.007872,-0.015281,-0.000007,0.000016,10.000000,21.000000,1.000000,0.006632,0.000045,0.000000,0.000000,0.000000,-0.009829,1518.000000,0.000000,0.000000,0.000000,0.000000,27.630535,0.000000,5.694653,-226.142059,-14.766434,-0.000939,-0.137057,9.965000,6495,91,31,-3
27.633469,0.007895,-0.296067,-1.041538,0.000180,0.018258,0.006461,-0.000097,-0.167557,0.008118,-0.015500,-0.000007,0.000014,10.000000,21.000000,1.000000,0.006632,0.000045,0.000000,0.000000,0.000000,-0.009829,1518.000000,0.000000,0.000000,0.000000,0.000000,27.632492,0.000000,5.694653,-226.142059,-14.766434,-0.000920,-0.136999,9.965000,6495,96,31,-2
27.635422,0.007895,-0.296031,-1.041526,0.000179,0.017921,0.006477,-0.000100,-0.169408,0.008342,-0.015723,-0.000006,0.000012,10.000000,21.000000,1.000000,0.006632,0.000045,0.000000,0.000000,0.000000,-0.009829,1518.000000,0.000000,0.000000,0.000000,0.000000,27.634443,0.000000,5.694653,-226.142059,-14.766434,-0.000895,-0.136919,9.965000,6495,100,31,-2
27.637377,0.007896,-0.295996,-1.041513,0.000179,0.017579,0.006494,-0.000104,-0.171284,0.008549,-0.015949,-0.000006,0.000010,10.000000,21.000000,1.000000,0.006632,0.000045,0.000000,0.000000,0.000000,-0.009829,1518.000000,0.000000,0.000000,0.000000,0.000000,27.636400,0.000000,5.694653,-226.142059,-14.766434,-0.000863,-0.136819,9.965000,6495,104,31,-1
27.639330,0.007896,-0.295961,-1.041499,0.000179,0.017234,0.006512,-0.000107,-0.173174,0.008738,-0.016175,-0.000006,0.000009,10.000000,21.000000,1.000000,0.006632,0.000045,0.000000,0.000000,0.000000,-0.009829,1518.000000,0.000000,0.000000,0.000000,0.000000,27.638351,0.000000,5.694653,-226.142059,-14.766434,-0.000825,-0.136699,9.965000,6495,108,31,-1
27.641285,0.007896,-0.295927,-1.041487,0.000179,0.016884,0.006529,-0.000110,-0.175061,0.008911,-0.016401,-0.000005,0.000007,10.000000,21.000000,1.000000,0.006632,0.000045,0.000000,0.000000,0.000000,-0.009829,1518.000000,0.000000,0.000000,0.000000,0.000000,27.640308,0.000000,5.694653,-226.142059,-14.766434,-0.000781,-0.136560,9.965000,6495,111,31,0
27.643238,0.007897,-0.295894,-1.041473,0.000179,0.016531,0.006547,-0.000114,-0.176937,0.009070,-0.016625,-0.000005,0.000006,10.000000,21.000000,1.000000,0.006632,0.000045,0.000000,0.000000,0.000000,-0.009829,1518.000000,0.000000,0.000000,0.000000,0.000000,27.642260,0.000000,5.694653,-226.142059,-14.766434,-0.000731,-0.136404,9.965000,6495,113,31,0
27.645191,0.007897,-0.295861,-1.041460,0.000178,0.016175,0.006566,-0.000117,-0.178786,0.009217,-0.016847,-0.000005,0.000004,10.000000,21.000000,1.000000,0.006632,0.000045,0.000000,0.000000,0.000000,-0.009829,1518.000000,0.000000,0.000000,0.000000,0.000000,27.644217,0.000000,5.694653,-226.142059,-14.766434,-0.000676,-0.136231,9.965000,6495,120,31,0
27.647146,0.007897,-0.295829,-1.041447,0.000178,0.015814,0.006584,-0.000120,-0.180599,0.009351,-0.017065,-0.000004,0.000003,10.000000,21.000000,1.000000,0.006632,0.000045,0.000000,0.000000,0.000000,-0.009829,1518.000000,0.000000,0.000000,0.000000,0.000000,27.646168,0.000000,5.694653,-226.142059,-14.766434,-0.000623,-0.136065,9.965000,6495,121,31,0
27.649099,0.007898,-0.295798,-1.041434,0.000178,0.015451,0.006603,-0.000124,-0.182366,0.009474,-0.017277,-0.000004,0.000002,10.000000,21.000000,1.000000,0.006632,0.000045,0.000000,0.000000,0.000000,-0.009829,1518.000000,0.000000,0.000000,0.000000,0.000000,27.648125,0.000000,5.694653,-226.142059,-14.766434,-0.000572,-0.135905,9.965000,6495,122,31,0
27.651054,0.007898,-0.295768,-1.041421,0.000178,0.015083,0.006622,-0.000128,-0.184077,0.009586,-0.017484,-0.000004,0.000001,10.000000,21.000000,1.000000,0.006632,0.000045,0.000000,0.000000,0.000000,-0.009829,1518.000000,0.000000,0.000000,0.000000,0.000000,27.650076,0.000000,5.694653,-226.142059,-14.766434,-0.000522,-0.135749,9.965000,6495,123,31,0
27.653008,0.007899,-0.295738,-1.041407,0.000177,0.014713,0.006642,-0.000131,-0.185724,0.009689,-0.017684,-0.000003,0.000000,10.000000,21.000000,1.000000,0.006632,0.000045,0.000000,0.000000,0.000000,-0.009829,1518.000000,0.000000,0.000000,0.000000,0.000000,27.652033,0.000000,5.694653,-226.142059,-14.766434,-0.000474,-0.135598,9.965000,6495,123,31,1
27.654963,0.007899,-0.295709,-1.041394,0.000177,0.014339,0.006661,-0.000135,-0.187299,0.009782,-0.017877,-0.000003,-0.000001,10.000000,21.000000,1.000000,0.006632,0.000045,0.000000,0.000000,0.000000,-0.009829,1518.000000,0.000000,0.000000,0.000000,0.000000,27.653984,0.000000,5.694653,-226.142059,-14.766434,-0.000420,-0.135429,9.965000,6495,123,31,1
27.656916,0.007899,-0.295681,-1.041381,0.000177,0.013962,0.006681,-0.000139,-0.188793,0.009868,-0.018061,-0.000002,-0.000001,10.000000,21.000000,1.000000,0.006632,0.000045,0.000000,0.000000,0.000000,-0.009829,1518.000000,0.000000,0.000000,0.000000,0.000000,27.655939,0.000000,5.694653,-226.142059,-14.766434,-0.000361,-0.135243,9.965000,6495,123,31,1
27.658871,0.007900,-0.295654,-1.041367,0.000176,0.013582,0.006701,-0.000142,-0.190200,0.009946,-0.018237,-0.000002,-0.000002,10.000000,21.000000,1.000000,0.006632,0.000045,0.000000,0.000000,0.000000,-0.009829,1518.000000,0.000000,0.000000,0.000000,0.000000,27.657892,0.000000,5.694653,-226.142059,-14.766434,-0.000304,-0.135063,9.965000,6495,122,31,1
27.660824,0.007900,-0.295627,-1.041354,0.000176,0.013200,0.006721,-0.000146,-0.191514,0.010016,-0.018403,-0.000002,-0.000002,10.000000,21.000000,1.000000,0.006632,0.000045,0.000000,0.000000,0.000000,-0.009829,1518.000000,0.000000,0.000000,0.000000,0.000000,27.659847,0.000000,5.694653,-226.142059,-14.766434,-0.000249,-0.134890,9.965000,6495,120,31,1
27.662779,0.007900,-0.295601,-1.041340,0.000176,0.012815,0.006741,-0.000150,-0.192730,0.010079,-0.018559,-0.000001,-0.000003,10.000000,21.000000,1.000000,0.006632,0.000045,0.000000,0.000000,0.000000,-0.009829,1518.000000,0.000000,0.000000,0.000000,0.000000,27.661800,0.000000,5.694653,-226.142059,-14.766434,-0.000195,-0.134722,9.965000,6495,119,31,1
27.664732,0.007901,-0.295576,-1.041327,0.000176,0.012428,0.006761,-0.000154,-0.193843,0.010135,-0.018704,-0.000001,-0.000003,10.000000,21.000000,1.000000,0.006632,0.000045,0.000000,0.000000,0.000000,-0.009829,1518.000000,0.000000,0.000000,0.000000,0.000000,27.663755,0.000000,5.694653,-226.142059,-14.766434,-0.000143,-0.134559,9.965000,6495,117,31,1
27.666685,0.007901,-0.295552,-1.041313,0.000175,0.012039,0.006782,-0.000158,-0.194849,0.010185,-0.018838,-0.000000,-0.000003,10.000000,21.000000,1.000000,0.006632,0.000045,0.000000,0.000000,0.000000,-0.009829,1518.000000,0.000000,0.000000,0.000000,0.000000,27.665709,0.000000,5.694653,-226.142059,-14.766434,-0.000093,-0.134401,9.965000,6495,114,31,1
27.668640,0.007901,-0.295528,-1.041300,0.000175,0.011648,0.006802,-0.000162,-0.195745,0.010229,-0.018961,0.000000,-0.000003,10.000000,21.000000,1.000000,0.006632,0.000045,0.000000,0.000000,0.000000,-0.009829,1518.000000,0.000000,0.000000,0.000000,0.000000,27.667664,0.000000,5.694653,-226.142059,-14.766434,-0.000044,-0.134248,9.965000,6495,111,31,1
27.670593,0.007902,-0.295506,-1.041286,0.000175,0.011255,0.006823,-0.000166,-0.196527,0.010267,-0.019073,0.000001,-0.000003,10.000000,21.000000,1.000000,0.006632,0.000045,0.000000,0.000000,0.000000,-0.009829,1518.000000,0.000000,0.000000,0.000000,0.000000,27.669617,0.000000,5.694653,-226.142059,-14.766434,0.000003,-0.134099,9.965000,6495,108,31,1
27.672548,0.007902,-0.295484,-1.041272,0.000174,0.010861,0.006843,-0.000170,-0.197195,0.010300,-0.019173,0.000001,-0.000003,10.000000,21.000000,1.000000,0.006632,0.000045,0.000000,0.000000,0.000000,-0.009829,1518.000000,0.000000,0.000000,0.000000,0.000000,27.671572,0.000000,5.694653,-226.142059,-14.766434,0.000049,-0.133955,9.965000,6495,105,31,1
27.674501,0.007902,-0.295463,-1.041258,0.000174,0.010466,0.006864,-0.000174,-0.197745,0.010328,-0.019261,0.000001,-0.000003,10.000000,21.000000,1.000000,0.006632,0.000045,0.000000,0.000000,0.000000,-0.009829,1518.000000,0.000000,0.000000,0.000000,0.000000,27.673525,0.000000,5.694653,-226.142059,-14.766434,0.000094,-0.133815,9.965000,6495,101,31,1
27.676456,0.007903,-0.295442,-1.041245,0.000174,0.010070,0.006884,-0.000178,-0.198178,0.010351,-0.019336,0.000002,-0.000003,10.000000,21.000000,1.000000,0.006632,0.000045,0.000000,0.000000,0.000000,-0.009829,1518.000000,0.000000,0.000000,0.000000,0.000000,27.675480,0.000000,5.694653,-226.142059,-14.766434,0.000137,-0.133679,9.965000,6495,98,31,1
27.678410,0.007903,-0.295423,-1.041231,0.000173,0.009673,0.006905,-0.000182,-0.198493,0.010369,-0.019400,0.000002,-0.000002,10.000000,21.000000,1.000000,0.006632,0.000045,0.000000,0.000000,0.000000,-0.009829,1518.000000,0.000000,0.000000,0.000000,0.000000,27.677431,0.000000,5.694653,-226.142059,-14.766434,0.000179,-0.133547,9.965000,6495,94,31,0
27.680365,0.007903,-0.295404,-1.041217,0.000173,0.009275,0.006926,-0.000186,-0.198687,0.010383,-0.019452,0.000003,-0.000002,10.000000,21.000000,1.000000,0.006632,0.000045,0.000000,0.000000,0.000000,-0.009829,1518.000000,0.000000,0.000000,0.000000,0.000000,27.679388,0.000000,5.694653,-226.142059,-14.766434,0.000213,-0.133442,9.965000,6495,89,31,0
27.682318,0.007904,-0.295386,-1.041203,0.000172,0.008878,0.006947,-0.000191,-0.198765,0.010391,-0.019492,0.000003,-0.000001,10.000000,21.000000,1.000000,0.006632,0.000045,0.000000,0.000000,0.000000,-0.009829,1518.000000,0.000000,0.000000,0.000000,0.000000,27.681339,0.000000,5.694653,-226.142059,-14.766434,0.000238,-0.133361,9.965000,6495,85,31,0
27.684273,0.007904,-0.295369,-1.041189,0.000172,0.008480,0.006968,-0.000195,-0.198726,0.010397,-0.019520,0.000004,-0.000001,10.000000,21.000000,1.000000,0.006632,0.000045,0.000000,0.000000,0.000000,-0.009829,1518.000000,0.000000,0.000000,0.000000,0.000000,27.683296,0.000000,5.694653,-226.142059,-14.766434,0.000264,-0.133280,9.965000,6495,81,31,0
27.686226,0.007904,-0.295352,-1.041175,0.000172,0.008083,0.006988,-0.000199,-0.198571,0.010398,-0.019536,0.000004,-0.000000,10.000000,21.000000,1.000000,0.006632,0.000045,0.000000,0.000000,0.000000,-0.009829,1518.000000,0.000000,0.000000,0.000000,0.000000,27.685247,0.000000,5.694653,-226.142059,-14.766434,0.000289,-0.133201,9.965000,6495,76,31,0
27.688181,0.007905,-0.295337,-1.041161,0.000171,0.007686,0.007009,-0.000203,-0.198302,0.010395,-0.019540,0.000005,0.000000,10.000000,21.000000,1.000000,0.006632,0.000045,0.000000,0.000000,0.000000,-0.009829,1518.000000,0.000000,0.000000,0.000000,0.000000,27.687204,0.000000,5.694653,-226.142059,-14.766434,0.000314,-0.133123,9.965000,6495,71,31,0
27.690134,0.007905,-0.295322,-1.041147,0.000171,0.007290,0.007030,-0.000208,-0.197921,0.010389,-0.019533,0.000005,0.000001,10.000000,21.000000,1.000000,0.006632,0.000045,0.000000,0.000000,0.000000,-0.009829,1518.000000,0.000000,0.000000,0.000000,0.000000,27.689156,0.000000,5.694653,-226.142059,-14.766434,0.000338,-0.133047,9.965000,6495,66,31,0
27.692087,0.007906,-0.295308,-1.041133,0.000171,0.006902,0.007058,-0.000041,-0.190528,0.017437,-0.019515,0.000006,0.000002,10.000000,21.000000,1.000000,0.006632,0.000045,0.000000,0.000000,0.000000,-0.009829,1518.000000,0.000000,0.000000,0.000000,0.000000,27.691113,0.000000,5.694653,-226.142059,-14.766434,0.000362,-0.132973,9.965000,6495,61,31,-1
27.694042,0.007906,-0.295295,-1.041119,0.000170,0.006520,0.007092,-0.000059,-0.190810,0.016931,-0.019486,0.000006,0.000002,10.000000,21.000000,1.000000,0.006632,0.000045,0.000000,0.000000,0.000000,-0.009829,1518.000000,0.000000,0.000000,0.000000,0.000000,27.693064,0.000000,5.694653,-226.142059,-14.766434,0.000377,-0.132925,9.965000,6495,56,31,-1
27.695995,0.007906,-0.295282,-1.041105,0.000170,0.006139,0.007125,-0.000064,-0.190473,0.016935,-0.019446,0.000007,0.000003,10.000000,21.000000,1.000000,0.006632,0.000045,0.000000,0.000000,0.000000,-0.009829,1518.000000,0.000000,0.000000,0.000000,0.000000,27.695021,0.000000,5.694653,-226.142059,-14.766434,0.000385,-0.132900,9.965000,6495,51,31,-1
27.697950,0.007907,-0.295271,-1.041090,0.000170,0.005759,0.007159,-0.000068,-0.190034,0.016936,-0.019396,0.000007,0.000004,10.000000,21.000000,1.000000,0.006632,0.000045,0.000000,0.000000,0.000000,-0.009829,1518.000000,0.000000,0.000000,0.000000,0.000000,27.696972,0.000000,5.694653,-226.142059,-14.766434,0.000393,-0.132874,9.965000,6495,46,31,-2
27.699903,0.007907,-0.295260,-1.041076,0.000170,0.005380,0.007193,-0.000074,-0.189495,0.016933,-0.019336,0.000008,0.000005,10.000000,21.000000,1.000000,0.006632,0.000045,0.000000,0.000000,0.000000,-0.009829,1518.000000,0.000000,0.000000,0.000000,0.000000,27.698929,0.000000,5.694653,-226.142059,-14.766434,0.000394,-0.132871,9.965000,6495,41,31,-2
27.701859,0.007907,-0.295249,-1.041062,0.000170,0.005002,0.007227,-0.000079,-0.188864,0.016928,-0.019267,0.000008,0.000006,10.000000,21.000000,1.000000,0.006632,0.000045,0.000000,0.000000,0.000000,-0.009829,1518.000000,0.000000,0.000000,0.000000,0.000000,27.700880,0.000000,5.694653,-226.142059,-14.766434,0.000389,-0.132888,9.965000,6495,36,30,-2
27.703812,0.007908,-0.295240,-1.041047,0.000170,0.004625,0.007261,-0.000084,-0.188142,0.016920,-0.019189,0.000009,0.000006,10.000000,21.000000,1.000000,0.006632,0.000045,0.000000,0.000000,0.000000,-0.009829,1512.000000,0.000000,0.000000,0.000000,0.000000,27.702835,0.000000,5.694653,-226.142059,-14.766434,0.000384,-0.132903,9.965000,6495,32,30,-3
27.705767,0.007908,-0.295231,-1.041032,0.000170,0.004250,0.007295,-0.000089,-0.187332,0.016911,-0.019102,0.000009,0.000007,10.000000,21.000000,1.000000,-0.001231,0.000042,0.000000,0.000000,0.067000,-0.029585,1512.000000,0.000000,0.000000,0.000000,0.000000,27.704788,0.000000,2.680472,0.000000,-16.413382,0.000373,-0.061955,9.965000,6494,93,30,-3
27.707720,0.007908,-0.295223,-1.041018,0.000169,0.003877,0.007329,-0.000094,-0.186439,0.017005,-0.019007,0.000010,0.000008,10.000000,21.000000,1.000000,-0.001231,0.000042,0.000000,0.000000,0.000000,-0.029585,1512.000000,0.000000,0.000000,0.000000,0.000000,27.706743,0.000000,2.680472,0.000000,-16.413382,0.000357,-0.062005,9.965000,6494,88,30,-3
27.709675,0.007909,-0.295216,-1.041003,0.000169,0.003505,0.007363,-0.000099,-0.185463,0.017121,-0.018903,0.000011,0.000008,10.000000,21.000000,1.000000,-0.001231,0.000042,0.000000,0.000000,0.000000,-0.029585,1512.000000,0.000000,0.000000,0.000000,0.000000,27.708696,0.000000,2.680472,0.000000,-16.413382,0.000344,-0.062045,9.965000,6494,83,30,-4
27.711628,0.007909,-0.295210,-1.040988,0.000169,0.003136,0.007397,-0.000103,-0.184399,0.017223,-0.018790,0.000011,0.000009,10.000000,21.000000,1.000000,-0.001231,0.000042,0.000000,0.000000,0.000000,-0.029585,1512.000000,0.000000,0.000000,0.000000,0.000000,27.710651,0.000000,2.680472,0.000000,-16.413382,0.000327,-0.062099,9.965000,6494,78,30,-4
27.713581,0.007909,-0.295204,-1.040974,0.000169,0.002769,0.007432,-0.000108,-0.183250,0.017313,-0.018668,0.000011,0.000010,10.000000,21.000000,1.000000,-0.001231,0.000042,0.000000,0.000000,0.000000,-0.029585,1512.000000,0.000000,0.000000,0.000000,0.000000,27.712605,0.000000,2.680472,0.000000,-16.413382,0.000305,-0.062168,9.965000,6494,73,30,-4
27.715536,0.007910,-0.295199,-1.040959,0.000169,0.002404,0.007467,-0.000112,-0.182013,0.017391,-0.018537,0.000012,0.000010,10.000000,21.000000,1.000000,-0.001231,0.000042,0.000000,0.000000,0.000000,-0.029585,1512.000000,0.000000,0.000000,0.000000,0.000000,27.714560,0.000000,2.680472,0.000000,-16.413382,0.000286,-0.062228,9.965000,6494,68,30,-4
27.717489,0.007910,-0.295195,-1.040944,0.000168,0.002042,0.007501,-0.000115,-0.180688,0.017458,-0.018397,0.000012,0.000011,10.000000,21.000000,1.000000,-0.001231,0.000042,0.000000,0.000000,0.000000,-0.029585,1512.000000,0.000000,0.000000,0.000000,0.000000,27.716513,0.000000,2.680472,0.000000,-16.413382,0.000269,-0.062281,9.965000,6494,62,30,-5
27.719444,0.007910,-0.295191,-1.040929,0.000168,0.001683,0.007536,-0.000118,-0.179273,0.017514,-0.018249,0.000012,0.000011,10.000000,21.000000,1.000000,-0.001231,0.000042,0.000000,0.000000,0.000000,-0.029585,1512.000000,0.000000,0.000000,0.000000,0.000000,27.718468,0.000000,2.680472,0.000000,-16.413382,0.000247,-0.062351,9.965000,6494,57,30,-5
27.721397,0.007911,-0.295188,-1.040913,0.000168,0.001326,0.007572,-0.000121,-0.177772,0.017562,-0.018091,0.000013,0.000012,10.000000,21.000000,1.000000,-0.001231,0.000042,0.000000,0.000000,0.000000,-0.029585,1512.000000,0.000000,0.000000,0.000000,0.000000,27.720421,0.000000,2.680472,0.000000,-16.413382,0.000219,-0.062436,9.965000,6494,51,30,-5
27.723352,0.007911,-0.295186,-1.040898,0.000168,0.000973,0.007607,-0.000123,-0.176187,0.017602,-0.017925,0.000013,0.000012,10.000000,21.000000,1.000000,-0.001231,0.000042,0.000000,0.000000,0.000000,-0.029585,1512.000000,0.000000,0.000000,0.000000,0.000000,27.722376,0.000000,2.680472,0.000000,-16.413382,0.000195,-0.062514,9.965000,6494,46,31,-5
27.725306,0.007911,-0.295185,-1.040883,0.000167,0.000623,0.007642,-0.000124,-0.174517,0.017634,-0.017750,0.000013,0.000012,10.000000,21.000000,1.000000,-0.001231,0.000042,0.000000,0.000000,0.000000,-0.029585,1512.000000,0.000000,0.000000,0.000000,0.000000,27.724327,0.000000,2.680472,0.000000,-16.413382,0.000172,-0.062586,9.965000,6494,41,31,-5
27.727261,0.007912,-0.295184,-1.040868,0.000167,0.000277,0.007677,-0.000125,-0.172766,0.017659,-0.017567,0.000013,0.000013,10.000000,21.000000,1.000000,-0.001231,0.000042,0.000000,0.000000,0.000000,-0.029585,1512.000000,0.000000,0.000000,0.000000,0.000000,27.726284,0.000000,2.680472,0.000000,-16.413382,0.000151,-0.062652,9.965000,6494,35,31,-6
27.729214,0.007912,-0.295184,-1.040852,0.000167,-0.000066,0.007713,-0.000126,-0.170935,0.017678,-0.017376,0.000013,0.000013,10.000000,21.000000,1.000000,-0.001231,0.000042,0.000000,0.000000,0.000000,-0.029585,1512.000000,0.000000,0.000000,0.000000,0.000000,27.728235,0.000000,2.680472,0.000000,-16.413382,0.000124,-0.062737,9.965000,6494,30,31,-6
27.731169,0.007912,-0.295185,-1.040837,0.000167,-0.000405,0.007748,-0.000126,-0.169031,0.017692,-0.017178,0.000013,0.000013,10.000000,21.000000,1.000000,-0.001231,0.000042,0.000000,0.000000,0.000000,-0.029585,1512.000000,0.000000,0.000000,0.000000,0.000000,27.730192,0.000000,2.680472,0.000000,-16.413382,0.000091,-0.062839,9.965000,6494,25,31,-6
27.733122,0.007913,-0.295186,-1.040821,0.000166,-0.000740,0.007783,-0.000125,-0.167055,0.017699,-0.016972,0.000013,0.000013,10.000000,21.000000,1.000000,-0.001231,0.000042,0.000000,0.000000,0.000000,-0.029585,1512.000000,0.000000,0.000000,0.000000,0.000000,27.732143,0.000000,2.680472,0.000000,-16.413382,0.000061,-0.062935,9.965000,6494,19,31,-6
27.735077,0.007913,-0.295188,-1.040806,0.000166,-0.001071,0.007819,-0.000124,-0.165010,0.017703,-0.016760,0.000013,0.000013,10.000000,21.000000,1.000000,-0.001231,0.000042,0.000000,0.000000,0.000000,-0.029585,1512.000000,0.000000,0.000000,0.000000,0.000000,27.734100,0.000000,2.680472,0.000000,-16.413382,0.000031,-0.063026,9.965000,6494,14,31,-6
27.737030,0.007913,-0.295191,-1.040790,0.000166,-0.001398,0.007854,-0.000123,-0.162901,0.017703,-0.016541,0.000013,0.000013,10.000000,21.000000,1.000000,-0.001231,0.000042,0.000000,0.000000,0.000000,-0.029585,1512.000000,0.000000,0.000000,0.000000,0.000000,27.736052,0.000000,2.680472,0.000000,-16.413382,0.000004,-0.063114,9.965000,6494,9,31,-6
27.738983,0.007914,-0.295194,-1.040774,0.000166,-0.001720,0.007890,-0.000122,-0.160733,0.017698,-0.016317,0.000013,0.000013,10.000000,21.000000,1.000000,-0.001231,0.000042,0.000000,0.000000,0.000000,-0.029585,1512.000000,0.000000,0.000000,0.000000,0.000000,27.738008,0.000000,2.680472,0.000000,-16.413382,-0.000023,-0.063198,9.965000,6494,5,31,-6
27.740938,0.007914,-0.295198,-1.040758,0.000165,-0.002039,0.007925,-0.000121,-0.158508,0.017691,-0.016087,0.000012,0.000013,10.000000,21.000000,1.000000,-0.001231,0.000042,0.000000,0.000000,0.000000,-0.029585,1512.000000,0.000000,0.000000,0.000000,0.000000,27.739960,0.000000,2.680472,0.000000,-16.413382,-0.000049,-0.063280,9.965000,6494,-4,31,-6
27.742891,0.007914,-0.295202,-1.040742,0.000165,-0.002352,0.007960,-0.000119,-0.156233,0.017680,-0.015852,0.000012,0.000013,10.000000,21.000000,1.000000,-0.001231,0.000042,0.000000,0.000000,0.000000,-0.029585,1512.000000,0.000000,0.000000,0.000000,0.000000,27.741917,0.000000,2.680472,0.000000,-16.413382,-0.000075,-0.063360,9.965000,6494,-8,31,-6
27.744846,0.007915,-0.295207,-1.040726,0.000165,-0.002661,0.007996,-0.000117,-0.153912,0.017667,-0.015612,0.000012,0.000013,10.000000,21.000000,1.000000,-0.001231,0.000042,0.000000,0.000000,0.000000,-0.029585,1512.000000,0.000000,0.000000,0.000000,0.000000,27.743868,0.000000,2.680472,0.000000,-16.413382,-0.000100,-0.063440,9.965000,6494,-13,31,-6
27.746799,0.007915,-0.295213,-1.040710,0.000165,-0.002965,0.008031,-0.000115,-0.151550,0.017651,-0.015369,0.000012,0.000012,10.000000,21.000000,1.000000,-0.001231,0.000042,0.000000,0.000000,0.000000,-0.029585,1512.000000,0.000000,0.000000,0.000000,0.000000,27.745825,0.000000,2.680472,0.000000,-16.413382,-0.000125,-0.063518,9.965000,6494,-17,31,-6
27.748755,0.007915,-0.295220,-1.040694,0.000164,-0.003265,0.008066,-0.000113,-0.149152,0.017633,-0.015122,0.000012,0.000012,10.000000,21.000000,1.000000,-0.001231,0.000042,0.000000,0.000000,0.000000,-0.029585,1512.000000,0.000000,0.000000,0.000000,0.000000,27.747776,0.000000,2.680472,0.000000,-16.413382,-0.000150,-0.063597,9.965000,6494,-21,31,-6
27.750708,0.007916,-0.295227,-1.040678,0.000164,-0.003560,0.008102,-0.000111,-0.146723,0.017614,-0.014873,0.000011,0.000012,10.000000,21.000000,1.000000,-0.001231,0.000042,0.000000,0.000000,0.000000,-0.029585,1512.000000,0.000000,0.000000,0.000000,0.000000,27.749731,0.000000,2.680472,0.000000,-16.413382,-0.000175,-0.063675,9.965000,6494,-25,31,-6
27.752663,0.007916,-0.295234,-1.040662,0.000164,-0.003849,0.008137,-0.000108,-0.144268,0.017594,-0.014621,0.000011,0.000011,10.000000,21.000000,1.000000,-0.001231,0.000042,0.000000,0.000000,0.000000,-0.029585,1512.000000,0.000000,0.000000,0.000000,0.000000,27.751684,0.000000,2.680472,0.000000,-16.413382,-0.000200,-0.063754,9.965000,6494,-28,31,-6
27.754616,0.007916,-0.295242,-1.040645,0.000164,-0.004134,0.008172,-0.000106,-0.141793,0.017572,-0.014367,0.000011,0.000011,10.000000,21.000000,1.000000,-0.001231,0.000042,0.000000,0.000000,0.000000,-0.029585,1512.000000,0.000000,0.000000,0.000000,0.000000,27.753639,0.000000,2.680472,0.000000,-16.413382,-0.000225,-0.063833,9.965000,6494,-32,31,-6
27.756571,0.007917,-0.295251,-1.040629,0.000164,-0.004414,0.008207,-0.000104,-0.139303,0.017550,-0.014112,0.000011,0.000010,10.000000,21.000000,1.000000,-0.001231,0.000042,0.000000,0.000000,0.000000,-0.029585,1512.000000,0.000000,0.000000,0.000000,0.000000,27.755592,0.000000,2.680472,0.000000,-16.413382,-0.000251,-0.063913,9.965000,6494,-35,31,-6
27.758524,0.007917,-0.295260,-1.040613,0.000163,-0.004689,0.008242,-0.000101,-0.136802,0.017527,-0.013856,0.000010,0.000010,10.000000,21.000000,1.000000,-0.001231,0.000042,0.000000,0.000000,0.000000,-0.029585,1512.000000,0.000000,0.000000,0.000000,0.000000,27.757547,0.000000,2.680472,0.000000,-16.413382,-0.000277,-0.063994,9.965000,6494,-38,31,-5
27.760479,0.007917,-0.295270,-1.040596,0.000163,-0.004959,0.008277,-0.000098,-0.134297,0.017502,-0.013599,0.000010,0.000009,10.000000,21.000000,1.000000,-0.001231,0.000042,0.000000,0.000000,0.000000,-0.029585,1512.000000,0.000000,0.000000,0.000000,0.000000,27.759501,0.000000,2.680472,0.000000,-16.413382,-0.000296,-0.064053,9.965000,6494,-41,31,-5
27.762432,0.007918,-0.295280,-1.040579,0.000163,-0.005224,0.008312,-0.000096,-0.131789,0.017478,-0.013343,0.000010,0.000008,10.000000,21.000000,1.000000,-0.001231,0.000042,0.000000,0.000000,0.000000,-0.029585,1504.000000,0.000000,0.000000,0.000000,0.000000,27.761456,0.000000,2.680472,0.000000,-16.413382,-0.000308,-0.064094,9.965000,6494,-44,31,-5
27.764385,0.007918,-0.295291,-1.040563,0.000163,-0.005483,0.008347,-0.000093,-0.129285,0.017454,-0.013088,0.000010,0.000008,10.000000,21.000000,1.000000,-0.009552,0.000041,0.000000,0.000000,0.066000,-0.040243,1504.000000,0.000000,0.000000,0.000000,0.000000,27.763409,0.000000,1.032793,0.000000,-14.359242,-0.000323,-0.025336,9.965000,6494,-11,31,-5
27.766340,0.007918,-0.295302,-1.040546,0.000162,-0.005727,0.008366,-0.000241,-0.121464,0.009662,-0.012833,0.000009,0.000007,10.000000,21.000000,1.000000,-0.009552,0.000041,0.000000,0.000000,0.000000,-0.040243,1504.000000,0.000000,0.000000,0.000000,0.000000,27.765364,0.000000,1.032793,0.000000,-14.359242,-0.000338,-0.025382,9.965000,6494,-13,31,-5
27.768293,0.007919,-0.295314,-1.040529,0.000162,-0.005966,0.008385,-0.000238,-0.118756,0.009620,-0.012579,0.000009,0.000006,10.000000,21.000000,1.000000,-0.009552,0.000041,0.000000,0.000000,0.000000,-0.040243,1504.000000,0.000000,0.000000,0.000000,0.000000,27.767317,0.000000,1.032793,0.000000,-14.359242,-0.000353,-0.025431,9.965000,6494,-16,31,-5
27.770248,0.007919,-0.295327,-1.040512,0.000161,-0.006200,0.008404,-0.000235,-0.116064,0.009578,-0.012327,0.000009,0.000006,10.000000,21.000000,1.000000,-0.009552,0.000041,0.000000,0.000000,0.000000,-0.040243,1504.000000,0.000000,0.000000,0.000000,0.000000,27.769272,0.000000,1.032793,0.000000,-14.359242,-0.000369,-0.025481,9.965000,6494,-18,31,-4
27.772202,0.007919,-0.295339,-1.040496,0.000161,-0.006428,0.008423,-0.000232,-0.113389,0.009536,-0.012076,0.000008,0.000005,10.000000,21.000000,1.000000,-0.009552,0.000041,0.000000,0.000000,0.000000,-0.040243,1504.000000,0.000000,0.000000,0.000000,0.000000,27.771223,0.000000,1.032793,0.000000,-14.359242,-0.000378,-0.025510,9.965000,6494,-20,31,-4
27.774157,0.007919,-0.295353,-1.040479,0.000160,-0.006651,0.008442,-0.000229,-0.110729,0.009493,-0.011825,0.000008,0.000004,10.000000,21.000000,1.000000,-0.009552,0.000041,0.000000,0.000000,0.000000,-0.040243,1504.000000,0.000000,0.000000,0.000000,0.000000,27.773180,0.000000,1.032793,0.000000,-14.359242,-0.000381,-0.025520,9.965000,6494,-22,31,-4
27.776110,0.007920,-0.295366,-1.040462,0.000160,-0.006868,0.008461,-0.000226,-0.108088,0.009452,-0.011577,0.000008,0.000003,10.000000,21.000000,1.000000,-0.009552,0.000041,0.000000,0.000000,0.000000,-0.040243,1504.000000,0.000000,0.000000,0.000000,0.000000,27.775131,0.000000,1.032793,0.000000,-14.359242,-0.000386,-0.025535,9.965000,6494,-23,31,-4
27.778065,0.007920,-0.295380,-1.040445,0.000160,-0.007080,0.008480,-0.000223,-0.105465,0.009411,-0.011330,0.000008,0.000003,10.000000,21.000000,1.000000,-0.009552,0.000041,0.000000,0.000000,0.000000,-0.040243,1504.000000,0.000000,0.000000,0.000000,0.000000,27.777088,0.000000,1.032793,0.000000,-14.359242,-0.000393,-0.025555,9.965000,6494,-25,31,-3
27.780018,0.007920,-0.295395,-1.040428,0.000159,-0.007287,0.008499,-0.000221,-0.102865,0.009371,-0.011084,0.000007,0.000002,10.000000,21.000000,1.000000,-0.009552,0.000041,0.000000,0.000000,0.000000,-0.040243,1504.000000,0.000000,0.000000,0.000000,0.000000,27.779039,0.000000,1.032793,0.000000,-14.359242,-0.000393,-0.025556,9.965000,6494,-27,31,-3
27.781973,0.007921,-0.295410,-1.040411,0.000159,-0.007489,0.008517,-0.000218,-0.100285,0.009331,-0.010840,0.000007,0.000001,10.000000,21.000000,1.000000,-0.009552,0.000041,0.000000,0.000000,0.000000,-0.040243,1504.000000,0.000000,0.000000,0.000000,0.000000,27.780996,0.000000,1.032793,0.000000,-14.359242,-0.000388,-0.025541,9.965000,6494,-28,31,-3
27.783926,0.007921,-0.295425,-1.040394,0.000158,-0.007686,0.008536,-0.000215,-0.097728,0.009291,-0.010599,0.000007,0.000000,10.000000,21.000000,1.000000,-0.009552,0.000041,0.000000,0.000000,0.000000,-0.040243,1504.000000,0.000000,0.000000,0.000000,0.000000,27.782948,0.000000,1.032793,0.000000,-14.359242,-0.000385,-0.025533,9.965000,6494,-30,31,-3
27.785879,0.007921,-0.295441,-1.040377,0.000158,-0.007878,0.008555,-0.000213,-0.095196,0.009252,-0.010359,0.000007,-0.000000,10.000000,21.000000,1.000000,-0.009552,0.000041,0.000000,0.000000,0.000000,-0.040243,1504.000000,0.000000,0.000000,0.000000,0.000000,27.784904,0.000000,1.032793,0.000000,-14.359242,-0.000385,-0.025530,9.965000,6494,-31,31,-3
27.787834,0.007922,-0.295457,-1.040359,0.000157,-0.008064,0.008573,-0.000210,-0.092689,0.009213,-0.010122,0.000006,-0.000001,10.000000,21.000000,1.000000,-0.009552,0.000041,0.000000,0.000000,0.000000,-0.040243,1504.000000,0.000000,0.000000,0.000000,0.000000,27.786856,0.000000,1.032793,0.000000,-14.359242,-0.000386,-0.025534,9.965000,6494,-33,31,-2
27.789787,0.007922,-0.295473,-1.040342,0.000157,-0.008246,0.008591,-0.000207,-0.090212,0.009175,-0.009887,0.000006,-0.000002,10.000000,21.000000,1.000000,-0.009552,0.000041,0.000000,0.000000,0.000000,-0.040243,1504.000000,0.000000,0.000000,0.000000,0.000000,27.788813,0.000000,1.032793,0.000000,-14.359242,-0.000381,-0.025520,9.965000,6494,-34,31,-2
27.791742,0.007922,-0.295490,-1.040325,0.000157,-0.008423,0.008610,-0.000205,-0.087763,0.009137,-0.009655,0.000006,-0.000003,10.000000,21.000000,1.000000,-0.009552,0.000041,0.000000,0.000000,0.000000,-0.040243,1504.000000,0.000000,0.000000,0.000000,0.000000,27.790764,0.000000,1.032793,0.000000,-14.359242,-0.000372,-0.025491,9.965000,6494,-35,31,-2
27.793695,0.007923,-0.295507,-1.040308,0.000156,-0.008594,0.008628,-0.000203,-0.085344,0.009101,-0.009425,0.000006,-0.000003,10.000000,21.000000,1.000000,-0.009552,0.000041,0.000000,0.000000,0.000000,-0.040243,1504.000000,0.000000,0.000000,0.000000,0.000000,27.792721,0.000000,1.032793,0.000000,-14.359242,-0.000365,-0.025469,9.965000,6494,-36,31,-2
27.795650,0.007923,-0.295524,-1.040290,0.000156,-0.008762,0.008646,-0.000200,-0.082957,0.009065,-0.009198,0.000006,-0.000004,10.000000,21.000000,1.000000,-0.009552,0.000041,0.000000,0.000000,0.000000,-0.040243,1504.000000,0.000000,0.000000,0.000000,0.000000,27.794672,0.000000,1.032793,0.000000,-14.359242,-0.000361,-0.025455,9.965000,6494,-37,31,-1
27.797604,0.007923,-0.295542,-1.040273,0.000155,-0.008924,0.008664,-0.000198,-0.080605,0.009029,-0.008975,0.000005,-0.000005,10.000000,21.000000,1.000000,-0.009552,0.000041,0.000000,0.000000,0.000000,-0.040243,1504.000000,0.000000,0.000000,0.000000,0.000000,27.796629,0.000000,1.032793,0.000000,-14.359242,-0.000351,-0.025424,9.965000,6494,-37,31,-1
27.799559,0.007924,-0.295560,-1.040256,0.000155,-0.009082,0.008682,-0.000196,-0.078286,0.008994,-0.008754,0.000005,-0.000006,10.000000,21.000000,1.000000,-0.009552,0.000041,0.000000,0.000000,0.000000,-0.040243,1504.000000,0.000000,0.000000,0.000000,0.000000,27.798580,0.000000,1.032793,0.000000,-14.359242,-0.000336,-0.025379,9.965000,6494,-38,31,-1
27.801512,0.007924,-0.295579,-1.040238,0.000155,-0.009235,0.008700,-0.000194,-0.076004,0.008960,-0.008537,0.000005,-0.000006,10.000000,21.000000,1.000000,-0.009552,0.000041,0.000000,0.000000,0.000000,-0.040243,1504.000000,0.000000,0.000000,0.000000,0.000000,27.800535,0.000000,1.032793,0.000000,-14.359242,-0.000325,-0.025342,9.965000,6494,-39,31,-1
27.803467,0.007924,-0.295597,-1.040221,0.000154,-0.009383,0.008718,-0.000192,-0.073759,0.008926,-0.008324,0.000005,-0.000007,10.000000,21.000000,1.000000,-0.009552,0.000041,0.000000,0.000000,0.000000,-0.040243,1504.000000,0.000000,0.000000,0.000000,0.000000,27.802488,0.000000,1.032793,0.000000,-14.359242,-0.000315,-0.025313,9.965000,6494,-39,31,-1
27.805420,0.007925,-0.295616,-1.040203,0.000154,-0.009528,0.008736,-0.000190,-0.071552,0.008894,-0.008114,0.000005,-0.000007,10.000000,21.000000,1.000000,-0.009552,0.000041,0.000000,0.000000,0.000000,-0.040243,1504.000000,0.000000,0.000000,0.000000,0.000000,27.804443,0.000000,1.032793,0.000000,-14.359242,-0.000308,-0.025291,9.965000,6494,-39,31,0
27.807373,0.007925,-0.295636,-1.040186,0.000153,-0.009668,0.008753,-0.000187,-0.069388,0.008861,-0.007907,0.000004,-0.000008,10.000000,21.000000,1.000000,-0.009552,0.000041,0.000000,0.000000,0.000000,-0.040243,1504.000000,0.000000,0.000000,0.000000,0.000000,27.806396,0.000000,1.032793,0.000000,-14.359242,-0.000296,-0.025252,9.965000,6494,-40,31,0
27.809328,0.007925,-0.295655,-1.040168,0.000153,-0.009803,0.008771,-0.000185,-0.067262,0.008831,-0.007705,0.000004,-0.000009,10.000000,21.000000,1.000000,-0.009552,0.000041,0.000000,0.000000,0.000000,-0.040243,1504.000000,0.000000,0.000000,0.000000,0.000000,27.808352,0.000000,1.032793,0.000000,-14.359242,-0.000279,-0.025199,9.965000,6494,-40,31,0
27.811281,0.007925,-0.295675,-1.040151,0.000153,-0.009934,0.008789,-0.000183,-0.065178,0.008801,-0.007506,0.000004,-0.000009,10.000000,21.000000,1.000000,-0.009552,0.000041,0.000000,0.000000,0.000000,-0.040243,1504.000000,0.000000,0.000000,0.000000,0.000000,27.810305,0.000000,1.032793,0.000000,-14.359242,-0.000265,-0.025155,9.965000,6494,-40,31,0
27.813236,0.007926,-0.295695,-1.040133,0.000152,-0.010062,0.008806,-0.000181,-0.063138,0.008772,-0.007312,0.000004,-0.000010,10.000000,21.000000,1.000000,-0.009552,0.000041,0.000000,0.000000,0.000000,-0.040243,1504.000000,0.000000,0.000000,0.000000,0.000000,27.812260,0.000000,1.032793,0.000000,-14.359242,-0.000253,-0.025118,9.965000,6494,-40,31,0
27.815189,0.007926,-0.295716,-1.040115,0.000152,-0.010185,0.008824,-0.000179,-0.061141,0.008743,-0.007122,0.000004,-0.000010,10.000000,21.000000,1.000000,-0.009552,0.000041,0.000000,0.000000,0.000000,-0.040243,1504.000000,0.000000,0.000000,0.000000,0.000000,27.814213,0.000000,1.032793,0.000000,-14.359242,-0.000244,-0.025088,9.965000,6494,-40,31,0
27.817144,0.007926,-0.295736,-1.040098,0.000152,-0.010304,0.008841,-0.000177,-0.059188,0.008715,-0.006936,0.000004,-0.000011,10.000000,21.000000,1.000000,-0.009552,0.000041,0.000000,0.000000,0.000000,-0.040243,1504.000000,0.000000,0.000000,0.000000,0.000000,27.816168,0.000000,1.032793,0.000000,-14.359242,-0.000236,-0.025064,9.965000,6494,-40,31,0
27.819098,0.007927,-0.295757,-1.040080,0.000151,-0.010420,0.008859,-0.000175,-0.057281,0.008686,-0.006754,0.000003,-0.000011,10.000000,21.000000,1.000000,-0.009552,0.000041,0.000000,0.000000,0.000000,-0.040243,1504.000000,0.000000,0.000000,0.000000,0.000000,27.818119,0.000000,1.032793,0.000000,-14.359242,-0.000231,-0.025046,9.965000,6494,-40,31,0
27.821053,0.007927,-0.295778,-1.040062,0.000151,-0.010532,0.008876,-0.000173,-0.055420,0.008659,-0.006576,0.000003,-0.000011,10.000000,21.000000,1.000000,-0.009552,0.000041,0.000000,0.000000,0.000000,-0.040243,1502.000000,0.000000,0.000000,0.000000,0.000000,27.820076,0.000000,1.032793,0.000000,-14.359242,-0.000226,-0.025033,9.965000,6494,-39,31,0
27.823006,0.007927,-0.295799,-1.040045,0.000151,-0.010640,0.008893,-0.000171,-0.053605,0.008632,-0.006403,0.000003,-0.000012,10.000000,21.000000,1.000000,-0.009635,0.000038,0.000000,0.000000,0.067000,-0.009934,1502.000000,0.000000,0.000000,0.000000,0.000000,27.822027,0.000000,0.187849,0.000000,-11.186274,-0.000224,-0.005127,9.965000,6494,-22,31,0
27.824961,0.007928,-0.295821,-1.040027,0.000150,-0.010744,0.008911,-0.000169,-0.051838,0.008606,-0.006235,0.000003,-0.000012,10.000000,21.000000,1.000000,-0.009635,0.000038,0.000000,0.000000,0.000000,-0.009934,1502.000000,0.000000,0.000000,0.000000,0.000000,27.823984,0.000000,0.187849,0.000000,-11.186274,-0.000222,-0.005121,9.965000,6494,-21,31,0
27.826914,0.007928,-0.295842,-1.040009,0.000150,-0.010845,0.008928,-0.000167,-0.050115,0.008580,-0.006070,0.000003,-0.000013,10.000000,21.000000,1.000000,-0.009635,0.000038,0.000000,0.000000,0.000000,-0.009934,1502.000000,0.000000,0.000000,0.000000,0.000000,27.825935,0.000000,0.187849,0.000000,-11.186274,-0.000221,-0.005117,9.965000,6494,-21,31,0
27.828869,0.007928,-0.295864,-1.039991,0.000150,-0.010943,0.008945,-0.000165,-0.048437,0.008554,-0.005910,0.000003,-0.000013,10.000000,21.000000,1.000000,-0.009635,0.000038,0.000000,0.000000,0.000000,-0.009934,1502.000000,0.000000,0.000000,0.000000,0.000000,27.827892,0.000000,0.187849,0.000000,-11.186274,-0.000220,-0.005116,9.965000,6494,-20,31,0
27.830822,0.007928,-0.295886,-1.039973,0.000149,-0.011038,0.008962,-0.000163,-0.046802,0.008529,-0.005754,0.000002,-0.000014,10.000000,21.000000,1.000000,-0.009635,0.000038,0.000000,0.000000,0.000000,-0.009934,1502.000000,0.000000,0.000000,0.000000,0.000000,27.829844,0.000000,0.187849,0.000000,-11.186274,-0.000221,-0.005116,9.965000,6494,-20,31,1
27.832775,0.007929,-0.295908,-1.039955,0.000149,-0.011129,0.008979,-0.000162,-0.045209,0.008505,-0.005601,0.000002,-0.000014,10.000000,21.000000,1.000000,-0.009635,0.000038,0.000000,0.000000,0.000000,-0.009934,1502.000000,0.000000,0.000000,0.000000,0.000000,27.831800,0.000000,0.187849,0.000000,-11.186274,-0.000214,-0.005096,9.965000,6494,-20,31,1
27.834730,0.007929,-0.295931,-1.039937,0.000149,-0.011217,0.008996,-0.000160,-0.043654,0.008481,-0.005453,0.000002,-0.000014,10.000000,21.000000,1.000000,-0.009635,0.000038,0.000000,0.000000,0.000000,-0.009934,1502.000000,0.000000,0.000000,0.000000,0.000000,27.833752,0.000000,0.187849,0.000000,-11.186274,-0.000202,-0.005057,9.965000,6494,-19,31,1
27.836683,0.007929,-0.295953,-1.039919,0.000148,-0.011302,0.009013,-0.000159,-0.042138,0.008457,-0.005308,0.000002,-0.000015,10.000000,21.000000,1.000000,-0.009635,0.000038,0.000000,0.000000,0.000000,-0.009934,1502.000000,0.000000,0.000000,0.000000,0.000000,27.835709,0.000000,0.187849,0.000000,-11.186274,-0.000191,-0.005023,9.965000,6494,-19,31,1
27.838638,0.007930,-0.295976,-1.039901,0.000148,-0.011384,0.009030,-0.000157,-0.040659,0.008433,-0.005166,0.000002,-0.000015,10.000000,21.000000,1.000000,-0.009635,0.000038,0.000000,0.000000,0.000000,-0.009934,1502.000000,0.000000,0.000000,0.000000,0.000000,27.837660,0.000000,0.187849,0.000000,-11.186274,-0.000181,-0.004992,9.965000,6494,-19,31,1
27.840591,0.007930,-0.295999,-1.039883,0.000148,-0.011463,0.009047,-0.000156,-0.039216,0.008411,-0.005028,0.000002,-0.000016,10.000000,21.000000,1.000000,-0.009635,0.000038,0.000000,0.000000,0.000000,-0.009934,1502.000000,0.000000,0.000000,0.000000,0.000000,27.839617,0.000000,0.187849,0.000000,-11.186274,-0.000173,-0.004966,9.965000,6494,-18,31,1
27.842546,0.007930,-0.296022,-1.039865,0.000147,-0.011539,0.009063,-0.000154,-0.037808,0.008389,-0.004893,0.000002,-0.000016,10.000000,21.000000,1.000000,-0.009635,0.000038,0.000000,0.000000,0.000000,-0.009934,1502.000000,0.000000,0.000000,0.000000,0.000000,27.841568,0.000000,0.187849,0.000000,-11.186274,-0.000165,-0.004942,9.965000,6494,-18,31,1
27.844500,0.007931,-0.296045,-1.039847,0.000147,-0.011613,0.009080,-0.000153,-0.036435,0.008367,-0.004761,0.000002,-0.000016,10.000000,21.000000,1.000000,-0.009635,0.000038,0.000000,0.000000,0.000000,-0.009934,1502.000000,0.000000,0.000000,0.000000,0.000000,27.843525,0.000000,0.187849,0.000000,-11.186274,-0.000159,-0.004922,9.965000,6494,-18,31,2
27.846455,0.007931,-0.296069,-1.039828,0.000147,-0.011684,0.009097,-0.000151,-0.035096,0.008345,-0.004632,0.000001,-0.000016,10.000000,21.000000,1.000000,-0.009635,0.000038,0.000000,0.000000,0.000000,-0.009934,1502.000000,0.000000,0.000000,0.000000,0.000000,27.845476,0.000000,0.187849,0.000000,-11.186274,-0.000146,-0.004882,9.965000,6494,-17,31,2
27.848408,0.007931,-0.296092,-1.039810,0.000146,-0.011752,0.009113,-0.000149,-0.033789,0.008324,-0.004506,0.000001,-0.000017,10.000000,21.000000,1.000000,-0.009635,0.000038,0.000000,0.000000,0.000000,-0.009934,1502.000000,0.000000,0.000000,0.000000,0.000000,27.847431,0.000000,0.187849,0.000000,-11.186274,-0.000127,-0.004823,9.965000,6494,-14,31,2
27.850363,0.007931,-0.296116,-1.039792,0.000146,-0.011818,0.009130,-0.000148,-0.032512,0.008303,-0.004384,0.000001,-0.000017,10.000000,21.000000,1.000000,-0.009635,0.000038,0.000000,0.000000,0.000000,-0.009934,1502.000000,0.000000,0.000000,0.000000,0.000000,27.849384,0.000000,0.187849,0.000000,-11.186274,-0.000110,-0.004770,9.965000,6494,-14,31,2
27.852316,0.007932,-0.296140,-1.039773,0.000146,-0.011881,0.009147,-0.000146,-0.031267,0.008282,-0.004264,0.000001,-0.000017,10.000000,21.000000,1.000000,-0.009635,0.000038,0.000000,0.000000,0.000000,-0.009934,1502.000000,0.000000,0.000000,0.000000,0.000000,27.851339,0.000000,0.187849,0.000000,-11.186274,-0.000095,-0.004721,9.965000,6494,-13,31,2
27.854271,0.007932,-0.296163,-1.039755,0.000146,-0.011942,0.009163,-0.000144,-0.030050,0.008262,-0.004146,0.000001,-0.000017,10.000000,21.000000,1.000000,-0.009635,0.000038,0.000000,0.000000,0.000000,-0.009934,1502.000000,0.000000,0.000000,0.000000,0.000000,27.853292,0.000000,0.187849,0.000000,-11.186274,-0.000080,-0.004676,9.965000,6494,-13,31,2
27.856224,0.007932,-0.296187,-1.039737,0.000145,-0.012000,0.009180,-0.000143,-0.028862,0.008243,-0.004032,0.000001,-0.000017,10.000000,21.000000,1.000000,-0.009635,0.000038,0.000000,0.000000,0.000000,-0.009934,1502.000000,0.000000,0.000000,0.000000,0.000000,27.855247,0.000000,0.187849,0.000000,-11.186274,-0.000067,-0.004635,9.965000,6494,-13,31,2
27.858177,0.007933,-0.296212,-1.039718,0.000145,-0.012056,0.009196,-0.000141,-0.027701,0.008224,-0.003920,0.000000,-0.000017,10.000000,21.000000,1.000000,-0.009635,0.000038,0.000000,0.000000,0.000000,-0.009934,1502.000000,0.000000,0.000000,0.000000,0.000000,27.857201,0.000000,0.187849,0.000000,-11.186274,-0.000055,-0.004597,9.965000,6494,-13,31,2
27.860132,0.007933,-0.296236,-1.039700,0.000145,-0.012110,0.009212,-0.000139,-0.026566,0.008204,-0.003810,0.000000,-0.000018,10.000000,21.000000,1.000000,-0.009635,0.000038,0.000000,0.000000,0.000000,-0.009934,1502.000000,0.000000,0.000000,0.000000,0.000000,27.859156,0.000000,0.187849,0.000000,-11.186274,-0.000044,-0.004563,9.965000,6494,-12,31,2
27.862085,0.007933,-0.296260,-1.039681,0.000144,-0.012161,0.009229,-0.000137,-0.025457,0.008185,-0.003703,0.000000,-0.000018,10.000000,21.000000,1.000000,-0.009635,0.000038,0.000000,0.000000,0.000000,-0.009934,1502.000000,0.000000,0.000000,0.000000,0.000000,27.861109,0.000000,0.187849,0.000000,-11.186274,-0.000034,-0.004530,9.965000,6494,-12,31,3
27.864040,0.007933,-0.296285,-1.039663,0.000144,-0.012210,0.009245,-0.000136,-0.024375,0.008166,-0.003598,0.000000,-0.000018,10.000000,21.000000,1.000000,-0.009635,0.000038,0.000000,0.000000,0.000000,-0.009934,1502.000000,0.000000,0.000000,0.000000,0.000000,27.863064,0.000000,0.187849,0.000000,-11.186274,-0.000017,-0.004478,9.965000,6494,-12,31,3
27.865993,0.007934,-0.296309,-1.039644,0.000144,-0.012257,0.009262,-0.000134,-0.023315,0.008147,-0.003495,-0.000000,-0.000018,10.000000,21.000000,1.000000,-0.009635,0.000038,0.000000,0.000000,0.000000,-0.009934,1502.000000,0.000000,0.000000,0.000000,0.000000,27.865017,0.000000,0.187849,0.000000,-11.186274,0.000005,-0.004407,9.965000,6494,-12,31,3
27.867949,0.007934,-0.296334,-1.039626,0.000144,-0.012303,0.009278,-0.000132,-0.022278,0.008129,-0.003394,-0.000000,-0.000018,10.000000,21.000000,1.000000,-0.009635,0.000038,0.000000,0.000000,0.000000,-0.009934,1502.000000,0.000000,0.000000,0.000000,0.000000,27.866972,0.000000,0.187849,0.000000,-11.186274,0.000026,-0.004342,9.965000,6494,-12,31,3
27.869902,0.007934,-0.296358,-1.039607,0.000143,-0.012346,0.009294,-0.000130,-0.021264,0.008110,-0.003296,-0.000000,-0.000017,10.000000,21.000000,1.000000,-0.009635,0.000038,0.000000,0.000000,0.000000,-0.009934,1502.000000,0.000000,0.000000,0.000000,0.000000,27.868923,0.000000,0.187849,0.000000,-11.186274,0.000045,-0.004281,9.965000,6494,-12,31,3
27.871857,0.007935,-0.296383,-1.039589,0.000143,-0.012387,0.009310,-0.000128,-0.020272,0.008092,-0.003199,-0.000001,-0.000017,10.000000,21.000000,1.000000,-0.009635,0.000038,0.000000,0.000000,0.000000,-0.009934,1502.000000,0.000000,0.000000,0.000000,0.000000,27.870880,0.000000,0.187849,0.000000,-11.186274,0.000064,-0.004224,9.965000,6494,-12,31,3
27.873810,0.007935,-0.296408,-1.039570,0.000143,-0.012426,0.009326,-0.000126,-0.019301,0.008074,-0.003105,-0.000001,-0.000017,10.000000,21.000000,1.000000,-0.009635,0.000038,0.000000,0.000000,0.000000,-0.009934,1502.000000,0.000000,0.000000,0.000000,0.000000,27.872831,0.000000,0.187849,0.000000,-11.186274,0.000080,-0.004171,9.965000,6494,-12,31,3
27.875765,0.007935,-0.296433,-1.039551,0.000143,-0.012463,0.009342,-0.000124,-0.018352,0.008056,-0.003012,-0.000001,-0.000017,10.000000,21.000000,1.000000,-0.009635,0.000038,0.000000,0.000000,0.000000,-0.009934,1502.000000,0.000000,0.000000,0.000000,0.000000,27.874788,0.000000,0.187849,0.000000,-11.186274,0.000096,-0.004122,9.965000,6494,-12,31,3
27.877718,0.007935,-0.296458,-1.039533,0.000142,-0.012498,0.009359,-0.000121,-0.017423,0.008038,-0.002922,-0.000001,-0.000017,10.000000,21.000000,1.000000,-0.009635,0.000038,0.000000,0.000000,0.000000,-0.009934,1502.000000,0.000000,0.000000,0.000000,0.000000,27.876740,0.000000,0.187849,0.000000,-11.186274,0.000111,-0.004075,9.965000,6494,-12,31,3
27.879671,0.007936,-0.296483,-1.039514,0.000142,-0.012532,0.009375,-0.000118,-0.016514,0.008021,-0.002833,-0.000002,-0.000016,10.000000,21.000000,1.000000,-0.009635,0.000038,0.000000,0.000000,0.000000,-0.009934,1502.000000,0.000000,0.000000,0.000000,0.000000,27.878696,0.000000,0.187849,0.000000,-11.186274,0.000125,-0.004031,9.965000,6494,-12,31,3
27.881626,0.007936,-0.296508,-1.039495,0.000142,-0.012563,0.009391,-0.000115,-0.015624,0.008003,-0.002746,-0.000002,-0.000016,10.000000,21.000000,1.000000,-0.009635,0.000038,0.000000,0.000000,0.000000,-0.009934,1502.000000,0.000000,0.000000,0.000000,0.000000,27.880648,0.000000,0.187849,0.000000,-11.186274,0.000138,-0.003990,9.965000,6494,-12,31,3
27.883579,0.007936,-0.296533,-1.039476,0.000142,-0.012593,0.009407,-0.000112,-0.014755,0.007986,-0.002661,-0.000002,-0.000016,10.000000,21.000000,1.000000,-0.009635,0.000038,0.000000,0.000000,0.000000,-0.009934,1502.000000,0.000000,0.000000,0.000000,0.000000,27.882605,0.000000,0.187849,0.000000,-11.186274,0.000150,-0.003951,9.965000,6494,-11,31,3
27.885534,0.007937,-0.296559,-1.039457,0.000141,-0.012621,0.009423,-0.000108,-0.013904,0.007970,-0.002577,-0.000003,-0.000016,10.000000,21.000000,1.000000,-0.009635,0.000038,0.000000,0.000000,0.000000,-0.009934,1502.000000,0.000000,0.000000,0.000000,0.000000,27.884556,0.000000,0.187849,0.000000,-11.186274,0.000162,-0.003915,9.965000,6494,-11,31,3
27.887487,0.007937,-0.296584,-1.039438,0.000141,-0.012648,0.009438,-0.000104,-0.013072,0.007953,-0.002496,-0.000003,-0.000015,10.000000,21.000000,1.000000,-0.009635,0.000038,0.000000,0.000000,0.000000,-0.009934,1502.000000,0.000000,0.000000,0.000000,0.000000,27.886513,0.000000,0.187849,0.000000,-11.186274,0.000173,-0.003880,9.965000,6494,-11,31,3
27.889442,0.007937,-0.296609,-1.039420,0.000141,-0.012673,0.009454,-0.000100,-0.012259,0.007937,-0.002416,-0.000003,-0.000015,10.000000,21.000000,1.000000,-0.009635,0.000038,0.000000,0.000000,0.000000,-0.009934,1502.000000,0.000000,0.000000,0.000000,0.000000,27.888464,0.000000,0.187849,0.000000,-11.186274,0.000184,-0.003846,9.965000,6494,-11,31,3
27.891396,0.007937,-0.296635,-1.039401,0.000141,-0.012696,0.009470,-0.000095,-0.011463,0.007921,-0.002337,-0.000004,-0.000014,10.000000,21.000000,1.000000,-0.009635,0.000038,0.000000,0.000000,0.000000,-0.009934,1502.000000,0.000000,0.000000,0.000000,0.000000,27.890421,0.000000,0.187849,0.000000,-11.186274,0.000194,-0.003815,9.965000,6494,-11,31,2
27.893351,0.007938,-0.296660,-1.039382,0.000141,-0.012718,0.009486,-0.000091,-0.010684,0.007905,-0.002261,-0.000004,-0.000014,10.000000,21.000000,1.000000,-0.009635,0.000038,0.000000,0.000000,0.000000,-0.009934,1502.000000,0.000000,0.000000,0.000000,0.000000,27.892372,0.000000,0.187849,0.000000,-11.186274,0.000197,-0.003807,9.965000,6494,-11,31,2
27.895304,0.007938,-0.296686,-1.039363,0.000140,-0.012738,0.009502,-0.000086,-0.009924,0.007889,-0.002186,-0.000005,-0.000014,10.000000,21.000000,1.000000,-0.009635,0.000038,0.000000,0.000000,0.000000,-0.009934,1502.000000,0.000000,0.000000,0.000000,0.000000,27.894327,0.000000,0.187849,0.000000,-11.186274,0.000192,-0.003820,9.965000,6494,-11,31,2
27.897259,0.007938,-0.296711,-1.039343,0.000140,-0.012757,0.009518,-0.000081,-0.009181,0.007872,-0.002112,-0.000005,-0.000013,10.000000,21.000000,1.000000,-0.009635,0.000038,0.000000,0.000000,0.000000,-0.009934,1502.000000,0.000000,0.000000,0.000000,0.000000,27.896280,0.000000,0.187849,0.000000,-11.186274,0.000189,-0.003832,9.965000,6494,-11,31,2
27.899212,0.007939,-0.296737,-1.039324,0.000140,-0.012774,0.009533,-0.000076,-0.008455,0.007856,-0.002041,-0.000006,-0.000013,10.000000,21.000000,1.000000,-0.009635,0.000038,0.000000,0.000000,0.000000,-0.009934,1520.000000,0.000000,0.000000,0.000000,0.000000,27.898235,0.000000,0.187849,0.000000,-11.186274,0.000185,-0.003842,9.965000,6494,-11,31,2
27.901167,0.007939,-0.296762,-1.039305,0.000140,-0.012790,0.009549,-0.000071,-0.007746,0.007841,-0.001970,-0.000006,-0.000013,10.000000,21.000000,1.000000,0.011757,0.000035,0.000000,0.000000,0.067000,0.088637,1520.000000,0.000000,0.000000,0.000000,0.000000,27.900188,0.000000,-0.186770,0.000000,-8.075274,0.000183,0.004972,9.965000,6494,-9,31,2
27.903120,0.007939,-0.296788,-1.039286,0.000140,-0.012805,0.009565,-0.000065,-0.007053,0.007825,-0.001902,-0.000007,-0.000012,10.000000,21.000000,1.000000,0.011757,0.000035,0.000000,0.000000,0.000000,0.088637,1520.000000,0.000000,0.000000,0.000000,0.000000,27.902143,0.000000,-0.186770,0.000000,-8.075274,0.000181,0.004966,9.965000,6494,-9,31,2
27.905073,0.007939,-0.296814,-1.039267,0.000140,-0.012818,0.009580,-0.000060,-0.006375,0.007809,-0.001834,-0.000007,-0.000012,10.000000,21.000000,1.000000,0.011757,0.000035,0.000000,0.000000,0.000000,0.088637,1520.000000,0.000000,0.000000,0.000000,0.000000,27.904097,0.000000,-0.186770,0.000000,-8.075274,0.000179,0.004961,9.965000,6494,-8,31,2
27.907028,0.007940,-0.296839,-1.039248,0.000140,-0.012829,0.009596,-0.000055,-0.005714,0.007793,-0.001769,-0.000008,-0.000011,10.000000,21.000000,1.000000,0.011757,0.000035,0.000000,0.000000,0.000000,0.088637,1520.000000,0.000000,0.000000,0.000000,0.000000,27.906052,0.000000,-0.186770,0.000000,-8.075274,0.000178,0.004957,9.965000,6494,-8,32,2
27.908981,0.007940,-0.296865,-1.039229,0.000140,-0.012840,0.009611,-0.000050,-0.005068,0.007778,-0.001704,-0.000008,-0.000011,10.000000,21.000000,1.000000,0.011757,0.000035,0.000000,0.000000,0.000000,0.088637,1520.000000,0.000000,0.000000,0.000000,0.000000,27.908005,0.000000,-0.186770,0.000000,-8.075274,0.000177,0.004955,9.965000,6494,-8,32,2
27.910936,0.007940,-0.296891,-1.039209,0.000139,-0.012849,0.009627,-0.000045,-0.004437,0.007762,-0.001641,-0.000009,-0.000011,10.000000,21.000000,1.000000,0.011757,0.000035,0.000000,0.000000,0.000000,0.088637,1520.000000,0.000000,0.000000,0.000000,0.000000,27.909960,0.000000,-0.186770,0.000000,-8.075274,0.000177,0.004953,9.965000,6494,-8,32,2
27.912889,0.007941,-0.296916,-1.039190,0.000139,-0.012857,0.009642,-0.000040,-0.003820,0.007747,-0.001580,-0.000009,-0.000010,10.000000,21.000000,1.000000,0.011757,0.000035,0.000000,0.000000,0.000000,0.088637,1520.000000,0.000000,0.000000,0.000000,0.000000,27.911913,0.000000,-0.186770,0.000000,-8.075274,0.000177,0.004953,9.965000,6494,-9,32,2
27.914845,0.007941,-0.296942,-1.039171,0.000139,-0.012864,0.009658,-0.000035,-0.003217,0.007732,-0.001519,-0.000010,-0.000010,10.000000,21.000000,1.000000,0.011757,0.000035,0.000000,0.000000,0.000000,0.088637,1520.000000,0.000000,0.000000,0.000000,0.000000,27.913868,0.000000,-0.186770,0.000000,-8.075274,0.000177,0.004953,9.965000,6494,-9,32,2
27.916798,0.007941,-0.296968,-1.039151,0.000139,-0.012869,0.009673,-0.000030,-0.002628,0.007717,-0.001460,-0.000010,-0.000010,10.000000,21.000000,1.000000,0.011757,0.000035,0.000000,0.000000,0.000000,0.088637,1520.000000,0.000000,0.000000,0.000000,0.000000,27.915819,0.000000,-0.186770,0.000000,-8.075274,0.000177,0.004955,9.965000,6494,-9,32,2
27.918753,0.007941,-0.296994,-1.039132,0.000139,-0.012874,0.009689,-0.000025,-0.002053,0.007702,-0.001403,-0.000011,-0.000009,10.000000,21.000000,1.000000,0.011757,0.000035,0.000000,0.000000,0.000000,0.088637,1520.000000,0.000000,0.000000,0.000000,0.000000,27.917776,0.000000,-0.186770,0.000000,-8.075274,0.000178,0.004957,9.965000,6494,-9,32,2
27.920706,0.007942,-0.297019,-1.039113,0.000139,-0.012877,0.009704,-0.000021,-0.001492,0.007686,-0.001346,-0.000011,-0.000009,10.000000,21.000000,1.000000,0.011757,0.000035,0.000000,0.000000,0.000000,0.088637,1520.000000,0.000000,0.000000,0.000000,0.000000,27.919727,0.000000,-0.186770,0.000000,-8.075274,0.000179,0.004960,9.965000,6494,-9,32,2
27.922661,0.007942,-0.297045,-1.039093,0.000139,-0.012879,0.009720,-0.000018,-0.000943,0.007671,-0.001291,-0.000012,-0.000009,10.000000,21.000000,1.000000,0.011757,0.000035,0.000000,0.000000,0.000000,0.088637,1520.000000,0.000000,0.000000,0.000000,0.000000,27.921684,0.000000,-0.186770,0.000000,-8.075274,0.000180,0.004963,9.965000,6494,-9,32,2
27.924614,0.007942,-0.297071,-1.039074,0.000139,-0.012880,0.009735,-0.000014,-0.000408,0.007657,-0.001237,-0.000012,-0.000008,10.000000,21.000000,1.000000,0.011757,0.000035,0.000000,0.000000,0.000000,0.088637,1520.000000,0.000000,0.000000,0.000000,0.000000,27.923635,0.000000,-0.186770,0.000000,-8.075274,0.000181,0.004967,9.965000,6494,-9,32,2
27.926567,0.007942,-0.297097,-1.039054,0.000139,-0.012880,0.009750,-0.000011,0.000115,0.007642,-0.001184,-0.000012,-0.000008,10.000000,21.000000,1.000000,0.011757,0.000035,0.000000,0.000000,0.000000,0.088637,1520.000000,0.000000,0.000000,0.000000,0.000000,27.925592,0.000000,-0.186770,0.000000,-8.075274,0.000183,0.004972,9.965000,6494,-9,32,1
27.928522,0.007943,-0.297123,-1.039034,0.000139,-0.012879,0.009765,-0.000009,0.000626,0.007628,-0.001133,-0.000012,-0.000008,10.000000,21.000000,1.000000,0.011757,0.000035,0.000000,0.000000,0.000000,0.088637,1520.000000,0.000000,0.000000,0.000000,0.000000,27.927544,0.000000,-0.186770,0.000000,-8.075274,0.000177,0.004954,9.965000,6494,-8,31,1
27.930475,0.007943,-0.297148,-1.039015,0.000139,-0.012877,0.009781,-0.000007,0.001123,0.007613,-0.001082,-0.000013,-0.000007,10.000000,21.000000,1.000000,0.011757,0.000035,0.000000,0.000000,0.000000,0.088637,1520.000000,0.000000,0.000000,0.000000,0.000000,27.929501,0.000000,-0.186770,0.000000,-8.075274,0.000165,0.004916,9.965000,6494,-8,31,1
27.932430,0.007943,-0.297174,-1.038995,0.000139,-0.012874,0.009796,-0.000005,0.001608,0.007599,-0.001033,-0.000013,-0.000007,10.000000,21.000000,1.000000,0.011757,0.000035,0.000000,0.000000,0.000000,0.088637,1520.000000,0.000000,0.000000,0.000000,0.000000,27.931452,0.000000,-0.186770,0.000000,-8.075274,0.000154,0.004882,9.965000,6494,-8,31,1
27.934383,0.007944,-0.297200,-1.038976,0.000139,-0.012870,0.009811,-0.000004,0.002080,0.007585,-0.000985,-0.000013,-0.000007,10.000000,21.000000,1.000000,0.011757,0.000035,0.000000,0.000000,0.000000,0.088637,1520.000000,0.000000,0.000000,0.000000,0.000000,27.933409,0.000000,-0.186770,0.000000,-8.075274,0.000144,0.004851,9.965000,6494,-11,31,1
27.936338,0.007944,-0.297226,-1.038956,0.000139,-0.012865,0.009826,-0.000003,0.002540,0.007570,-0.000938,-0.000013,-0.000006,10.000000,21.000000,1.000000,0.011757,0.000035,0.000000,0.000000,0.000000,0.088637,1520.000000,0.000000,0.000000,0.000000,0.000000,27.935360,0.000000,-0.186770,0.000000,-8.075274,0.000135,0.004823,9.965000,6494,-11,31,1
27.938292,0.007944,-0.297251,-1.038936,0.000139,-0.012860,0.009841,-0.000003,0.002987,0.007555,-0.000892,-0.000013,-0.000006,10.000000,21.000000,1.000000,0.011757,0.000035,0.000000,0.000000,0.000000,0.088637,1520.000000,0.000000,0.000000,0.000000,0.000000,27.937317,0.000000,-0.186770,0.000000,-8.075274,0.000127,0.004797,9.965000,6494,-11,31,1
27.940247,0.007944,-0.297277,-1.038917,0.000139,-0.012853,0.009856,-0.000003,0.003422,0.007540,-0.000848,-0.000013,-0.000006,10.000000,21.000000,1.000000,0.011757,0.000035,0.000000,0.000000,0.000000,0.088637,1520.000000,0.000000,0.000000,0.000000,0.000000,27.939268,0.000000,-0.186770,0.000000,-8.075274,0.000119,0.004773,9.965000,6494,-11,31,1
27.942200,0.007945,-0.297303,-1.038897,0.000139,-0.012846,0.009871,-0.000003,0.003845,0.007526,-0.000804,-0.000013,-0.000006,10.000000,21.000000,1.000000,0.011757,0.000035,0.000000,0.000000,0.000000,0.088637,1520.000000,0.000000,0.000000,0.000000,0.000000,27.941223,0.000000,-0.186770,0.000000,-8.075274,0.000112,0.004751,9.965000,6494,-11,31,1
27.944155,0.007945,-0.297329,-1.038877,0.000139,-0.012837,0.009886,-0.000004,0.004254,0.007511,-0.000762,-0.000013,-0.000005,10.000000,21.000000,1.000000,0.011757,0.000035,0.000000,0.000000,0.000000,0.088637,1520.000000,0.000000,0.000000,0.000000,0.000000,27.943176,0.000000,-0.186770,0.000000,-8.075274,0.000106,0.004731,9.965000,6494,-11,31,1
27.946108,0.007945,-0.297354,-1.038857,0.000139,-0.012828,0.009901,-0.000005,0.004650,0.007496,-0.000722,-0.000013,-0.000005,10.000000,21.000000,1.000000,0.011757,0.000035,0.000000,0.000000,0.000000,0.088637,1520.000000,0.000000,0.000000,0.000000,0.000000,27.945131,0.000000,-0.186770,0.000000,-8.075274,0.000100,0.004712,9.965000,6494,-11,31,1
27.948063,0.007946,-0.297380,-1.038837,0.000139,-0.012818,0.009916,-0.000006,0.005034,0.007482,-0.000682,-0.000012,-0.000005,10.000000,21.000000,1.000000,0.011757,0.000035,0.000000,0.000000,0.000000,0.088637,1520.000000,0.000000,0.000000,0.000000,0.000000,27.947084,0.000000,-0.186770,0.000000,-8.075274,0.000095,0.004695,9.965000,6494,-10,31,1
27.950016,0.007946,-0.297406,-1.038818,0.000139,-0.012808,0.009931,-0.000008,0.005403,0.007468,-0.000644,-0.000012,-0.000005,10.000000,21.000000,1.000000,0.011757,0.000035,0.000000,0.000000,0.000000,0.088637,1520.000000,0.000000,0.000000,0.000000,0.000000,27.949039,0.000000,-0.186770,0.000000,-8.075274,0.000090,0.004680,9.965000,6494,-10,31,1
27.951969,0.007946,-0.297431,-1.038798,0.000139,-0.012796,0.009946,-0.000009,0.005760,0.007454,-0.000607,-0.000012,-0.000005,10.000000,21.000000,1.000000,0.011757,0.000035,0.000000,0.000000,0.000000,0.088637,1520.000000,0.000000,0.000000,0.000000,0.000000,27.950993,0.000000,-0.186770,0.000000,-8.075274,0.000085,0.004665,9.965000,6494,-10,31,1
27.953924,0.007946,-0.297457,-1.038778,0.000139,-0.012784,0.009961,-0.000011,0.006104,0.007439,-0.000571,-0.000012,-0.000005,10.000000,21.000000,1.000000,0.011757,0.000035,0.000000,0.000000,0.000000,0.088637,1520.000000,0.000000,0.000000,0.000000,0.000000,27.952948,0.000000,-0.186770,0.000000,-8.075274,0.000081,0.004652,9.965000,6494,-10,31,1
27.955877,0.007947,-0.297482,-1.038758,0.000139,-0.012772,0.009976,-0.000013,0.006434,0.007425,-0.000537,-0.000012,-0.000004,10.000000,21.000000,1.000000,0.011757,0.000035,0.000000,0.000000,0.000000,0.088637,1520.000000,0.000000,0.000000,0.000000,0.000000,27.954901,0.000000,-0.186770,0.000000,-8.075274,0.000077,0.004640,9.965000,6494,-10,31,1
27.957832,0.007947,-0.297508,-1.038738,0.000139,-0.012758,0.009991,-0.000016,0.006752,0.007412,-0.000504,-0.000011,-0.000004,10.000000,21.000000,1.000000,0.011757,0.000035,0.000000,0.000000,0.000000,0.088637,1520.000000,0.000000,0.000000,0.000000,0.000000,27.956856,0.000000,-0.186770,0.000000,-8.075274,0.000073,0.004629,9.965000,6494,-10,31,1
27.959785,0.007947,-0.297533,-1.038718,0.000139,-0.012744,0.010006,-0.000018,0.007056,0.007398,-0.000472,-0.000011,-0.000004,10.000000,21.000000,1.000000,0.009236,0.000035,0.000000,0.000000,0.066000,0.000000,1520.000000,0.000000,0.000000,0.000000,0.000000,27.958809,0.000000,-0.306105,0.000000,-5.506205,0.000070,0.007429,9.965000,6494,-7,31,1
27.961740,0.007947,-0.297559,-1.038698,0.000139,-0.012730,0.010020,-0.000021,0.007347,0.007384,-0.000442,-0.000011,-0.000004,10.000000,21.000000,1.000000,0.009236,0.000035,0.000000,0.000000,0.000000,0.000000,1520.000000,0.000000,0.000000,0.000000,0.000000,27.960764,0.000000,-0.306105,0.000000,-5.506205,0.000067,0.007420,9.965000,6494,-6,31,1
27.963694,0.007948,-0.297584,-1.038678,0.000139,-0.012715,0.010035,-0.000024,0.007626,0.007370,-0.000412,-0.000011,-0.000004,10.000000,21.000000,1.000000,0.009236,0.000035,0.000000,0.000000,0.000000,0.000000,1520.000000,0.000000,0.000000,0.000000,0.000000,27.962715,0.000000,-0.306105,0.000000,-5.506205,0.000065,0.007411,9.965000,6494,-6,31,1
27.965649,0.007948,-0.297610,-1.038658,0.000139,-0.012699,0.010050,-0.000027,0.007893,0.007356,-0.000384,-0.000010,-0.000004,10.000000,21.000000,1.000000,0.009236,0.000035,0.000000,0.000000,0.000000,0.000000,1520.000000,0.000000,0.000000,0.000000,0.000000,27.964672,0.000000,-0.306105,0.000000,-5.506205,0.000062,0.007404,9.965000,6494,-6,31,1
27.967602,0.007948,-0.297635,-1.038637,0.000139,-0.012683,0.010065,-0.000030,0.008148,0.007342,-0.000357,-0.000010,-0.000004,10.000000,21.000000,1.000000,0.009236,0.000035,0.000000,0.000000,0.000000,0.000000,1520.000000,0.000000,0.000000,0.000000,0.000000,27.966623,0.000000,-0.306105,0.000000,-5.506205,0.000060,0.007398,9.965000,6494,-6,31,1
27.969557,0.007949,-0.297661,-1.038617,0.000139,-0.012666,0.010079,-0.000034,0.008391,0.007328,-0.000331,-0.000010,-0.000003,10.000000,21.000000,1.000000,0.009236,0.000035,0.000000,0.000000,0.000000,0.000000,1520.000000,0.000000,0.000000,0.000000,0.000000,27.968580,0.000000,-0.306105,0.000000,-5.506205,0.000058,0.007392,9.965000,6494,-5,31,1
27.971510,0.007949,-0.297686,-1.038597,0.000138,-0.012649,0.010094,-0.000037,0.008624,0.007314,-0.000306,-0.000009,-0.000003,10.000000,21.000000,1.000000,0.009236,0.000035,0.000000,0.000000,0.000000,0.000000,1520.000000,0.000000,0.000000,0.000000,0.000000,27.970531,0.000000,-0.306105,0.000000,-5.506205,0.000057,0.007388,9.965000,6494,-5,31,1
27.973465,0.007949,-0.297711,-1.038577,0.000138,-0.012631,0.010108,-0.000041,0.008846,0.007300,-0.000282,-0.000009,-0.000003,10.000000,21.000000,1.000000,0.009236,0.000035,0.000000,0.000000,0.000000,0.000000,1520.000000,0.000000,0.000000,0.000000,0.000000,27.972488,0.000000,-0.306105,0.000000,-5.506205,0.000056,0.007383,9.965000,6494,-5,31,1
27.975418,0.007949,-0.297737,-1.038556,0.000138,-0.012613,0.010123,-0.000045,0.009058,0.007286,-0.000260,-0.000008,-0.000003,10.000000,21.000000,1.000000,0.009236,0.000035,0.000000,0.000000,0.000000,0.000000,1520.000000,0.000000,0.000000,0.000000,0.000000,27.974440,0.000000,-0.306105,0.000000,-5.506205,0.000055,0.007380,9.965000,6494,-5,31,1
27.977371,0.007950,-0.297762,-1.038536,0.000138,-0.012595,0.010138,-0.000049,0.009260,0.007272,-0.000238,-0.000008,-0.000003,10.000000,21.000000,1.000000,0.009236,0.000035,0.000000,0.000000,0.000000,0.000000,1520.000000,0.000000,0.000000,0.000000,0.000000,27.976397,0.000000,-0.306105,0.000000,-5.506205,0.000054,0.007377,9.965000,6494,-5,31,1
27.979326,0.007950,-0.297787,-1.038516,0.000138,-0.012576,0.010152,-0.000052,0.009453,0.007258,-0.000217,-0.000008,-0.000003,10.000000,21.000000,1.000000,0.009236,0.000035,0.000000,0.000000,0.000000,0.000000,1520.000000,0.000000,0.000000,0.000000,0.000000,27.978348,0.000000,-0.306105,0.000000,-5.506205,0.000053,0.007375,9.965000,6494,-4,31,1
27.981279,0.007950,-0.297812,-1.038496,0.000138,-0.012557,0.010167,-0.000056,0.009637,0.007245,-0.000196,-0.000007,-0.000003,10.000000,21.000000,1.000000,0.009236,0.000035,0.000000,0.000000,0.000000,0.000000,1520.000000,0.000000,0.000000,0.000000,0.000000,27.980305,0.000000,-0.306105,0.000000,-5.506205,0.000052,0.007373,9.965000,6494,-4,31,1
27.983234,0.007951,-0.297837,-1.038475,0.000138,-0.012537,0.010181,-0.000059,0.009812,0.007232,-0.000177,-0.000007,-0.000003,10.000000,21.000000,1.000000,0.009236,0.000035,0.000000,0.000000,0.000000,0.000000,1520.000000,0.000000,0.000000,0.000000,0.000000,27.982256,0.000000,-0.306105,0.000000,-5.506205,0.000052,0.007371,9.965000,6494,-4,31,1
27.985188,0.007951,-0.297862,-1.038455,0.000138,-0.012518,0.010196,-0.000063,0.009978,0.007219,-0.000159,-0.000006,-0.000003,10.000000,21.000000,1.000000,0.009236,0.000035,0.000000,0.000000,0.000000,0.000000,1520.000000,0.000000,0.000000,0.000000,0.000000,27.984213,0.000000,-0.306105,0.000000,-5.506205,0.000051,0.007370,9.965000,6494,-4,31,1
27.987143,0.007951,-0.297887,-1.038434,0.000138,-0.012497,0.010210,-0.000066,0.010137,0.007205,-0.000141,-0.000006,-0.000003,10.000000,21.000000,1.000000,0.009236,0.000035,0.000000,0.000000,0.000000,0.000000,1520.000000,0.000000,0.000000,0.000000,0.000000,27.986164,0.000000,-0.306105,0.000000,-5.506205,0.000051,0.007370,9.965000,6494,-4,31,1
27.989096,0.007951,-0.297912,-1.038414,0.000137,-0.012477,0.010224,-0.000070,0.010287,0.007192,-0.000124,-0.000006,-0.000002,10.000000,21.000000,1.000000,0.009236,0.000035,0.000000,0.000000,0.000000,0.000000,1520.000000,0.000000,0.000000,0.000000,0.000000,27.988119,0.000000,-0.306105,0.000000,-5.506205,0.000051,0.007369,9.965000,6494,-3,31,1
27.991051,0.007952,-0.297937,-1.038393,0.000137,-0.012456,0.010239,-0.000073,0.010429,0.007179,-0.000108,-0.000005,-0.000002,10.000000,21.000000,1.000000,0.009236,0.000035,0.000000,0.000000,0.000000,0.000000,1520.000000,0.000000,0.000000,0.000000,0.000000,27.990072,0.000000,-0.306105,0.000000,-5.506205,0.000051,0.007369,9.965000,6494,-3,31,1
27.993004,0.007952,-0.297962,-1.038373,0.000137,-0.012435,0.010253,-0.000076,0.010565,0.007166,-0.000092,-0.000005,-0.000002,10.000000,21.000000,1.000000,0.009236,0.000035,0.000000,0.000000,0.000000,0.000000,1520.000000,0.000000,0.000000,0.000000,0.000000,27.992027,0.000000,-0.306105,0.000000,-5.506205,0.000051,0.007370,9.965000,6494,-3,31,1
27.994959,0.007952,-0.297987,-1.038352,0.000137,-0.012414,0.010267,-0.000080,0.010693,0.007153,-0.000077,-0.000005,-0.000002,10.000000,21.000000,1.000000,0.009236,0.000035,0.000000,0.000000,0.000000,0.000000,1520.000000,0.000000,0.000000,0.000000,0.000000,27.993980,0.000000,-0.306105,0.000000,-5.506205,0.000052,0.007371,9.965000,6494,-3,31,1
27.996912,0.007952,-0.298012,-1.038332,0.000137,-0.012392,0.010282,-0.000083,0.010815,0.007140,-0.000063,-0.000004,-0.000002,10.000000,21.000000,1.000000,0.009236,0.000035,0.000000,0.000000,0.000000,0.000000,1520.000000,0.000000,0.000000,0.000000,0.000000,27.995935,0.000000,-0.306105,0.000000,-5.506205,0.000052,0.007372,9.965000,6494,-3,31,1
27.998865,0.007953,-0.298037,-1.038311,0.000137,-0.012370,0.010296,-0.000086,0.010930,0.007126,-0.000050,-0.000004,-0.000002,10.000000,21.000000,1.000000,0.009236,0.000035,0.000000,0.000000,0.000000,0.000000,1520.000000,0.000000,0.000000,0.000000,0.000000,27.997889,0.000000,-0.306105,0.000000,-5.506205,0.000053,0.007374,9.965000,6494,-3,31,1
28.000820,0.007953,-0.298061,-1.038291,0.000136,-0.012348,0.010310,-0.000090,0.011039,0.007113,-0.000037,-0.000004,-0.000002,10.000000,21.000000,1.000000,0.009236,0.000035,0.000000,0.000000,0.000000,0.000000,1520.000000,0.000000,0.000000,0.000000,0.000000,27.999844,0.000000,-0.306105,0.000000,-5.506205,0.000053,0.007376,9.965000,6494,-2,31,1
28.002773,0.007953,-0.298086,-1.038270,0.000136,-0.012326,0.010324,-0.000093,0.011142,0.007100,-0.000024,-0.000003,-0.000002,10.000000,21.000000,1.000000,0.009236,0.000035,0.000000,0.000000,0.000000,0.000000,1520.000000,0.000000,0.000000,0.000000,0.000000,28.001797,0.000000,-0.306105,0.000000,-5.506205,0.000054,0.007378,9.965000,6494,-2,31,1
28.004728,0.007954,-0.298111,-1.038249,0.000136,-0.012304,0.010339,-0.000097,0.011240,0.007087,-0.000013,-0.000003,-0.000002,10.000000,21.000000,1.000000,0.009236,0.000035,0.000000,0.000000,0.000000,0.000000,1520.000000,0.000000,0.000000,0.000000,0.000000,28.003752,0.000000,-0.306105,0.000000,-5.506205,0.000055,0.007380,9.965000,6494,-2,31,1
28.006681,0.007954,-0.298135,-1.038228,0.000136,-0.012281,0.010353,-0.000100,0.011332,0.007074,-0.000001,-0.000002,-0.000001,10.000000,21.000000,1.000000,0.009236,0.000035,0.000000,0.000000,0.000000,0.000000,1520.000000,0.000000,0.000000,0.000000,0.000000,28.005705,0.000000,-0.306105,0.000000,-5.506205,0.000056,0.007383,9.965000,6494,-2,31,1
28.008636,0.007954,-0.298160,-1.038208,0.000136,-0.012258,0.010367,-0.000104,0.011420,0.007061,0.000010,-0.000002,-0.000001,10.000000,21.000000,1.000000,0.009236,0.000035,0.000000,0.000000,0.000000,0.000000,1520.000000,0.000000,0.000000,0.000000,0.000000,28.007660,0.000000,-0.306105,0.000000,-5.506205,0.000057,0.007386,9.965000,6494,-2,31,1
28.010590,0.007954,-0.298184,-1.038187,0.000135,-0.012235,0.010381,-0.000107,0.011503,0.007048,0.000020,-0.000002,-0.000001,10.000000,21.000000,1.000000,0.009236,0.000035,0.000000,0.000000,0.000000,0.000000,1520.000000,0.000000,0.000000,0.000000,0.000000,28.009611,0.000000,-0.306105,0.000000,-5.506205,0.000058,0.007390,9.965000,6494,-2,31,1
28.012545,0.007955,-0.298209,-1.038166,0.000135,-0.012212,0.010395,-0.000111,0.011581,0.007035,0.000030,-0.000001,-0.000001,10.000000,21.000000,1.000000,0.009236,0.000035,0.000000,0.000000,0.000000,0.000000,1520.000000,0.000000,0.000000,0.000000,0.000000,28.011568,0.000000,-0.306105,0.000000,-5.506205,0.000059,0.007393,9.965000,6494,-2,31,1
28.014498,0.007955,-0.298233,-1.038145,0.000135,-0.012189,0.010409,-0.000115,0.011656,0.007022,0.000040,-0.000001,-0.000001,10.000000,21.000000,1.000000,0.009236,0.000035,0.000000,0.000000,0.000000,0.000000,1520.000000,0.000000,0.000000,0.000000,0.000000,28.013519,0.000000,-0.306105,0.000000,-5.506205,0.000060,0.007397,9.965000,6494,-2,31,1
28.016453,0.007955,-0.298258,-1.038124,0.000135,-0.012165,0.010423,-0.000119,0.011727,0.007009,0.000049,-0.000000,-0.000001,10.000000,21.000000,1.000000,0.009236,0.000035,0.000000,0.000000,0.000000,0.000000,1520.000000,0.000000,0.000000,0.000000,0.000000,28.015476,0.000000,-0.306105,0.000000,-5.506205,0.000061,0.007401,9.965000,6494,-1,31,1
28.018406,0.007955,-0.298282,-1.038103,0.000135,-0.012142,0.010437,-0.000123,0.011794,0.006996,0.000058,-0.000000,-0.000001,10.000000,21.000000,1.000000,0.007226,0.000034,0.000000,0.000000,0.067000,0.000000,1520.000000,0.000000,0.000000,0.000000,0.000000,28.017427,0.000000,-0.307730,0.000000,-3.561135,0.000062,0.007443,9.965000,6494,-1,31,1
28.020361,0.007956,-0.298306,-1.038083,0.000134,-0.012118,0.010451,-0.000127,0.011857,0.006983,0.000067,0.000000,-0.000001,10.000000,21.000000,1.000000,0.007226,0.000034,0.000000,0.000000,0.000000,0.000000,1520.000000,0.000000,0.000000,0.000000,0.000000,28.019384,0.000000,-0.307730,0.000000,-3.561135,0.000064,0.007447,9.965000,6494,-1,31,1
28.022314,0.007956,-0.298330,-1.038062,0.000134,-0.012094,0.010465,-0.000131,0.011917,0.006971,0.000075,0.000001,-0.000000,10.000000,21.000000,1.000000,0.007226,0.000034,0.000000,0.000000,0.000000,0.000000,1520.000000,0.000000,0.000000,0.000000,0.000000,28.021336,0.000000,-0.307730,0.000000,-3.561135,0.000065,0.007451,9.965000,6494,-1,31,1
28.024267,0.007956,-0.298355,-1.038041,0.000134,-0.012071,0.010479,-0.000135,0.011974,0.006958,0.000083,0.000001,-0.000000,10.000000,21.000000,1.000000,0.007226,0.000034,0.000000,0.000000,0.000000,0.000000,1520.000000,0.000000,0.000000,0.000000,0.000000,28.023293,0.000000,-0.307730,0.000000,-3.561135,0.000067,0.007456,9.965000,6494,-1,31,1
28.026222,0.007956,-0.298379,-1.038020,0.000134,-0.012046,0.010493,-0.000139,0.012028,0.006945,0.000090,0.000002,-0.000000,10.000000,21.000000,1.000000,0.007226,0.000034,0.000000,0.000000,0.000000,0.000000,1520.000000,0.000000,0.000000,0.000000,0.000000,28.025244,0.000000,-0.307730,0.000000,-3.561135,0.000068,0.007460,9.965000,6494,-1,31,1
28.028175,0.007957,-0.298403,-1.037999,0.000133,-0.012022,0.010507,-0.000143,0.012079,0.006932,0.000098,0.000002,-0.000000,10.000000,21.000000,1.000000,0.007226,0.000034,0.000000,0.000000,0.000000,0.000000,1520.000000,0.000000,0.000000,0.000000,0.000000,28.027201,0.000000,-0.307730,0.000000,-3.561135,0.000069,0.007465,9.965000,6494,-1,31,1
28.030130,0.007957,-0.298427,-1.037978,0.000133,-0.011998,0.010521,-0.000148,0.012127,0.006919,0.000105,0.000003,0.000000,10.000000,21.000000,1.000000,0.007226,0.000034,0.000000,0.000000,0.000000,0.000000,1520.000000,0.000000,0.000000,0.000000,0.000000,28.029152,0.000000,-0.307730,0.000000,-3.561135,0.000071,0.007470,9.965000,6494,-1,31,1
28.032084,0.007957,-0.298451,-1.037956,0.000133,-0.011974,0.010534,-0.000152,0.012172,0.006907,0.000112,0.000003,0.000000,10.000000,21.000000,1.000000,0.007226,0.000034,0.000000,0.000000,0.000000,0.000000,1520.000000,0.000000,0.000000,0.000000,0.000000,28.031109,0.000000,-0.307730,0.000000,-3.561135,0.000072,0.007475,9.965000,6494,-1,31,1
28.034039,0.007958,-0.298475,-1.037935,0.000132,-0.011949,0.010548,-0.000157,0.012215,0.006894,0.000118,0.000004,0.000000,10.000000,21.000000,1.000000,0.007226,0.000034,0.000000,0.000000,0.000000,0.000000,1520.000000,0.000000,0.000000,0.000000,0.000000,28.033060,0.000000,-0.307730,0.000000,-3.561135,0.000074,0.007480,9.965000,6494,-1,31,1
28.035992,0.007958,-0.298499,-1.037914,0.000132,-0.011925,0.010562,-0.000162,0.012255,0.006881,0.000124,0.000004,0.000001,10.000000,21.000000,1.000000,0.007226,0.000034,0.000000,0.000000,0.000000,0.000000,1520.000000,0.000000,0.000000,0.000000,0.000000,28.035015,0.000000,-0.307730,0.000000,-3.561135,0.000076,0.007485,9.965000,6494,-1,31,1
28.037947,0.007958,-0.298522,-1.037893,0.000132,-0.011900,0.010576,-0.000166,0.012292,0.006868,0.000130,0.000005,0.000001,10.000000,21.000000,1.000000,0.007226,0.000034,0.000000,0.000000,0.000000,0.000000,1520.000000,0.000000,0.000000,0.000000,0.000000,28.036968,0.000000,-0.307730,0.000000,-3.561135,0.000077,0.007490,9.965000,6494,-1,31,1
28.039900,0.007958,-0.298546,-1.037872,0.000131,-0.011876,0.010589,-0.000171,0.012328,0.006855,0.000136,0.000005,0.000001,10.000000,21.000000,1.000000,0.007226,0.000034,0.000000,0.000000,0.000000,0.000000,1520.000000,0.000000,0.000000,0.000000,0.000000,28.038923,0.000000,-0.307730,0.000000,-3.561135,0.000079,0.007495,9.965000,6494,-1,31,1
28.041855,0.007959,-0.298570,-1.037851,0.000131,-0.011851,0.010603,-0.000176,0.012360,0.006843,0.000142,0.000006,0.000001,10.000000,21.000000,1.000000,0.007226,0.000034,0.000000,0.000000,0.000000,0.000000,1520.000000,0.000000,0.000000,0.000000,0.000000,28.040876,0.000000,-0.307730,0.000000,-3.561135,0.000081,0.007500,9.965000,6494,-1,31,1
28.043808,0.007959,-0.298594,-1.037829,0.000131,-0.011826,0.010617,-0.000181,0.012391,0.006830,0.000147,0.000006,0.000001,10.000000,21.000000,1.000000,0.007226,0.000034,0.000000,0.000000,0.000000,0.000000,1520.000000,0.000000,0.000000,0.000000,0.000000,28.042831,0.000000,-0.307730,0.000000,-3.561135,0.000082,0.007505,9.965000,6494,-1,30,1
28.045761,0.007959,-0.298617,-1.037808,0.000130,-0.011801,0.010630,-0.000186,0.012419,0.006817,0.000152,0.000007,0.000001,10.000000,21.000000,1.000000,0.007226,0.000034,0.000000,0.000000,0.000000,0.000000,1520.000000,0.000000,0.000000,0.000000,0.000000,28.044785,0.000000,-0.307730,0.000000,-3.561135,0.000084,0.007510,9.965000,6494,-1,30,1
28.047716,0.007959,-0.298641,-1.037787,0.000130,-0.011777,0.010644,-0.000192,0.012445,0.006804,0.000157,0.000008,0.000001,10.000000,21.000000,1.000000,0.007226,0.000034,0.000000,0.000000,0.000000,0.000000,1520.000000,0.000000,0.000000,0.000000,0.000000,28.046740,0.000000,-0.307730,0.000000,-3.561135,0.000086,0.007516,9.965000,6494,-1,30,1
28.049669,0.007960,-0.298664,-1.037766,0.000129,-0.011752,0.010658,-0.000197,0.012469,0.006791,0.000162,0.000008,0.000002,10.000000,21.000000,1.000000,0.007226,0.000034,0.000000,0.000000,0.000000,0.000000,1520.000000,0.000000,0.000000,0.000000,0.000000,28.048693,0.000000,-0.307730,0.000000,-3.561135,0.000087,0.007521,9.965000,6494,-1,30,1
28.051624,0.007960,-0.298688,-1.037744,0.000129,-0.011727,0.010671,-0.000202,0.012491,0.006778,0.000167,0.000009,0.000002,10.000000,21.000000,1.000000,0.007226,0.000034,0.000000,0.000000,0.000000,0.000000,1520.000000,0.000000,0.000000,0.000000,0.000000,28.050648,0.000000,-0.307730,0.000000,-3.561135,0.000089,0.007527,9.965000,6494,-1,30,1
28.053577,0.007960,-0.298711,-1.037723,0.000129,-0.011702,0.010685,-0.000207,0.012512,0.006765,0.000171,0.000009,0.000002,10.000000,21.000000,1.000000,0.007226,0.000034,0.000000,0.000000,0.000000,0.000000,1520.000000,0.000000,0.000000,0.000000,0.000000,28.052601,0.000000,-0.307730,0.000000,-3.561135,0.000091,0.007533,9.965000,6494,0,30,1
28.055532,0.007960,-0.298735,-1.037701,0.000128,-0.011677,0.010698,-0.000212,0.012530,0.006752,0.000175,0.000010,0.000002,10.000000,21.000000,1.000000,0.007226,0.000034,0.000000,0.000000,0.000000,0.000000,1520.000000,0.000000,0.000000,0.000000,0.000000,28.054556,0.000000,-0.307730,0.000000,-3.561135,0.000093,0.007538,9.965000,6494,0,30,1
28.057486,0.007961,-0.298758,-1.037680,0.000128,-0.011651,0.010712,-0.000217,0.012547,0.006739,0.000179,0.000010,0.000002,10.000000,21.000000,1.000000,0.007226,0.000034,0.000000,0.000000,0.000000,0.000000,1520.000000,0.000000,0.000000,0.000000,0.000000,28.056507,0.000000,-0.307730,0.000000,-3.561135,0.000095,0.007544,9.965000,6494,0,30,1
28.059441,0.007961,-0.298781,-1.037658,0.000127,-0.011626,0.010725,-0.000221,0.012563,0.006726,0.000183,0.000011,0.000003,10.000000,21.000000,1.000000,0.007226,0.000034,0.000000,0.000000,0.000000,0.000000,1520.000000,0.000000,0.000000,0.000000,0.000000,28.058464,0.000000,-0.307730,0.000000,-3.561135,0.000097,0.007550,9.965000,6494,0,30,0
28.061394,0.007961,-0.298805,-1.037637,0.000127,-0.011601,0.010739,-0.000225,0.012579,0.006713,0.000187,0.000011,0.000003,10.000000,21.000000,1.000000,0.007226,0.000034,0.000000,0.000000,0.000000,0.000000,1520.000000,0.000000,0.000000,0.000000,0.000000,28.060415,0.000000,-0.307730,0.000000,-3.561135,0.000091,0.007534,9.965000,6494,0,30,0
28.063349,0.007961,-0.298828,-1.037615,0.000126,-0.011576,0.010752,-0.000229,0.012592,0.006700,0.000190,0.000012,0.000003,10.000000,21.000000,1.000000,0.007226,0.000034,0.000000,0.000000,0.000000,0.000000,1520.000000,0.000000,0.000000,0.000000,0.000000,28.062372,0.000000,-0.307730,0.000000,-3.561135,0.000080,0.007497,9.965000,6494,0,30,0
28.065302,0.007962,-0.298851,-1.037594,0.000126,-0.011551,0.010765,-0.000232,0.012604,0.006687,0.000194,0.000012,0.000003,10.000000,21.000000,1.000000,0.007226,0.000034,0.000000,0.000000,0.000000,0.000000,1520.000000,0.000000,0.000000,0.000000,0.000000,28.064323,0.000000,-0.307730,0.000000,-3.561135,0.000069,0.007464,9.965000,6494,0,30,0
28.067257,0.007962,-0.298874,-1.037572,0.000126,-0.011526,0.010779,-0.000235,0.012615,0.006675,0.000198,0.000012,0.000003,10.000000,21.000000,1.000000,0.007226,0.000034,0.000000,0.000000,0.000000,0.000000,1520.000000,0.000000,0.000000,0.000000,0.000000,28.066280,0.000000,-0.307730,0.000000,-3.561135,0.000059,0.007433,9.965000,6494,0,30,0
28.069210,0.007962,-0.298897,-1.037551,0.000125,-0.011500,0.010792,-0.000237,0.012625,0.006662,0.000201,0.000013,0.000003,10.000000,21.000000,1.000000,0.007226,0.000034,0.000000,0.000000,0.000000,0.000000,1520.000000,0.000000,0.000000,0.000000,0.000000,28.068232,0.000000,-0.307730,0.000000,-3.561135,0.000050,0.007405,9.965000,6494,0,30,0
28.071163,0.007962,-0.298920,-1.037529,0.000125,-0.011475,0.010805,-0.000239,0.012634,0.006650,0.000204,0.000013,0.000003,10.000000,21.000000,1.000000,0.007226,0.000034,0.000000,0.000000,0.000000,0.000000,1520.000000,0.000000,0.000000,0.000000,0.000000,28.070189,0.000000,-0.307730,0.000000,-3.561135,0.000042,0.007379,9.965000,6494,0,30,0
28.073118,0.007963,-0.298943,-1.037507,0.000124,-0.011450,0.010819,-0.000241,0.012642,0.006637,0.000207,0.000013,0.000003,10.000000,21.000000,1.000000,0.007226,0.000034,0.000000,0.000000,0.000000,0.000000,1520.000000,0.000000,0.000000,0.000000,0.000000,28.072140,0.000000,-0.307730,0.000000,-3.561135,0.000034,0.007355,9.965000,6494,0,30,0
28.075071,0.007963,-0.298966,-1.037486,0.000124,-0.011425,0.010832,-0.000242,0.012650,0.006625,0.000211,0.000013,0.000003,10.000000,21.000000,1.000000,0.007226,0.000034,0.000000,0.000000,0.000000,0.000000,1520.000000,0.000000,0.000000,0.000000,0.000000,28.074097,0.000000,-0.307730,0.000000,-3.561135,0.000028,0.007334,9.965000,6494,0,30,0
28.077026,0.007963,-0.298989,-1.037464,0.000123,-0.011399,0.010845,-0.000242,0.012658,0.006613,0.000214,0.000013,0.000004,10.000000,21.000000,1.000000,0.007226,0.000034,0.000000,0.000000,0.000000,0.000000,1520.000000,0.000000,0.000000,0.000000,0.000000,28.076048,0.000000,-0.307730,0.000000,-3.561135,0.000021,0.007314,9.965000,6494,0,31,0
28.078979,0.007963,-0.299011,-1.037442,0.000123,-0.011374,0.010858,-0.000243,0.012664,0.006600,0.000217,0.000013,0.000004,10.000000,21.000000,1.000000,0.007226,0.000034,0.000000,0.000000,0.000000,0.000000,1520.000000,0.000000,0.000000,0.000000,0.000000,28.078005,0.000000,-0.307730,0.000000,-3.561135,0.000015,0.007295,9.965000,6494,0,31,0
28.080935,0.007964,-0.299034,-1.037421,0.000122,-0.011349,0.010871,-0.000242,0.012670,0.006588,0.000220,0.000013,0.000004,10.000000,21.000000,1.000000,0.007226,0.000034,0.000000,0.000000,0.000000,0.000000,1520.000000,0.000000,0.000000,0.000000,0.000000,28.079956,0.000000,-0.307730,0.000000,-3.561135,0.000010,0.007278,9.965000,6494,0,31,0
28.082888,0.007964,-0.299057,-1.037399,0.000122,-0.011323,0.010885,-0.000241,0.012676,0.006576,0.000223,0.000013,0.000004,10.000000,21.000000,1.000000,0.007226,0.000034,0.000000,0.000000,0.000000,0.000000,1520.000000,0.000000,0.000000,0.000000,0.000000,28.081911,0.000000,-0.307730,0.000000,-3.561135,0.000005,0.007263,9.965000,6494,0,31,0
28.084843,0.007964,-0.299080,-1.037377,0.000121,-0.011298,0.010898,-0.000240,0.012682,0.006564,0.000226,0.000013,0.000004,10.000000,21.000000,1.000000,0.007226,0.000034,0.000000,0.000000,0.000000,0.000000,1520.000000,0.000000,0.000000,0.000000,0.000000,28.083864,0.000000,-0.307730,0.000000,-3.561135,0.000000,0.007248,9.965000,6494,0,31,0
28.086796,0.007964,-0.299102,-1.037355,0.000121,-0.011272,0.010911,-0.000239,0.012687,0.006552,0.000229,0.000013,0.000004,10.000000,21.000000,1.000000,0.007226,0.000034,0.000000,0.000000,0.000000,0.000000,1520.000000,0.000000,0.000000,0.000000,0.000000,28.085819,0.000000,-0.307730,0.000000,-3.561135,-0.000004,0.007235,9.965000,6494,0,31,0
28.088751,0.007965,-0.299125,-1.037333,0.000120,-0.011247,0.010924,-0.000236,0.012691,0.006540,0.000232,0.000013,0.000004,10.000000,21.000000,1.000000,0.007226,0.000034,0.000000,0.000000,0.000000,0.000000,1520.000000,0.000000,0.000000,0.000000,0.000000,28.087772,0.000000,-0.307730,0.000000,-3.561135,-0.000008,0.007222,9.965000,6494,0,31,0
28.090704,0.007965,-0.299147,-1.037311,0.000120,-0.011222,0.010937,-0.000234,0.012696,0.006527,0.000234,0.000012,0.000004,10.000000,21.000000,1.000000,0.007226,0.000034,0.000000,0.000000,0.000000,0.000000,1520.000000,0.000000,0.000000,0.000000,0.000000,28.089727,0.000000,-0.307730,0.000000,-3.561135,-0.000012,0.007211,9.965000,6494,0,31,0
28.092657,0.007965,-0.299170,-1.037290,0.000119,-0.011196,0.010950,-0.000231,0.012700,0.006515,0.000237,0.000012,0.000003,10.000000,21.000000,1.000000,0.007226,0.000034,0.000000,0.000000,0.000000,0.000000,1520.000000,0.000000,0.000000,0.000000,0.000000,28.091681,0.000000,-0.307730,0.000000,-3.561135,-0.000015,0.007200,9.965000,6494,0,31,0
28.094612,0.007965,-0.299192,-1.037268,0.000119,-0.011171,0.010963,-0.000227,0.012704,0.006502,0.000240,0.000012,0.000003,10.000000,21.000000,0.000000,0.007226,0.000034,0.000000,0.000000,0.000000,0.000000,1468.000000,0.000000,0.000000,0.000000,0.000000,28.093636,0.000000,-0.307730,0.000000,-3.561135,-0.000018,0.007190,9.965000,6494,-1,31,0
28.096565,0.007966,-0.299214,-1.037246,0.000118,-0.011145,0.010976,-0.000223,0.012707,0.006491,0.000243,0.000011,0.000003,10.000000,21.000000,0.000000,-0.050378,0.000030,0.000000,0.000000,0.067000,-0.262046,1468.000000,0.000000,0.000000,0.000000,0.000000,28.095589,-14.925366,-9.436343,-222.766556,-68.007652,-0.000021,0.222160,9.965000,6496,192,31,0
28.098520,0.007966,-0.299237,-1.037224,0.000118,-0.011120,0.010989,-0.000218,0.012711,0.006268,0.000246,0.000011,0.000003,10.000000,21.000000,0.000000,-0.050378,0.000030,0.000000,0.000000,0.000000,-0.262046,1468.000000,0.000000,0.000000,0.000000,0.000000,28.097544,-14.925366,-9.436343,-222.766556,-68.007652,-0.000020,0.222163,9.965000,6496,192,31,0
28.100473,0.007966,-0.299259,-1.037202,0.000118,-0.011095,0.011001,-0.000213,0.012731,0.005996,0.000252,0.000010,0.000003,10.000000,21.000000,0.000000,-0.050378,0.000030,0.000000,0.000000,0.000000,-0.262046,1468.000000,0.000000,0.000000,0.000000,0.000000,28.099497,-14.925366,-9.436343,-222.766556,-68.007652,-0.000012,0.222188,9.965000,6496,191,31,0
28.102428,0.007966,-0.299281,-1.037180,0.000117,-0.011069,0.011012,-0.000208,0.012788,0.005749,0.000263,0.000010,0.000003,10.000000,21.000000,0.000000,-0.050378,0.000030,0.000000,0.000000,0.000000,-0.262046,1468.000000,0.000000,0.000000,0.000000,0.000000,28.101452,-14.925366,-9.436343,-222.766556,-68.007652,0.000000,0.222226,9.965000,6496,190,31,0
28.104382,0.007967,-0.299303,-1.037157,0.000117,-0.011043,0.011024,-0.000203,0.012900,0.005525,0.000281,0.000009,0.000003,10.000000,21.000000,0.000000,-0.050378,0.000030,0.000000,0.000000,0.000000,-0.262046,1468.000000,0.000000,0.000000,0.000000,0.000000,28.103403,-14.925366,-9.436343,-222.766556,-68.007652,0.000016,0.222275,9.965000,6496,187,31,0
28.106337,0.007967,-0.299325,-1.037135,0.000116,-0.011017,0.011034,-0.000197,0.013083,0.005321,0.000306,0.000009,0.000003,10.000000,21.000000,0.000000,-0.050378,0.000030,0.000000,0.000000,0.000000,-0.262046,1468.000000,0.000000,0.000000,0.000000,0.000000,28.105360,-14.925366,-9.436343,-222.766556,-68.007652,0.000034,0.222334,9.965000,6496,184,31,0
28.108290,0.007967,-0.299347,-1.037113,0.000116,-0.010991,0.011045,-0.000191,0.013352,0.005135,0.000341,0.000008,0.000004,10.000000,21.000000,0.000000,-0.050378,0.000030,0.000000,0.000000,0.000000,-0.262046,1468.000000,0.000000,0.000000,0.000000,0.000000,28.107311,-14.925366,-9.436343,-222.766556,-68.007652,0.000056,0.222402,9.965000,6496,181,31,0
28.110245,0.007967,-0.299369,-1.037091,0.000116,-0.010963,0.011055,-0.000184,0.013719,0.004966,0.000387,0.000008,0.000004,10.000000,21.000000,0.000000,-0.050378,0.000030,0.000000,0.000000,0.000000,-0.262046,1468.000000,0.000000,0.000000,0.000000,0.000000,28.109268,-14.925366,-9.436343,-222.766556,-68.007652,0.000080,0.222477,9.965000,6496,177,31,0
28.112198,0.007967,-0.299391,-1.037069,0.000115,-0.010935,0.011064,-0.000178,0.014197,0.004812,0.000444,0.000007,0.000004,10.000000,21.000000,0.000000,-0.050378,0.000030,0.000000,0.000000,0.000000,-0.262046,1468.000000,0.000000,0.000000,0.000000,0.000000,28.111219,-14.925366,-9.436343,-222.766556,-68.007652,0.000106,0.222558,9.965000,6496,172,31,0
28.114153,0.007968,-0.299413,-1.037047,0.000115,-0.010906,0.011074,-0.000171,0.014795,0.004673,0.000515,0.000006,0.000004,10.000000,21.000000,0.000000,-0.050378,0.000030,0.000000,0.000000,0.000000,-0.262046,1468.000000,0.000000,0.000000,0.000000,0.000000,28.113176,-14.925366,-9.436343,-222.766556,-68.007652,0.000134,0.222646,9.965000,6496,167,31,0
28.116106,0.007968,-0.299435,-1.037025,0.000115,-0.010875,0.011083,-0.000164,0.015521,0.004545,0.000599,0.000005,0.000005,10.000000,21.000000,0.000000,-0.050378,0.000030,0.000000,0.000000,0.000000,-0.262046,1468.000000,0.000000,0.000000,0.000000,0.000000,28.115128,-14.925366,-9.436343,-222.766556,-68.007652,0.000163,0.222737,9.965000,6496,161,31,0
28.118059,0.007968,-0.299456,-1.037002,0.000114,-0.010843,0.011092,-0.000156,0.016382,0.004429,0.000697,0.000005,0.000005,10.000000,21.000000,0.000000,-0.050378,0.000030,0.000000,0.000000,0.000000,-0.262046,1468.000000,0.000000,0.000000,0.000000,0.000000,28.117085,-14.925366,-9.436343,-222.766556,-68.007652,0.000193,0.222833,9.965000,6496,155,31,0
28.120014,0.007968,-0.299478,-1.036980,0.000114,-0.010809,0.011101,-0.000149,0.017384,0.004324,0.000810,0.000004,0.000005,10.000000,21.000000,0.000000,-0.050378,0.000030,0.000000,0.000000,0.000000,-0.262046,1468.000000,0.000000,0.000000,0.000000,0.000000,28.119036,-14.925366,-9.436343,-222.766556,-68.007652,0.000225,0.222931,9.965000,6496,149,31,0
28.121967,0.007969,-0.299500,-1.036958,0.000114,-0.010772,0.011109,-0.000141,0.018531,0.004228,0.000938,0.000003,0.000006,10.000000,21.000000,0.000000,-0.050378,0.000030,0.000000,0.000000,0.000000,-0.262046,1468.000000,0.000000,0.000000,0.000000,0.000000,28.120993,-14.925366,-9.436343,-222.766556,-68.007652,0.000257,0.223031,9.965000,6496,142,31,0
28.123922,0.007969,-0.299521,-1.036936,0.000113,-0.010733,0.011117,-0.000134,0.019825,0.004142,0.001082,0.000002,0.000007,10.000000,21.000000,0.000000,-0.050378,0.000030,0.000000,0.000000,0.000000,-0.262046,1468.000000,0.000000,0.000000,0.000000,0.000000,28.122944,-14.925366,-9.436343,-222.766556,-68.007652,0.000289,0.223133,9.965000,6496,135,31,0
28.125875,0.007969,-0.299543,-1.036914,0.000113,-0.010692,0.011126,-0.000126,0.021271,0.004062,0.001242,0.000002,0.000007,10.000000,21.000000,0.000000,-0.050378,0.000030,0.000000,0.000000,0.000000,-0.262046,1468.000000,0.000000,0.000000,0.000000,0.000000,28.124901,-14.925366,-9.436343,-222.766556,-68.007652,0.000322,0.223236,9.965000,6496,128,31,0
28.127831,0.007969,-0.299564,-1.036891,0.000113,-0.010647,0.011134,-0.000118,0.022867,0.003990,0.001417,0.000001,0.000008,10.000000,21.000000,0.000000,-0.050378,0.000030,0.000000,0.000000,0.000000,-0.262046,1468.000000,0.000000,0.000000,0.000000,0.000000,28.126852,-14.925366,-9.436343,-222.766556,-68.007652,0.000354,0.223338,9.965000,6496,120,31,0
28.129784,0.007970,-0.299585,-1.036869,0.000113,-0.010598,0.011142,-0.000110,0.024615,0.003926,0.001608,0.000000,0.000009,10.000000,21.000000,0.000000,-0.050378,0.000030,0.000000,0.000000,0.000000,-0.262046,1468.000000,0.000000,0.000000,0.000000,0.000000,28.128807,-14.925366,-9.436343,-222.766556,-68.007652,0.000387,0.223440,9.965000,6496,112,32,-1
28.131739,0.007970,-0.299606,-1.036847,0.000112,-0.010546,0.011149,-0.000102,0.026516,0.003868,0.001815,-0.000001,0.000010,10.000000,21.000000,0.000000,-0.050378,0.000030,0.000000,0.000000,0.000000,-0.262046,1468.000000,0.000000,0.000000,0.000000,0.000000,28.130760,-14.925366,-9.436343,-222.766556,-68.007652,0.000412,0.223518,9.965000,6496,104,32,-1
28.133692,0.007970,-0.299627,-1.036824,0.000112,-0.010490,0.011157,-0.000094,0.028564,0.003816,0.002037,-0.000002,0.000010,10.000000,21.000000,0.000000,-0.050378,0.000030,0.000000,0.000000,0.000000,-0.262046,1468.000000,0.000000,0.000000,0.000000,0.000000,28.132715,-14.925366,-9.436343,-222.766556,-68.007652,0.000430,0.223575,9.965000,6496,96,32,-1
28.135647,0.007970,-0.299648,-1.036802,0.000112,-0.010430,0.011164,-0.000086,0.030759,0.003743,0.002275,-0.000002,0.000011,10.000000,21.000000,0.000000,-0.050378,0.000030,0.000000,0.000000,0.000000,-0.262046,1468.000000,0.000000,0.000000,0.000000,0.000000,28.134668,-14.925366,-9.436343,-222.766556,-68.007652,0.000444,0.223621,9.965000,6496,88,32,-2
28.137600,0.007970,-0.299669,-1.036780,0.000112,-0.010365,0.011172,-0.000078,0.033099,0.003695,0.002528,-0.000003,0.000012,10.000000,21.000000,0.000000,-0.050378,0.000030,0.000000,0.000000,0.000000,-0.262046,1468.000000,0.000000,0.000000,0.000000,0.000000,28.136623,-14.925366,-9.436343,-222.766556,-68.007652,0.000452,0.223646,9.965000,6496,80,32,-2
28.139553,0.007971,-0.299690,-1.036757,0.000112,-0.010295,0.011179,-0.000070,0.035577,0.003661,0.002795,-0.000004,0.000013,10.000000,21.000000,0.000000,-0.050378,0.000030,0.000000,0.000000,0.000000,-0.262046,1468.000000,0.000000,0.000000,0.000000,0.000000,28.138577,-14.925366,-9.436343,-222.766556,-68.007652,0.000457,0.223662,9.965000,6496,71,32,-2
28.141508,0.007971,-0.299710,-1.036735,0.000112,-0.010220,0.011187,-0.000063,0.038190,0.003632,0.003076,-0.000005,0.000014,10.000000,21.000000,0.000000,-0.050378,0.000030,0.000000,0.000000,0.000000,-0.262046,1468.000000,0.000000,0.000000,0.000000,0.000000,28.140532,-14.925366,-9.436343,-222.766556,-68.007652,0.000463,0.223679,9.965000,6496,63,32,-3
28.143461,0.007971,-0.299730,-1.036712,0.000112,-0.010139,0.011194,-0.000056,0.040936,0.003606,0.003371,-0.000005,0.000015,10.000000,21.000000,0.000000,-0.050378,0.000030,0.000000,0.000000,0.000000,-0.262046,1468.000000,0.000000,0.000000,0.000000,0.000000,28.142485,-14.925366,-9.436343,-222.766556,-68.007652,0.000462,0.223675,9.965000,6496,54,32,-3
28.145416,0.007971,-0.299751,-1.036690,0.000111,-0.010053,0.011201,-0.000050,0.043805,0.003584,0.003678,-0.000006,0.000016,10.000000,21.000000,0.000000,-0.050378,0.000030,0.000000,0.000000,0.000000,-0.262046,1468.000000,0.000000,0.000000,0.000000,0.000000,28.144440,-14.925366,-9.436343,-222.766556,-68.007652,0.000454,0.223651,9.965000,6496,46,32,-3
28.147369,0.007972,-0.299771,-1.036667,0.000111,-0.009961,0.011208,-0.000043,0.046793,0.003566,0.003999,-0.000006,0.000017,10.000000,21.000000,0.000000,-0.050378,0.000030,0.000000,0.000000,0.000000,-0.262046,1468.000000,0.000000,0.000000,0.000000,0.000000,28.146393,-14.925366,-9.436343,-222.766556,-68.007652,0.000447,0.223629,9.965000,6496,37,32,-4
28.149324,0.007972,-0.299790,-1.036645,0.000111,-0.009863,0.011215,-0.000038,0.049896,0.003551,0.004331,-0.000007,0.000018,10.000000,21.000000,0.000000,-0.050378,0.000030,0.000000,0.000000,0.000000,-0.262046,1468.000000,0.000000,0.000000,0.000000,0.000000,28.148348,-14.925366,-9.436343,-222.766556,-68.007652,0.000433,0.223587,9.965000,6496,29,32,-4
28.151278,0.007972,-0.299810,-1.036623,0.000111,-0.009758,0.011222,-0.000033,0.053103,0.003541,0.004674,-0.000008,0.000018,10.000000,21.000000,0.000000,-0.050378,0.000030,0.000000,0.000000,0.000000,-0.262046,1468.000000,0.000000,0.000000,0.000000,0.000000,28.150299,-14.925366,-9.436343,-222.766556,-68.007652,0.000414,0.223525,9.965000,6496,21,32,-5
28.153233,0.007972,-0.299829,-1.036600,0.000111,-0.009647,0.011229,-0.000028,0.056410,0.003533,0.005027,-0.000008,0.000019,10.000000,22.000000,0.000000,-0.050378,0.000030,0.000000,0.000000,0.000000,-0.262046,1490.000000,0.000000,0.000000,0.000000,0.000000,28.152256,-14.925366,-9.436343,-222.766556,-68.007652,0.000388,0.223443,9.965000,6496,13,32,-5
28.155186,0.007972,-0.299848,-1.036578,0.000111,-0.009529,0.011236,-0.000024,0.059808,0.003529,0.005390,-0.000008,0.000020,10.000000,22.000000,0.000000,-0.015847,0.000028,0.000000,0.000000,0.066000,0.112273,1490.000000,0.000000,0.000000,0.000000,0.000000,28.154207,0.000000,-4.499674,226.141968,12.859837,0.000356,0.107086,9.973030,6500,-99,31,-5
28.157141,0.007973,-0.299867,-1.036555,0.000111,-0.009404,0.011243,-0.000021,0.063292,0.003104,0.005762,-0.000009,0.000021,10.000000,22.000000,0.000000,-0.015847,0.000028,0.000000,0.000000,0.000000,0.112273,1490.000000,0.000000,0.000000,0.000000,0.000000,28.156164,0.000000,-4.499674,226.141968,12.859837,0.000324,0.106984,9.973030,6500,-107,31,-6
28.159094,0.007973,-0.299886,-1.036533,0.000111,-0.009272,0.011248,-0.000018,0.066845,0.002585,0.006140,-0.000009,0.000021,10.000000,22.000000,0.000000,-0.015847,0.000028,0.000000,0.000000,0.000000,0.112273,1490.000000,0.000000,0.000000,0.000000,0.000000,28.158115,0.000000,-4.499674,226.141968,12.859837,0.000282,0.106852,9.973030,6500,-114,31,-6
28.161049,0.007973,-0.299904,-1.036510,0.000111,-0.009133,0.011253,-0.000016,0.070445,0.002119,0.006523,-0.000009,0.000022,10.000000,22.000000,0.000000,-0.015847,0.000028,0.000000,0.000000,0.000000,0.112273,1490.000000,0.000000,0.000000,0.000000,0.000000,28.160072,0.000000,-4.499674,226.141968,12.859837,0.000232,0.106695,9.973030,6500,-120,31,-6
28.163002,0.007973,-0.299922,-1.036488,0.000111,-0.008987,0.011256,-0.000014,0.074076,0.001701,0.006909,-0.000009,0.000022,10.000000,22.000000,0.000000,-0.015847,0.000028,0.000000,0.000000,0.000000,0.112273,1490.000000,0.000000,0.000000,0.000000,0.000000,28.162024,0.000000,-4.499674,226.141968,12.859837,0.000182,0.106538,9.973030,6500,-126,31,-6
28.164955,0.007974,-0.299940,-1.036465,0.000111,-0.008833,0.011259,-0.000012,0.077720,0.001326,0.007296,-0.000009,0.000022,10.000000,22.000000,0.000000,-0.015847,0.000028,0.000000,0.000000,0.000000,0.112273,1490.000000,0.000000,0.000000,0.000000,0.000000,28.163980,0.000000,-4.499674,226.141968,12.859837,0.000131,0.106379,9.973030,6500,-131,31,-6
28.166910,0.007974,-0.299958,-1.036442,0.000111,-0.008673,0.011261,-0.000011,0.081362,0.000990,0.007682,-0.000010,0.000022,10.000000,22.000000,0.000000,-0.015847,0.000028,0.000000,0.000000,0.000000,0.112273,1490.000000,0.000000,0.000000,0.000000,0.000000,28.165932,0.000000,-4.499674,226.141968,12.859837,0.000080,0.106220,9.973030,6500,-136,31,-7
28.168863,0.007974,-0.299975,-1.036420,0.000111,-0.008504,0.011263,-0.000011,0.084987,0.000690,0.008067,-0.000010,0.000022,10.000000,22.000000,0.000000,-0.015847,0.000028,0.000000,0.000000,0.000000,0.112273,1490.000000,0.000000,0.000000,0.000000,0.000000,28.167889,0.000000,-4.499674,226.141968,12.859837,0.000022,0.106036,9.973030,6500,-140,31,-7
28.170818,0.007974,-0.299992,-1.036397,0.000111,-0.008329,0.011264,-0.000010,0.088579,0.000422,0.008449,-0.000010,0.000022,10.000000,22.000000,0.000000,-0.015847,0.000028,0.000000,0.000000,0.000000,0.112273,1490.000000,0.000000,0.000000,0.000000,0.000000,28.169840,0.000000,-4.499674,226.141968,12.859837,-0.000044,0.105830,9.973030,6500,-143,31,-7
28.172771,0.007974,-0.300008,-1.036375,0.000111,-0.008147,0.011264,-0.000010,0.092125,0.000182,0.008826,-0.000010,0.000022,10.000000,22.000000,0.000000,-0.015847,0.000028,0.000000,0.000000,0.000000,0.112273,1490.000000,0.000000,0.000000,0.000000,0.000000,28.171797,0.000000,-4.499674,226.141968,12.859837,-0.000109,0.105625,9.973030,6500,-146,31,-7
28.174726,0.007975,-0.300024,-1.036352,0.000111,-0.007957,0.011264,-0.000011,0.095613,-0.000030,0.009197,-0.000010,0.000022,10.000000,22.000000,0.000000,-0.015847,0.000028,0.000000,0.000000,0.000000,0.112273,1490.000000,0.000000,0.000000,0.000000,0.000000,28.173748,0.000000,-4.499674,226.141968,12.859837,-0.000174,0.105421,9.973030,6500,-148,31,-7
28.176680,0.007975,-0.300040,-1.036330,0.000111,-0.007761,0.011264,-0.000011,0.099031,-0.000218,0.009561,-0.000010,0.000021,10.000000,22.000000,0.000000,-0.015847,0.000028,0.000000,0.000000,0.000000,0.112273,1490.000000,0.000000,0.000000,0.000000,0.000000,28.175703,0.000000,-4.499674,226.141968,12.859837,-0.000239,0.105218,9.973030,6500,-150,31,-7
28.178635,0.007975,-0.300055,-1.036307,0.000111,-0.007558,0.011263,-0.000012,0.102369,-0.000385,0.009916,-0.000009,0.000020,10.000000,22.000000,0.000000,-0.015847,0.000028,0.000000,0.000000,0.000000,0.112273,1490.000000,0.000000,0.000000,0.000000,0.000000,28.177656,0.000000,-4.499674,226.141968,12.859837,-0.000303,0.105015,9.973030,6500,-151,31,-7
28.180588,0.007975,-0.300070,-1.036285,0.000111,-0.007348,0.011262,-0.000013,0.105616,-0.000533,0.010263,-0.000009,0.000020,10.000000,22.000000,0.000000,-0.015847,0.000028,0.000000,0.000000,0.000000,0.112273,1490.000000,0.000000,0.000000,0.000000,0.000000,28.179611,0.000000,-4.499674,226.141968,12.859837,-0.000368,0.104812,9.973030,6500,-151,31,-6
28.182543,0.007976,-0.300084,-1.036262,0.000111,-0.007132,0.011261,-0.000014,0.108761,-0.000663,0.010600,-0.000009,0.000019,10.000000,22.000000,0.000000,-0.015847,0.000028,0.000000,0.000000,0.000000,0.112273,1490.000000,0.000000,0.000000,0.000000,0.000000,28.181564,0.000000,-4.499674,226.141968,12.859837,-0.000425,0.104633,9.973030,6500,-151,31,-6
28.184496,0.007976,-0.300098,-1.036240,0.000111,-0.006910,0.011260,-0.000016,0.111801,-0.000777,0.010926,-0.000009,0.000018,10.000000,22.000000,0.000000,-0.015847,0.000028,0.000000,0.000000,0.000000,0.112273,1490.000000,0.000000,0.000000,0.000000,0.000000,28.183519,0.000000,-4.499674,226.141968,12.859837,-0.000476,0.104474,9.973030,6500,-151,31,-6
28.186451,0.007976,-0.300111,-1.036217,0.000111,-0.006682,0.011258,-0.000017,0.114725,-0.000878,0.011240,-0.000009,0.000017,10.000000,22.000000,0.000000,-0.015847,0.000028,0.000000,0.000000,0.000000,0.112273,1490.000000,0.000000,0.000000,0.000000,0.000000,28.185472,0.000000,-4.499674,226.141968,12.859837,-0.000527,0.104312,9.973030,6500,-150,31,-6
28.188404,0.007976,-0.300124,-1.036194,0.000111,-0.006448,0.011256,-0.000019,0.117527,-0.000966,0.011542,-0.000009,0.000015,10.000000,22.000000,0.000000,-0.015847,0.000028,0.000000,0.000000,0.000000,0.112273,1490.000000,0.000000,0.000000,0.000000,0.000000,28.187428,0.000000,-4.499674,226.141968,12.859837,-0.000579,0.104148,9.973030,6500,-149,31,-5
28.190357,0.007976,-0.300137,-1.036172,0.000111,-0.006209,0.011254,-0.000021,0.120199,-0.001042,0.011831,-0.000008,0.000014,10.000000,22.000000,0.000000,-0.015847,0.000028,0.000000,0.000000,0.000000,0.112273,1490.000000,0.000000,0.000000,0.000000,0.000000,28.189381,0.000000,-4.499674,226.141968,12.859837,-0.000625,0.104005,9.973030,6500,-147,31,-5
28.192312,0.007977,-0.300149,-1.036149,0.000111,-0.005965,0.011252,-0.000023,0.122739,-0.001109,0.012107,-0.000008,0.000013,10.000000,22.000000,0.000000,-0.015847,0.000028,0.000000,0.000000,0.000000,0.112273,1490.000000,0.000000,0.000000,0.000000,0.000000,28.191336,0.000000,-4.499674,226.141968,12.859837,-0.000665,0.103880,9.973030,6500,-144,31,-5
28.194265,0.007977,-0.300161,-1.036127,0.000110,-0.005716,0.011249,-0.000025,0.125141,-0.001168,0.012369,-0.000008,0.000011,10.000000,22.000000,0.000000,-0.015847,0.000028,0.000000,0.000000,0.000000,0.112273,1490.000000,0.000000,0.000000,0.000000,0.000000,28.193289,0.000000,-4.499674,226.141968,12.859837,-0.000706,0.103751,9.973030,6500,-142,31,-4
28.196220,0.007977,-0.300172,-1.036104,0.000110,-0.005462,0.011247,-0.000028,0.127399,-0.001218,0.012616,-0.000008,0.000010,10.000000,22.000000,0.000000,-0.015847,0.000028,0.000000,0.000000,0.000000,0.112273,1490.000000,0.000000,0.000000,0.000000,0.000000,28.195244,0.000000,-4.499674,226.141968,12.859837,-0.000741,0.103641,9.973030,6500,-139,31,-4
28.198174,0.007977,-0.300182,-1.036082,0.000110,-0.005204,0.011245,-0.000030,0.129513,-0.001261,0.012849,-0.000007,0.000008,10.000000,22.000000,0.000000,-0.015847,0.000028,0.000000,0.000000,0.000000,0.112273,1490.000000,0.000000,0.000000,0.000000,0.000000,28.197195,0.000000,-4.499674,226.141968,12.859837,-0.000771,0.103547,9.973030,6500,-135,31,-3
28.200129,0.007978,-0.300192,-1.036059,0.000110,-0.004942,0.011242,-0.000033,0.131479,-0.001300,0.013067,-0.000007,0.000007,10.000000,22.000000,0.000000,-0.015847,0.000028,0.000000,0.000000,0.000000,0.112273,1490.000000,0.000000,0.000000,0.000000,0.000000,28.199152,0.000000,-4.499674,226.141968,12.859837,-0.000795,0.103471,9.973030,6500,-132,31,-3
28.202082,0.007978,-0.300202,-1.036037,0.000110,-0.004676,0.011239,-0.000035,0.133296,-0.001333,0.013271,-0.000007,0.000005,10.000000,22.000000,0.000000,-0.015847,0.000028,0.000000,0.000000,0.000000,0.112273,1490.000000,0.000000,0.000000,0.000000,0.000000,28.201103,0.000000,-4.499674,226.141968,12.859837,-0.000814,0.103410,9.973030,6500,-128,31,-2
28.204037,0.007978,-0.300211,-1.036014,0.000110,-0.004407,0.011237,-0.000038,0.134961,-0.001361,0.013459,-0.000007,0.000003,10.000000,22.000000,0.000000,-0.015847,0.000028,0.000000,0.000000,0.000000,0.112273,1490.000000,0.000000,0.000000,0.000000,0.000000,28.203060,0.000000,-4.499674,226.141968,12.859837,-0.000829,0.103364,9.973030,6500,-123,31,-2
28.205990,0.007978,-0.300219,-1.035992,0.000110,-0.004135,0.011234,-0.000040,0.136476,-0.001386,0.013631,-0.000006,0.000002,10.000000,22.000000,0.000000,-0.015847,0.000028,0.000000,0.000000,0.000000,0.112273,1490.000000,0.000000,0.000000,0.000000,0.000000,28.205011,0.000000,-4.499674,226.141968,12.859837,-0.000839,0.103333,9.973030,6500,-119,31,-1
28.207945,0.007978,-0.300227,-1.035969,0.000110,-0.003860,0.011231,-0.000043,0.137837,-0.001408,0.013789,-0.000006,0.000000,10.000000,22.000000,0.000000,-0.015847,0.000028,0.000000,0.000000,0.000000,0.112273,1490.000000,0.000000,0.000000,0.000000,0.000000,28.206968,0.000000,-4.499674,226.141968,12.859837,-0.000844,0.103317,9.973030,6500,-114,31,-1
28.209898,0.007979,-0.300234,-1.035947,0.000110,-0.003583,0.011228,-0.000046,0.139050,-0.001426,0.013932,-0.000006,-0.000002,10.000000,22.000000,0.000000,-0.015847,0.000028,0.000000,0.000000,0.000000,0.112273,1490.000000,0.000000,0.000000,0.000000,0.000000,28.208920,0.000000,-4.499674,226.141968,12.859837,-0.000845,0.103313,9.973030,6500,-109,31,0
28.211851,0.007979,-0.300241,-1.035924,0.000110,-0.003303,0.011225,-0.000048,0.140110,-0.001444,0.014059,-0.000005,-0.000003,10.000000,22.000000,0.000000,-0.015847,0.000028,0.000000,0.000000,0.000000,0.112273,1492.000000,0.000000,0.000000,0.000000,0.000000,28.210876,0.000000,-4.499674,226.141968,12.859837,-0.000842,0.103323,9.973030,6500,-104,31,0
28.213806,0.007979,-0.300247,-1.035902,0.000110,-0.003021,0.011222,-0.000051,0.141023,-0.001460,0.014171,-0.000005,-0.000005,10.000000,22.000000,0.000000,-0.010271,0.000027,0.000000,0.000000,0.067000,0.010007,1492.000000,0.000000,0.000000,0.000000,0.000000,28.212828,0.000000,-2.100561,0.000000,13.733699,-0.000835,0.046846,9.970000,6497,-151,31,0
28.215759,0.007979,-0.300253,-1.035879,0.000110,-0.002738,0.011220,-0.000053,0.141785,-0.001156,0.014269,-0.000005,-0.000007,10.000000,22.000000,0.000000,-0.010271,0.000027,0.000000,0.000000,0.000000,0.010007,1492.000000,0.000000,0.000000,0.000000,0.000000,28.214785,0.000000,-2.100561,0.000000,13.733699,-0.000832,0.046855,9.970000,6497,-146,31,1
28.217714,0.007980,-0.300258,-1.035857,0.000109,-0.002454,0.011218,-0.000056,0.142395,-0.000779,0.014351,-0.000004,-0.000008,10.000000,22.000000,0.000000,-0.010271,0.000027,0.000000,0.000000,0.000000,0.010007,1492.000000,0.000000,0.000000,0.000000,0.000000,28.216736,0.000000,-2.100561,0.000000,13.733699,-0.000827,0.046873,9.970000,6497,-140,31,1
28.219667,0.007980,-0.300262,-1.035835,0.000109,-0.002168,0.011217,-0.000058,0.142856,-0.000438,0.014418,-0.000004,-0.000010,10.000000,22.000000,0.000000,-0.010271,0.000027,0.000000,0.000000,0.000000,0.010007,1492.000000,0.000000,0.000000,0.000000,0.000000,28.218693,0.000000,-2.100561,0.000000,13.733699,-0.000818,0.046900,9.970000,6497,-134,31,2
28.221622,0.007980,-0.300266,-1.035812,0.000109,-0.001882,0.011217,-0.000061,0.143162,-0.000131,0.014469,-0.000004,-0.000011,10.000000,22.000000,0.000000,-0.010271,0.000027,0.000000,0.000000,0.000000,0.010007,1492.000000,0.000000,0.000000,0.000000,0.000000,28.220644,0.000000,-2.100561,0.000000,13.733699,-0.000806,0.046938,9.970000,6497,-128,31,2
28.223576,0.007980,-0.300270,-1.035790,0.000109,-0.001595,0.011217,-0.000063,0.143315,0.000145,0.014504,-0.000004,-0.000013,10.000000,22.000000,0.000000,-0.010271,0.000027,0.000000,0.000000,0.000000,0.010007,1492.000000,0.000000,0.000000,0.000000,0.000000,28.222601,0.000000,-2.100561,0.000000,13.733699,-0.000790,0.046986,9.970000,6497,-121,31,3
28.225531,0.007980,-0.300272,-1.035767,0.000109,-0.001309,0.011217,-0.000066,0.143313,0.000393,0.014524,-0.000003,-0.000015,10.000000,22.000000,0.000000,-0.010271,0.000027,0.000000,0.000000,0.000000,0.010007,1492.000000,0.000000,0.000000,0.000000,0.000000,28.224552,0.000000,-2.100561,0.000000,13.733699,-0.000772,0.047045,9.970000,6497,-115,31,3
28.227484,0.007981,-0.300275,-1.035745,0.000109,-0.001022,0.011219,-0.000069,0.143159,0.000616,0.014528,-0.000003,-0.000016,10.000000,22.000000,0.000000,-0.010271,0.000027,0.000000,0.000000,0.000000,0.010007,1492.000000,0.000000,0.000000,0.000000,0.000000,28.226507,0.000000,-2.100561,0.000000,13.733699,-0.000750,0.047114,9.970000,6497,-108,31,4
28.229439,0.007981,-0.300276,-1.035722,0.000109,-0.000736,0.011220,-0.000071,0.142851,0.000815,0.014516,-0.000003,-0.000017,10.000000,22.000000,0.000000,-0.010271,0.000027,0.000000,0.000000,0.000000,0.010007,1492.000000,0.000000,0.000000,0.000000,0.000000,28.228460,0.000000,-2.100561,0.000000,13.733699,-0.000725,0.047193,9.970000,6497,-101,31,4
28.231392,0.007981,-0.300277,-1.035700,0.000109,-0.000451,0.011222,-0.000074,0.142395,0.000994,0.014489,-0.000002,-0.000019,10.000000,22.000000,0.000000,-0.010271,0.000027,0.000000,0.000000,0.000000,0.010007,1492.000000,0.000000,0.000000,0.000000,0.000000,28.230415,0.000000,-2.100561,0.000000,13.733699,-0.000696,0.047283,9.970000,6497,-94,31,5
28.233347,0.007981,-0.300278,-1.035677,0.000108,-0.000167,0.011224,-0.000076,0.141789,0.001153,0.014447,-0.000002,-0.000020,10.000000,22.000000,0.000000,-0.010271,0.000027,0.000000,0.000000,0.000000,0.010007,1492.000000,0.000000,0.000000,0.000000,0.000000,28.232368,0.000000,-2.100561,0.000000,13.733699,-0.000664,0.047383,9.970000,6497,-87,31,5
28.235300,0.007981,-0.300278,-1.035655,0.000108,0.000115,0.011227,-0.000079,0.141041,0.001294,0.014390,-0.000002,-0.000021,10.000000,22.000000,0.000000,-0.010271,0.000027,0.000000,0.000000,0.000000,0.010007,1492.000000,0.000000,0.000000,0.000000,0.000000,28.234324,0.000000,-2.100561,0.000000,13.733699,-0.000629,0.047494,9.970000,6497,-80,31,6
28.237253,0.007982,-0.300277,-1.035632,0.000108,0.000396,0.011230,-0.000081,0.140150,0.001419,0.014319,-0.000002,-0.000023,10.000000,22.000000,0.000000,-0.010271,0.000027,0.000000,0.000000,0.000000,0.010007,1492.000000,0.000000,0.000000,0.000000,0.000000,28.236277,0.000000,-2.100561,0.000000,13.733699,-0.000590,0.047615,9.970000,6497,-73,31,6
28.239208,0.007982,-0.300276,-1.035610,0.000108,0.000675,0.011233,-0.000083,0.139125,0.001528,0.014234,-0.000001,-0.000024,10.000000,22.000000,0.000000,-0.010271,0.000027,0.000000,0.000000,0.000000,0.010007,1492.000000,0.000000,0.000000,0.000000,0.000000,28.238232,0.000000,-2.100561,0.000000,13.733699,-0.000548,0.047747,9.970000,6497,-66,31,6
28.241161,0.007982,-0.300274,-1.035587,0.000108,0.000951,0.011236,-0.000086,0.137967,0.001625,0.014135,-0.000001,-0.000025,10.000000,22.000000,0.000000,-0.010271,0.000027,0.000000,0.000000,0.000000,0.010007,1492.000000,0.000000,0.000000,0.000000,0.000000,28.240185,0.000000,-2.100561,0.000000,13.733699,-0.000510,0.047867,9.970000,6497,-59,31,7
28.243116,0.007982,-0.300272,-1.035565,0.000108,0.001225,0.011239,-0.000088,0.136681,0.001710,0.014024,-0.000001,-0.000025,10.000000,22.000000,0.000000,-0.010271,0.000027,0.000000,0.000000,0.000000,0.010007,1492.000000,0.000000,0.000000,0.000000,0.000000,28.242140,0.000000,-2.100561,0.000000,13.733699,-0.000468,0.047999,9.970000,6497,-52,31,7
28.245070,0.007983,-0.300269,-1.035542,0.000107,0.001496,0.011243,-0.000090,0.135275,0.001783,0.013900,-0.000000,-0.000026,10.000000,22.000000,0.000000,-0.010271,0.000027,0.000000,0.000000,0.000000,0.010007,1492.000000,0.000000,0.000000,0.000000,0.000000,28.244093,0.000000,-2.100561,0.000000,13.733699,-0.000422,0.048144,9.970000,6497,-45,31,7
28.247025,0.007983,-0.300266,-1.035520,0.000107,0.001765,0.011246,-0.000092,0.133753,0.001846,0.013764,-0.000000,-0.000027,10.000000,22.000000,0.000000,-0.010271,0.000027,0.000000,0.000000,0.000000,0.010007,1492.000000,0.000000,0.000000,0.000000,0.000000,28.246048,0.000000,-2.100561,0.000000,13.733699,-0.000379,0.048278,9.970000,6497,-38,31,8
28.248978,0.007983,-0.300262,-1.035497,0.000107,0.002030,0.011250,-0.000094,0.132119,0.001899,0.013617,-0.000000,-0.000028,10.000000,22.000000,0.000000,-0.010271,0.000027,0.000000,0.000000,0.000000,0.010007,1492.000000,0.000000,0.000000,0.000000,0.000000,28.247999,0.000000,-2.100561,0.000000,13.733699,-0.000332,0.048426,9.970000,6497,-32,31,8
28.250933,0.007983,-0.300257,-1.035475,0.000107,0.002291,0.011254,-0.000097,0.130383,0.001945,0.013459,0.000000,-0.000028,10.000000,22.000000,0.000000,-0.010271,0.000027,0.000000,0.000000,0.000000,0.010007,1492.000000,0.000000,0.000000,0.000000,0.000000,28.249956,0.000000,-2.100561,0.000000,13.733699,-0.000281,0.048587,9.970000,6497,-25,31,8
28.252886,0.007983,-0.300252,-1.035452,0.000107,0.002549,0.011258,-0.000099,0.128550,0.001982,0.013291,0.000000,-0.000029,10.000000,22.000000,0.000000,-0.010271,0.000027,0.000000,0.000000,0.000000,0.010007,1492.000000,0.000000,0.000000,0.000000,0.000000,28.251907,0.000000,-2.100561,0.000000,13.733699,-0.000232,0.048739,9.970000,6497,-14,31,8
28.254841,0.007984,-0.300247,-1.035430,0.000106,0.002804,0.011262,-0.000101,0.126625,0.002013,0.013114,0.000001,-0.000029,10.000000,22.000000,0.000000,-0.010271,0.000027,0.000000,0.000000,0.000000,0.010007,1492.000000,0.000000,0.000000,0.000000,0.000000,28.253864,0.000000,-2.100561,0.000000,13.733699,-0.000186,0.048884,9.970000,6497,-8,31,8
28.256794,0.007984,-0.300241,-1.035407,0.000106,0.003054,0.011266,-0.000103,0.124617,0.002037,0.012929,0.000001,-0.000029,10.000000,22.000000,0.000000,-0.010271,0.000027,0.000000,0.000000,0.000000,0.010007,1492.000000,0.000000,0.000000,0.000000,0.000000,28.255816,0.000000,-2.100561,0.000000,13.733699,-0.000142,0.049022,9.970000,6497,-2,31,9
28.258747,0.007984,-0.300234,-1.035385,0.000106,0.003300,0.011270,-0.000106,0.122530,0.002056,0.012735,0.000001,-0.000029,10.000000,22.000000,0.000000,-0.010271,0.000027,0.000000,0.000000,0.000000,0.010007,1492.000000,0.000000,0.000000,0.000000,0.000000,28.257772,0.000000,-2.100561,0.000000,13.733699,-0.000093,0.049178,9.970000,6497,2,31,9
28.260702,0.007984,-0.300227,-1.035362,0.000106,0.003542,0.011274,-0.000108,0.120375,0.002070,0.012535,0.000001,-0.000029,10.000000,22.000000,0.000000,-0.010271,0.000027,0.000000,0.000000,0.000000,0.010007,1492.000000,0.000000,0.000000,0.000000,0.000000,28.259724,0.000000,-2.100561,0.000000,13.733699,-0.000038,0.049349,9.970000,6497,8,31,9
28.262655,0.007984,-0.300220,-1.035339,0.000106,0.003779,0.011278,-0.000110,0.118159,0.002079,0.012327,0.000002,-0.000029,10.000000,22.000000,0.000000,-0.010271,0.000027,0.000000,0.000000,0.000000,0.010007,1492.000000,0.000000,0.000000,0.000000,0.000000,28.261681,0.000000,-2.100561,0.000000,13.733699,0.000014,0.049513,9.970000,6497,13,31,9
28.264610,0.007985,-0.300212,-1.035317,0.000105,0.004012,0.011283,-0.000113,0.115886,0.002085,0.012115,0.000002,-0.000029,10.000000,22.000000,0.000000,-0.010271,0.000027,0.000000,0.000000,0.000000,0.010007,1492.000000,0.000000,0.000000,0.000000,0.000000,28.263632,0.000000,-2.100561,0.000000,13.733699,0.000065,0.049672,9.970000,6497,18,31,9
28.266563,0.007985,-0.300203,-1.035294,0.000105,0.004240,0.011287,-0.000115,0.113566,0.002087,0.011897,0.000002,-0.000029,10.000000,22.000000,0.000000,-0.010271,0.000027,0.000000,0.000000,0.000000,0.010007,1492.000000,0.000000,0.000000,0.000000,0.000000,28.265589,0.000000,-2.100561,0.000000,13.733699,0.000114,0.049827,9.970000,6497,23,31,9
28.268518,0.007985,-0.300195,-1.035272,0.000105,0.004464,0.011291,-0.000118,0.111204,0.002086,0.011675,0.000003,-0.000029,10.000000,22.000000,0.000000,-0.010271,0.000027,0.000000,0.000000,0.000000,0.010007,1492.000000,0.000000,0.000000,0.000000,0.000000,28.267540,0.000000,-2.100561,0.000000,13.733699,0.000162,0.049977,9.970000,6497,27,31,9
28.270472,0.007985,-0.300185,-1.035249,0.000105,0.004683,0.011295,-0.000120,0.108808,0.002082,0.011449,0.000003,-0.000028,10.000000,22.000000,0.000000,-0.010271,0.000027,0.000000,0.000000,0.000000,0.010007,1492.000000,0.000000,0.000000,0.000000,0.000000,28.269497,0.000000,-2.100561,0.000000,13.733699,0.000209,0.050124,9.970000,6497,32,31,9
28.272427,0.007986,-0.300176,-1.035226,0.000104,0.004897,0.011299,-0.000123,0.106383,0.002076,0.011220,0.000003,-0.000028,10.000000,22.000000,0.000000,-0.010271,0.000027,0.000000,0.000000,0.000000,0.010007,1492.000000,0.000000,0.000000,0.000000,0.000000,28.271448,0.000000,-2.100561,0.000000,13.733699,0.000255,0.050269,9.970000,6497,36,31,9
28.274380,0.007986,-0.300166,-1.035204,0.000104,0.005106,0.011303,-0.000125,0.103937,0.002069,0.010989,0.000003,-0.000027,10.000000,22.000000,0.000000,-0.010271,0.000027,0.000000,0.000000,0.000000,0.010007,1492.000000,0.000000,0.000000,0.000000,0.000000,28.273403,0.000000,-2.100561,0.000000,13.733699,0.000301,0.050412,9.970000,6497,39,31,8
28.276335,0.007986,-0.300155,-1.035181,0.000104,0.005310,0.011307,-0.000128,0.101478,0.002059,0.010756,0.000004,-0.000026,10.000000,22.000000,0.000000,-0.010271,0.000027,0.000000,0.000000,0.000000,0.010007,1492.000000,0.000000,0.000000,0.000000,0.000000,28.275356,0.000000,-2.100561,0.000000,13.733699,0.000338,0.050530,9.970000,6497,43,31,8
28.278288,0.007986,-0.300144,-1.035159,0.000104,0.005509,0.011312,-0.000131,0.099009,0.002048,0.010522,0.000004,-0.000026,10.000000,22.000000,0.000000,-0.010271,0.000027,0.000000,0.000000,0.000000,0.010007,1492.000000,0.000000,0.000000,0.000000,0.000000,28.277311,0.000000,-2.100561,0.000000,13.733699,0.000369,0.050628,9.970000,6497,46,31,8
28.280243,0.007986,-0.300133,-1.035136,0.000103,0.005704,0.011316,-0.000134,0.096536,0.002036,0.010288,0.000004,-0.000025,10.000000,22.000000,0.000000,-0.010271,0.000027,0.000000,0.000000,0.000000,0.010007,1492.000000,0.000000,0.000000,0.000000,0.000000,28.279264,0.000000,-2.100561,0.000000,13.733699,0.000401,0.050727,9.970000,6497,49,31,8
28.282196,0.007987,-0.300121,-1.035113,0.000103,0.005893,0.011320,-0.000136,0.094067,0.002023,0.010054,0.000005,-0.000024,10.000000,22.000000,0.000000,-0.010271,0.000027,0.000000,0.000000,0.000000,0.010007,1492.000000,0.000000,0.000000,0.000000,0.000000,28.281219,0.000000,-2.100561,0.000000,13.733699,0.000433,0.050829,9.970000,6497,52,31,8
28.284149,0.007987,-0.300109,-1.035091,0.000103,0.006078,0.011324,-0.000139,0.091607,0.002009,0.009820,0.000005,-0.000023,10.000000,22.000000,0.000000,-0.010271,0.000027,0.000000,0.000000,0.000000,0.010007,1492.000000,0.000000,0.000000,0.000000,0.000000,28.283173,0.000000,-2.100561,0.000000,13.733699,0.000466,0.050933,9.970000,6497,54,31,7
28.286104,0.007987,-0.300097,-1.035068,0.000103,0.006257,0.011328,-0.000142,0.089162,0.001995,0.009588,0.000005,-0.000022,10.000000,22.000000,0.000000,-0.010271,0.000027,0.000000,0.000000,0.000000,0.010007,1492.000000,0.000000,0.000000,0.000000,0.000000,28.285128,0.000000,-2.100561,0.000000,13.733699,0.000493,0.051017,9.970000,6497,56,31,7
28.288057,0.007987,-0.300084,-1.035045,0.000102,0.006432,0.011332,-0.000145,0.086735,0.001980,0.009358,0.000005,-0.000021,10.000000,22.000000,0.000000,-0.010271,0.000027,0.000000,0.000000,0.000000,0.010007,1492.000000,0.000000,0.000000,0.000000,0.000000,28.287081,0.000000,-2.100561,0.000000,13.733699,0.000514,0.051082,9.970000,6497,58,31,7
28.290012,0.007987,-0.300071,-1.035022,0.000102,0.006602,0.011336,-0.000148,0.084333,0.001965,0.009129,0.000006,-0.000020,10.000000,23.000000,0.000000,-0.010271,0.000027,0.000000,0.000000,0.000000,0.010007,1510.000000,0.000000,0.000000,0.000000,0.000000,28.289036,0.000000,-2.100561,0.000000,13.733699,0.000537,0.051153,9.970000,6497,60,31,7
28.291965,0.007988,-0.300057,-1.035000,0.000102,0.006767,0.011340,-0.000151,0.081959,0.001950,0.008904,0.000006,-0.000019,10.000000,23.000000,0.000000,0.011316,0.000025,0.000000,0.000000,0.067000,0.089226,1510.000000,0.000000,0.000000,0.000000,0.000000,28.290989,0.000000,-0.780617,0.000000,11.860640,0.000561,0.020144,9.977985,6503,35,31,6
28.293921,0.007988,-0.300043,-1.034977,0.000101,0.006927,0.011343,-0.000154,0.079626,0.001299,0.008682,0.000006,-0.000017,10.000000,23.000000,0.000000,0.011316,0.000025,0.000000,0.000000,0.000000,0.089226,1510.000000,0.000000,0.000000,0.000000,0.000000,28.292944,0.000000,-0.780617,0.000000,11.860640,0.000579,0.020200,9.977985,6503,36,31,6
28.295874,0.007988,-0.300029,-1.034954,0.000101,0.007083,0.011344,-0.000157,0.077327,0.000505,0.008462,0.000007,-0.000016,10.000000,23.000000,0.000000,0.011316,0.000025,0.000000,0.000000,0.000000,0.089226,1510.000000,0.000000,0.000000,0.000000,0.000000,28.294895,0.000000,-0.780617,0.000000,11.860640,0.000590,0.020237,9.977985,6503,37,31,6
28.297829,0.007988,-0.300015,-1.034932,0.000101,0.007234,0.011344,-0.000160,0.075064,-0.000216,0.008247,0.000007,-0.000015,10.000000,23.000000,0.000000,0.011316,0.000025,0.000000,0.000000,0.000000,0.089226,1510.000000,0.000000,0.000000,0.000000,0.000000,28.296852,0.000000,-0.780617,0.000000,11.860640,0.000604,0.020279,9.977985,6503,37,31,5
28.299782,0.007988,-0.300000,-1.034909,0.000100,0.007381,0.011342,-0.000163,0.072839,-0.000869,0.008034,0.000007,-0.000014,10.000000,23.000000,0.000000,0.011316,0.000025,0.000000,0.000000,0.000000,0.089226,1510.000000,0.000000,0.000000,0.000000,0.000000,28.298803,0.000000,-0.780617,0.000000,11.860640,0.000611,0.020304,9.977985,6503,38,31,5
28.301737,0.007989,-0.299985,-1.034886,0.000100,0.007523,0.011340,-0.000166,0.070651,-0.001461,0.007826,0.000008,-0.000013,10.000000,23.000000,0.000000,0.011316,0.000025,0.000000,0.000000,0.000000,0.089226,1510.000000,0.000000,0.000000,0.000000,0.000000,28.300760,0.000000,-0.780617,0.000000,11.860640,0.000614,0.020312,9.977985,6503,39,31,5
28.303690,0.007989,-0.299970,-1.034864,0.000100,0.007661,0.011336,-0.000169,0.068501,-0.001998,0.007621,0.000008,-0.000011,10.000000,23.000000,0.000000,0.011316,0.000025,0.000000,0.000000,0.000000,0.089226,1510.000000,0.000000,0.000000,0.000000,0.000000,28.302711,0.000000,-0.780617,0.000000,11.860640,0.000619,0.020328,9.977985,6503,39,31,4
28.305643,0.007989,-0.299954,-1.034841,0.000099,0.007795,0.011331,-0.000172,0.066393,-0.002484,0.007420,0.000008,-0.000010,10.000000,23.000000,0.000000,0.011316,0.000025,0.000000,0.000000,0.000000,0.089226,1510.000000,0.000000,0.000000,0.000000,0.000000,28.304668,0.000000,-0.780617,0.000000,11.860640,0.000619,0.020327,9.977985,6503,40,31,4
28.307598,0.007989,-0.299939,-1.034818,0.000099,0.007925,0.011326,-0.000175,0.064325,-0.002924,0.007222,0.000009,-0.000009,10.000000,23.000000,0.000000,0.011316,0.000025,0.000000,0.000000,0.000000,0.089226,1510.000000,0.000000,0.000000,0.000000,0.000000,28.306620,0.000000,-0.780617,0.000000,11.860640,0.000614,0.020313,9.977985,6503,40,30,4
28.309551,0.007989,-0.299923,-1.034796,0.000099,0.008051,0.011319,-0.000178,0.062299,-0.003323,0.007029,0.000009,-0.000008,10.000000,23.000000,0.000000,0.011316,0.000025,0.000000,0.000000,0.000000,0.089226,1510.000000,0.000000,0.000000,0.000000,0.000000,28.308577,0.000000,-0.780617,0.000000,11.860640,0.000612,0.020307,9.977985,6503,40,30,3
28.311506,0.007990,-0.299906,-1.034773,0.000098,0.008172,0.011312,-0.000180,0.060317,-0.003685,0.006840,0.000009,-0.000006,10.000000,23.000000,0.000000,0.011316,0.000025,0.000000,0.000000,0.000000,0.089226,1510.000000,0.000000,0.000000,0.000000,0.000000,28.310528,0.000000,-0.780617,0.000000,11.860640,0.000606,0.020285,9.977985,6503,40,30,3
28.313459,0.007990,-0.299890,-1.034750,0.000098,0.008290,0.011304,-0.000183,0.058378,-0.004013,0.006655,0.000010,-0.000005,10.000000,23.000000,0.000000,0.011316,0.000025,0.000000,0.000000,0.000000,0.089226,1510.000000,0.000000,0.000000,0.000000,0.000000,28.312485,0.000000,-0.780617,0.000000,11.860640,0.000595,0.020251,9.977985,6503,40,30,3
28.315414,0.007990,-0.299873,-1.034728,0.000098,0.008404,0.011296,-0.000186,0.056483,-0.004309,0.006474,0.000010,-0.000004,10.000000,23.000000,0.000000,0.011316,0.000025,0.000000,0.000000,0.000000,0.089226,1510.000000,0.000000,0.000000,0.000000,0.000000,28.314436,0.000000,-0.780617,0.000000,11.860640,0.000587,0.020226,9.977985,6503,40,30,2
28.317368,0.007990,-0.299856,-1.034705,0.000097,0.008514,0.011287,-0.000188,0.054636,-0.004577,0.006298,0.000010,-0.000003,10.000000,23.000000,0.000000,0.011316,0.000025,0.000000,0.000000,0.000000,0.089226,1510.000000,0.000000,0.000000,0.000000,0.000000,28.316393,0.000000,-0.780617,0.000000,11.860640,0.000574,0.020187,9.977985,6503,39,30,2
28.319323,0.007990,-0.299839,-1.034683,0.000097,0.008621,0.011277,-0.000189,0.052832,-0.004819,0.006126,0.000010,-0.000002,10.000000,23.000000,0.000000,0.011316,0.000025,0.000000,0.000000,0.000000,0.089226,1510.000000,0.000000,0.000000,0.000000,0.000000,28.318344,0.000000,-0.780617,0.000000,11.860640,0.000558,0.020135,9.977985,6503,39,31,2
28.321276,0.007991,-0.299821,-1.034660,0.000096,0.008724,0.011267,-0.000190,0.051075,-0.005037,0.005958,0.000010,-0.000001,10.000000,23.000000,0.000000,0.011316,0.000025,0.000000,0.000000,0.000000,0.089226,1510.000000,0.000000,0.000000,0.000000,0.000000,28.320299,0.000000,-0.780617,0.000000,11.860640,0.000544,0.020093,9.977985,6503,38,31,1
28.323231,0.007991,-0.299804,-1.034637,0.000096,0.008823,0.011257,-0.000191,0.049366,-0.005234,0.005795,0.000010,0.000000,10.000000,23.000000,0.000000,0.011316,0.000025,0.000000,0.000000,0.000000,0.089226,1510.000000,0.000000,0.000000,0.000000,0.000000,28.322252,0.000000,-0.780617,0.000000,11.860640,0.000527,0.020038,9.977985,6503,38,31,1
28.325184,0.007991,-0.299786,-1.034615,0.000096,0.008919,0.011246,-0.000191,0.047702,-0.005412,0.005637,0.000010,0.000001,10.000000,23.000000,0.000000,0.011316,0.000025,0.000000,0.000000,0.000000,0.089226,1510.000000,0.000000,0.000000,0.000000,0.000000,28.324207,0.000000,-0.780617,0.000000,11.860640,0.000505,0.019970,9.977985,6503,37,31,1
28.327139,0.007991,-0.299768,-1.034592,0.000095,0.009012,0.011235,-0.000191,0.046086,-0.005572,0.005483,0.000010,0.000002,10.000000,23.000000,0.000000,0.011316,0.000025,0.000000,0.000000,0.000000,0.089226,1510.000000,0.000000,0.000000,0.000000,0.000000,28.326160,0.000000,-0.780617,0.000000,11.860640,0.000487,0.019913,9.977985,6503,37,31,1
28.329092,0.007991,-0.299750,-1.034570,0.000095,0.009102,0.011224,-0.000190,0.044517,-0.005717,0.005333,0.000010,0.000003,10.000000,23.000000,0.000000,0.011316,0.000025,0.000000,0.000000,0.000000,0.089226,1510.000000,0.000000,0.000000,0.000000,0.000000,28.328115,0.000000,-0.780617,0.000000,11.860640,0.000472,0.019866,9.977985,6503,36,31,0
28.331045,0.007992,-0.299731,-1.034547,0.000095,0.009189,0.011212,-0.000189,0.042996,-0.005847,0.005188,0.000010,0.000004,10.000000,23.000000,0.000000,0.011316,0.000025,0.000000,0.000000,0.000000,0.089226,1510.000000,0.000000,0.000000,0.000000,0.000000,28.330069,0.000000,-0.780617,0.000000,11.860640,0.000452,0.019804,9.977985,6503,35,31,0
28.333000,0.007992,-0.299713,-1.034525,0.000094,0.009273,0.011200,-0.000188,0.041521,-0.005964,0.005048,0.000010,0.000005,10.000000,23.000000,0.000000,0.011316,0.000025,0.000000,0.000000,0.000000,0.089226,1510.000000,0.000000,0.000000,0.000000,0.000000,28.332024,0.000000,-0.780617,0.000000,11.860640,0.000429,0.019729,9.977985,6503,34,31,0
28.334953,0.007992,-0.299694,-1.034503,0.000094,0.009354,0.011188,-0.000187,0.040093,-0.006069,0.004912,0.000010,0.000006,10.000000,23.000000,0.000000,0.011316,0.000025,0.000000,0.000000,0.000000,0.089226,1510.000000,0.000000,0.000000,0.000000,0.000000,28.333977,0.000000,-0.780617,0.000000,11.860640,0.000408,0.019665,9.977985,6503,34,31,0
28.336908,0.007992,-0.299675,-1.034480,0.000093,0.009432,0.011176,-0.000185,0.038711,-0.006164,0.004780,0.000010,0.000006,10.000000,23.000000,0.000000,0.011316,0.000025,0.000000,0.000000,0.000000,0.089226,1510.000000,0.000000,0.000000,0.000000,0.000000,28.335932,0.000000,-0.780617,0.000000,11.860640,0.000390,0.019609,9.977985,6503,33,31,0
28.338861,0.007992,-0.299656,-1.034458,0.000093,0.009507,0.011163,-0.000183,0.037376,-0.006248,0.004654,0.000010,0.000007,10.000000,23.000000,0.000000,0.011316,0.000025,0.000000,0.000000,0.000000,0.089226,1510.000000,0.000000,0.000000,0.000000,0.000000,28.337885,0.000000,-0.780617,0.000000,11.860640,0.000375,0.019561,9.977985,6503,32,31,0
28.340816,0.007992,-0.299637,-1.034436,0.000093,0.009580,0.011151,-0.000181,0.036087,-0.006324,0.004531,0.000010,0.000008,10.000000,23.000000,0.000000,0.011316,0.000025,0.000000,0.000000,0.000000,0.089226,1510.000000,0.000000,0.000000,0.000000,0.000000,28.339840,0.000000,-0.780617,0.000000,11.860640,0.000362,0.019520,9.977985,6503,31,31,0
28.342770,0.007993,-0.299618,-1.034413,0.000092,0.009650,0.011138,-0.000178,0.034842,-0.006418,0.004413,0.000009,0.000009,10.000000,23.000000,0.000000,0.011316,0.000025,0.000000,0.000000,0.000000,0.089226,1510.000000,0.000000,0.000000,0.000000,0.000000,28.341791,0.000000,-0.780617,0.000000,11.860640,0.000355,0.019497,9.977985,6503,30,31,0
28.344725,0.007993,-0.299598,-1.034391,0.000092,0.009718,0.011125,-0.000176,0.033644,-0.006485,0.004299,0.000009,0.000009,10.000000,23.000000,0.000000,0.011316,0.000025,0.000000,0.000000,0.000000,0.089226,1510.000000,0.000000,0.000000,0.000000,0.000000,28.343748,0.000000,-0.780617,0.000000,11.860640,0.000349,0.019479,9.977985,6503,24,31,0
28.346678,0.007993,-0.299579,-1.034369,0.000092,0.009784,0.011112,-0.000173,0.032490,-0.006535,0.004190,0.000009,0.000010,10.000000,23.000000,0.000000,0.011316,0.000025,0.000000,0.000000,0.000000,0.089226,1510.000000,0.000000,0.000000,0.000000,0.000000,28.345699,0.000000,-0.780617,0.000000,11.860640,0.000341,0.019454,9.977985,6503,23,31,0
28.348633,0.007993,-0.299559,-1.034346,0.000091,0.009847,0.011099,-0.000170,0.031379,-0.006580,0.004084,0.000009,0.000011,10.000000,23.000000,0.000000,0.011316,0.000025,0.000000,0.000000,0.000000,0.089226,1514.000000,0.000000,0.000000,0.000000,0.000000,28.347656,0.000000,-0.780617,0.000000,11.860640,0.000334,0.019433,9.977985,6503,22,31,-1
28.350586,0.007993,-0.299539,-1.034324,0.000091,0.009908,0.011086,-0.000167,0.030311,-0.006620,0.003983,0.000008,0.000011,10.000000,23.000000,0.000000,0.011316,0.000025,0.000000,0.000000,-0.933999,0.089226,1514.000000,0.000000,0.000000,0.000000,0.000000,28.349607,0.000000,-0.780617,0.000000,11.860640,0.000322,0.019393,9.977985,6503,22,31,-1
28.352539,0.007994,-0.299520,-1.034302,0.000091,0.009967,0.011072,-0.000163,0.029283,-0.006655,0.003885,0.000008,0.000012,10.000000,23.000000,0.000000,0.011316,0.000025,0.000000,0.000000,0.000000,0.089226,1514.000000,0.000000,0.000000,0.000000,0.000000,28.351564,0.000000,-0.780617,0.000000,11.860640,0.000304,0.019337,9.977985,6503,21,31,-1
28.354494,0.007994,-0.299499,-1.034280,0.000090,0.010024,0.011059,-0.000160,0.028294,-0.006685,0.003792,0.000008,0.000012,10.000000,23.000000,0.000000,0.011316,0.000025,0.000000,0.000000,0.000000,0.089226,1514.000000,0.000000,0.000000,0.000000,0.000000,28.353516,0.000000,-0.780617,0.000000,11.860640,0.000288,0.019287,9.977985,6503,20,31,-1
28.356447,0.007994,-0.299479,-1.034258,0.000090,0.010079,0.011046,-0.000156,0.027344,-0.006712,0.003702,0.000007,0.000013,10.000000,23.000000,0.000000,0.011316,0.000025,0.000000,0.000000,0.000000,0.089226,1514.000000,0.000000,0.000000,0.000000,0.000000,28.355473,0.000000,-0.780617,0.000000,11.860640,0.000274,0.019243,9.977985,6503,19,31,-1
28.358402,0.007994,-0.299459,-1.034236,0.000090,0.010133,0.011032,-0.000152,0.026431,-0.006736,0.003615,0.000007,0.000014,10.000000,23.000000,0.000000,0.011316,0.000025,0.000000,0.000000,0.000000,0.089226,1514.000000,0.000000,0.000000,0.000000,0.000000,28.357424,0.000000,-0.780617,0.000000,11.860640,0.000261,0.019203,9.977985,6503,18,31,-1
28.360355,0.007994,-0.299439,-1.034214,0.000089,0.010184,0.011019,-0.000147,0.025554,-0.006755,0.003533,0.000006,0.000014,10.000000,23.000000,0.000000,0.011316,0.000025,0.000000,0.000000,0.000000,0.089226,1514.000000,0.000000,0.000000,0.000000,0.000000,28.359381,0.000000,-0.780617,0.000000,11.860640,0.000250,0.019168,9.977985,6503,17,31,-2
28.362310,0.007994,-0.299418,-1.034192,0.000089,0.010234,0.011005,-0.000143,0.024714,-0.006772,0.003453,0.000006,0.000014,10.000000,23.000000,0.000000,0.011316,0.000025,0.000000,0.000000,0.000000,0.089226,1514.000000,0.000000,0.000000,0.000000,0.000000,28.361332,0.000000,-0.780617,0.000000,11.860640,0.000233,0.019114,9.977985,6503,16,31,-2
28.364264,0.007995,-0.299398,-1.034170,0.000089,0.010282,0.010992,-0.000138,0.023906,-0.006787,0.003377,0.000005,0.000015,10.000000,23.000000,0.000000,0.011316,0.000025,0.000000,0.000000,0.000000,0.089226,1514.000000,0.000000,0.000000,0.000000,0.000000,28.363289,0.000000,-0.780617,0.000000,11.860640,0.000210,0.019044,9.977985,6503,15,31,-2
28.366219,0.007995,-0.299377,-1.034148,0.000089,0.010329,0.010978,-0.000133,0.023130,-0.006798,0.003303,0.000005,0.000015,10.000000,23.000000,0.000000,0.011316,0.000025,0.000000,0.000000,0.000000,0.089226,1514.000000,0.000000,0.000000,0.000000,0.000000,28.365240,0.000000,-0.780617,0.000000,11.860640,0.000190,0.018979,9.977985,6503,14,31,-2
28.368172,0.007995,-0.299356,-1.034126,0.000088,0.010374,0.010964,-0.000128,0.022386,-0.006808,0.003233,0.000004,0.000016,10.000000,23.000000,0.000000,0.011316,0.000025,0.000000,0.000000,0.000000,0.089226,1514.000000,0.000000,0.000000,0.000000,0.000000,28.367195,0.000000,-0.780617,0.000000,11.860640,0.000171,0.018920,9.977985,6503,13,31,-2
28.370127,0.007995,-0.299335,-1.034104,0.000088,0.010418,0.010951,-0.000123,0.021672,-0.006815,0.003166,0.000004,0.000016,10.000000,23.000000,0.000000,0.011316,0.000025,0.000000,0.000000,0.000000,0.089226,1514.000000,0.000000,0.000000,0.000000,0.000000,28.369148,0.000000,-0.780617,0.000000,11.860640,0.000154,0.018866,9.977985,6503,13,31,-2
28.372080,0.007995,-0.299314,-1.034082,0.000088,0.010460,0.010937,-0.000117,0.020987,-0.006821,0.003101,0.000003,0.000016,10.000000,23.000000,0.000000,0.011316,0.000025,0.000000,0.000000,0.000000,0.089226,1514.000000,0.000000,0.000000,0.000000,0.000000,28.371103,0.000000,-0.780617,0.000000,11.860640,0.000138,0.018816,9.977985,6503,12,31,-2
28.374035,0.007996,-0.299293,-1.034060,0.000088,0.010501,0.010923,-0.000112,0.020330,-0.006824,0.003040,0.000003,0.000016,10.000000,23.000000,0.000000,0.011316,0.000025,0.000000,0.000000,0.000000,0.089226,1514.000000,0.000000,0.000000,0.000000,0.000000,28.373056,0.000000,-0.780617,0.000000,11.860640,0.000123,0.018771,9.977985,6503,11,31,-2
28.375988,0.007996,-0.299272,-1.034038,0.000087,0.010541,0.010910,-0.000106,0.019699,-0.006827,0.002980,0.000002,0.000017,10.000000,23.000000,0.000000,0.011316,0.000025,0.000000,0.000000,0.000000,0.089226,1514.000000,0.000000,0.000000,0.000000,0.000000,28.375011,0.000000,-0.780617,0.000000,11.860640,0.000110,0.018729,9.977985,6503,10,31,-3
28.377941,0.007996,-0.299251,-1.034016,0.000087,0.010579,0.010896,-0.000100,0.019096,-0.006828,0.002923,0.000002,0.000017,10.000000,23.000000,0.000000,0.011316,0.000025,0.000000,0.000000,0.000000,0.089226,1514.000000,0.000000,0.000000,0.000000,0.000000,28.376965,0.000000,-0.780617,0.000000,11.860640,0.000090,0.018667,9.977985,6503,10,31,-3
28.379896,0.007996,-0.299230,-1.033994,0.000087,0.010617,0.010882,-0.000095,0.018515,-0.006828,0.002869,0.000001,0.000017,10.000000,23.000000,0.000000,0.011316,0.000025,0.000000,0.000000,0.000000,0.089226,1514.000000,0.000000,0.000000,0.000000,0.000000,28.378920,0.000000,-0.780617,0.000000,11.860640,0.000065,0.018588,9.977985,6503,9,31,-3
28.381849,0.007996,-0.299209,-1.033973,0.000087,0.010653,0.010869,-0.000089,0.017958,-0.006827,0.002816,0.000000,0.000017,10.000000,23.000000,0.000000,0.011316,0.000025,0.000000,0.000000,0.000000,0.089226,1514.000000,0.000000,0.000000,0.000000,0.000000,28.380873,0.000000,-0.780617,0.000000,11.860640,0.000042,0.018514,9.977985,6503,9,31,-3
28.383804,0.007996,-0.299187,-1.033951,0.000087,0.010688,0.010855,-0.000083,0.017422,-0.006825,0.002766,-0.000000,0.000017,10.000000,23.000000,0.000000,0.011316,0.000025,0.000000,0.000000,0.000000,0.089226,1514.000000,0.000000,0.000000,0.000000,0.000000,28.382828,0.000000,-0.780617,0.000000,11.860640,0.000020,0.018446,9.977985,6503,8,31,-3
28.385757,0.007997,-0.299166,-1.033929,0.000087,0.010722,0.010841,-0.000077,0.016908,-0.006821,0.002718,-0.000001,0.000017,10.000000,23.000000,0.000000,0.011316,0.000025,0.000000,0.000000,0.000000,0.089226,1514.000000,0.000000,0.000000,0.000000,0.000000,28.384781,0.000000,-0.780617,0.000000,11.860640,-0.000001,0.018382,9.977985,6503,7,31,-3
28.387712,0.007997,-0.299144,-1.033908,0.000086,0.010755,0.010828,-0.000071,0.016414,-0.006817,0.002671,-0.000001,0.000017,10.000000,23.000000,0.000000,0.011316,0.000025,0.000000,0.000000,0.000000,0.089226,1514.000000,0.000000,0.000000,0.000000,0.000000,28.386736,0.000000,-0.780617,0.000000,11.860640,-0.000020,0.018322,9.977985,6503,7,31,-3
28.389666,0.007997,-0.299123,-1.033886,0.000086,0.010787,0.010814,-0.000065,0.015940,-0.006812,0.002627,-0.000002,0.000017,10.000000,23.000000,0.000000,0.011316,0.000025,0.000000,0.000000,0.000000,0.089226,1514.000000,0.000000,0.000000,0.000000,0.000000,28.388687,0.000000,-0.780617,0.000000,11.860640,-0.000038,0.018265,9.977985,6503,6,31,-3
28.391621,0.007997,-0.299101,-1.033864,0.000086,0.010818,0.010801,-0.000060,0.015483,-0.006807,0.002584,-0.000002,0.000017,10.000000,23.000000,0.000000,0.011316,0.000025,0.000000,0.000000,0.000000,0.089226,1514.000000,0.000000,0.000000,0.000000,0.000000,28.390644,0.000000,-0.780617,0.000000,11.860640,-0.000055,0.018212,9.977985,6503,6,31,-3
28.393574,0.007997,-0.299079,-1.033843,0.000086,0.010849,0.010787,-0.000054,0.015044,-0.006801,0.002543,-0.000003,0.000017,10.000000,23.000000,0.000000,0.011316,0.000025,0.000000,0.000000,0.000000,0.089226,1514.000000,0.000000,0.000000,0.000000,0.000000,28.392595,0.000000,-0.780617,0.000000,11.860640,-0.000071,0.018161,9.977985,6503,6,31,-3
28.395529,0.007997,-0.299058,-1.033821,0.000086,0.010878,0.010773,-0.000048,0.014621,-0.006794,0.002503,-0.000004,0.000016,10.000000,23.000000,0.000000,0.011316,0.000025,0.000000,0.000000,0.000000,0.089226,1514.000000,0.000000,0.000000,0.000000,0.000000,28.394552,0.000000,-0.780617,0.000000,11.860640,-0.000086,0.018114,9.977985,6503,5,31,-3
28.397482,0.007998,-0.299036,-1.033800,0.000086,0.010907,0.010760,-0.000042,0.014214,-0.006787,0.002465,-0.000004,0.000016,10.000000,23.000000,0.000000,0.011316,0.000025,0.000000,0.000000,0.000000,0.089226,1514.000000,0.000000,0.000000,0.000000,0.000000,28.396503,0.000000,-0.780617,0.000000,11.860640,-0.000100,0.018068,9.977985,6503,5,31,-3
28.399437,0.007998,-0.299014,-1.033778,0.000086,0.010935,0.010746,-0.000036,0.013822,-0.006780,0.002429,-0.000005,0.000016,10.000000,23.000000,0.000000,0.011316,0.000025,0.000000,0.000000,0.000000,0.089226,1514.000000,0.000000,0.000000,0.000000,0.000000,28.398460,0.000000,-0.780617,0.000000,11.860640,-0.000114,0.018025,9.977985,6503,5,31,-3
28.401390,0.007998,-0.298992,-1.033757,0.000086,0.010962,0.010733,-0.000030,0.013444,-0.006773,0.002393,-0.000005,0.000016,10.000000,23.000000,0.000000,0.011316,0.000025,0.000000,0.000000,0.000000,0.089226,1514.000000,0.000000,0.000000,0.000000,0.000000,28.400412,0.000000,-0.780617,0.000000,11.860640,-0.000128,0.017983,9.977985,6503,4,31,-3
28.403343,0.007998,-0.298970,-1.033735,0.000086,0.010988,0.010719,-0.000024,0.013079,-0.006765,0.002359,-0.000006,0.000015,10.000000,23.000000,0.000000,0.011316,0.000025,0.000000,0.000000,0.000000,0.089226,1514.000000,0.000000,0.000000,0.000000,0.000000,28.402369,0.000000,-0.780617,0.000000,11.860640,-0.000140,0.017943,9.977985,6503,4,32,-3
28.405298,0.007998,-0.298948,-1.033714,0.000086,0.011014,0.010706,-0.000018,0.012726,-0.006756,0.002326,-0.000007,0.000015,10.000000,23.000000,0.000000,0.011316,0.000025,0.000000,0.000000,0.000000,0.089226,1514.000000,0.000000,0.000000,0.000000,0.000000,28.404320,0.000000,-0.780617,0.000000,11.860640,-0.000152,0.017905,9.977985,6503,4,32,-3
28.407251,0.007998,-0.298926,-1.033692,0.000086,0.011039,0.010692,-0.000012,0.012385,-0.006746,0.002294,-0.000007,0.000015,10.000000,23.000000,1.000000,0.011316,0.000025,0.000000,0.000000,0.000000,0.089226,1520.000000,0.000000,0.000000,0.000000,0.000000,28.406277,0.000000,-0.780617,0.000000,11.860640,-0.000164,0.017868,9.977985,6503,4,32,-3
28.409206,0.007999,-0.298904,-1.033671,0.000086,0.011063,0.010679,-0.000006,0.012056,-0.006736,0.002264,-0.000008,0.000014,10.000000,23.000000,1.000000,0.015272,0.000021,0.000000,0.000000,0.067000,0.029488,1520.000000,0.000000,0.000000,0.000000,0.000000,28.408228,14.925374,9.064281,222.766800,74.970833,-0.000176,-0.214015,9.975000,6502,-195,32,-3
28.411160,0.007999,-0.298882,-1.033649,0.000086,0.011087,0.010665,-0.000000,0.011737,-0.006620,0.002233,-0.000008,0.000014,10.000000,23.000000,1.000000,0.015272,0.000021,0.000000,0.000000,0.000000,0.029488,1520.000000,0.000000,0.000000,0.000000,0.000000,28.410185,14.925374,9.064281,222.766800,74.970833,-0.000191,-0.214063,9.975000,6502,-195,32,-2
28.413115,0.007999,-0.298859,-1.033628,0.000086,0.011109,0.010652,0.000006,0.011408,-0.006481,0.002201,-0.000009,0.000014,10.000000,23.000000,1.000000,0.015272,0.000021,0.000000,0.000000,0.000000,0.029488,1520.000000,0.000000,0.000000,0.000000,0.000000,28.412136,14.925374,9.064281,222.766800,74.970833,-0.000206,-0.214109,9.975000,6502,-195,32,-2
28.415068,0.007999,-0.298837,-1.033607,0.000086,0.011132,0.010640,0.000011,0.011053,-0.006353,0.002164,-0.000010,0.000013,10.000000,23.000000,1.000000,0.015272,0.000021,0.000000,0.000000,0.000000,0.029488,1520.000000,0.000000,0.000000,0.000000,0.000000,28.414091,14.925374,9.064281,222.766800,74.970833,-0.000218,-0.214147,9.975000,6502,-193,32,-2
28.417023,0.007999,-0.298815,-1.033586,0.000086,0.011153,0.010627,0.000017,0.010650,-0.006236,0.002122,-0.000010,0.000013,10.000000,23.000000,1.000000,0.015272,0.000021,0.000000,0.000000,0.000000,0.029488,1520.000000,0.000000,0.000000,0.000000,0.000000,28.416044,14.925374,9.064281,222.766800,74.970833,-0.000234,-0.214198,9.975000,6502,-191,32,-2
28.418976,0.007999,-0.298792,-1.033564,0.000086,0.011174,0.010615,0.000022,0.010182,-0.006129,0.002072,-0.000011,0.000012,10.000000,23.000000,1.000000,0.015272,0.000021,0.000000,0.000000,0.000000,0.029488,1520.000000,0.000000,0.000000,0.000000,0.000000,28.417999,14.925374,9.064281,222.766800,74.970833,-0.000254,-0.214261,9.975000,6502,-188,32,-2
28.420931,0.008000,-0.298770,-1.033543,0.000086,0.011193,0.010603,0.000026,0.009632,-0.006033,0.002013,-0.000011,0.000012,10.000000,23.000000,1.000000,0.015272,0.000021,0.000000,0.000000,0.000000,0.029488,1520.000000,0.000000,0.000000,0.000000,0.000000,28.419952,14.925374,9.064281,222.766800,74.970833,-0.000277,-0.214334,9.975000,6502,-185,32,-2
28.422884,0.008000,-0.298748,-1.033522,0.000086,0.011212,0.010591,0.000031,0.008988,-0.005943,0.001944,-0.000011,0.000011,10.000000,23.000000,1.000000,0.015272,0.000021,0.000000,0.000000,0.000000,0.029488,1520.000000,0.000000,0.000000,0.000000,0.000000,28.421907,14.925374,9.064281,222.766800,74.970833,-0.000303,-0.214417,9.975000,6502,-185,32,-2
28.424837,0.008000,-0.298725,-1.033501,0.000086,0.011229,0.010579,0.000034,0.008237,-0.005863,0.001862,-0.000012,0.000010,10.000000,23.000000,1.000000,0.015272,0.000021,0.000000,0.000000,0.000000,0.029488,1520.000000,0.000000,0.000000,0.000000,0.000000,28.423861,14.925374,9.064281,222.766800,74.970833,-0.000332,-0.214507,9.975000,6502,-180,32,-2
28.426792,0.008000,-0.298703,-1.033480,0.000086,0.011244,0.010567,0.000038,0.007368,-0.005789,0.001769,-0.000012,0.000010,10.000000,23.000000,1.000000,0.015272,0.000021,0.000000,0.000000,0.000000,0.029488,1520.000000,0.000000,0.000000,0.000000,0.000000,28.425816,14.925374,9.064281,222.766800,74.970833,-0.000364,-0.214605,9.975000,6502,-175,32,-1
28.428745,0.008000,-0.298680,-1.033458,0.000086,0.011257,0.010556,0.000041,0.006371,-0.005721,0.001661,-0.000012,0.000009,10.000000,23.000000,1.000000,0.015272,0.000021,0.000000,0.000000,0.000000,0.029488,1520.000000,0.000000,0.000000,0.000000,0.000000,28.427769,14.925374,9.064281,222.766800,74.970833,-0.000389,-0.214687,9.975000,6502,-169,32,-1
28.430700,0.008001,-0.298658,-1.033437,0.000086,0.011268,0.010545,0.000043,0.005240,-0.005659,0.001540,-0.000013,0.000008,10.000000,23.000000,1.000000,0.015272,0.000021,0.000000,0.000000,0.000000,0.029488,1520.000000,0.000000,0.000000,0.000000,0.000000,28.429724,14.925374,9.064281,222.766800,74.970833,-0.000411,-0.214753,9.975000,6502,-163,32,-1
28.432653,0.008001,-0.298635,-1.033416,0.000086,0.011277,0.010533,0.000045,0.003968,-0.005602,0.001403,-0.000013,0.000007,10.000000,23.000000,1.000000,0.015272,0.000021,0.000000,0.000000,0.000000,0.029488,1520.000000,0.000000,0.000000,0.000000,0.000000,28.431677,14.925374,9.064281,222.766800,74.970833,-0.000434,-0.214826,9.975000,6502,-156,31,-1
28.434608,0.008001,-0.298612,-1.033395,0.000086,0.011283,0.010522,0.000046,0.002549,-0.005550,0.001251,-0.000013,0.000006,10.000000,23.000000,1.000000,0.015272,0.000021,0.000000,0.000000,0.000000,0.029488,1520.000000,0.000000,0.000000,0.000000,0.000000,28.433632,14.925374,9.064281,222.766800,74.970833,-0.000459,-0.214906,9.975000,6502,-149,31,-1
28.436562,0.008001,-0.298590,-1.033374,0.000086,0.011285,0.010511,0.000047,0.000980,-0.005503,0.001083,-0.000013,0.000005,10.000000,23.000000,1.000000,0.015272,0.000021,0.000000,0.000000,0.000000,0.029488,1520.000000,0.000000,0.000000,0.000000,0.000000,28.435583,14.925374,9.064281,222.766800,74.970833,-0.000486,-0.214989,9.975000,6502,-142,31,0
28.438517,0.008001,-0.298567,-1.033353,0.000086,0.011285,0.010500,0.000047,-0.000744,-0.005458,0.000899,-0.000013,0.000004,10.000000,23.000000,1.000000,0.015272,0.000021,0.000000,0.000000,0.000000,0.029488,1520.000000,0.000000,0.000000,0.000000,0.000000,28.437540,14.925374,9.064281,222.766800,74.970833,-0.000506,-0.215054,9.975000,6502,-134,31,0
28.440470,0.008001,-0.298545,-1.033332,0.000087,0.011280,0.010489,0.000047,-0.002620,-0.005417,0.000699,-0.000013,0.000003,10.000000,23.000000,1.000000,0.015272,0.000021,0.000000,0.000000,0.000000,0.029488,1520.000000,0.000000,0.000000,0.000000,0.000000,28.439491,14.925374,9.064281,222.766800,74.970833,-0.000521,-0.215101,9.975000,6502,-126,31,0
28.442425,0.008002,-0.298522,-1.033311,0.000087,0.011272,0.010479,0.000046,-0.004652,-0.005379,0.000483,-0.000013,0.000002,10.000000,23.000000,1.000000,0.015272,0.000021,0.000000,0.000000,0.000000,0.029488,1520.000000,0.000000,0.000000,0.000000,0.000000,28.441448,14.925374,9.064281,222.766800,74.970833,-0.000538,-0.215154,9.975000,6502,-118,31,0
28.444378,0.008002,-0.298499,-1.033290,0.000087,0.011260,0.010468,0.000045,-0.006838,-0.005343,0.000250,-0.000013,0.000001,10.000000,23.000000,1.000000,0.015272,0.000021,0.000000,0.000000,0.000000,0.029488,1520.000000,0.000000,0.000000,0.000000,0.000000,28.443399,14.925374,9.064281,222.766800,74.970833,-0.000556,-0.215210,9.975000,6502,-110,31,0
28.446333,0.008002,-0.298477,-1.033269,0.000087,0.011242,0.010457,0.000044,-0.009178,-0.005310,0.000002,-0.000013,-0.000000,10.000000,23.000000,1.000000,0.015272,0.000021,0.000000,0.000000,0.000000,0.029488,1520.000000,0.000000,0.000000,0.000000,0.000000,28.445356,14.925374,9.064281,222.766800,74.970833,-0.000575,-0.215269,9.975000,6502,-101,31,0
28.448286,0.008002,-0.298454,-1.033248,0.000087,0.011220,0.010447,0.000042,-0.011669,-0.005278,-0.000262,-0.000012,-0.000002,10.000000,23.000000,1.000000,0.015272,0.000021,0.000000,0.000000,0.000000,0.029488,1520.000000,0.000000,0.000000,0.000000,0.000000,28.447308,14.925374,9.064281,222.766800,74.970833,-0.000594,-0.215330,9.975000,6502,-92,31,1
28.450239,0.008002,-0.298432,-1.033227,0.000087,0.011193,0.010436,0.000040,-0.014310,-0.005247,-0.000542,-0.000012,-0.000003,10.000000,23.000000,1.000000,0.015272,0.000021,0.000000,0.000000,0.000000,0.029488,1520.000000,0.000000,0.000000,0.000000,0.000000,28.449265,14.925374,9.064281,222.766800,74.970833,-0.000607,-0.215369,9.975000,6502,-84,31,1
28.452194,0.008002,-0.298410,-1.033206,0.000087,0.011160,0.010426,0.000038,-0.017093,-0.005218,-0.000837,-0.000012,-0.000004,10.000000,23.000000,1.000000,0.015272,0.000021,0.000000,0.000000,0.000000,0.029488,1520.000000,0.000000,0.000000,0.000000,0.000000,28.451216,14.925374,9.064281,222.766800,74.970833,-0.000613,-0.215389,9.975000,6502,-75,31,1
28.454147,0.008003,-0.298387,-1.033186,0.000087,0.011122,0.010415,0.000036,-0.020017,-0.005190,-0.001146,-0.000012,-0.000005,10.000000,23.000000,1.000000,0.015272,0.000021,0.000000,0.000000,0.000000,0.029488,1520.000000,0.000000,0.000000,0.000000,0.000000,28.453173,14.925374,9.064281,222.766800,74.970833,-0.000620,-0.215411,9.975000,6502,-66,31,2
28.456102,0.008003,-0.298365,-1.033165,0.000087,0.011077,0.010405,0.000033,-0.023077,-0.005162,-0.001470,-0.000012,-0.000006,10.000000,23.000000,1.000000,0.015272,0.000021,0.000000,0.000000,0.000000,0.029488,1520.000000,0.000000,0.000000,0.000000,0.000000,28.455124,14.925374,9.064281,222.766800,74.970833,-0.000620,-0.215412,9.975000,6502,-57,31,2
28.458055,0.008003,-0.298343,-1.033144,0.000087,0.011026,0.010395,0.000030,-0.026265,-0.005135,-0.001807,-0.000011,-0.000008,10.000000,23.000000,1.000000,0.015272,0.000021,0.000000,0.000000,0.000000,0.029488,1520.000000,0.000000,0.000000,0.000000,0.000000,28.457081,14.925374,9.064281,222.766800,74.970833,-0.000615,-0.215394,9.975000,6502,-48,31,3
28.460011,0.008003,-0.298321,-1.033123,0.000087,0.010969,0.010384,0.000027,-0.029578,-0.005107,-0.002157,-0.000011,-0.000009,10.000000,23.000000,1.000000,0.015272,0.000021,0.000000,0.000000,0.000000,0.029488,1520.000000,0.000000,0.000000,0.000000,0.000000,28.459032,14.925374,9.064281,222.766800,74.970833,-0.000603,-0.215356,9.975000,6502,-39,31,3
28.461964,0.008003,-0.298299,-1.033102,0.000087,0.010904,0.010374,0.000024,-0.033006,-0.005079,-0.002519,-0.000011,-0.000010,10.000000,23.000000,1.000000,0.015272,0.000021,0.000000,0.000000,0.000000,0.029488,1520.000000,0.000000,0.000000,0.000000,0.000000,28.460987,14.925374,9.064281,222.766800,74.970833,-0.000585,-0.215300,9.975000,6502,-30,31,3
28.463919,0.008003,-0.298278,-1.033082,0.000087,0.010833,0.010364,0.000020,-0.036545,-0.005051,-0.002892,-0.000010,-0.000011,10.000000,23.000000,1.000000,0.015272,0.000021,0.000000,0.000000,0.000000,0.029488,1520.000000,0.000000,0.000000,0.000000,0.000000,28.462940,14.925374,9.064281,222.766800,74.970833,-0.000568,-0.215249,9.975000,6502,-22,31,4
28.465872,0.008004,-0.298256,-1.033061,0.000087,0.010755,0.010354,0.000017,-0.040187,-0.005021,-0.003277,-0.000010,-0.000012,10.000000,23.000000,1.000000,0.015272,0.000021,0.000000,0.000000,0.000000,0.029488,1520.000000,0.000000,0.000000,0.000000,0.000000,28.464895,14.925374,9.064281,222.766800,74.970833,-0.000546,-0.215178,9.975000,6502,-13,31,4
28.467827,0.008004,-0.298235,-1.033040,0.000087,0.010669,0.010344,0.000013,-0.043923,-0.004991,-0.003671,-0.000009,-0.000013,10.000000,23.000000,1.000000,0.015272,0.000021,0.000000,0.000000,0.000000,0.029488,1520.000000,0.000000,0.000000,0.000000,0.000000,28.466848,14.925374,9.064281,222.766800,74.970833,-0.000517,-0.215089,9.975000,6502,-5,31,4
28.469780,0.008004,-0.298213,-1.033019,0.000087,0.010575,0.010334,0.000009,-0.047745,-0.004960,-0.004075,-0.000009,-0.000014,10.000000,23.000000,1.000000,0.015272,0.000021,0.000000,0.000000,0.000000,0.029488,1520.000000,0.000000,0.000000,0.000000,0.000000,28.468803,14.925374,9.064281,222.766800,74.970833,-0.000491,-0.215004,9.975000,6502,2,31,5
28.471733,0.008004,-0.298192,-1.032999,0.000087,0.010474,0.010324,0.000006,-0.051649,-0.004928,-0.004487,-0.000009,-0.000015,10.000000,23.000000,1.000000,0.015272,0.000021,0.000000,0.000000,0.000000,0.029488,1520.000000,0.000000,0.000000,0.000000,0.000000,28.470757,14.925374,9.064281,222.766800,74.970833,-0.000458,-0.214901,9.975000,6502,10,31,5
28.473688,0.008004,-0.298172,-1.032978,0.000087,0.010364,0.010314,0.000001,-0.055621,-0.004894,-0.004907,-0.000008,-0.000016,10.000000,23.000000,1.000000,0.015272,0.000021,0.000000,0.000000,0.000000,0.029488,1520.000000,0.000000,0.000000,0.000000,0.000000,28.472712,14.925374,9.064281,222.766800,74.970833,-0.000419,-0.214780,9.975000,6502,18,31,5
28.475641,0.008005,-0.298151,-1.032958,0.000087,0.010247,0.010305,-0.000003,-0.059656,-0.004859,-0.005333,-0.000008,-0.000017,10.000000,23.000000,1.000000,0.015272,0.000021,0.000000,0.000000,0.000000,0.029488,1520.000000,0.000000,0.000000,0.000000,0.000000,28.474665,14.925374,9.064281,222.766800,74.970833,-0.000382,-0.214664,9.975000,6502,25,31,6
28.477596,0.008005,-0.298131,-1.032937,0.000087,0.010122,0.010295,-0.000007,-0.063747,-0.004822,-0.005765,-0.000007,-0.000017,10.000000,23.000000,1.000000,0.015272,0.000021,0.000000,0.000000,0.000000,0.029488,1520.000000,0.000000,0.000000,0.000000,0.000000,28.476620,14.925374,9.064281,222.766800,74.970833,-0.000339,-0.214529,9.975000,6502,32,31,6
28.479549,0.008005,-0.298111,-1.032916,0.000087,0.009988,0.010285,-0.000011,-0.067881,-0.004784,-0.006202,-0.000007,-0.000018,10.000000,23.000000,1.000000,0.015272,0.000021,0.000000,0.000000,0.000000,0.029488,1520.000000,0.000000,0.000000,0.000000,0.000000,28.478573,14.925374,9.064281,222.766800,74.970833,-0.000291,-0.214376,9.975000,6502,39,31,6
28.481504,0.008005,-0.298091,-1.032896,0.000087,0.009846,0.010276,-0.000015,-0.072052,-0.004744,-0.006644,-0.000007,-0.000018,10.000000,23.000000,1.000000,0.015272,0.000021,0.000000,0.000000,0.000000,0.029488,1520.000000,0.000000,0.000000,0.000000,0.000000,28.480528,14.925374,9.064281,222.766800,74.970833,-0.000244,-0.214229,9.975000,6502,50,31,6
28.483458,0.008005,-0.298071,-1.032875,0.000087,0.009696,0.010267,-0.000020,-0.076253,-0.004702,-0.007088,-0.000006,-0.000019,10.000000,23.000000,1.000000,0.015272,0.000021,0.000000,0.000000,0.000000,0.029488,1520.000000,0.000000,0.000000,0.000000,0.000000,28.482479,14.925374,9.064281,222.766800,74.970833,-0.000198,-0.214086,9.975000,6502,57,31,7
28.485413,0.008005,-0.298052,-1.032855,0.000087,0.009537,0.010257,-0.000024,-0.080474,-0.004659,-0.007535,-0.000006,-0.000019,10.000000,23.000000,1.000000,0.015272,0.000021,0.000000,0.000000,0.000000,0.029488,1520.000000,0.000000,0.000000,0.000000,0.000000,28.484436,14.925374,9.064281,222.766800,74.970833,-0.000146,-0.213922,9.975000,6502,63,31,7
28.487366,0.008006,-0.298033,-1.032834,0.000087,0.009369,0.010248,-0.000029,-0.084705,-0.004615,-0.007984,-0.000005,-0.000019,10.000000,23.000000,1.000000,0.011947,0.000022,0.000000,0.000000,0.067000,0.000000,1520.000000,0.000000,0.000000,0.000000,0.000000,28.486387,0.000000,4.512970,-222.766769,-6.865936,-0.000088,-0.106558,9.975000,6501,165,31,7
28.489321,0.008006,-0.298015,-1.032814,0.000087,0.009194,0.010239,-0.000034,-0.088937,-0.004463,-0.008433,-0.000005,-0.000019,10.000000,23.000000,1.000000,0.011947,0.000022,0.000000,0.000000,0.000000,0.000000,1520.000000,0.000000,0.000000,0.000000,0.000000,28.488344,0.000000,4.512970,-222.766769,-6.865936,-0.000030,-0.106375,9.975000,6501,170,31,7
28.491274,0.008006,-0.297997,-1.032793,0.000087,0.009010,0.010230,-0.000038,-0.093154,-0.004285,-0.008880,-0.000004,-0.000019,10.000000,23.000000,1.000000,0.011947,0.000022,0.000000,0.000000,0.000000,0.000000,1520.000000,0.000000,0.000000,0.000000,0.000000,28.490295,0.000000,4.512970,-222.766769,-6.865936,0.000030,-0.106185,9.975000,6501,175,31,7
28.493229,0.008006,-0.297979,-1.032773,0.000087,0.008817,0.010222,-0.000043,-0.097337,-0.004118,-0.009323,-0.000004,-0.000019,10.000000,23.000000,1.000000,0.011947,0.000022,0.000000,0.000000,0.000000,0.000000,1520.000000,0.000000,0.000000,0.000000,0.000000,28.492252,0.000000,4.512970,-222.766769,-6.865936,0.000092,-0.105992,9.975000,6501,178,31,7
28.495182,0.008006,-0.297962,-1.032752,0.000087,0.008616,0.010214,-0.000048,-0.101470,-0.003962,-0.009761,-0.000003,-0.000019,10.000000,23.000000,1.000000,0.011947,0.000022,0.000000,0.000000,0.000000,0.000000,1520.000000,0.000000,0.000000,0.000000,0.000000,28.494204,0.000000,4.512970,-222.766769,-6.865936,0.000154,-0.105797,9.975000,6501,181,31,7
28.497135,0.008006,-0.297945,-1.032732,0.000087,0.008407,0.010206,-0.000053,-0.105535,-0.003813,-0.010193,-0.000003,-0.000018,10.000000,23.000000,1.000000,0.011947,0.000022,0.000000,0.000000,0.000000,0.000000,1520.000000,0.000000,0.000000,0.000000,0.000000,28.496161,0.000000,4.512970,-222.766769,-6.865936,0.000217,-0.105598,9.975000,6501,183,31,7
28.499090,0.008007,-0.297928,-1.032711,0.000087,0.008190,0.010199,-0.000057,-0.109519,-0.003674,-0.010616,-0.000002,-0.000018,10.000000,23.000000,1.000000,0.011947,0.000022,0.000000,0.000000,0.000000,0.000000,1520.000000,0.000000,0.000000,0.000000,0.000000,28.498112,0.000000,4.512970,-222.766769,-6.865936,0.000281,-0.105397,9.975000,6501,185,31,7
28.501043,0.008007,-0.297912,-1.032691,0.000087,0.007965,0.010192,-0.000062,-0.113407,-0.003543,-0.011029,-0.000002,-0.000017,10.000000,23.000000,1.000000,0.011947,0.000022,0.000000,0.000000,0.000000,0.000000,1520.000000,0.000000,0.000000,0.000000,0.000000,28.500069,0.000000,4.512970,-222.766769,-6.865936,0.000346,-0.105194,9.975000,6501,186,31,6
28.502998,0.008007,-0.297896,-1.032670,0.000086,0.007733,0.010185,-0.000067,-0.117186,-0.003418,-0.011432,-0.000001,-0.000016,10.000000,23.000000,1.000000,0.011947,0.000022,0.000000,0.000000,0.000000,0.000000,1520.000000,0.000000,0.000000,0.000000,0.000000,28.502020,0.000000,4.512970,-222.766769,-6.865936,0.000404,-0.105011,9.975000,6501,186,31,6
28.504951,0.008007,-0.297881,-1.032650,0.000086,0.007493,0.010178,-0.000072,-0.120846,-0.003301,-0.011822,-0.000001,-0.000015,10.000000,23.000000,1.000000,0.011947,0.000022,0.000000,0.000000,0.000000,0.000000,1520.000000,0.000000,0.000000,0.000000,0.000000,28.503977,0.000000,4.512970,-222.766769,-6.865936,0.000457,-0.104845,9.975000,6501,186,31,6
28.506907,0.008007,-0.297867,-1.032630,0.000086,0.007246,0.010172,-0.000077,-0.124377,-0.003189,-0.012199,-0.000000,-0.000014,10.000000,23.000000,1.000000,0.011947,0.000022,0.000000,0.000000,0.000000,0.000000,1520.000000,0.000000,0.000000,0.000000,0.000000,28.505928,0.000000,4.512970,-222.766769,-6.865936,0.000511,-0.104675,9.975000,6501,185,31,5
28.508860,0.008007,-0.297853,-1.032609,0.000086,0.006992,0.010165,-0.000082,-0.127765,-0.003085,-0.012563,0.000000,-0.000013,10.000000,23.000000,1.000000,0.011947,0.000022,0.000000,0.000000,0.000000,0.000000,1520.000000,0.000000,0.000000,0.000000,0.000000,28.507883,0.000000,4.512970,-222.766769,-6.865936,0.000560,-0.104523,9.975000,6501,184,31,5
28.510815,0.008008,-0.297839,-1.032589,0.000086,0.006731,0.010159,-0.000087,-0.131008,-0.002985,-0.012911,0.000001,-0.000012,10.000000,23.000000,1.000000,0.011947,0.000022,0.000000,0.000000,0.000000,0.000000,1520.000000,0.000000,0.000000,0.000000,0.000000,28.509836,0.000000,4.512970,-222.766769,-6.865936,0.000603,-0.104388,9.975000,6501,181,31,5
28.512768,0.008008,-0.297826,-1.032569,0.000086,0.006465,0.010154,-0.000092,-0.134094,-0.002891,-0.013243,0.000001,-0.000010,10.000000,23.000000,1.000000,0.011947,0.000022,0.000000,0.000000,0.000000,0.000000,1520.000000,0.000000,0.000000,0.000000,0.000000,28.511791,0.000000,4.512970,-222.766769,-6.865936,0.000648,-0.104246,9.975000,6501,179,31,4
28.514723,0.008008,-0.297813,-1.032548,0.000085,0.006192,0.010148,-0.000097,-0.137017,-0.002802,-0.013560,0.000002,-0.000009,10.000000,23.000000,1.000000,0.011947,0.000022,0.000000,0.000000,0.000000,0.000000,1520.000000,0.000000,0.000000,0.000000,0.000000,28.513744,0.000000,4.512970,-222.766769,-6.865936,0.000688,-0.104122,9.975000,6501,176,31,4
28.516676,0.008008,-0.297801,-1.032528,0.000085,0.005914,0.010143,-0.000102,-0.139774,-0.002719,-0.013859,0.000003,-0.000008,10.000000,23.000000,1.000000,0.011947,0.000022,0.000000,0.000000,0.000000,0.000000,1520.000000,0.000000,0.000000,0.000000,0.000000,28.515699,0.000000,4.512970,-222.766769,-6.865936,0.000722,-0.104012,9.975000,6501,172,31,3
28.518631,0.008008,-0.297790,-1.032508,0.000085,0.005631,0.010137,-0.000107,-0.142356,-0.002641,-0.014141,0.000003,-0.000006,10.000000,23.000000,1.000000,0.011947,0.000022,0.000000,0.000000,0.000000,0.000000,1520.000000,0.000000,0.000000,0.000000,0.000000,28.517653,0.000000,4.512970,-222.766769,-6.865936,0.000752,-0.103919,9.975000,6501,168,31,3
28.520584,0.008009,-0.297779,-1.032488,0.000085,0.005342,0.010132,-0.000113,-0.144764,-0.002568,-0.014405,0.000004,-0.000004,10.000000,23.000000,1.000000,0.011947,0.000022,0.000000,0.000000,0.000000,0.000000,1520.000000,0.000000,0.000000,0.000000,0.000000,28.519608,0.000000,4.512970,-222.766769,-6.865936,0.000777,-0.103839,9.975000,6501,164,31,2
28.522537,0.008009,-0.297769,-1.032467,0.000085,0.005049,0.010127,-0.000118,-0.146990,-0.002500,-0.014652,0.000004,-0.000003,10.000000,23.000000,1.000000,0.011947,0.000022,0.000000,0.000000,0.000000,0.000000,1520.000000,0.000000,0.000000,0.000000,0.000000,28.521561,0.000000,4.512970,-222.766769,-6.865936,0.000798,-0.103774,9.975000,6501,159,31,2
28.524492,0.008009,-0.297759,-1.032447,0.000084,0.004752,0.010122,-0.000123,-0.149037,-0.002436,-0.014880,0.000005,-0.000001,10.000000,23.000000,1.000000,0.011947,0.000022,0.000000,0.000000,0.000000,0.000000,1520.000000,0.000000,0.000000,0.000000,0.000000,28.523516,0.000000,4.512970,-222.766769,-6.865936,0.000815,-0.103722,9.975000,6501,154,31,1
28.526445,0.008009,-0.297750,-1.032427,0.000084,0.004451,0.010117,-0.000129,-0.150899,-0.002377,-0.015089,0.000005,0.000000,10.000000,23.000000,1.000000,0.011947,0.000022,0.000000,0.000000,0.000000,0.000000,1520.000000,0.000000,0.000000,0.000000,0.000000,28.525469,0.000000,4.512970,-222.766769,-6.865936,0.000827,-0.103684,9.975000,6501,149,31,1
28.528400,0.008009,-0.297742,-1.032406,0.000084,0.004147,0.010113,-0.000134,-0.152579,-0.002322,-0.015281,0.000006,0.000002,10.000000,23.000000,1.000000,0.011947,0.000022,0.000000,0.000000,0.000000,0.000000,1520.000000,0.000000,0.000000,0.000000,0.000000,28.527424,0.000000,4.512970,-222.766769,-6.865936,0.000835,-0.103658,9.975000,6501,143,30,0
28.530354,0.008009,-0.297734,-1.032386,0.000084,0.003840,0.010108,-0.000139,-0.154073,-0.002272,-0.015453,0.000007,0.000004,10.000000,23.000000,1.000000,0.011947,0.000022,0.000000,0.000000,0.000000,0.000000,1520.000000,0.000000,0.000000,0.000000,0.000000,28.529375,0.000000,4.512970,-222.766769,-6.865936,0.000839,-0.103645,9.975000,6501,137,30,0
28.532309,0.008010,-0.297727,-1.032366,0.000083,0.003529,0.010104,-0.000145,-0.155386,-0.002227,-0.015608,0.000007,0.000005,10.000000,23.000000,1.000000,0.011947,0.000022,0.000000,0.000000,0.000000,0.000000,1520.000000,0.000000,0.000000,0.000000,0.000000,28.531332,0.000000,4.512970,-222.766769,-6.865936,0.000839,-0.103645,9.975000,6501,131,30,0
28.534262,0.008010,-0.297720,-1.032346,0.000083,0.003217,0.010099,-0.000150,-0.156518,-0.002186,-0.015744,0.000008,0.000007,10.000000,23.000000,1.000000,0.011947,0.000022,0.000000,0.000000,0.000000,0.000000,1520.000000,0.000000,0.000000,0.000000,0.000000,28.533283,0.000000,4.512970,-222.766769,-6.865936,0.000843,-0.103634,9.975000,6501,124,30,0
28.536217,0.008010,-0.297714,-1.032326,0.000083,0.002902,0.010095,-0.000155,-0.157470,-0.002148,-0.015862,0.000008,0.000009,10.000000,23.000000,1.000000,0.011947,0.000022,0.000000,0.000000,0.000000,0.000000,1520.000000,0.000000,0.000000,0.000000,0.000000,28.535240,0.000000,4.512970,-222.766769,-6.865936,0.000849,-0.103615,9.975000,6501,118,30,-1
28.538170,0.008010,-0.297709,-1.032305,0.000082,0.002586,0.010091,-0.000160,-0.158242,-0.002115,-0.015962,0.000009,0.000010,10.000000,23.000000,1.000000,0.011947,0.000022,0.000000,0.000000,0.000000,0.000000,1520.000000,0.000000,0.000000,0.000000,0.000000,28.537191,0.000000,4.512970,-222.766769,-6.865936,0.000850,-0.103612,9.975000,6501,111,30,-2
28.540125,0.008010,-0.297704,-1.032285,0.000082,0.002269,0.010086,-0.000164,-0.158841,-0.002085,-0.016044,0.000009,0.000012,10.000000,23.000000,1.000000,0.011947,0.000022,0.000000,0.000000,0.000000,0.000000,1520.000000,0.000000,0.000000,0.000000,0.000000,28.539148,0.000000,4.512970,-222.766769,-6.865936,0.000839,-0.103645,9.975000,6501,104,30,-2
28.542078,0.008010,-0.297700,-1.032265,0.000082,0.001951,0.010082,-0.000169,-0.159271,-0.002060,-0.016110,0.000010,0.000014,10.000000,23.000000,1.000000,0.011947,0.000022,0.000000,0.000000,0.000000,0.000000,1520.000000,0.000000,0.000000,0.000000,0.000000,28.541100,0.000000,4.512970,-222.766769,-6.865936,0.000825,-0.103690,9.975000,6501,97,30,-3
28.544031,0.008010,-0.297697,-1.032245,0.000081,0.001632,0.010078,-0.000173,-0.159532,-0.002038,-0.016159,0.000010,0.000015,10.000000,23.000000,1.000000,0.011947,0.000022,0.000000,0.000000,0.000000,0.000000,1520.000000,0.000000,0.000000,0.000000,0.000000,28.543056,0.000000,4.512970,-222.766769,-6.865936,0.000806,-0.103748,9.975000,6501,90,30,-3
28.545986,0.008011,-0.297694,-1.032225,0.000081,0.001312,0.010074,-0.000176,-0.159633,-0.002019,-0.016191,0.000011,0.000017,10.000000,23.000000,1.000000,0.009347,0.000020,0.000000,0.000000,0.067000,0.000000,1520.000000,0.000000,0.000000,0.000000,0.000000,28.545008,0.000000,2.260534,0.000000,-9.530640,0.000784,-0.050773,9.975000,6501,132,30,-4
28.547939,0.008011,-0.297692,-1.032205,0.000081,0.000993,0.010070,-0.000179,-0.159575,-0.002004,-0.016208,0.000011,0.000018,10.000000,23.000000,1.000000,0.009347,0.000020,0.000000,0.000000,0.000000,0.000000,1520.000000,0.000000,0.000000,0.000000,0.000000,28.546965,0.000000,2.260534,0.000000,-9.530640,0.000759,-0.050853,9.975000,6501,125,30,-4
28.549894,0.008011,-0.297690,-1.032184,0.000080,0.000674,0.010066,-0.000181,-0.159363,-0.001992,-0.016208,0.000011,0.000020,10.000000,23.000000,1.000000,0.009347,0.000020,0.000000,0.000000,0.000000,0.000000,1520.000000,0.000000,0.000000,0.000000,0.000000,28.548916,0.000000,2.260534,0.000000,-9.530640,0.000732,-0.050938,9.975000,6501,118,30,-5
28.551847,0.008011,-0.297689,-1.032164,0.000080,0.000356,0.010062,-0.000183,-0.158993,-0.001984,-0.016193,0.000012,0.000021,10.000000,23.000000,1.000000,0.009347,0.000020,0.000000,0.000000,0.000000,0.000000,1520.000000,0.000000,0.000000,0.000000,0.000000,28.550873,0.000000,2.260534,0.000000,-9.530640,0.000701,-0.051033,9.975000,6501,110,31,-5
28.553802,0.008011,-0.297689,-1.032144,0.000080,0.000039,0.010058,-0.000184,-0.158470,-0.001977,-0.016161,0.000012,0.000023,10.000000,23.000000,1.000000,0.009347,0.000020,0.000000,0.000000,0.000000,0.000000,1520.000000,0.000000,0.000000,0.000000,0.000000,28.552824,0.000000,2.260534,0.000000,-9.530640,0.000668,-0.051137,9.975000,6501,103,31,-6
28.555756,0.008011,-0.297689,-1.032124,0.000079,-0.000277,0.010054,-0.000185,-0.157792,-0.001974,-0.016115,0.000012,0.000024,10.000000,23.000000,1.000000,0.009347,0.000020,0.000000,0.000000,0.000000,0.000000,1520.000000,0.000000,0.000000,0.000000,0.000000,28.554779,0.000000,2.260534,0.000000,-9.530640,0.000632,-0.051250,9.975000,6501,96,31,-6
28.557711,0.008012,-0.297690,-1.032104,0.000079,-0.000591,0.010050,-0.000185,-0.156967,-0.001974,-0.016052,0.000012,0.000025,10.000000,23.000000,1.000000,0.009347,0.000020,0.000000,0.000000,0.000000,0.000000,1520.000000,0.000000,0.000000,0.000000,0.000000,28.556732,0.000000,2.260534,0.000000,-9.530640,0.000593,-0.051372,9.975000,6501,88,31,-7
28.559664,0.008012,-0.297692,-1.032084,0.000078,-0.000904,0.010046,-0.000185,-0.155993,-0.001976,-0.015975,0.000012,0.000026,10.000000,23.000000,1.000000,0.009347,0.000020,0.000000,0.000000,0.000000,0.000000,1520.000000,0.000000,0.000000,0.000000,0.000000,28.558687,0.000000,2.260534,0.000000,-9.530640,0.000551,-0.051505,9.975000,6501,81,31,-7
28.561619,0.008012,-0.297694,-1.032064,0.000078,-0.001214,0.010042,-0.000184,-0.154877,-0.001981,-0.015883,0.000012,0.000027,10.000000,23.000000,1.000000,0.009347,0.000020,0.000000,0.000000,0.000000,0.000000,1520.000000,0.000000,0.000000,0.000000,0.000000,28.560640,0.000000,2.260534,0.000000,-9.530640,0.000506,-0.051647,9.975000,6501,73,31,-8
28.563572,0.008012,-0.297697,-1.032043,0.000078,-0.001522,0.010038,-0.000183,-0.153622,-0.001989,-0.015778,0.000012,0.000028,10.000000,23.000000,1.000000,0.009347,0.000020,0.000000,0.000000,0.000000,0.000000,1520.000000,0.000000,0.000000,0.000000,0.000000,28.562595,0.000000,2.260534,0.000000,-9.530640,0.000457,-0.051799,9.975000,6501,66,31,-8
28.565525,0.008012,-0.297701,-1.032023,0.000077,-0.001827,0.010034,-0.000182,-0.152234,-0.002000,-0.015658,0.000012,0.000029,10.000000,23.000000,1.000000,0.009347,0.000020,0.000000,0.000000,0.000000,0.000000,1520.000000,0.000000,0.000000,0.000000,0.000000,28.564548,0.000000,2.260534,0.000000,-9.530640,0.000406,-0.051962,9.975000,6501,58,31,-8
28.567480,0.008012,-0.297705,-1.032003,0.000077,-0.002129,0.010030,-0.000181,-0.150718,-0.002012,-0.015525,0.000012,0.000029,10.000000,23.000000,1.000000,0.009347,0.000020,0.000000,0.000000,0.000000,0.000000,1520.000000,0.000000,0.000000,0.000000,0.000000,28.566504,0.000000,2.260534,0.000000,-9.530640,0.000358,-0.052112,9.975000,6501,51,31,-9
28.569433,0.008013,-0.297710,-1.031983,0.000077,-0.002428,0.010026,-0.000179,-0.149077,-0.002027,-0.015380,0.000011,0.000030,10.000000,23.000000,1.000000,0.009347,0.000020,0.000000,0.000000,0.000000,0.000000,1520.000000,0.000000,0.000000,0.000000,0.000000,28.568457,0.000000,2.260534,0.000000,-9.530640,0.000306,-0.052275,9.975000,6501,44,31,-9
28.571388,0.008013,-0.297715,-1.031963,0.000076,-0.002724,0.010022,-0.000177,-0.147321,-0.002043,-0.015223,0.000011,0.000031,10.000000,23.000000,1.000000,0.009347,0.000020,0.000000,0.000000,0.000000,0.000000,1520.000000,0.000000,0.000000,0.000000,0.000000,28.570412,0.000000,2.260534,0.000000,-9.530640,0.000250,-0.052449,9.975000,6501,37,31,-9
28.573341,0.008013,-0.297721,-1.031943,0.000076,-0.003016,0.010018,-0.000175,-0.145455,-0.002060,-0.015054,0.000011,0.000031,10.000000,23.000000,1.000000,0.009347,0.000020,0.000000,0.000000,0.000000,0.000000,1520.000000,0.000000,0.000000,0.000000,0.000000,28.572365,0.000000,2.260534,0.000000,-9.530640,0.000198,-0.052613,9.975000,6501,30,31,-9
28.575296,0.008013,-0.297727,-1.031923,0.000076,-0.003304,0.010014,-0.000173,-0.143483,-0.002080,-0.014875,0.000011,0.000031,10.000000,23.000000,1.000000,0.009347,0.000020,0.000000,0.000000,0.000000,0.000000,1520.000000,0.000000,0.000000,0.000000,0.000000,28.574320,0.000000,2.260534,0.000000,-9.530640,0.000149,-0.052768,9.975000,6501,23,31,-9
28.577250,0.008013,-0.297734,-1.031903,0.000075,-0.003588,0.010010,-0.000170,-0.141414,-0.002101,-0.014685,0.000011,0.000031,10.000000,23.000000,1.000000,0.009347,0.000020,0.000000,0.000000,0.000000,0.000000,1520.000000,0.000000,0.000000,0.000000,0.000000,28.576271,0.000000,2.260534,0.000000,-9.530640,0.000102,-0.052916,9.975000,6501,16,31,-9
28.579205,0.008013,-0.297742,-1.031883,0.000075,-0.003867,0.010006,-0.000168,-0.139254,-0.002123,-0.014487,0.000010,0.000031,10.000000,23.000000,1.000000,0.009347,0.000020,0.000000,0.000000,0.000000,0.000000,1520.000000,0.000000,0.000000,0.000000,0.000000,28.578228,0.000000,2.260534,0.000000,-9.530640,0.000057,-0.053057,9.975000,6501,10,31,-10
28.581158,0.008013,-0.297750,-1.031863,0.000075,-0.004142,0.010001,-0.000165,-0.137009,-0.002146,-0.014279,0.000010,0.000031,10.000000,23.000000,1.000000,0.009347,0.000020,0.000000,0.000000,0.000000,0.000000,1520.000000,0.000000,0.000000,0.000000,0.000000,28.580179,0.000000,2.260534,0.000000,-9.530640,0.000006,-0.053216,9.975000,6501,4,31,-10
28.583113,0.008014,-0.297759,-1.031843,0.000074,-0.004413,0.009997,-0.000162,-0.134688,-0.002171,-0.014064,0.000010,0.000031,10.000000,23.000000,1.000000,0.009347,0.000020,0.000000,0.000000,0.000000,0.000000,1520.000000,0.000000,0.000000,0.000000,0.000000,28.582136,0.000000,2.260534,0.000000,-9.530640,-0.000049,-0.053391,9.975000,6501,-1,31,-10
28.585066,0.008014,-0.297768,-1.031823,0.000074,-0.004679,0.009993,-0.000159,-0.132298,-0.002196,-0.013842,0.000010,0.000031,10.000000,23.000000,1.000000,0.009347,0.000020,0.000000,0.000000,0.000000,0.000000,1520.000000,0.000000,0.000000,0.000000,0.000000,28.584087,0.000000,2.260534,0.000000,-9.530640,-0.000103,-0.053559,9.975000,6501,-7,31,-10
28.587021,0.008014,-0.297778,-1.031803,0.000074,-0.004940,0.009988,-0.000156,-0.129844,-0.002221,-0.013613,0.000009,0.000031,10.000000,23.000000,1.000000,0.009347,0.000020,0.000000,0.000000,0.000000,0.000000,1520.000000,0.000000,0.000000,0.000000,0.000000,28.586044,0.000000,2.260534,0.000000,-9.530640,-0.000155,-0.053721,9.975000,6501,-17,31,-10
28.588974,0.008014,-0.297788,-1.031783,0.000073,-0.005196,0.009984,-0.000153,-0.127335,-0.002247,-0.013378,0.000009,0.000030,10.000000,23.000000,1.000000,0.009347,0.000020,0.000000,0.000000,0.000000,0.000000,1520.000000,0.000000,0.000000,0.000000,0.000000,28.587996,0.000000,2.260534,0.000000,-9.530640,-0.000205,-0.053880,9.975000,6501,-22,31,-10
28.590927,0.008014,-0.297799,-1.031763,0.000073,-0.005446,0.009979,-0.000150,-0.124778,-0.002273,-0.013138,0.000009,0.000030,10.000000,23.000000,1.000000,0.009347,0.000020,0.000000,0.000000,0.000000,0.000000,1520.000000,0.000000,0.000000,0.000000,0.000000,28.589952,0.000000,2.260534,0.000000,-9.530640,-0.000255,-0.054035,9.975000,6501,-27,31,-10
28.592882,0.008014,-0.297810,-1.031743,0.000073,-0.005692,0.009975,-0.000146,-0.122180,-0.002299,-0.012894,0.000008,0.000029,10.000000,23.000000,1.000000,0.009347,0.000020,0.000000,0.000000,0.000000,0.000000,1520.000000,0.000000,0.000000,0.000000,0.000000,28.591904,0.000000,2.260534,0.000000,-9.530640,-0.000303,-0.054188,9.975000,6501,-32,31,-9
28.594835,0.008014,-0.297822,-1.031723,0.000072,-0.005933,0.009970,-0.000142,-0.119549,-0.002325,-0.012646,0.000008,0.000028,10.000000,23.000000,1.000000,0.009347,0.000020,0.000000,0.000000,0.000000,0.000000,1520.000000,0.000000,0.000000,0.000000,0.000000,28.593861,0.000000,2.260534,0.000000,-9.530640,-0.000344,-0.054315,9.975000,6501,-36,31,-9
28.596790,0.008015,-0.297834,-1.031703,0.000072,-0.006168,0.009965,-0.000138,-0.116891,-0.002351,-0.012396,0.000007,0.000028,10.000000,23.000000,1.000000,0.009347,0.000020,0.000000,0.000000,0.000000,0.000000,1520.000000,0.000000,0.000000,0.000000,0.000000,28.595812,0.000000,2.260534,0.000000,-9.530640,-0.000378,-0.054422,9.975000,6501,-40,31,-9
28.598743,0.008015,-0.297847,-1.031683,0.000072,-0.006397,0.009961,-0.000134,-0.114212,-0.002377,-0.012143,0.000007,0.000027,10.000000,23.000000,1.000000,0.009347,0.000020,0.000000,0.000000,0.000000,0.000000,1520.000000,0.000000,0.000000,0.000000,0.000000,28.597769,0.000000,2.260534,0.000000,-9.530640,-0.000412,-0.054530,9.975000,6501,-44,31,-9
28.600698,0.008015,-0.297860,-1.031663,0.000072,-0.006622,0.009956,-0.000130,-0.111521,-0.002402,-0.011889,0.000007,0.000026,10.000000,23.000000,1.000000,0.009347,0.000020,0.000000,0.000000,0.000000,0.000000,1520.000000,0.000000,0.000000,0.000000,0.000000,28.599720,0.000000,2.260534,0.000000,-9.530640,-0.000447,-0.054640,9.975000,6501,-47,31,-9
28.602652,0.008015,-0.297873,-1.031643,0.000071,-0.006841,0.009951,-0.000126,-0.108824,-0.002426,-0.011634,0.000006,0.000025,10.000000,23.000000,0.000000,0.009347,0.000020,0.000000,0.000000,0.000000,0.000000,1518.000000,0.000000,0.000000,0.000000,0.000000,28.601677,0.000000,2.260534,0.000000,-9.530640,-0.000483,-0.054752,9.975000,6501,-51,31,-8
28.604607,0.008015,-0.297887,-1.031623,0.000071,-0.007054,0.009946,-0.000122,-0.106129,-0.002451,-0.011379,0.000006,0.000024,10.000000,23.000000,0.000000,0.005206,0.000018,0.000000,0.000000,0.066000,-0.009978,1518.000000,0.000000,0.000000,0.000000,0.000000,28.603628,-15.151515,-8.338172,-229.568405,-76.581017,-0.000512,0.194755,9.975000,6502,163,31,-8
28.606560,0.008015,-0.297902,-1.031603,0.000071,-0.007263,0.009941,-0.000117,-0.103439,-0.002580,-0.011123,0.000005,0.000023,10.000000,23.000000,0.000000,0.005206,0.000018,0.000000,0.000000,0.000000,-0.009978,1518.000000,0.000000,0.000000,0.000000,0.000000,28.605583,-15.151515,-8.338172,-229.568405,-76.581017,-0.000531,0.194695,9.975000,6502,160,31,-8
28.608515,0.008015,-0.297917,-1.031584,0.000071,-0.007465,0.009936,-0.000113,-0.100741,-0.002733,-0.010865,0.000005,0.000022,10.000000,23.000000,0.000000,0.005206,0.000018,0.000000,0.000000,0.000000,-0.009978,1518.000000,0.000000,0.000000,0.000000,0.000000,28.607536,-15.151515,-8.338172,-229.568405,-76.581017,-0.000544,0.194655,9.975000,6502,156,31,-8
28.610468,0.008016,-0.297932,-1.031564,0.000070,-0.007663,0.009930,-0.000108,-0.098020,-0.002874,-0.010604,0.000004,0.000021,10.000000,23.000000,0.000000,0.005206,0.000018,0.000000,0.000000,0.000000,-0.009978,1518.000000,0.000000,0.000000,0.000000,0.000000,28.609491,-15.151515,-8.338172,-229.568405,-76.581017,-0.000555,0.194622,9.975000,6502,153,31,-7
28.612423,0.008016,-0.297948,-1.031544,0.000070,-0.007855,0.009924,-0.000103,-0.095262,-0.003002,-0.010337,0.000004,0.000020,10.000000,23.000000,0.000000,0.005206,0.000018,0.000000,0.000000,0.000000,-0.009978,1518.000000,0.000000,0.000000,0.000000,0.000000,28.611444,-15.151515,-8.338172,-229.568405,-76.581017,-0.000556,0.194620,9.975000,6502,148,31,-7
28.614376,0.008016,-0.297964,-1.031524,0.000070,-0.008041,0.009918,-0.000099,-0.092449,-0.003121,-0.010064,0.000003,0.000018,10.000000,23.000000,0.000000,0.005206,0.000018,0.000000,0.000000,0.000000,-0.009978,1518.000000,0.000000,0.000000,0.000000,0.000000,28.613400,-15.151515,-8.338172,-229.568405,-76.581017,-0.000548,0.194643,9.975000,6502,143,31,-7
28.616329,0.008016,-0.297980,-1.031504,0.000070,-0.008222,0.009911,-0.000094,-0.089572,-0.003230,-0.009784,0.000003,0.000017,10.000000,23.000000,0.000000,0.005206,0.000018,0.000000,0.000000,0.000000,-0.009978,1518.000000,0.000000,0.000000,0.000000,0.000000,28.615353,-15.151515,-8.338172,-229.568405,-76.581017,-0.000540,0.194669,9.975000,6502,138,31,-6
28.618284,0.008016,-0.297997,-1.031484,0.000070,-0.008396,0.009905,-0.000089,-0.086623,-0.003331,-0.009494,0.000002,0.000016,10.000000,23.000000,0.000000,0.005206,0.000018,0.000000,0.000000,0.000000,-0.009978,1518.000000,0.000000,0.000000,0.000000,0.000000,28.617308,-15.151515,-8.338172,-229.568405,-76.581017,-0.000524,0.194719,9.975000,6502,132,31,-6
28.620237,0.008016,-0.298014,-1.031464,0.000069,-0.008565,0.009898,-0.000084,-0.083589,-0.003425,-0.009196,0.000002,0.000015,10.000000,23.000000,0.000000,0.005206,0.000018,0.000000,0.000000,0.000000,-0.009978,1518.000000,0.000000,0.000000,0.000000,0.000000,28.619261,-15.151515,-8.338172,-229.568405,-76.581017,-0.000501,0.194790,9.975000,6502,126,31,-6
28.622192,0.008016,-0.298031,-1.031445,0.000069,-0.008728,0.009891,-0.000079,-0.080467,-0.003511,-0.008887,0.000001,0.000014,10.000000,23.000000,0.000000,0.005206,0.000018,0.000000,0.000000,0.000000,-0.009978,1518.000000,0.000000,0.000000,0.000000,0.000000,28.621216,-15.151515,-8.338172,-229.568405,-76.581017,-0.000479,0.194859,9.975000,6502,125,31,-6
28.624146,0.008017,-0.298049,-1.031425,0.000069,-0.008884,0.009884,-0.000074,-0.077249,-0.003591,-0.008568,0.000001,0.000014,10.000000,23.000000,0.000000,0.005206,0.000018,0.000000,0.000000,0.000000,-0.009978,1518.000000,0.000000,0.000000,0.000000,0.000000,28.623169,-15.151515,-8.338172,-229.568405,-76.581017,-0.000458,0.194925,9.975000,6502,118,31,-5
28.626101,0.008017,-0.298067,-1.031405,0.000069,-0.009033,0.009877,-0.000069,-0.073934,-0.003665,-0.008238,0.000000,0.000013,10.000000,23.000000,0.000000,0.005206,0.000018,0.000000,0.000000,0.000000,-0.009978,1518.000000,0.000000,0.000000,0.000000,0.000000,28.625124,-15.151515,-8.338172,-229.568405,-76.581017,-0.000431,0.195010,9.975000,6502,111,31,-5
28.628054,0.008017,-0.298085,-1.031385,0.000069,-0.009176,0.009869,-0.000064,-0.070514,-0.003735,-0.007897,-0.000000,0.000012,10.000000,23.000000,0.000000,0.005206,0.000018,0.000000,0.000000,0.000000,-0.009978,1518.000000,0.000000,0.000000,0.000000,0.000000,28.627075,-15.151515,-8.338172,-229.568405,-76.581017,-0.000398,0.195113,9.975000,6502,104,31,-5
28.630009,0.008017,-0.298104,-1.031366,0.000069,-0.009312,0.009862,-0.000059,-0.066987,-0.003799,-0.007544,-0.000001,0.000011,10.000000,23.000000,0.000000,0.005206,0.000018,0.000000,0.000000,0.000000,-0.009978,1518.000000,0.000000,0.000000,0.000000,0.000000,28.629032,-15.151515,-8.338172,-229.568405,-76.581017,-0.000368,0.195209,9.975000,6502,97,31,-5
28.631962,0.008017,-0.298123,-1.031346,0.000069,-0.009440,0.009854,-0.000054,-0.063353,-0.003885,-0.007179,-0.000001,0.000011,10.000000,23.000000,0.000000,0.005206,0.000018,0.000000,0.000000,0.000000,-0.009978,1518.000000,0.000000,0.000000,0.000000,0.000000,28.630983,-15.151515,-8.338172,-229.568405,-76.581017,-0.000343,0.195287,9.975000,6502,89,31,-5
28.633917,0.008017,-0.298142,-1.031326,0.000069,-0.009561,0.009846,-0.000048,-0.059613,-0.003947,-0.006803,-0.000002,0.000010,10.000000,23.000000,0.000000,0.005206,0.000018,0.000000,0.000000,0.000000,-0.009978,1518.000000,0.000000,0.000000,0.000000,0.000000,28.632940,-15.151515,-8.338172,-229.568405,-76.581017,-0.000320,0.195360,9.975000,6502,81,31,-5
28.635870,0.008017,-0.298161,-1.031306,0.000068,-0.009675,0.009838,-0.000043,-0.055765,-0.003995,-0.006415,-0.000002,0.000009,10.000000,23.000000,0.000000,0.005206,0.000018,0.000000,0.000000,0.000000,-0.009978,1518.000000,0.000000,0.000000,0.000000,0.000000,28.634892,-15.151515,-8.338172,-229.568405,-76.581017,-0.000295,0.195439,9.975000,6502,73,31,-4
28.637823,0.008018,-0.298181,-1.031287,0.000068,-0.009781,0.009830,-0.000037,-0.051812,-0.004039,-0.006015,-0.000003,0.000009,10.000000,23.000000,0.000000,0.005206,0.000018,0.000000,0.000000,0.000000,-0.009978,1518.000000,0.000000,0.000000,0.000000,0.000000,28.636848,-15.151515,-8.338172,-229.568405,-76.581017,-0.000265,0.195533,9.975000,6502,66,31,-4
28.639778,0.008018,-0.298200,-1.031267,0.000068,-0.009878,0.009822,-0.000032,-0.047755,-0.004080,-0.005605,-0.000004,0.000008,10.000000,23.000000,0.000000,0.005206,0.000018,0.000000,0.000000,0.000000,-0.009978,1518.000000,0.000000,0.000000,0.000000,0.000000,28.638800,-15.151515,-8.338172,-229.568405,-76.581017,-0.000230,0.195641,9.975000,6502,58,31,-4
28.641731,0.008018,-0.298220,-1.031247,0.000068,-0.009967,0.009814,-0.000026,-0.043596,-0.004118,-0.005183,-0.000004,0.000008,10.000000,23.000000,0.000000,0.005206,0.000018,0.000000,0.000000,0.000000,-0.009978,1518.000000,0.000000,0.000000,0.000000,0.000000,28.640757,-15.151515,-8.338172,-229.568405,-76.581017,-0.000199,0.195739,9.975000,6502,50,31,-4
28.643686,0.008018,-0.298240,-1.031228,0.000068,-0.010048,0.009805,-0.000020,-0.039340,-0.004152,-0.004751,-0.000005,0.000008,10.000000,23.000000,0.000000,0.005206,0.000018,0.000000,0.000000,0.000000,-0.009978,1518.000000,0.000000,0.000000,0.000000,0.000000,28.642708,-15.151515,-8.338172,-229.568405,-76.581017,-0.000171,0.195827,9.975000,6502,42,32,-4
28.645639,0.008018,-0.298260,-1.031208,0.000068,-0.010120,0.009797,-0.000014,-0.034990,-0.004183,-0.004309,-0.000005,0.000007,10.000000,23.000000,0.000000,0.005206,0.000018,0.000000,0.000000,0.000000,-0.009978,1518.000000,0.000000,0.000000,0.000000,0.000000,28.644665,-15.151515,-8.338172,-229.568405,-76.581017,-0.000146,0.195907,9.975000,6502,34,32,-4
28.647594,0.008018,-0.298281,-1.031189,0.000068,-0.010184,0.009789,-0.000008,-0.030552,-0.004210,-0.003857,-0.000006,0.000007,10.000000,23.000000,0.000000,0.005206,0.000018,0.000000,0.000000,0.000000,-0.009978,1518.000000,0.000000,0.000000,0.000000,0.000000,28.646616,-15.151515,-8.338172,-229.568405,-76.581017,-0.000123,0.195978,9.975000,6502,26,32,-4
28.649548,0.008018,-0.298301,-1.031169,0.000068,-0.010238,0.009780,-0.000002,-0.026030,-0.004234,-0.003396,-0.000007,0.000007,10.000000,23.000000,0.000000,0.005206,0.000018,0.000000,0.000000,0.000000,-0.009978,1518.000000,0.000000,0.000000,0.000000,0.000000,28.648573,-15.151515,-8.338172,-229.568405,-76.581017,-0.000103,0.196040,9.975000,6502,18,32,-4
28.651503,0.008019,-0.298322,-1.031149,0.000068,-0.010283,0.009772,0.000004,-0.021430,-0.004254,-0.002926,-0.000007,0.000007,10.000000,23.000000,0.000000,0.005206,0.000018,0.000000,0.000000,0.000000,-0.009978,1518.000000,0.000000,0.000000,0.000000,0.000000,28.650524,-15.151515,-8.338172,-229.568405,-76.581017,-0.000086,0.196093,9.975000,6502,10,32,-4
28.653456,0.008019,-0.298343,-1.031130,0.000068,-0.010319,0.009763,0.000010,-0.016757,-0.004272,-0.002449,-0.000008,0.000007,10.000000,23.000000,0.000000,0.005206,0.000018,0.000000,0.000000,0.000000,-0.009978,1518.000000,0.000000,0.000000,0.000000,0.000000,28.652479,-15.151515,-8.338172,-229.568405,-76.581017,-0.000072,0.196138,9.975000,6502,2,32,-4
28.655411,0.008019,-0.298363,-1.031110,0.000068,-0.010345,0.009754,0.000015,-0.012019,-0.004286,-0.001964,-0.000008,0.000007,10.000000,23.000000,0.000000,0.005206,0.000018,0.000000,0.000000,0.000000,-0.009978,1518.000000,0.000000,0.000000,0.000000,0.000000,28.654432,-15.151515,-8.338172,-229.568405,-76.581017,-0.000060,0.196175,9.975000,6502,-4,32,-5
28.657364,0.008019,-0.298384,-1.031091,0.000068,-0.010362,0.009746,0.000020,-0.007219,-0.004298,-0.001473,-0.000009,0.000006,10.000000,23.000000,0.000000,0.005206,0.000018,0.000000,0.000000,0.000000,-0.009978,1518.000000,0.000000,0.000000,0.000000,0.000000,28.656387,-15.151515,-8.338172,-229.568405,-76.581017,-0.000058,0.196181,9.975000,6502,-12,32,-5
28.659317,0.008019,-0.298405,-1.031071,0.000068,-0.010369,0.009737,0.000025,-0.002368,-0.004305,-0.000975,-0.000009,0.000006,10.000000,23.000000,0.000000,0.005206,0.000018,0.000000,0.000000,0.000000,-0.009978,1518.000000,0.000000,0.000000,0.000000,0.000000,28.658340,-15.151515,-8.338172,-229.568405,-76.581017,-0.000065,0.196160,9.975000,6502,-19,32,-5
28.661272,0.008019,-0.298425,-1.031052,0.000068,-0.010367,0.009729,0.000029,0.002528,-0.004310,-0.000473,-0.000010,0.000006,10.000000,23.000000,0.000000,0.005206,0.000018,0.000000,0.000000,0.000000,-0.009978,1518.000000,0.000000,0.000000,0.000000,0.000000,28.660295,-15.151515,-8.338172,-229.568405,-76.581017,-0.000073,0.196133,9.975000,6502,-26,32,-5
28.663225,0.008019,-0.298446,-1.031032,0.000068,-0.010354,0.009720,0.000033,0.007463,-0.004312,0.000035,-0.000010,0.000006,10.000000,23.000000,0.000000,0.005206,0.000018,0.000000,0.000000,0.000000,-0.009978,1518.000000,0.000000,0.000000,0.000000,0.000000,28.662249,-15.151515,-8.338172,-229.568405,-76.581017,-0.000083,0.196102,9.975000,6502,-33,32,-5
28.665180,0.008019,-0.298467,-1.031013,0.000069,-0.010332,0.009711,0.000036,0.012429,-0.004311,0.000546,-0.000010,0.000006,10.000000,23.000000,0.000000,0.005206,0.000018,0.000000,0.000000,0.000000,-0.009978,1518.000000,0.000000,0.000000,0.000000,0.000000,28.664204,-15.151515,-8.338172,-229.568405,-76.581017,-0.000095,0.196066,9.975000,6502,-40,32,-5
28.667133,0.008020,-0.298488,-1.030993,0.000069,-0.010300,0.009703,0.000039,0.017419,-0.004307,0.001060,-0.000011,0.000006,10.000000,23.000000,0.000000,0.005206,0.000018,0.000000,0.000000,0.000000,-0.009978,1518.000000,0.000000,0.000000,0.000000,0.000000,28.666157,-15.151515,-8.338172,-229.568405,-76.581017,-0.000108,0.196026,9.975000,6502,-46,32,-5
28.669088,0.008020,-0.298508,-1.030974,0.000069,-0.010257,0.009694,0.000042,0.022426,-0.004299,0.001576,-0.000011,0.000005,10.000000,23.000000,0.000000,0.005206,0.000018,0.000000,0.000000,0.000000,-0.009978,1518.000000,0.000000,0.000000,0.000000,0.000000,28.668112,-15.151515,-8.338172,-229.568405,-76.581017,-0.000122,0.195980,9.975000,6502,-52,31,-5
28.671041,0.008020,-0.298529,-1.030955,0.000069,-0.010205,0.009686,0.000043,0.027441,-0.004289,0.002093,-0.000011,0.000005,10.000000,23.000000,0.000000,0.005206,0.000018,0.000000,0.000000,0.000000,-0.009978,1518.000000,0.000000,0.000000,0.000000,0.000000,28.670065,-15.151515,-8.338172,-229.568405,-76.581017,-0.000138,0.195929,9.975000,6502,-58,31,-5
28.672997,0.008020,-0.298549,-1.030935,0.000069,-0.010143,0.009677,0.000045,0.032458,-0.004275,0.002612,-0.000011,0.000005,10.000000,23.000000,0.000000,0.005206,0.000018,0.000000,0.000000,0.000000,-0.009978,1518.000000,0.000000,0.000000,0.000000,0.000000,28.672020,-15.151515,-8.338172,-229.568405,-76.581017,-0.000156,0.195874,9.975000,6502,-64,31,-5
28.674950,0.008020,-0.298569,-1.030916,0.000069,-0.010070,0.009669,0.000046,0.037469,-0.004258,0.003130,-0.000011,0.000004,10.000000,23.000000,0.000000,0.005206,0.000018,0.000000,0.000000,0.000000,-0.009978,1518.000000,0.000000,0.000000,0.000000,0.000000,28.673971,-15.151515,-8.338172,-229.568405,-76.581017,-0.000175,0.195813,9.975000,6502,-69,31,-5
28.676905,0.008020,-0.298589,-1.030897,0.000069,-0.009988,0.009660,0.000046,0.042466,-0.004238,0.003647,-0.000011,0.000004,10.000000,23.000000,0.000000,0.005206,0.000018,0.000000,0.000000,0.000000,-0.009978,1518.000000,0.000000,0.000000,0.000000,0.000000,28.675928,-15.151515,-8.338172,-229.568405,-76.581017,-0.000196,0.195748,9.975000,6502,-74,31,-5
28.678858,0.008020,-0.298609,-1.030877,0.000069,-0.009895,0.009652,0.000047,0.047442,-0.004215,0.004163,-0.000011,0.000004,10.000000,23.000000,0.000000,0.005206,0.000018,0.000000,0.000000,0.000000,-0.009978,1518.000000,0.000000,0.000000,0.000000,0.000000,28.677879,-15.151515,-8.338172,-229.568405,-76.581017,-0.000218,0.195678,9.975000,6502,-78,31,-5
28.680813,0.008021,-0.298629,-1.030858,0.000069,-0.009793,0.009643,0.000046,0.052391,-0.004190,0.004677,-0.000011,0.000003,10.000000,23.000000,1.000000,0.005206,0.000018,0.000000,0.000000,0.000000,-0.009978,1466.000000,0.000000,0.000000,0.000000,0.000000,28.679836,-15.151515,-8.338172,-229.568405,-76.581017,-0.000242,0.195603,9.975000,6502,-83,31,-5
28.682766,0.008021,-0.298648,-1.030839,0.000069,-0.009681,0.009635,0.000046,0.057304,-0.004161,0.005188,-0.000011,0.000002,10.000000,23.000000,1.000000,-0.052002,0.000017,0.000000,0.000000,0.067000,-0.262400,1466.000000,0.000000,0.000000,0.000000,0.000000,28.681787,14.925373,5.030037,448.908783,71.601166,-0.000267,-0.119297,9.975000,6501,-366,31,-5
28.684719,0.008021,-0.298667,-1.030819,0.000069,-0.009559,0.009627,0.000045,0.062175,-0.004025,0.005694,-0.000011,0.000002,10.000000,23.000000,1.000000,-0.052002,0.000017,0.000000,0.000000,0.000000,-0.262400,1466.000000,0.000000,0.000000,0.000000,0.000000,28.683744,14.925373,5.030037,448.908783,71.601166,-0.000300,-0.119399,9.975000,6501,-369,31,-4
28.686674,0.008021,-0.298686,-1.030800,0.000069,-0.009427,0.009619,0.000044,0.066970,-0.003861,0.006191,-0.000011,0.000001,10.000000,23.000000,1.000000,-0.052002,0.000017,0.000000,0.000000,0.000000,-0.262400,1466.000000,0.000000,0.000000,0.000000,0.000000,28.685696,14.925373,5.030037,448.908783,71.601166,-0.000336,-0.119514,9.975000,6501,-371,31,-4
28.688627,0.008021,-0.298705,-1.030781,0.000070,-0.009286,0.009611,0.000043,0.071659,-0.003708,0.006677,-0.000011,0.000000,10.000000,23.000000,1.000000,-0.052002,0.000017,0.000000,0.000000,0.000000,-0.262400,1466.000000,0.000000,0.000000,0.000000,0.000000,28.687653,14.925373,5.030037,448.908783,71.601166,-0.000373,-0.119630,9.975000,6501,-372,31,-4
28.690582,0.008021,-0.298723,-1.030762,0.000070,-0.009136,0.009604,0.000041,0.076206,-0.003566,0.007148,-0.000011,-0.000000,10.000000,23.000000,1.000000,-0.052002,0.000017,0.000000,0.000000,0.000000,-0.262400,1466.000000,0.000000,0.000000,0.000000,0.000000,28.689604,14.925373,5.030037,448.908783,71.601166,-0.000417,-0.119768,9.975000,6501,-372,31,-4
28.692535,0.008021,-0.298741,-1.030742,0.000070,-0.008977,0.009597,0.000040,0.080583,-0.003432,0.007600,-0.000011,-0.000001,10.000000,23.000000,1.000000,-0.052002,0.000017,0.000000,0.000000,0.000000,-0.262400,1466.000000,0.000000,0.000000,0.000000,0.000000,28.691561,14.925373,5.030037,448.908783,71.601166,-0.000468,-0.119926,9.975000,6501,-370,31,-4
28.694490,0.008022,-0.298759,-1.030723,0.000070,-0.008810,0.009591,0.000038,0.084761,-0.003307,0.008032,-0.000010,-0.000003,10.000000,23.000000,1.000000,-0.052002,0.000017,0.000000,0.000000,0.000000,-0.262400,1466.000000,0.000000,0.000000,0.000000,0.000000,28.693512,14.925373,5.030037,448.908783,71.601166,-0.000524,-0.120102,9.975000,6501,-367,31,-3
28.696444,0.008022,-0.298776,-1.030704,0.000070,-0.008634,0.009584,0.000036,0.088715,-0.003189,0.008441,-0.000010,-0.000004,10.000000,23.000000,1.000000,-0.052002,0.000017,0.000000,0.000000,0.000000,-0.262400,1466.000000,0.000000,0.000000,0.000000,0.000000,28.695469,14.925373,5.030037,448.908783,71.601166,-0.000578,-0.120272,9.975000,6501,-363,31,-3
28.698399,0.008022,-0.298793,-1.030685,0.000070,-0.008451,0.009578,0.000034,0.092428,-0.003080,0.008824,-0.000010,-0.000005,10.000000,23.000000,1.000000,-0.052002,0.000017,0.000000,0.000000,0.000000,-0.262400,1466.000000,0.000000,0.000000,0.000000,0.000000,28.697420,14.925373,5.030037,448.908783,71.601166,-0.000630,-0.120436,9.975000,6501,-357,31,-3
28.700352,0.008022,-0.298810,-1.030666,0.000070,-0.008261,0.009572,0.000032,0.095877,-0.002978,0.009181,-0.000010,-0.000006,10.000000,23.000000,1.000000,-0.052002,0.000017,0.000000,0.000000,0.000000,-0.262400,1466.000000,0.000000,0.000000,0.000000,0.000000,28.699375,14.925373,5.030037,448.908783,71.601166,-0.000688,-0.120616,9.975000,6501,-351,31,-2
28.702307,0.008022,-0.298826,-1.030647,0.000070,-0.008065,0.009566,0.000030,0.099046,-0.002883,0.009509,-0.000010,-0.000008,10.000000,23.000000,1.000000,-0.052002,0.000017,0.000000,0.000000,0.000000,-0.262400,1466.000000,0.000000,0.000000,0.000000,0.000000,28.701328,14.925373,5.030037,448.908783,71.601166,-0.000742,-0.120787,9.975000,6501,-344,31,-2
28.704260,0.008022,-0.298842,-1.030627,0.000070,-0.007862,0.009561,0.000028,0.101922,-0.002796,0.009806,-0.000009,-0.000010,10.000000,23.000000,1.000000,-0.052002,0.000017,0.000000,0.000000,0.000000,-0.262400,1466.000000,0.000000,0.000000,0.000000,0.000000,28.703283,14.925373,5.030037,448.908783,71.601166,-0.000794,-0.120949,9.975000,6501,-335,31,-1
28.706215,0.008022,-0.298858,-1.030608,0.000070,-0.007654,0.009555,0.000026,0.104491,-0.002715,0.010073,-0.000009,-0.000011,10.000000,23.000000,1.000000,-0.052002,0.000017,0.000000,0.000000,0.000000,-0.262400,1466.000000,0.000000,0.000000,0.000000,0.000000,28.705236,14.925373,5.030037,448.908783,71.601166,-0.000842,-0.121102,9.975000,6501,-326,31,-1
28.708168,0.008023,-0.298873,-1.030589,0.000070,-0.007442,0.009550,0.000024,0.106746,-0.002643,0.010307,-0.000009,-0.000013,10.000000,23.000000,1.000000,-0.052002,0.000017,0.000000,0.000000,0.000000,-0.262400,1466.000000,0.000000,0.000000,0.000000,0.000000,28.707191,14.925373,5.030037,448.908783,71.601166,-0.000888,-0.121245,9.975000,6501,-316,31,0
28.710121,0.008023,-0.298887,-1.030570,0.000070,-0.007226,0.009545,0.000021,0.108676,-0.002576,0.010508,-0.000009,-0.000015,10.000000,23.000000,1.000000,-0.052002,0.000017,0.000000,0.000000,0.000000,-0.262400,1466.000000,0.000000,0.000000,0.000000,0.000000,28.709145,14.925373,5.030037,448.908783,71.601166,-0.000930,-0.121378,9.975000,6501,-306,31,0
28.712076,0.008023,-0.298901,-1.030551,0.000070,-0.007006,0.009539,0.000019,0.110278,-0.002517,0.010675,-0.000008,-0.000017,10.000000,23.000000,1.000000,-0.052002,0.000017,0.000000,0.000000,0.000000,-0.262400,1466.000000,0.000000,0.000000,0.000000,0.000000,28.711100,14.925373,5.030037,448.908783,71.601166,-0.000969,-0.121501,9.975000,6501,-294,31,0
28.714029,0.008023,-0.298915,-1.030532,0.000070,-0.006783,0.009535,0.000017,0.111546,-0.002463,0.010809,-0.000008,-0.000019,10.000000,23.000000,1.000000,-0.052002,0.000017,0.000000,0.000000,0.000000,-0.262400,1466.000000,0.000000,0.000000,0.000000,0.000000,28.713053,14.925373,5.030037,448.908783,71.601166,-0.001012,-0.121636,9.975000,6501,-282,31,1
28.715984,0.008023,-0.298928,-1.030513,0.000070,-0.006559,0.009530,0.000015,0.112475,-0.002417,0.010908,-0.000008,-0.000021,10.000000,23.000000,1.000000,-0.052002,0.000017,0.000000,0.000000,0.000000,-0.262400,1466.000000,0.000000,0.000000,0.000000,0.000000,28.715008,14.925373,5.030037,448.908783,71.601166,-0.001051,-0.121757,9.975000,6501,-270,31,2
28.717937,0.008023,-0.298941,-1.030494,0.000070,-0.006333,0.009525,0.000013,0.113068,-0.002377,0.010973,-0.000008,-0.000023,10.000000,23.000000,1.000000,-0.052002,0.000017,0.000000,0.000000,0.000000,-0.262400,1466.000000,0.000000,0.000000,0.000000,0.000000,28.716961,14.925373,5.030037,448.908783,71.601166,-0.001078,-0.121843,9.975000,6501,-261,31,2
28.719893,0.008023,-0.298953,-1.030475,0.000070,-0.006106,0.009520,0.000010,0.113327,-0.002343,0.011004,-0.000007,-0.000025,10.000000,23.000000,1.000000,-0.052002,0.000017,0.000000,0.000000,0.000000,-0.262400,1466.000000,0.000000,0.000000,0.000000,0.000000,28.718916,14.925373,5.030037,448.908783,71.601166,-0.001102,-0.121918,9.975000,6501,-248,31,3
28.721846,0.008024,-0.298965,-1.030456,0.000070,-0.005880,0.009516,0.000008,0.113249,-0.002315,0.011001,-0.000007,-0.000028,10.000000,23.000000,1.000000,-0.052002,0.000017,0.000000,0.000000,0.000000,-0.262400,1466.000000,0.000000,0.000000,0.000000,0.000000,28.720867,14.925373,5.030037,448.908783,71.601166,-0.001122,-0.121980,9.975000,6501,-234,31,4
28.723801,0.008024,-0.298977,-1.030437,0.000070,-0.005654,0.009511,0.000005,0.112840,-0.002293,0.010964,-0.000007,-0.000030,10.000000,23.000000,1.000000,-0.052002,0.000017,0.000000,0.000000,0.000000,-0.262400,1466.000000,0.000000,0.000000,0.000000,0.000000,28.722824,14.925373,5.030037,448.908783,71.601166,-0.001131,-0.122009,9.975000,6501,-220,31,5
28.725754,0.008024,-0.298988,-1.030418,0.000070,-0.005429,0.009506,0.000003,0.112104,-0.002277,0.010893,-0.000007,-0.000032,10.000000,23.000000,1.000000,-0.052002,0.000017,0.000000,0.000000,0.000000,-0.262400,1466.000000,0.000000,0.000000,0.000000,0.000000,28.724775,14.925373,5.030037,448.908783,71.601166,-0.001129,-0.122003,9.975000,6501,-205,31,6
28.727709,0.008024,-0.298998,-1.030398,0.000070,-0.005207,0.009502,0.000001,0.111047,-0.002265,0.010791,-0.000006,-0.000034,10.000000,23.000000,1.000000,-0.052002,0.000017,0.000000,0.000000,0.000000,-0.262400,1466.000000,0.000000,0.000000,0.000000,0.000000,28.726732,14.925373,5.030037,448.908783,71.601166,-0.001117,-0.121965,9.975000,6501,-191,31,6
28.729662,0.008024,-0.299008,-1.030380,0.000070,-0.004986,0.009497,-0.000002,0.109677,-0.002260,0.010656,-0.000006,-0.000037,10.000000,23.000000,1.000000,-0.052002,0.000017,0.000000,0.000000,0.000000,-0.262400,1466.000000,0.000000,0.000000,0.000000,0.000000,28.728683,14.925373,5.030037,448.908783,71.601166,-0.001102,-0.121918,9.975000,6501,-176,31,7
28.731617,0.008024,-0.299018,-1.030360,0.000070,-0.004770,0.009493,-0.000004,0.107999,-0.002258,0.010489,-0.000006,-0.000039,10.000000,23.000000,1.000000,-0.052002,0.000017,0.000000,0.000000,0.000000,-0.262400,1466.000000,0.000000,0.000000,0.000000,0.000000,28.730640,14.925373,5.030037,448.908783,71.601166,-0.001084,-0.121861,9.975000,6501,-161,31,8
28.733570,0.008024,-0.299027,-1.030342,0.000070,-0.004557,0.009488,-0.000007,0.106023,-0.002260,0.010293,-0.000005,-0.000041,10.000000,23.000000,1.000000,-0.052002,0.000017,0.000000,0.000000,0.000000,-0.262400,1466.000000,0.000000,0.000000,0.000000,0.000000,28.732592,14.925373,5.030037,448.908783,71.601166,-0.001055,-0.121771,9.975000,6501,-142,31,9
28.735523,0.008025,-0.299036,-1.030323,0.000070,-0.004348,0.009484,-0.000009,0.103760,-0.002266,0.010067,-0.000005,-0.000043,10.000000,23.000000,1.000000,-0.052002,0.000017,0.000000,0.000000,0.000000,-0.262400,1466.000000,0.000000,0.000000,0.000000,0.000000,28.734549,14.925373,5.030037,448.908783,71.601166,-0.001016,-0.121649,9.975000,6501,-127,31,10
28.737478,0.008025,-0.299044,-1.030303,0.000070,-0.004144,0.009479,-0.000011,0.101219,-0.002276,0.009813,-0.000005,-0.000045,10.000000,23.000000,1.000000,-0.052002,0.000017,0.000000,0.000000,0.000000,-0.262400,1466.000000,0.000000,0.000000,0.000000,0.000000,28.736500,14.925373,5.030037,448.908783,71.601166,-0.000968,-0.121496,9.975000,6501,-112,31,11
28.739431,0.008025,-0.299052,-1.030285,0.000070,-0.003946,0.009475,-0.000013,0.098413,-0.002288,0.009532,-0.000005,-0.000047,10.000000,23.000000,1.000000,-0.052002,0.000017,0.000000,0.000000,0.000000,-0.262400,1456.000000,0.000000,0.000000,0.000000,0.000000,28.738457,14.925373,5.030037,448.908783,71.601166,-0.000909,-0.121312,9.975000,6501,-97,31,11
28.741386,0.008025,-0.299060,-1.030266,0.000070,-0.003754,0.009470,-0.000015,0.095356,-0.002329,0.009226,-0.000005,-0.000048,10.000000,23.000000,1.000000,-0.051990,0.000018,0.000000,0.000000,0.066000,-0.051942,1456.000000,0.000000,0.000000,0.000000,0.000000,28.740408,0.000000,2.207370,-226.142075,-5.789696,-0.000844,-0.054635,9.975000,6501,-25,31,12
28.743340,0.008025,-0.299067,-1.030247,0.000070,-0.003568,0.009465,-0.000017,0.092059,-0.002352,0.008895,-0.000004,-0.000050,10.000000,23.000000,1.000000,-0.051990,0.000018,0.000000,0.000000,0.000000,-0.051942,1456.000000,0.000000,0.000000,0.000000,0.000000,28.742365,0.000000,2.207370,-226.142075,-5.789696,-0.000776,-0.054421,9.975000,6501,-11,31,13
28.745295,0.008025,-0.299074,-1.030228,0.000070,-0.003389,0.009461,-0.000018,0.088540,-0.002368,0.008542,-0.000004,-0.000051,10.000000,23.000000,1.000000,-0.051990,0.000018,0.000000,0.000000,0.000000,-0.051942,1456.000000,0.000000,0.000000,0.000000,0.000000,28.744316,0.000000,2.207370,-226.142075,-5.789696,-0.000700,-0.054181,9.975000,6501,2,31,13
28.747248,0.008025,-0.299081,-1.030209,0.000070,-0.003221,0.009465,0.000050,0.081601,0.007080,0.008168,-0.000004,-0.000052,10.000000,23.000000,1.000000,-0.051990,0.000018,0.000000,0.000000,0.000000,-0.051942,1456.000000,0.000000,0.000000,0.000000,0.000000,28.746271,0.000000,2.207370,-226.142075,-5.789696,-0.000620,-0.053929,9.975000,6501,15,31,14
28.749203,0.008026,-0.299087,-1.030190,0.000070,-0.003063,0.009478,0.000043,0.078090,0.006370,0.007777,-0.000004,-0.000053,10.000000,23.000000,1.000000,-0.051990,0.000018,0.000000,0.000000,0.000000,-0.051942,1456.000000,0.000000,0.000000,0.000000,0.000000,28.748224,0.000000,2.207370,-226.142075,-5.789696,-0.000535,-0.053664,9.975000,6501,28,31,14
28.751156,0.008026,-0.299093,-1.030171,0.000070,-0.002912,0.009491,0.000041,0.074171,0.006347,0.007368,-0.000004,-0.000054,10.000000,23.000000,1.000000,-0.051990,0.000018,0.000000,0.000000,0.000000,-0.051942,1456.000000,0.000000,0.000000,0.000000,0.000000,28.750179,0.000000,2.207370,-226.142075,-5.789696,-0.000447,-0.053387,9.975000,6501,45,31,15
28.753111,0.008026,-0.299098,-1.030152,0.000071,-0.002770,0.009503,0.000040,0.070099,0.006324,0.006946,-0.000004,-0.000055,10.000000,23.000000,1.000000,-0.051990,0.000018,0.000000,0.000000,0.000000,-0.051942,1456.000000,0.000000,0.000000,0.000000,0.000000,28.752132,0.000000,2.207370,-226.142075,-5.789696,-0.000354,-0.053095,9.975000,6501,56,31,15
28.755064,0.008026,-0.299104,-1.030133,0.000071,-0.002636,0.009516,0.000038,0.065896,0.006301,0.006510,-0.000003,-0.000055,10.000000,23.000000,1.000000,-0.051990,0.000018,0.000000,0.000000,0.000000,-0.051942,1456.000000,0.000000,0.000000,0.000000,0.000000,28.754087,0.000000,2.207370,-226.142075,-5.789696,-0.000257,-0.052791,9.975000,6501,67,31,16
28.757017,0.008026,-0.299109,-1.030114,0.000071,-0.002511,0.009529,0.000036,0.061577,0.006279,0.006064,-0.000003,-0.000055,10.000000,23.000000,1.000000,-0.051990,0.000018,0.000000,0.000000,0.000000,-0.051942,1456.000000,0.000000,0.000000,0.000000,0.000000,28.756041,0.000000,2.207370,-226.142075,-5.789696,-0.000156,-0.052473,9.975000,6501,78,31,16
28.758972,0.008026,-0.299114,-1.030095,0.000071,-0.002394,0.009541,0.000034,0.057163,0.006256,0.005610,-0.000003,-0.000056,10.000000,23.000000,1.000000,-0.051990,0.000018,0.000000,0.000000,0.000000,-0.051942,1456.000000,0.000000,0.000000,0.000000,0.000000,28.757996,0.000000,2.207370,-226.142075,-5.789696,-0.000050,-0.052142,9.975000,6501,87,31,16
28.760925,0.008026,-0.299118,-1.030076,0.000071,-0.002287,0.009554,0.000032,0.052671,0.006236,0.005147,-0.000003,-0.000055,10.000000,23.000000,1.000000,-0.051990,0.000018,0.000000,0.000000,0.000000,-0.051942,1456.000000,0.000000,0.000000,0.000000,0.000000,28.759949,0.000000,2.207370,-226.142075,-5.789696,0.000052,-0.051819,9.975000,6501,96,31,16
28.762880,0.008026,-0.299123,-1.030056,0.000071,-0.002188,0.009566,0.000030,0.048117,0.006217,0.004680,-0.000003,-0.000055,10.000000,23.000000,1.000000,-0.051990,0.000018,0.000000,0.000000,0.000000,-0.051942,1456.000000,0.000000,0.000000,0.000000,0.000000,28.761904,0.000000,2.207370,-226.142075,-5.789696,0.000153,-0.051504,9.975000,6501,105,31,16
28.764833,0.008027,-0.299127,-1.030037,0.000071,-0.002099,0.009578,0.000028,0.043517,0.006199,0.004209,-0.000003,-0.000054,10.000000,23.000000,1.000000,-0.051990,0.000018,0.000000,0.000000,0.000000,-0.051942,1456.000000,0.000000,0.000000,0.000000,0.000000,28.763857,0.000000,2.207370,-226.142075,-5.789696,0.000251,-0.051195,9.975000,6501,112,31,16
28.766788,0.008027,-0.299131,-1.030018,0.000071,-0.002019,0.009591,0.000026,0.038889,0.006183,0.003735,-0.000002,-0.000054,10.000000,23.000000,1.000000,-0.051990,0.000018,0.000000,0.000000,0.000000,-0.051942,1456.000000,0.000000,0.000000,0.000000,0.000000,28.765812,0.000000,2.207370,-226.142075,-5.789696,0.000348,-0.050891,9.975000,6501,119,31,16
28.768742,0.008027,-0.299135,-1.029999,0.000071,-0.001948,0.009603,0.000024,0.034246,0.006168,0.003261,-0.000002,-0.000053,10.000000,23.000000,1.000000,-0.051990,0.000018,0.000000,0.000000,0.000000,-0.051942,1456.000000,0.000000,0.000000,0.000000,0.000000,28.767763,0.000000,2.207370,-226.142075,-5.789696,0.000444,-0.050590,9.975000,6501,126,31,16
28.770697,0.008027,-0.299139,-1.029980,0.000071,-0.001886,0.009615,0.000022,0.029605,0.006156,0.002788,-0.000002,-0.000052,10.000000,23.000000,1.000000,-0.051990,0.000018,0.000000,0.000000,0.000000,-0.051942,1456.000000,0.000000,0.000000,0.000000,0.000000,28.769720,0.000000,2.207370,-226.142075,-5.789696,0.000538,-0.050293,9.975000,6501,131,31,16
28.772650,0.008027,-0.299142,-1.029960,0.000071,-0.001834,0.009628,0.000020,0.024978,0.006145,0.002316,-0.000002,-0.000050,10.000000,23.000000,1.000000,-0.051990,0.000018,0.000000,0.000000,0.000000,-0.051942,1456.000000,0.000000,0.000000,0.000000,0.000000,28.771671,0.000000,2.207370,-226.142075,-5.789696,0.000632,-0.049998,9.975000,6501,136,31,16
28.774605,0.008027,-0.299146,-1.029941,0.000071,-0.001791,0.009640,0.000017,0.020380,0.006137,0.001849,-0.000002,-0.000049,10.000000,23.000000,1.000000,-0.051990,0.000018,0.000000,0.000000,0.000000,-0.051942,1456.000000,0.000000,0.000000,0.000000,0.000000,28.773628,0.000000,2.207370,-226.142075,-5.789696,0.000726,-0.049705,9.975000,6501,141,31,15
28.776558,0.008027,-0.299150,-1.029922,0.000071,-0.001757,0.009652,0.000015,0.015824,0.006131,0.001386,-0.000001,-0.000047,10.000000,23.000000,1.000000,-0.051990,0.000018,0.000000,0.000000,0.000000,-0.051942,1456.000000,0.000000,0.000000,0.000000,0.000000,28.775579,0.000000,2.207370,-226.142075,-5.789696,0.000812,-0.049435,9.975000,6501,145,31,15
28.778511,0.008028,-0.299153,-1.029903,0.000071,-0.001732,0.009665,0.000013,0.011320,0.006126,0.000929,-0.000001,-0.000045,10.000000,23.000000,1.000000,-0.051990,0.000018,0.000000,0.000000,0.000000,-0.051942,1456.000000,0.000000,0.000000,0.000000,0.000000,28.777536,0.000000,2.207370,-226.142075,-5.789696,0.000891,-0.049187,9.975000,6501,148,31,15
28.780466,0.008028,-0.299156,-1.029883,0.000071,-0.001716,0.009677,0.000010,0.006882,0.006123,0.000480,-0.000001,-0.000043,10.000000,23.000000,1.000000,-0.051990,0.000018,0.000000,0.000000,0.000000,-0.051942,1456.000000,0.000000,0.000000,0.000000,0.000000,28.779488,0.000000,2.207370,-226.142075,-5.789696,0.000971,-0.048936,9.975000,6501,150,31,14
28.782419,0.008028,-0.299160,-1.029864,0.000071,-0.001709,0.009689,0.000008,0.002520,0.006122,0.000039,-0.000001,-0.000041,10.000000,23.000000,1.000000,-0.051990,0.000018,0.000000,0.000000,0.000000,-0.051942,1456.000000,0.000000,0.000000,0.000000,0.000000,28.781445,0.000000,2.207370,-226.142075,-5.789696,0.001044,-0.048705,9.975000,6501,156,31,14
28.784374,0.008028,-0.299163,-1.029844,0.000071,-0.001710,0.009701,0.000006,-0.001757,0.006124,-0.000393,-0.000000,-0.000039,10.000000,23.000000,1.000000,-0.051990,0.000018,0.000000,0.000000,0.000000,-0.051942,1456.000000,0.000000,0.000000,0.000000,0.000000,28.783396,0.000000,2.207370,-226.142075,-5.789696,0.001112,-0.048491,9.975000,6501,158,31,13
28.786327,0.008028,-0.299167,-1.029825,0.000071,-0.001720,0.009714,0.000003,-0.005938,0.006127,-0.000815,-0.000000,-0.000037,10.000000,23.000000,1.000000,-0.051990,0.000018,0.000000,0.000000,0.000000,-0.051942,1456.000000,0.000000,0.000000,0.000000,0.000000,28.785353,0.000000,2.207370,-226.142075,-5.789696,0.001175,-0.048295,9.975000,6501,158,31,12
28.788282,0.008028,-0.299170,-1.029806,0.000071,-0.001738,0.009726,0.000001,-0.010014,0.006131,-0.001226,-0.000000,-0.000034,10.000000,23.000000,1.000000,-0.051990,0.000018,0.000000,0.000000,0.000000,-0.051942,1456.000000,0.000000,0.000000,0.000000,0.000000,28.787304,0.000000,2.207370,-226.142075,-5.789696,0.001225,-0.048136,9.975000,6501,158,31,12
28.790236,0.008028,-0.299174,-1.029786,0.000071,-0.001764,0.009738,-0.000001,-0.013978,0.006137,-0.001624,0.000000,-0.000032,10.000000,23.000000,1.000000,-0.051990,0.000018,0.000000,0.000000,0.000000,-0.051942,1456.000000,0.000000,0.000000,0.000000,0.000000,28.789261,0.000000,2.207370,-226.142075,-5.789696,0.001272,-0.047990,9.975000,6501,158,31,11
28.792191,0.008029,-0.299177,-1.029767,0.000071,-0.001798,0.009750,-0.000003,-0.017821,0.006144,-0.002011,0.000000,-0.000029,10.000000,23.000000,1.000000,-0.051990,0.000018,0.000000,0.000000,0.000000,-0.051942,1456.000000,0.000000,0.000000,0.000000,0.000000,28.791212,0.000000,2.207370,-226.142075,-5.789696,0.001314,-0.047857,9.975000,6501,157,31,10
28.794144,0.008029,-0.299181,-1.029747,0.000071,-0.001839,0.009763,-0.000006,-0.021537,0.006152,-0.002383,0.000001,-0.000026,10.000000,23.000000,1.000000,-0.051990,0.000018,0.000000,0.000000,0.000000,-0.051942,1456.000000,0.000000,0.000000,0.000000,0.000000,28.793167,0.000000,2.207370,-226.142075,-5.789696,0.001346,-0.047757,9.975000,6501,155,31,9
28.796099,0.008029,-0.299185,-1.029728,0.000071,-0.001888,0.009775,-0.000008,-0.025119,0.006161,-0.002742,0.000001,-0.000023,10.000000,23.000000,1.000000,-0.051990,0.000018,0.000000,0.000000,0.000000,-0.051942,1456.000000,0.000000,0.000000,0.000000,0.000000,28.795120,0.000000,2.207370,-226.142075,-5.789696,0.001368,-0.047689,9.975000,6501,153,31,9
28.798052,0.008029,-0.299189,-1.029708,0.000071,-0.001943,0.009787,-0.000010,-0.028564,0.006171,-0.003087,0.000001,-0.000021,10.000000,24.000000,0.000000,-0.051990,0.000018,0.000000,0.000000,0.000000,-0.051942,1468.000000,0.000000,0.000000,0.000000,0.000000,28.797075,0.000000,2.207370,-226.142075,-5.789696,0.001387,-0.047629,9.975000,6501,151,31,8
28.800007,0.008029,-0.299192,-1.029688,0.000071,-0.002003,0.009790,-0.000084,-0.029859,-0.003617,-0.003416,0.000001,-0.000018,10.000000,24.000000,0.000000,-0.027791,0.000018,0.000000,0.000000,0.067000,0.061127,1468.000000,0.000000,0.000000,0.000000,0.000000,28.799028,-14.925373,-8.125328,-222.766754,-72.208176,0.001404,0.195759,9.982985,6507,361,31,7
28.801960,0.008029,-0.299197,-1.029669,0.000071,-0.002068,0.009783,-0.000080,-0.033097,-0.003524,-0.003730,0.000002,-0.000015,10.000000,24.000000,0.000000,-0.027791,0.000018,0.000000,0.000000,0.000000,0.061127,1468.000000,0.000000,0.000000,0.000000,0.000000,28.800983,-14.925373,-8.125328,-222.766754,-72.208176,0.001415,0.195794,9.982985,6507,358,31,6
28.803913,0.008029,-0.299201,-1.029649,0.000071,-0.002138,0.009775,-0.000082,-0.036018,-0.004286,-0.004025,0.000002,-0.000012,10.000000,24.000000,0.000000,-0.027791,0.000018,0.000000,0.000000,0.000000,0.061127,1468.000000,0.000000,0.000000,0.000000,0.000000,28.802937,-14.925373,-8.125328,-222.766754,-72.208176,0.001425,0.195826,9.982985,6507,353,31,5
28.805868,0.008030,-0.299205,-1.029630,0.000071,-0.002215,0.009765,-0.000084,-0.038738,-0.005001,-0.004299,0.000002,-0.000009,10.000000,24.000000,0.000000,-0.027791,0.000018,0.000000,0.000000,0.000000,0.061127,1468.000000,0.000000,0.000000,0.000000,0.000000,28.804892,-14.925373,-8.125328,-222.766754,-72.208176,0.001427,0.195832,9.982985,6507,348,31,5
28.807821,0.008030,-0.299210,-1.029610,0.000071,-0.002296,0.009754,-0.000086,-0.041242,-0.005629,-0.004550,0.000002,-0.000006,10.000000,24.000000,0.000000,-0.027791,0.000018,0.000000,0.000000,0.000000,0.061127,1468.000000,0.000000,0.000000,0.000000,0.000000,28.806845,-14.925373,-8.125328,-222.766754,-72.208176,0.001432,0.195848,9.982985,6507,341,31,4
28.809776,0.008030,-0.299215,-1.029591,0.000070,-0.002382,0.009742,-0.000088,-0.043501,-0.006186,-0.004776,0.000002,-0.000004,10.000000,24.000000,0.000000,-0.027791,0.000018,0.000000,0.000000,0.000000,0.061127,1468.000000,0.000000,0.000000,0.000000,0.000000,28.808800,-14.925373,-8.125328,-222.766754,-72.208176,0.001443,0.195882,9.982985,6507,333,31,3
28.811729,0.008030,-0.299219,-1.029571,0.000070,-0.002472,0.009729,-0.000090,-0.045504,-0.006690,-0.004975,0.000003,-0.000001,10.000000,24.000000,0.000000,-0.027791,0.000018,0.000000,0.000000,0.000000,0.061127,1468.000000,0.000000,0.000000,0.000000,0.000000,28.810753,-14.925373,-8.125328,-222.766754,-72.208176,0.001448,0.195899,9.982985,6507,325,31,2
28.813684,0.008030,-0.299225,-1.029552,0.000070,-0.002565,0.009715,-0.000092,-0.047234,-0.007145,-0.005146,0.000003,0.000002,10.000000,24.000000,0.000000,-0.027791,0.000018,0.000000,0.000000,0.000000,0.061127,1468.000000,0.000000,0.000000,0.000000,0.000000,28.812708,-14.925373,-8.125328,-222.766754,-72.208176,0.001448,0.195897,9.982985,6507,315,31,1
28.815638,0.008030,-0.299230,-1.029532,0.000070,-0.002662,0.009700,-0.000094,-0.048681,-0.007556,-0.005288,0.000003,0.000005,10.000000,24.000000,0.000000,-0.027791,0.000018,0.000000,0.000000,0.000000,0.061127,1468.000000,0.000000,0.000000,0.000000,0.000000,28.814659,-14.925373,-8.125328,-222.766754,-72.208176,0.001442,0.195878,9.982985,6507,305,31,0
28.817593,0.008030,-0.299235,-1.029513,0.000070,-0.002761,0.009685,-0.000095,-0.049836,-0.007927,-0.005400,0.000003,0.000008,10.000000,24.000000,0.000000,-0.027791,0.000018,0.000000,0.000000,0.000000,0.061127,1468.000000,0.000000,0.000000,0.000000,0.000000,28.816616,-14.925373,-8.125328,-222.766754,-72.208176,0.001430,0.195842,9.982985,6507,294,31,0
28.819546,0.008031,-0.299241,-1.029493,0.000069,-0.002862,0.009668,-0.000097,-0.050691,-0.008262,-0.005481,0.000003,0.000011,10.000000,24.000000,0.000000,-0.027791,0.000018,0.000000,0.000000,0.000000,0.061127,1468.000000,0.000000,0.000000,0.000000,0.000000,28.818567,-14.925373,-8.125328,-222.766754,-72.208176,0.001420,0.195810,9.982985,6507,283,31,0
28.821501,0.008031,-0.299247,-1.029474,0.000069,-0.002964,0.009651,-0.000099,-0.051240,-0.008566,-0.005531,0.000004,0.000014,10.000000,24.000000,0.000000,-0.027791,0.000018,0.000000,0.000000,0.000000,0.061127,1468.000000,0.000000,0.000000,0.000000,0.000000,28.820524,-14.925373,-8.125328,-222.766754,-72.208176,0.001418,0.195803,9.982985,6507,271,31,-1
28.823454,0.008031,-0.299253,-1.029455,0.000069,-0.003067,0.009634,-0.000100,-0.051477,-0.008840,-0.005549,0.000004,0.000016,10.000000,24.000000,0.000000,-0.027791,0.000018,0.000000,0.000000,0.000000,0.061127,1468.000000,0.000000,0.000000,0.000000,0.000000,28.822475,-14.925373,-8.125328,-222.766754,-72.208176,0.001415,0.195795,9.982985,6507,258,31,-2
28.825409,0.008031,-0.299259,-1.029436,0.000069,-0.003170,0.009616,-0.000102,-0.051402,-0.009088,-0.005535,0.000004,0.000019,10.000000,24.000000,0.000000,-0.027791,0.000018,0.000000,0.000000,0.000000,0.061127,1468.000000,0.000000,0.000000,0.000000,0.000000,28.824432,-14.925373,-8.125328,-222.766754,-72.208176,0.001405,0.195763,9.982985,6507,245,31,-3
28.827362,0.008031,-0.299266,-1.029416,0.000069,-0.003272,0.009597,-0.000103,-0.051015,-0.009314,-0.005489,0.000004,0.000022,10.000000,24.000000,0.000000,-0.027791,0.000018,0.000000,0.000000,0.000000,0.061127,1468.000000,0.000000,0.000000,0.000000,0.000000,28.826384,-14.925373,-8.125328,-222.766754,-72.208176,0.001387,0.195706,9.982985,6507,231,31,-4
28.829315,0.008031,-0.299272,-1.029397,0.000068,-0.003373,0.009578,-0.000105,-0.050317,-0.009517,-0.005412,0.000004,0.000025,10.000000,24.000000,0.000000,-0.027791,0.000018,0.000000,0.000000,0.000000,0.061127,1468.000000,0.000000,0.000000,0.000000,0.000000,28.828341,-14.925373,-8.125328,-222.766754,-72.208176,0.001361,0.195626,9.982985,6507,217,31,-5
28.831270,0.008031,-0.299279,-1.029378,0.000068,-0.003473,0.009559,-0.000107,-0.049311,-0.009702,-0.005303,0.000005,0.000027,10.000000,24.000000,0.000000,-0.027791,0.000018,0.000000,0.000000,0.000000,0.061127,1468.000000,0.000000,0.000000,0.000000,0.000000,28.830292,-14.925373,-8.125328,-222.766754,-72.208176,0.001328,0.195521,9.982985,6507,203,31,-5
28.833223,0.008032,-0.299286,-1.029359,0.000068,-0.003569,0.009539,-0.000108,-0.048003,-0.009871,-0.005163,0.000005,0.000030,10.000000,24.000000,0.000000,-0.027791,0.000018,0.000000,0.000000,0.000000,0.061127,1468.000000,0.000000,0.000000,0.000000,0.000000,28.832249,-14.925373,-8.125328,-222.766754,-72.208176,0.001294,0.195416,9.982985,6507,189,31,-6
28.835178,0.008032,-0.299294,-1.029340,0.000068,-0.003663,0.009519,-0.000110,-0.046394,-0.010023,-0.004992,0.000005,0.000032,10.000000,24.000000,0.000000,-0.027791,0.000018,0.000000,0.000000,0.000000,0.061127,1468.000000,0.000000,0.000000,0.000000,0.000000,28.834200,-14.925373,-8.125328,-222.766754,-72.208176,0.001260,0.195308,9.982985,6507,174,31,-7
28.837132,0.008032,-0.299301,-1.029321,0.000068,-0.003753,0.009499,-0.000111,-0.044494,-0.010161,-0.004792,0.000005,0.000035,10.000000,24.000000,0.000000,-0.027791,0.000018,0.000000,0.000000,0.000000,0.061127,1468.000000,0.000000,0.000000,0.000000,0.000000,28.836157,-14.925373,-8.125328,-222.766754,-72.208176,0.001217,0.195173,9.982985,6507,159,31,-8
28.839087,0.008032,-0.299309,-1.029302,0.000067,-0.003839,0.009478,-0.000113,-0.042310,-0.010286,-0.004563,0.000005,0.000037,10.000000,24.000000,0.000000,-0.027791,0.000018,0.000000,0.000000,0.000000,0.061127,1468.000000,0.000000,0.000000,0.000000,0.000000,28.838108,-14.925373,-8.125328,-222.766754,-72.208176,0.001166,0.195013,9.982985,6507,145,31,-9
28.841040,0.008032,-0.299317,-1.029283,0.000067,-0.003920,0.009458,-0.000114,-0.039850,-0.010399,-0.004306,0.000006,0.000039,10.000000,24.000000,0.000000,-0.027791,0.000018,0.000000,0.000000,0.000000,0.061127,1468.000000,0.000000,0.000000,0.000000,0.000000,28.840063,-14.925373,-8.125328,-222.766754,-72.208176,0.001107,0.194827,9.982985,6507,126,31,-9
28.842995,0.008032,-0.299325,-1.029264,0.000067,-0.003995,0.009437,-0.000116,-0.037126,-0.010501,-0.004022,0.000006,0.000041,10.000000,24.000000,0.000000,-0.027791,0.000018,0.000000,0.000000,0.000000,0.061127,1468.000000,0.000000,0.000000,0.000000,0.000000,28.842016,-14.925373,-8.125328,-222.766754,-72.208176,0.001046,0.194637,9.982985,6507,111,31,-10
28.844948,0.008032,-0.299333,-1.029245,0.000067,-0.004065,0.009416,-0.000117,-0.034145,-0.010593,-0.003711,0.000006,0.000043,10.000000,24.000000,0.000000,-0.027791,0.000018,0.000000,0.000000,0.000000,0.061127,1468.000000,0.000000,0.000000,0.000000,0.000000,28.843971,-14.925373,-8.125328,-222.766754,-72.208176,0.000985,0.194443,9.982985,6507,96,31,-11
28.846903,0.008033,-0.299341,-1.029226,0.000066,-0.004129,0.009394,-0.000118,-0.030920,-0.010676,-0.003376,0.000006,0.000045,10.000000,24.000000,0.000000,-0.027791,0.000018,0.000000,0.000000,0.000000,0.061127,1468.000000,0.000000,0.000000,0.000000,0.000000,28.845924,-14.925373,-8.125328,-222.766754,-72.208176,0.000914,0.194221,9.982985,6507,82,31,-11
28.848856,0.008033,-0.299349,-1.029208,0.000066,-0.004185,0.009373,-0.000119,-0.027466,-0.010749,-0.003017,0.000006,0.000047,10.000000,24.000000,0.000000,-0.027791,0.000018,0.000000,0.000000,0.000000,0.061127,1468.000000,0.000000,0.000000,0.000000,0.000000,28.847879,-14.925373,-8.125328,-222.766754,-72.208176,0.000841,0.193993,9.982985,6507,68,31,-12
28.850809,0.008033,-0.299358,-1.029189,0.000066,-0.004235,0.009351,-0.000121,-0.023791,-0.010815,-0.002636,0.000006,0.000048,10.000000,24.000000,0.000000,-0.027791,0.000018,0.000000,0.000000,0.000000,0.061127,1468.000000,0.000000,0.000000,0.000000,0.000000,28.849833,-14.925373,-8.125328,-222.766754,-72.208176,0.000767,0.193759,9.982985,6507,54,31,-12
28.852764,0.008033,-0.299366,-1.029170,0.000066,-0.004276,0.009330,-0.000122,-0.019913,-0.010872,-0.002234,0.000006,0.000050,10.000000,24.000000,0.000000,-0.027791,0.000018,0.000000,0.000000,0.000000,0.061127,1468.000000,0.000000,0.000000,0.000000,0.000000,28.851788,-14.925373,-8.125328,-222.766754,-72.208176,0.000690,0.193517,9.982985,6507,40,31,-13
28.854717,0.008033,-0.299375,-1.029151,0.000065,-0.004310,0.009308,-0.000123,-0.015842,-0.010922,-0.001812,0.000006,0.000051,10.000000,24.000000,0.000000,-0.027791,0.000018,0.000000,0.000000,0.000000,0.061127,1468.000000,0.000000,0.000000,0.000000,0.000000,28.853741,-14.925373,-8.125328,-222.766754,-72.208176,0.000610,0.193268,9.982985,6507,27,31,-13
28.856672,0.008033,-0.299384,-1.029133,0.000065,-0.004336,0.009286,-0.000124,-0.011594,-0.010966,-0.001372,0.000007,0.000052,10.000000,24.000000,0.000000,-0.027791,0.000018,0.000000,0.000000,0.000000,0.061127,1468.000000,0.000000,0.000000,0.000000,0.000000,28.855696,-14.925373,-8.125328,-222.766754,-72.208176,0.000528,0.193009,9.982985,6507,14,31,-14
28.858625,0.008033,-0.299392,-1.029114,0.000065,-0.004352,0.009264,-0.000124,-0.007180,-0.011001,-0.000915,0.000007,0.000053,10.000000,24.000000,0.000000,-0.027791,0.000018,0.000000,0.000000,0.000000,0.061127,1468.000000,0.000000,0.000000,0.000000,0.000000,28.857649,-14.925373,-8.125328,-222.766754,-72.208176,0.000442,0.192741,9.982985,6507,1,31,-14
28.860580,0.008033,-0.299401,-1.029096,0.000065,-0.004360,0.009242,-0.000125,-0.002620,-0.011031,-0.000443,0.000007,0.000053,10.000000,24.000000,0.000000,-0.027791,0.000018,0.000000,0.000000,0.000000,0.061127,1468.000000,0.000000,0.000000,0.000000,0.000000,28.859604,-14.925373,-8.125328,-222.766754,-72.208176,0.000354,0.192462,9.982985,6507,-10,31,-14
28.862534,0.008034,-0.299410,-1.029077,0.000064,-0.004358,0.009220,-0.000126,0.002076,-0.011054,0.000043,0.000007,0.000054,10.000000,24.000000,0.000000,-0.027791,0.000018,0.000000,0.000000,0.000000,0.061127,1468.000000,0.000000,0.000000,0.000000,0.000000,28.861555,-14.925373,-8.125328,-222.766754,-72.208176,0.000269,0.192196,9.982985,6507,-21,31,-15
28.864489,0.008034,-0.299418,-1.029059,0.000064,-0.004347,0.009198,-0.000127,0.006894,-0.011071,0.000541,0.000007,0.000054,10.000000,24.000000,0.000000,-0.027791,0.000018,0.000000,0.000000,0.000000,0.061127,1468.000000,0.000000,0.000000,0.000000,0.000000,28.863512,-14.925373,-8.125328,-222.766754,-72.208176,0.000180,0.191916,9.982985,6507,-33,31,-15
28.866442,0.008034,-0.299427,-1.029041,0.000064,-0.004325,0.009175,-0.000127,0.011817,-0.011082,0.001051,0.000007,0.000054,10.000000,24.000000,0.000000,-0.027791,0.000018,0.000000,0.000000,0.000000,0.061127,1468.000000,0.000000,0.000000,0.000000,0.000000,28.865463,-14.925373,-8.125328,-222.766754,-72.208176,0.000087,0.191624,9.982985,6507,-43,31,-15
28.868397,0.008034,-0.299436,-1.029022,0.000064,-0.004294,0.009153,-0.000128,0.016831,-0.011087,0.001570,0.000007,0.000054,10.000000,24.000000,0.000000,-0.027791,0.000018,0.000000,0.000000,0.000000,0.061127,1468.000000,0.000000,0.000000,0.000000,0.000000,28.867420,-14.925373,-8.125328,-222.766754,-72.208176,-0.000003,0.191342,9.982985,6507,-54,31,-15
28.870350,0.008034,-0.299444,-1.029004,0.000063,-0.004253,0.009131,-0.000128,0.021923,-0.011087,0.002097,0.000007,0.000054,10.000000,24.000000,0.000000,-0.027791,0.000018,0.000000,0.000000,0.000000,0.061127,1468.000000,0.000000,0.000000,0.000000,0.000000,28.869371,-14.925373,-8.125328,-222.766754,-72.208176,-0.000090,0.191068,9.982985,6507,-63,31,-15
28.872305,0.008034,-0.299453,-1.028986,0.000063,-0.004201,0.009109,-0.000129,0.027079,-0.011081,0.002631,0.000007,0.000054,10.000000,24.000000,0.000000,-0.027791,0.000018,0.000000,0.000000,0.000000,0.061127,1468.000000,0.000000,0.000000,0.000000,0.000000,28.871328,-14.925373,-8.125328,-222.766754,-72.208176,-0.000176,0.190800,9.982985,6507,-72,31,-15
28.874258,0.008034,-0.299461,-1.028967,0.000063,-0.004144,0.009096,-0.000066,0.028141,-0.001974,0.003171,0.000007,0.000053,10.000000,24.000000,0.000000,-0.027791,0.000018,0.000000,0.000000,0.000000,0.061127,1468.000000,0.000000,0.000000,0.000000,0.000000,28.873280,-14.925373,-8.125328,-222.766754,-72.208176,-0.000260,0.190536,9.982985,6507,-81,31,-15
28.876211,0.008034,-0.299469,-1.028949,0.000063,-0.004079,0.009091,-0.000071,0.033753,-0.002640,0.003714,0.000007,0.000052,10.000000,24.000000,0.000000,-0.027791,0.000018,0.000000,0.000000,0.000000,0.061127,1500.000000,0.000000,0.000000,0.000000,0.000000,28.875237,-14.925373,-8.125328,-222.766754,-72.208176,-0.000342,0.190278,9.982985,6507,-89,31,-15
28.878166,0.008035,-0.299477,-1.028931,0.000063,-0.004003,0.009085,-0.000072,0.039095,-0.002639,0.004260,0.000007,0.000051,10.000000,24.000000,0.000000,0.012830,0.000016,0.000000,0.000000,0.067000,0.160062,1500.000000,0.000000,0.000000,0.000000,0.000000,28.877188,0.000000,-3.935945,222.766754,7.878616,-0.000423,0.091362,9.980000,6504,-189,31,-15
28.880119,0.008035,-0.299485,-1.028913,0.000063,-0.003917,0.009080,-0.000072,0.044456,-0.002315,0.004808,0.000007,0.000050,10.000000,24.000000,0.000000,0.012830,0.000016,0.000000,0.000000,0.000000,0.160062,1500.000000,0.000000,0.000000,0.000000,0.000000,28.879145,0.000000,-3.935945,222.766754,7.878616,-0.000506,0.091103,9.980000,6504,-196,31,-15
28.882074,0.008035,-0.299493,-1.028895,0.000062,-0.003820,0.009076,-0.000073,0.049814,-0.001914,0.005353,0.000007,0.000049,10.000000,24.000000,0.000000,0.012830,0.000016,0.000000,0.000000,0.000000,0.160062,1500.000000,0.000000,0.000000,0.000000,0.000000,28.881096,0.000000,-3.935945,222.766754,7.878616,-0.000591,0.090834,9.980000,6504,-202,31,-14
28.884027,0.008035,-0.299500,-1.028877,0.000062,-0.003712,0.009073,-0.000073,0.055147,-0.001545,0.005896,0.000007,0.000048,10.000000,24.000000,0.000000,0.012830,0.000016,0.000000,0.000000,0.000000,0.160062,1500.000000,0.000000,0.000000,0.000000,0.000000,28.883053,0.000000,-3.935945,222.766754,7.878616,-0.000671,0.090584,9.980000,6504,-207,31,-14
28.885983,0.008035,-0.299508,-1.028859,0.000062,-0.003594,0.009071,-0.000073,0.060438,-0.001205,0.006433,0.000007,0.000046,10.000000,24.000000,0.000000,0.012830,0.000016,0.000000,0.000000,0.000000,0.160062,1500.000000,0.000000,0.000000,0.000000,0.000000,28.885004,0.000000,-3.935945,222.766754,7.878616,-0.000746,0.090348,9.980000,6504,-211,31,-14
28.887936,0.008035,-0.299515,-1.028840,0.000062,-0.003465,0.009069,-0.000073,0.065665,-0.000892,0.006963,0.000007,0.000045,10.000000,24.000000,0.000000,0.012830,0.000016,0.000000,0.000000,0.000000,0.160062,1500.000000,0.000000,0.000000,0.000000,0.000000,28.886959,0.000000,-3.935945,222.766754,7.878616,-0.000824,0.090105,9.980000,6504,-214,31,-13
28.889891,0.008035,-0.299521,-1.028822,0.000062,-0.003326,0.009067,-0.000073,0.070809,-0.000602,0.007483,0.000007,0.000043,10.000000,24.000000,0.000000,0.012830,0.000016,0.000000,0.000000,0.000000,0.160062,1500.000000,0.000000,0.000000,0.000000,0.000000,28.888912,0.000000,-3.935945,222.766754,7.878616,-0.000897,0.089876,9.980000,6504,-216,31,-13
28.891844,0.008035,-0.299528,-1.028804,0.000062,-0.003177,0.009066,-0.000073,0.075857,-0.000334,0.007992,0.000007,0.000041,10.000000,24.000000,0.000000,0.012830,0.000016,0.000000,0.000000,0.000000,0.160062,1500.000000,0.000000,0.000000,0.000000,0.000000,28.890867,0.000000,-3.935945,222.766754,7.878616,-0.000965,0.089662,9.980000,6504,-218,31,-12
28.893799,0.008036,-0.299534,-1.028786,0.000061,-0.003018,0.009066,-0.000073,0.080789,-0.000085,0.008490,0.000007,0.000039,10.000000,24.000000,0.000000,0.012830,0.000016,0.000000,0.000000,0.000000,0.160062,1500.000000,0.000000,0.000000,0.000000,0.000000,28.892820,0.000000,-3.935945,222.766754,7.878616,-0.001029,0.089460,9.980000,6504,-219,31,-12
28.895752,0.008036,-0.299540,-1.028768,0.000061,-0.002849,0.009066,-0.000073,0.085595,0.000145,0.008973,0.000007,0.000036,10.000000,24.000000,0.000000,0.012830,0.000016,0.000000,0.000000,0.000000,0.160062,1500.000000,0.000000,0.000000,0.000000,0.000000,28.894775,0.000000,-3.935945,222.766754,7.878616,-0.001089,0.089271,9.980000,6504,-219,31,-11
28.897705,0.008036,-0.299545,-1.028750,0.000061,-0.002671,0.009067,-0.000073,0.090258,0.000358,0.009442,0.000007,0.000034,10.000000,24.000000,0.000000,0.012830,0.000016,0.000000,0.000000,0.000000,0.160062,1500.000000,0.000000,0.000000,0.000000,0.000000,28.896729,0.000000,-3.935945,222.766754,7.878616,-0.001146,0.089093,9.980000,6504,-218,31,-11
28.899660,0.008036,-0.299550,-1.028732,0.000061,-0.002484,0.009068,-0.000073,0.094770,0.000557,0.009894,0.000007,0.000032,10.000000,24.000000,0.000000,0.012830,0.000016,0.000000,0.000000,0.000000,0.160062,1500.000000,0.000000,0.000000,0.000000,0.000000,28.898684,0.000000,-3.935945,222.766754,7.878616,-0.001199,0.088926,9.980000,6504,-217,31,-10
28.901613,0.008036,-0.299555,-1.028713,0.000061,-0.002288,0.009069,-0.000073,0.099116,0.000741,0.010329,0.000007,0.000029,10.000000,24.000000,0.000000,0.012830,0.000016,0.000000,0.000000,0.000000,0.160062,1500.000000,0.000000,0.000000,0.000000,0.000000,28.900637,0.000000,-3.935945,222.766754,7.878616,-0.001249,0.088770,9.980000,6504,-214,31,-9
28.903568,0.008036,-0.299559,-1.028695,0.000061,-0.002083,0.009071,-0.000073,0.103290,0.000913,0.010746,0.000007,0.000027,10.000000,24.000000,0.000000,0.012830,0.000016,0.000000,0.000000,0.000000,0.160062,1500.000000,0.000000,0.000000,0.000000,0.000000,28.902592,0.000000,-3.935945,222.766754,7.878616,-0.001288,0.088646,9.980000,6504,-212,31,-8
28.905521,0.008036,-0.299563,-1.028677,0.000061,-0.001871,0.009073,-0.000073,0.107281,0.001072,0.011144,0.000007,0.000024,10.000000,24.000000,0.000000,0.012830,0.000016,0.000000,0.000000,0.000000,0.160062,1500.000000,0.000000,0.000000,0.000000,0.000000,28.904545,0.000000,-3.935945,222.766754,7.878616,-0.001318,0.088553,9.980000,6504,-208,31,-8
28.907476,0.008036,-0.299566,-1.028659,0.000060,-0.001650,0.009076,-0.000073,0.111086,0.001220,0.011523,0.000007,0.000021,10.000000,24.000000,0.000000,0.012830,0.000016,0.000000,0.000000,0.000000,0.160062,1500.000000,0.000000,0.000000,0.000000,0.000000,28.906500,0.000000,-3.935945,222.766754,7.878616,-0.001346,0.088466,9.980000,6504,-204,31,-7
28.909430,0.008037,-0.299569,-1.028641,0.000060,-0.001423,0.009078,-0.000073,0.114694,0.001357,0.011881,0.000007,0.000018,10.000000,24.000000,0.000000,0.012830,0.000016,0.000000,0.000000,0.000000,0.160062,1500.000000,0.000000,0.000000,0.000000,0.000000,28.908451,0.000000,-3.935945,222.766754,7.878616,-0.001371,0.088387,9.980000,6504,-200,31,-6
28.911385,0.008037,-0.299572,-1.028623,0.000060,-0.001188,0.009081,-0.000073,0.118101,0.001485,0.012218,0.000007,0.000016,10.000000,24.000000,0.000000,0.012830,0.000016,0.000000,0.000000,0.000000,0.160062,1500.000000,0.000000,0.000000,0.000000,0.000000,28.910408,0.000000,-3.935945,222.766754,7.878616,-0.001387,0.088337,9.980000,6504,-195,31,-5
28.913338,0.008037,-0.299574,-1.028605,0.000060,-0.000947,0.009084,-0.000073,0.121303,0.001603,0.012535,0.000007,0.000013,10.000000,24.000000,0.000000,0.012830,0.000016,0.000000,0.000000,0.000000,0.160062,1500.000000,0.000000,0.000000,0.000000,0.000000,28.912359,0.000000,-3.935945,222.766754,7.878616,-0.001394,0.088315,9.980000,6504,-189,31,-5
28.915293,0.008037,-0.299575,-1.028586,0.000060,-0.000700,0.009088,-0.000073,0.124300,0.001712,0.012830,0.000007,0.000010,10.000000,24.000000,0.000000,0.012830,0.000016,0.000000,0.000000,0.000000,0.160062,1500.000000,0.000000,0.000000,0.000000,0.000000,28.914316,0.000000,-3.935945,222.766754,7.878616,-0.001400,0.088297,9.980000,6504,-183,31,-4
28.917246,0.008037,-0.299576,-1.028568,0.000060,-0.000447,0.009091,-0.000073,0.127084,0.001813,0.013103,0.000007,0.000007,10.000000,24.000000,0.000000,0.012830,0.000016,0.000000,0.000000,0.000000,0.160062,1500.000000,0.000000,0.000000,0.000000,0.000000,28.916267,0.000000,-3.935945,222.766754,7.878616,-0.001404,0.088284,9.980000,6504,-177,31,-3
28.919201,0.008037,-0.299577,-1.028550,0.000060,-0.000189,0.009095,-0.000072,0.129656,0.001905,0.013355,0.000007,0.000004,10.000000,24.000000,0.000000,0.012830,0.000016,0.000000,0.000000,0.000000,0.160062,1500.000000,0.000000,0.000000,0.000000,0.000000,28.918224,0.000000,-3.935945,222.766754,7.878616,-0.001399,0.088299,9.980000,6504,-171,31,-2
28.921154,0.008037,-0.299577,-1.028532,0.000059,0.000074,0.009099,-0.000072,0.132015,0.001989,0.013585,0.000007,0.000002,10.000000,24.000000,0.000000,0.012830,0.000016,0.000000,0.000000,0.000000,0.160062,1500.000000,0.000000,0.000000,0.000000,0.000000,28.920176,0.000000,-3.935945,222.766754,7.878616,-0.001386,0.088341,9.980000,6504,-164,31,-1
28.923107,0.008037,-0.299576,-1.028514,0.000059,0.000341,0.009103,-0.000072,0.134162,0.002066,0.013794,0.000007,-0.000001,10.000000,24.000000,0.000000,0.012830,0.000016,0.000000,0.000000,0.000000,0.160062,1500.000000,0.000000,0.000000,0.000000,0.000000,28.922132,0.000000,-3.935945,222.766754,7.878616,-0.001364,0.088408,9.980000,6504,-156,31,0
28.925062,0.008037,-0.299575,-1.028495,0.000059,0.000612,0.009107,-0.000072,0.136097,0.002137,0.013981,0.000007,-0.000004,10.000000,24.000000,0.000000,0.012830,0.000016,0.000000,0.000000,0.000000,0.160062,1500.000000,0.000000,0.000000,0.000000,0.000000,28.924084,0.000000,-3.935945,222.766754,7.878616,-0.001335,0.088500,9.980000,6504,-149,31,0
28.927015,0.008038,-0.299574,-1.028477,0.000059,0.000887,0.009112,-0.000073,0.137824,0.002201,0.014146,0.000007,-0.000006,10.000000,24.000000,0.000000,0.012830,0.000016,0.000000,0.000000,0.000000,0.160062,1500.000000,0.000000,0.000000,0.000000,0.000000,28.926041,0.000000,-3.935945,222.766754,7.878616,-0.001305,0.088593,9.980000,6504,-141,31,0
28.928970,0.008038,-0.299571,-1.028459,0.000059,0.001165,0.009116,-0.000073,0.139343,0.002258,0.014291,0.000008,-0.000009,10.000000,24.000000,0.000000,0.012830,0.000016,0.000000,0.000000,0.000000,0.160062,1500.000000,0.000000,0.000000,0.000000,0.000000,28.927992,0.000000,-3.935945,222.766754,7.878616,-0.001282,0.088667,9.980000,6504,-133,31,1
28.930923,0.008038,-0.299569,-1.028441,0.000059,0.001446,0.009121,-0.000073,0.140656,0.002309,0.014415,0.000008,-0.000011,10.000000,24.000000,0.000000,0.012830,0.000016,0.000000,0.000000,0.000000,0.160062,1500.000000,0.000000,0.000000,0.000000,0.000000,28.929949,0.000000,-3.935945,222.766754,7.878616,-0.001256,0.088746,9.980000,6504,-125,31,2
28.932878,0.008038,-0.299565,-1.028422,0.000059,0.001729,0.009125,-0.000073,0.141767,0.002355,0.014518,0.000008,-0.000014,10.000000,24.000000,0.000000,0.012830,0.000016,0.000000,0.000000,0.000000,0.160062,1500.000000,0.000000,0.000000,0.000000,0.000000,28.931900,0.000000,-3.935945,222.766754,7.878616,-0.001222,0.088854,9.980000,6504,-117,31,2
28.934832,0.008038,-0.299561,-1.028404,0.000058,0.002014,0.009130,-0.000073,0.142684,0.002395,0.014602,0.000008,-0.000016,10.000000,24.000000,0.000000,0.012830,0.000016,0.000000,0.000000,0.000000,0.160062,1508.000000,0.000000,0.000000,0.000000,0.000000,28.933855,0.000000,-3.935945,222.766754,7.878616,-0.001187,0.088965,9.980000,6504,-109,31,3
28.936787,0.008038,-0.299557,-1.028386,0.000058,0.002300,0.009135,-0.000074,0.143407,0.002431,0.014666,0.000008,-0.000018,10.000000,24.000000,0.000000,0.018685,0.000015,0.000000,0.000000,0.066000,0.040244,1508.000000,0.000000,0.000000,0.000000,0.000000,28.935808,0.000000,-1.930824,0.000000,9.627753,-0.001149,0.041862,9.980000,6504,-145,31,4
28.938740,0.008038,-0.299552,-1.028368,0.000058,0.002588,0.009140,-0.000074,0.143942,0.002461,0.014712,0.000008,-0.000021,10.000000,24.000000,0.000000,0.018685,0.000015,0.000000,0.000000,0.000000,0.040244,1508.000000,0.000000,0.000000,0.000000,0.000000,28.937763,0.000000,-1.930824,0.000000,9.627753,-0.001104,0.042004,9.980000,6504,-137,31,5
28.940695,0.008038,-0.299546,-1.028349,0.000058,0.002876,0.009145,-0.000075,0.144293,0.002486,0.014738,0.000008,-0.000023,10.000000,24.000000,0.000000,0.018685,0.000015,0.000000,0.000000,0.000000,0.040244,1508.000000,0.000000,0.000000,0.000000,0.000000,28.939716,0.000000,-1.930824,0.000000,9.627753,-0.001052,0.042169,9.980000,6504,-128,31,5
28.942648,0.008039,-0.299540,-1.028331,0.000058,0.003165,0.009150,-0.000075,0.144461,0.002507,0.014746,0.000008,-0.000025,10.000000,24.000000,0.000000,0.018685,0.000015,0.000000,0.000000,0.000000,0.040244,1508.000000,0.000000,0.000000,0.000000,0.000000,28.941671,0.000000,-1.930824,0.000000,9.627753,-0.000999,0.042335,9.980000,6504,-120,31,6
28.944603,0.008039,-0.299533,-1.028313,0.000058,0.003454,0.009155,-0.000076,0.144447,0.002523,0.014735,0.000008,-0.000026,10.000000,24.000000,0.000000,0.018685,0.000015,0.000000,0.000000,0.000000,0.040244,1508.000000,0.000000,0.000000,0.000000,0.000000,28.943624,0.000000,-1.930824,0.000000,9.627753,-0.000945,0.042503,9.980000,6504,-112,31,6
28.946556,0.008039,-0.299526,-1.028294,0.000058,0.003743,0.009160,-0.000077,0.144255,0.002535,0.014707,0.000008,-0.000028,10.000000,24.000000,0.000000,0.018685,0.000015,0.000000,0.000000,0.000000,0.040244,1508.000000,0.000000,0.000000,0.000000,0.000000,28.945580,0.000000,-1.930824,0.000000,9.627753,-0.000891,0.042674,9.980000,6504,-103,31,7
28.948509,0.008039,-0.299518,-1.028276,0.000057,0.004027,0.009156,-0.000135,0.139857,-0.006622,0.014661,0.000008,-0.000030,10.000000,24.000000,0.000000,0.018685,0.000015,0.000000,0.000000,0.000000,0.040244,1508.000000,0.000000,0.000000,0.000000,0.000000,28.947533,0.000000,-1.930824,0.000000,9.627753,-0.000835,0.042850,9.980000,6504,-94,31,7
28.950464,0.008039,-0.299510,-1.028258,0.000057,0.004306,0.009144,-0.000131,0.139343,-0.005940,0.014597,0.000008,-0.000031,10.000000,24.000000,0.000000,0.018685,0.000015,0.000000,0.000000,0.000000,0.040244,1508.000000,0.000000,0.000000,0.000000,0.000000,28.949488,0.000000,-1.930824,0.000000,9.627753,-0.000777,0.043030,9.980000,6504,-86,31,8
28.952417,0.008039,-0.299501,-1.028239,0.000057,0.004583,0.009132,-0.000132,0.138381,-0.005928,0.014517,0.000009,-0.000033,10.000000,24.000000,0.000000,0.018685,0.000015,0.000000,0.000000,0.000000,0.040244,1508.000000,0.000000,0.000000,0.000000,0.000000,28.951441,0.000000,-1.930824,0.000000,9.627753,-0.000718,0.043217,9.980000,6504,-77,31,8
28.954372,0.008039,-0.299491,-1.028221,0.000057,0.004858,0.009120,-0.000132,0.137263,-0.005920,0.014421,0.000009,-0.000034,10.000000,24.000000,0.000000,0.018685,0.000015,0.000000,0.000000,0.000000,0.040244,1508.000000,0.000000,0.000000,0.000000,0.000000,28.953396,0.000000,-1.930824,0.000000,9.627753,-0.000656,0.043410,9.980000,6504,-69,31,9
28.956326,0.008039,-0.299481,-1.028203,0.000056,0.005131,0.009108,-0.000133,0.135990,-0.005914,0.014309,0.000009,-0.000035,10.000000,24.000000,0.000000,0.018685,0.000015,0.000000,0.000000,0.000000,0.040244,1508.000000,0.000000,0.000000,0.000000,0.000000,28.955347,0.000000,-1.930824,0.000000,9.627753,-0.000593,0.043609,9.980000,6504,-61,31,9
28.958281,0.008039,-0.299470,-1.028185,0.000056,0.005401,0.009097,-0.000133,0.134574,-0.005911,0.014183,0.000009,-0.000036,10.000000,24.000000,0.000000,0.018685,0.000015,0.000000,0.000000,0.000000,0.040244,1508.000000,0.000000,0.000000,0.000000,0.000000,28.957304,0.000000,-1.930824,0.000000,9.627753,-0.000527,0.043816,9.980000,6504,-53,31,10
28.960234,0.008040,-0.299459,-1.028167,0.000056,0.005667,0.009085,-0.000134,0.133016,-0.005911,0.014043,0.000009,-0.000037,10.000000,24.000000,0.000000,0.018685,0.000015,0.000000,0.000000,0.000000,0.040244,1508.000000,0.000000,0.000000,0.000000,0.000000,28.959255,0.000000,-1.930824,0.000000,9.627753,-0.000459,0.044030,9.980000,6504,-40,31,10
28.962189,0.008040,-0.299447,-1.028148,0.000055,0.005931,0.009073,-0.000134,0.131329,-0.005914,0.013889,0.000009,-0.000038,10.000000,24.000000,0.000000,0.018685,0.000015,0.000000,0.000000,0.000000,0.040244,1508.000000,0.000000,0.000000,0.000000,0.000000,28.961212,0.000000,-1.930824,0.000000,9.627753,-0.000388,0.044253,9.980000,6504,-32,31,10
28.964142,0.008040,-0.299435,-1.028130,0.000055,0.006191,0.009061,-0.000135,0.129518,-0.005918,0.013722,0.000009,-0.000038,10.000000,24.000000,0.000000,0.018685,0.000015,0.000000,0.000000,0.000000,0.040244,1508.000000,0.000000,0.000000,0.000000,0.000000,28.963163,0.000000,-1.930824,0.000000,9.627753,-0.000321,0.044462,9.980000,6504,-25,31,10
28.966097,0.008040,-0.299422,-1.028112,0.000055,0.006447,0.009049,-0.000136,0.127592,-0.005925,0.013544,0.000009,-0.000039,10.000000,24.000000,0.000000,0.018685,0.000015,0.000000,0.000000,0.000000,0.040244,1508.000000,0.000000,0.000000,0.000000,0.000000,28.965120,0.000000,-1.930824,0.000000,9.627753,-0.000258,0.044659,9.980000,6504,-17,31,11
28.968050,0.008040,-0.299409,-1.028094,0.000055,0.006699,0.009037,-0.000136,0.125556,-0.005933,0.013355,0.000009,-0.000039,10.000000,24.000000,0.000000,0.018685,0.000015,0.000000,0.000000,0.000000,0.040244,1508.000000,0.000000,0.000000,0.000000,0.000000,28.967072,0.000000,-1.930824,0.000000,9.627753,-0.000192,0.044870,9.980000,6504,-10,31,11
28.970003,0.008040,-0.299395,-1.028076,0.000054,0.006947,0.009026,-0.000137,0.123423,-0.005943,0.013156,0.000009,-0.000040,10.000000,24.000000,0.000000,0.018685,0.000015,0.000000,0.000000,0.000000,0.040244,1508.000000,0.000000,0.000000,0.000000,0.000000,28.969028,0.000000,-1.930824,0.000000,9.627753,-0.000121,0.045091,9.980000,6504,-3,31,11
28.971958,0.008040,-0.299381,-1.028058,0.000054,0.007191,0.009014,-0.000137,0.121199,-0.005954,0.012947,0.000009,-0.000040,10.000000,24.000000,0.000000,0.018685,0.000015,0.000000,0.000000,0.000000,0.040244,1508.000000,0.000000,0.000000,0.000000,0.000000,28.970980,0.000000,-1.930824,0.000000,9.627753,-0.000054,0.045303,9.980000,6504,2,31,11
28.973911,0.008040,-0.299366,-1.028040,0.000054,0.007430,0.009002,-0.000138,0.118893,-0.005967,0.012730,0.000010,-0.000040,10.000000,24.000000,0.000000,0.018685,0.000015,0.000000,0.000000,0.000000,0.040244,1508.000000,0.000000,0.000000,0.000000,0.000000,28.972937,0.000000,-1.930824,0.000000,9.627753,0.000011,0.045506,9.980000,6504,9,31,11
28.975866,0.008040,-0.299351,-1.028022,0.000054,0.007664,0.008990,-0.000139,0.116513,-0.005980,0.012506,0.000010,-0.000039,10.000000,24.000000,0.000000,0.018685,0.000015,0.000000,0.000000,0.000000,0.040244,1508.000000,0.000000,0.000000,0.000000,0.000000,28.974888,0.000000,-1.930824,0.000000,9.627753,0.000073,0.045701,9.980000,6504,15,31,11
28.977819,0.008041,-0.299335,-1.028004,0.000053,0.007893,0.008978,-0.000140,0.114067,-0.005993,0.012275,0.000010,-0.000039,10.000000,24.000000,0.000000,0.018685,0.000015,0.000000,0.000000,0.000000,0.040244,1508.000000,0.000000,0.000000,0.000000,0.000000,28.976845,0.000000,-1.930824,0.000000,9.627753,0.000133,0.045889,9.980000,6504,21,31,11
28.979774,0.008041,-0.299319,-1.027986,0.000053,0.008118,0.008966,-0.000141,0.111564,-0.006007,0.012038,0.000010,-0.000039,10.000000,24.000000,0.000000,0.018685,0.000015,0.000000,0.000000,0.000000,0.040244,1508.000000,0.000000,0.000000,0.000000,0.000000,28.978796,0.000000,-1.930824,0.000000,9.627753,0.000192,0.046073,9.980000,6504,26,31,11
28.981728,0.008041,-0.299302,-1.027968,0.000053,0.008337,0.008954,-0.000141,0.109011,-0.006021,0.011795,0.000010,-0.000038,10.000000,24.000000,0.000000,0.018685,0.000015,0.000000,0.000000,0.000000,0.040244,1508.000000,0.000000,0.000000,0.000000,0.000000,28.980753,0.000000,-1.930824,0.000000,9.627753,0.000249,0.046252,9.980000,6504,31,31,11
28.983683,0.008041,-0.299285,-1.027950,0.000052,0.008551,0.008942,-0.000142,0.106417,-0.006035,0.011549,0.000010,-0.000037,10.000000,24.000000,0.000000,0.018685,0.000015,0.000000,0.000000,0.000000,0.040244,1508.000000,0.000000,0.000000,0.000000,0.000000,28.982704,0.000000,-1.930824,0.000000,9.627753,0.000305,0.046428,9.980000,6504,36,30,11
28.985636,0.008041,-0.299268,-1.027932,0.000052,0.008760,0.008930,-0.000143,0.103789,-0.006050,0.011299,0.000010,-0.000037,10.000000,24.000000,0.000000,0.018685,0.000015,0.000000,0.000000,0.000000,0.040244,1508.000000,0.000000,0.000000,0.000000,0.000000,28.984659,0.000000,-1.930824,0.000000,9.627753,0.000360,0.046600,9.980000,6504,41,30,10
28.987591,0.008041,-0.299250,-1.027914,0.000052,0.008964,0.008917,-0.000144,0.101136,-0.006066,0.011046,0.000010,-0.000036,10.000000,24.000000,0.000000,0.018685,0.000015,0.000000,0.000000,0.000000,0.040244,1508.000000,0.000000,0.000000,0.000000,0.000000,28.986612,0.000000,-1.930824,0.000000,9.627753,0.000407,0.046748,9.980000,6504,45,30,10
28.989544,0.008041,-0.299232,-1.027897,0.000052,0.009162,0.008905,-0.000145,0.098463,-0.006081,0.010791,0.000010,-0.000035,10.000000,24.000000,0.000000,0.018685,0.000015,0.000000,0.000000,0.000000,0.040244,1508.000000,0.000000,0.000000,0.000000,0.000000,28.988567,0.000000,-1.930824,0.000000,9.627753,0.000447,0.046874,9.980000,6504,49,30,10
28.991497,0.008041,-0.299213,-1.027879,0.000051,0.009355,0.008893,-0.000146,0.095779,-0.006095,0.010534,0.000010,-0.000034,10.000000,24.000000,0.000000,0.018685,0.000015,0.000000,0.000000,0.000000,0.040244,1508.000000,0.000000,0.000000,0.000000,0.000000,28.990520,0.000000,-1.930824,0.000000,9.627753,0.000488,0.047002,9.980000,6504,52,30,10
28.993452,0.008041,-0.299194,-1.027861,0.000051,0.009542,0.008881,-0.000147,0.093090,-0.006110,0.010278,0.000011,-0.000033,10.000000,24.000000,0.000000,0.018685,0.000015,0.000000,0.000000,0.000000,0.040244,1518.000000,0.000000,0.000000,0.000000,0.000000,28.992476,0.000000,-1.930824,0.000000,9.627753,0.000529,0.047131,9.980000,6504,56,30,9
28.995405,0.008041,-0.299175,-1.027843,0.000051,0.009724,0.008869,-0.000147,0.090406,-0.006124,0.010021,0.000011,-0.000032,10.000000,24.000000,0.000000,0.025333,0.000013,0.000000,0.000000,0.067000,0.049243,1518.000000,0.000000,0.000000,0.000000,0.000000,28.994429,0.000000,-0.795177,0.000000,8.788422,0.000563,0.020496,9.980000,6504,37,30,9
28.997360,0.008042,-0.299155,-1.027825,0.000050,0.009901,0.008856,-0.000147,0.087728,-0.006136,0.009765,0.000011,-0.000031,10.000000,24.000000,0.000000,0.025333,0.000013,0.000000,0.000000,0.000000,0.049243,1518.000000,0.000000,0.000000,0.000000,0.000000,28.996384,0.000000,-0.795177,0.000000,8.788422,0.000592,0.020585,9.980000,6504,39,31,9
28.999313,0.008042,-0.299135,-1.027808,0.000050,0.010073,0.008844,-0.000147,0.085063,-0.006149,0.009509,0.000011,-0.000029,10.000000,24.000000,0.000000,0.025333,0.000013,0.000000,0.000000,0.000000,0.049243,1518.000000,0.000000,0.000000,0.000000,0.000000,28.998337,0.000000,-0.795177,0.000000,8.788422,0.000621,0.020677,9.980000,6504,42,31,8
29.001268,0.008042,-0.299115,-1.027790,0.000050,0.010239,0.008832,-0.000146,0.082417,-0.006160,0.009256,0.000010,-0.000028,10.000000,24.000000,0.000000,0.025333,0.000013,0.000000,0.000000,0.000000,0.049243,1518.000000,0.000000,0.000000,0.000000,0.000000,29.000292,0.000000,-0.795177,0.000000,8.788422,0.000644,0.020750,9.980000,6504,44,31,8
29.003222,0.008042,-0.299094,-1.027772,0.000049,0.010400,0.008819,-0.000145,0.079790,-0.006170,0.009004,0.000010,-0.000027,10.000000,24.000000,0.000000,0.025333,0.000013,0.000000,0.000000,0.000000,0.049243,1518.000000,0.000000,0.000000,0.000000,0.000000,29.002245,0.000000,-0.795177,0.000000,8.788422,0.000662,0.020806,9.980000,6504,46,31,8
29.005177,0.008042,-0.299073,-1.027755,0.000049,0.010555,0.008807,-0.000144,0.077186,-0.006179,0.008754,0.000010,-0.000025,10.000000,24.000000,0.000000,0.025333,0.000013,0.000000,0.000000,0.000000,0.049243,1518.000000,0.000000,0.000000,0.000000,0.000000,29.004200,0.000000,-0.795177,0.000000,8.788422,0.000682,0.020868,9.980000,6504,48,31,7
29.007130,0.008042,-0.299051,-1.027737,0.000049,0.010706,0.008795,-0.000142,0.074612,-0.006188,0.008506,0.000010,-0.000024,10.000000,24.000000,0.000000,0.025333,0.000013,0.000000,0.000000,0.000000,0.049243,1518.000000,0.000000,0.000000,0.000000,0.000000,29.006151,0.000000,-0.795177,0.000000,8.788422,0.000696,0.020913,9.980000,6504,49,31,7
29.009085,0.008042,-0.299030,-1.027719,0.000049,0.010851,0.008782,-0.000140,0.072066,-0.006197,0.008262,0.000010,-0.000022,10.000000,24.000000,0.000000,0.025333,0.000013,0.000000,0.000000,0.000000,0.049243,1518.000000,0.000000,0.000000,0.000000,0.000000,29.008108,0.000000,-0.795177,0.000000,8.788422,0.000706,0.020944,9.980000,6504,50,31,7
29.011038,0.008042,-0.299008,-1.027702,0.000048,0.010992,0.008770,-0.000138,0.069553,-0.006203,0.008020,0.000010,-0.000021,10.000000,24.000000,0.000000,0.025333,0.000013,0.000000,0.000000,0.000000,0.049243,1518.000000,0.000000,0.000000,0.000000,0.000000,29.010059,0.000000,-0.795177,0.000000,8.788422,0.000718,0.020982,9.980000,6504,52,31,6
29.012993,0.008042,-0.298986,-1.027684,0.000048,0.011127,0.008758,-0.000135,0.067079,-0.006211,0.007782,0.000009,-0.000020,10.000000,24.000000,0.000000,0.025333,0.000013,0.000000,0.000000,0.000000,0.049243,1518.000000,0.000000,0.000000,0.000000,0.000000,29.012016,0.000000,-0.795177,0.000000,8.788422,0.000726,0.021005,9.980000,6504,53,31,6
29.014946,0.008042,-0.298963,-1.027667,0.000048,0.011257,0.008745,-0.000133,0.064643,-0.006217,0.007548,0.000009,-0.000018,10.000000,24.000000,0.000000,0.025333,0.000013,0.000000,0.000000,0.000000,0.049243,1518.000000,0.000000,0.000000,0.000000,0.000000,29.013968,0.000000,-0.795177,0.000000,8.788422,0.000729,0.021015,9.980000,6504,53,31,6
29.016899,0.008043,-0.298940,-1.027649,0.000048,0.011383,0.008733,-0.000130,0.062249,-0.006222,0.007317,0.000009,-0.000017,10.000000,24.000000,0.000000,0.025333,0.000013,0.000000,0.000000,0.000000,0.049243,1518.000000,0.000000,0.000000,0.000000,0.000000,29.015924,0.000000,-0.795177,0.000000,8.788422,0.000735,0.021034,9.980000,6504,54,31,5
29.018854,0.008043,-0.298918,-1.027632,0.000047,0.011504,0.008720,-0.000127,0.059901,-0.006226,0.007091,0.000008,-0.000015,10.000000,24.000000,0.000000,0.025333,0.000013,0.000000,0.000000,0.000000,0.049243,1518.000000,0.000000,0.000000,0.000000,0.000000,29.017876,0.000000,-0.795177,0.000000,8.788422,0.000736,0.021038,9.980000,6504,54,31,5
29.020807,0.008043,-0.298894,-1.027614,0.000047,0.011620,0.008708,-0.000124,0.057598,-0.006230,0.006869,0.000008,-0.000014,10.000000,24.000000,0.000000,0.025333,0.000013,0.000000,0.000000,0.000000,0.049243,1518.000000,0.000000,0.000000,0.000000,0.000000,29.019833,0.000000,-0.795177,0.000000,8.788422,0.000734,0.021030,9.980000,6504,54,31,4
29.022762,0.008043,-0.298871,-1.027597,0.000047,0.011732,0.008695,-0.000121,0.055345,-0.006233,0.006652,0.000008,-0.000012,10.000000,24.000000,0.000000,0.025333,0.000013,0.000000,0.000000,0.000000,0.049243,1518.000000,0.000000,0.000000,0.000000,0.000000,29.021784,0.000000,-0.795177,0.000000,8.788422,0.000727,0.021010,9.980000,6504,55,31,4
29.024715,0.008043,-0.298847,-1.027580,0.000047,0.011840,0.008683,-0.000118,0.053142,-0.006234,0.006440,0.000008,-0.000011,10.000000,24.000000,0.000000,0.025333,0.000013,0.000000,0.000000,0.000000,0.049243,1518.000000,0.000000,0.000000,0.000000,0.000000,29.023741,0.000000,-0.795177,0.000000,8.788422,0.000717,0.020978,9.980000,6504,54,31,4
29.026670,0.008043,-0.298823,-1.027562,0.000046,0.011943,0.008670,-0.000115,0.050991,-0.006236,0.006233,0.000007,-0.000009,10.000000,24.000000,0.000000,0.025333,0.000013,0.000000,0.000000,0.000000,0.049243,1518.000000,0.000000,0.000000,0.000000,0.000000,29.025692,0.000000,-0.795177,0.000000,8.788422,0.000711,0.020958,9.980000,6504,54,31,3
29.028624,0.008043,-0.298799,-1.027545,0.000046,0.012042,0.008658,-0.000111,0.048897,-0.006236,0.006031,0.000007,-0.000008,10.000000,24.000000,0.000000,0.025333,0.000013,0.000000,0.000000,0.000000,0.049243,1518.000000,0.000000,0.000000,0.000000,0.000000,29.027649,0.000000,-0.795177,0.000000,8.788422,0.000700,0.020925,9.980000,6504,54,31,3
29.030579,0.008043,-0.298775,-1.027528,0.000046,0.012136,0.008645,-0.000108,0.046856,-0.006236,0.005834,0.000007,-0.000007,10.000000,24.000000,0.000000,0.025333,0.000013,0.000000,0.000000,0.000000,0.049243,1518.000000,0.000000,0.000000,0.000000,0.000000,29.029600,0.000000,-0.795177,0.000000,8.788422,0.000686,0.020881,9.980000,6504,53,31,2
29.032532,0.008043,-0.298751,-1.027510,0.000046,0.012227,0.008633,-0.000105,0.044874,-0.006235,0.005643,0.000006,-0.000005,10.000000,24.000000,0.000000,0.025333,0.000013,0.000000,0.000000,0.000000,0.049243,1518.000000,0.000000,0.000000,0.000000,0.000000,29.031555,0.000000,-0.795177,0.000000,8.788422,0.000669,0.020826,9.980000,6504,53,31,2
29.034487,0.008043,-0.298726,-1.027493,0.000045,0.012314,0.008620,-0.000101,0.042948,-0.006233,0.005458,0.000006,-0.000004,10.000000,24.000000,0.000000,0.025333,0.000013,0.000000,0.000000,0.000000,0.049243,1518.000000,0.000000,0.000000,0.000000,0.000000,29.033508,0.000000,-0.795177,0.000000,8.788422,0.000648,0.020761,9.980000,6504,52,31,2
29.036440,0.008043,-0.298701,-1.027476,0.000045,0.012397,0.008608,-0.000098,0.041081,-0.006232,0.005278,0.000006,-0.000003,10.000000,24.000000,0.000000,0.025333,0.000013,0.000000,0.000000,0.000000,0.049243,1518.000000,0.000000,0.000000,0.000000,0.000000,29.035463,0.000000,-0.795177,0.000000,8.788422,0.000631,0.020708,9.980000,6504,51,31,1
29.038395,0.008044,-0.298676,-1.027459,0.000045,0.012476,0.008596,-0.000095,0.039275,-0.006229,0.005104,0.000005,-0.000002,10.000000,24.000000,0.000000,0.025333,0.000013,0.000000,0.000000,0.000000,0.049243,1518.000000,0.000000,0.000000,0.000000,0.000000,29.037416,0.000000,-0.795177,0.000000,8.788422,0.000611,0.020644,9.980000,6504,50,31,1
29.040348,0.008044,-0.298651,-1.027442,0.000045,0.012552,0.008583,-0.000091,0.037527,-0.006226,0.004936,0.000005,-0.000000,10.000000,24.000000,0.000000,0.025333,0.000013,0.000000,0.000000,0.000000,0.049243,1518.000000,0.000000,0.000000,0.000000,0.000000,29.039371,0.000000,-0.795177,0.000000,8.788422,0.000587,0.020569,9.980000,6504,49,31,1
29.042301,0.008044,-0.298626,-1.027424,0.000045,0.012625,0.008571,-0.000088,0.035839,-0.006222,0.004773,0.000005,0.000001,10.000000,24.000000,0.000000,0.025333,0.000013,0.000000,0.000000,0.000000,0.049243,1518.000000,0.000000,0.000000,0.000000,0.000000,29.041325,0.000000,-0.795177,0.000000,8.788422,0.000567,0.020507,9.980000,6504,48,31,1
29.044256,0.008044,-0.298601,-1.027407,0.000045,0.012694,0.008558,-0.000085,0.034212,-0.006218,0.004617,0.000004,0.000002,10.000000,24.000000,0.000000,0.025333,0.000013,0.000000,0.000000,0.000000,0.049243,1518.000000,0.000000,0.000000,0.000000,0.000000,29.043280,0.000000,-0.795177,0.000000,8.788422,0.000550,0.020455,9.980000,6504,47,31,0
29.046209,0.008044,-0.298575,-1.027390,0.000044,0.012760,0.008546,-0.000081,0.032647,-0.006214,0.004466,0.000004,0.000003,10.000000,24.000000,0.000000,0.025333,0.000013,0.000000,0.000000,0.000000,0.049243,1518.000000,0.000000,0.000000,0.000000,0.000000,29.045233,0.000000,-0.795177,0.000000,8.788422,0.000530,0.020390,9.980000,6504,45,31,0
29.048164,0.008044,-0.298549,-1.027373,0.000044,0.012823,0.008533,-0.000078,0.031141,-0.006209,0.004321,0.000004,0.000004,10.000000,24.000000,0.000000,0.025333,0.000013,0.000000,0.000000,0.000000,0.049243,1518.000000,0.000000,0.000000,0.000000,0.000000,29.047188,0.000000,-0.795177,0.000000,8.788422,0.000506,0.020314,9.980000,6504,44,31,0
29.050117,0.008044,-0.298524,-1.027356,0.000044,0.012883,0.008521,-0.000075,0.029695,-0.006203,0.004182,0.000003,0.000005,10.000000,24.000000,0.000000,0.025333,0.000013,0.000000,0.000000,0.000000,0.049243,1518.000000,0.000000,0.000000,0.000000,0.000000,29.049141,0.000000,-0.795177,0.000000,8.788422,0.000485,0.020249,9.980000,6504,43,31,0
29.052073,0.008044,-0.298498,-1.027339,0.000044,0.012941,0.008509,-0.000072,0.028309,-0.006197,0.004049,0.000003,0.000006,10.000000,24.000000,0.000000,0.025333,0.000013,0.000000,0.000000,0.000000,0.049243,1518.000000,0.000000,0.000000,0.000000,0.000000,29.051096,0.000000,-0.795177,0.000000,8.788422,0.000467,0.020194,9.980000,6504,41,31,0
29.054026,0.008044,-0.298472,-1.027322,0.000044,0.012995,0.008496,-0.000069,0.026983,-0.006191,0.003922,0.000003,0.000007,10.000000,24.000000,0.000000,0.025333,0.000013,0.000000,0.000000,0.000000,0.049243,1518.000000,0.000000,0.000000,0.000000,0.000000,29.053047,0.000000,-0.795177,0.000000,8.788422,0.000452,0.020147,9.980000,6504,40,31,0
29.055981,0.008044,-0.298446,-1.027305,0.000044,0.013047,0.008484,-0.000065,0.025715,-0.006184,0.003800,0.000002,0.000007,10.000000,24.000000,0.000000,0.025333,0.000013,0.000000,0.000000,0.000000,0.049243,1518.000000,0.000000,0.000000,0.000000,0.000000,29.055004,0.000000,-0.795177,0.000000,8.788422,0.000440,0.020108,9.980000,6504,38,31,0
29.057934,0.008044,-0.298420,-1.027288,0.000044,0.013097,0.008471,-0.000062,0.024505,-0.006177,0.003684,0.000002,0.000008,10.000000,24.000000,0.000000,0.025333,0.000013,0.000000,0.000000,0.000000,0.049243,1518.000000,0.000000,0.000000,0.000000,0.000000,29.056955,0.000000,-0.795177,0.000000,8.788422,0.000430,0.020076,9.980000,6504,37,31,0
29.059889,0.008045,-0.298393,-1.027271,0.000043,0.013144,0.008459,-0.000059,0.023352,-0.006170,0.003574,0.000002,0.000009,10.000000,24.000000,0.000000,0.025333,0.000013,0.000000,0.000000,0.000000,0.049243,1518.000000,0.000000,0.000000,0.000000,0.000000,29.058912,0.000000,-0.795177,0.000000,8.788422,0.000421,0.020050,9.980000,6504,35,31,-1
29.061842,0.008045,-0.298367,-1.027254,0.000043,0.013189,0.008447,-0.000056,0.022258,-0.006162,0.003469,0.000001,0.000010,10.000000,24.000000,0.000000,0.025333,0.000013,0.000000,0.000000,0.000000,0.049243,1518.000000,0.000000,0.000000,0.000000,0.000000,29.060863,0.000000,-0.795177,0.000000,8.788422,0.000408,0.020007,9.980000,6504,34,31,-1
29.063795,0.008045,-0.298340,-1.027237,0.000043,0.013232,0.008434,-0.000053,0.021216,-0.006154,0.003370,0.000001,0.000011,10.000000,24.000000,0.000000,0.025333,0.000013,0.000000,0.000000,0.000000,0.049243,1518.000000,0.000000,0.000000,0.000000,0.000000,29.062820,0.000000,-0.795177,0.000000,8.788422,0.000389,0.019948,9.980000,6504,32,31,-1
29.065750,0.008045,-0.298314,-1.027220,0.000043,0.013273,0.008422,-0.000050,0.020229,-0.006145,0.003275,0.000001,0.000011,10.000000,24.000000,0.000000,0.025333,0.000013,0.000000,0.000000,0.000000,0.049243,1518.000000,0.000000,0.000000,0.000000,0.000000,29.064772,0.000000,-0.795177,0.000000,8.788422,0.000373,0.019897,9.980000,6504,30,31,-1
29.067703,0.008045,-0.298287,-1.027203,0.000043,0.013312,0.008410,-0.000047,0.019294,-0.006136,0.003186,0.000001,0.000012,10.000000,24.000000,0.000000,0.025333,0.000013,0.000000,0.000000,0.000000,0.049243,1518.000000,0.000000,0.000000,0.000000,0.000000,29.066729,0.000000,-0.795177,0.000000,8.788422,0.000359,0.019853,9.980000,6504,29,31,-1
29.069658,0.008045,-0.298260,-1.027187,0.000043,0.013349,0.008398,-0.000044,0.018411,-0.006128,0.003102,0.000000,0.000013,10.000000,24.000000,0.000000,0.025333,0.000013,0.000000,0.000000,0.000000,0.049243,1518.000000,0.000000,0.000000,0.000000,0.000000,29.068680,0.000000,-0.795177,0.000000,8.788422,0.000346,0.019814,9.980000,6504,27,31,-2
29.071611,0.008045,-0.298234,-1.027170,0.000043,0.013385,0.008385,-0.000041,0.017579,-0.006119,0.003023,-0.000000,0.000014,10.000000,25.000000,1.000000,0.025333,0.000013,0.000000,0.000000,0.000000,0.049243,1520.000000,0.000000,0.000000,0.000000,0.000000,29.070637,0.000000,-0.795177,0.000000,8.788422,0.000328,0.019758,9.980000,6504,26,31,-2
29.073566,0.008045,-0.298207,-1.027153,0.000043,0.013419,0.008373,-0.000038,0.016794,-0.006110,0.002948,-0.000000,0.000014,10.000000,25.000000,1.000000,0.021956,0.000011,0.000000,0.000000,0.067000,0.009822,1520.000000,0.000000,0.000000,0.000000,0.000000,29.072588,14.925380,8.975124,222.766953,72.837448,0.000306,-0.210405,9.987985,6511,-179,31,-2
29.075520,0.008045,-0.298180,-1.027136,0.000043,0.013451,0.008360,-0.000035,0.016059,-0.006842,0.002878,-0.000001,0.000015,10.000000,25.000000,1.000000,0.021956,0.000011,0.000000,0.000000,0.000000,0.009822,1520.000000,0.000000,0.000000,0.000000,0.000000,29.074545,14.925380,8.975124,222.766953,72.837448,0.000281,-0.210483,9.987985,6511,-180,31,-2
29.077475,0.008045,-0.298153,-1.027120,0.000043,0.013482,0.008345,-0.000032,0.015351,-0.007742,0.002809,-0.000001,0.000015,10.000000,25.000000,1.000000,0.021956,0.000011,0.000000,0.000000,0.000000,0.009822,1520.000000,0.000000,0.000000,0.000000,0.000000,29.076496,14.925380,8.975124,222.766953,72.837448,0.000251,-0.210577,9.987985,6511,-181,31,-2
29.079428,0.008045,-0.298126,-1.027103,0.000043,0.013512,0.008328,-0.000029,0.014648,-0.008556,0.002739,-0.000001,0.000016,10.000000,25.000000,1.000000,0.021956,0.000011,0.000000,0.000000,0.000000,0.009822,1520.000000,0.000000,0.000000,0.000000,0.000000,29.078451,14.925380,8.975124,222.766953,72.837448,0.000218,-0.210679,9.987985,6511,-181,31,-2
29.081383,0.008045,-0.298099,-1.027086,0.000043,0.013540,0.008310,-0.000026,0.013929,-0.009292,0.002666,-0.000002,0.000016,10.000000,25.000000,1.000000,0.021956,0.000011,0.000000,0.000000,0.000000,0.009822,1520.000000,0.000000,0.000000,0.000000,0.000000,29.080404,14.925380,8.975124,222.766953,72.837448,0.000184,-0.210787,9.987985,6511,-180,31,-2
29.083336,0.008046,-0.298072,-1.027070,0.000042,0.013567,0.008290,-0.000023,0.013174,-0.009957,0.002589,-0.000002,0.000016,10.000000,25.000000,1.000000,0.021956,0.000011,0.000000,0.000000,0.000000,0.009822,1520.000000,0.000000,0.000000,0.000000,0.000000,29.082359,14.925380,8.975124,222.766953,72.837448,0.000148,-0.210900,9.987985,6511,-178,31,-3
29.085291,0.008046,-0.298045,-1.027053,0.000042,0.013592,0.008270,-0.000020,0.012369,-0.010557,0.002506,-0.000002,0.000016,10.000000,25.000000,1.000000,0.021956,0.000011,0.000000,0.000000,0.000000,0.009822,1520.000000,0.000000,0.000000,0.000000,0.000000,29.084312,14.925380,8.975124,222.766953,72.837448,0.000103,-0.211041,9.987985,6511,-176,31,-3
29.087244,0.008046,-0.298017,-1.027037,0.000042,0.013616,0.008248,-0.000017,0.011495,-0.011098,0.002414,-0.000002,0.000016,10.000000,25.000000,1.000000,0.021956,0.000011,0.000000,0.000000,0.000000,0.009822,1520.000000,0.000000,0.000000,0.000000,0.000000,29.086267,14.925380,8.975124,222.766953,72.837448,0.000050,-0.211206,9.987985,6511,-173,31,-3
29.089197,0.008046,-0.297990,-1.027020,0.000042,0.013637,0.008225,-0.000014,0.010539,-0.011587,0.002314,-0.000003,0.000016,10.000000,25.000000,1.000000,0.021956,0.000011,0.000000,0.000000,0.000000,0.009822,1520.000000,0.000000,0.000000,0.000000,0.000000,29.088221,14.925380,8.975124,222.766953,72.837448,-0.000002,-0.211372,9.987985,6511,-170,31,-3
29.091152,0.008046,-0.297963,-1.027004,0.000042,0.013657,0.008201,-0.000010,0.009490,-0.012028,0.002204,-0.000003,0.000016,10.000000,25.000000,1.000000,0.021956,0.000011,0.000000,0.000000,0.000000,0.009822,1520.000000,0.000000,0.000000,0.000000,0.000000,29.090176,14.925380,8.975124,222.766953,72.837448,-0.000055,-0.211538,9.987985,6511,-165,31,-3
29.093105,0.008046,-0.297935,-1.026987,0.000042,0.013674,0.008176,-0.000007,0.008338,-0.012425,0.002082,-0.000004,0.000016,10.000000,25.000000,1.000000,0.021956,0.000011,0.000000,0.000000,0.000000,0.009822,1520.000000,0.000000,0.000000,0.000000,0.000000,29.092129,14.925380,8.975124,222.766953,72.837448,-0.000108,-0.211704,9.987985,6511,-161,31,-3
29.095060,0.008046,-0.297908,-1.026971,0.000042,0.013689,0.008151,-0.000003,0.007072,-0.012783,0.001948,-0.000004,0.000016,10.000000,25.000000,1.000000,0.021956,0.000011,0.000000,0.000000,0.000000,0.009822,1520.000000,0.000000,0.000000,0.000000,0.000000,29.094084,14.925380,8.975124,222.766953,72.837448,-0.000161,-0.211869,9.987985,6511,-156,31,-3
29.097013,0.008046,-0.297880,-1.026955,0.000042,0.013701,0.008125,0.000001,0.005687,-0.013104,0.001801,-0.000004,0.000015,10.000000,25.000000,1.000000,0.021956,0.000011,0.000000,0.000000,0.000000,0.009822,1520.000000,0.000000,0.000000,0.000000,0.000000,29.096037,14.925380,8.975124,222.766953,72.837448,-0.000213,-0.212034,9.987985,6511,-150,31,-2
29.098969,0.008046,-0.297853,-1.026938,0.000042,0.013710,0.008098,0.000004,0.004173,-0.013394,0.001641,-0.000005,0.000015,10.000000,25.000000,1.000000,0.021956,0.000011,0.000000,0.000000,0.000000,0.009822,1520.000000,0.000000,0.000000,0.000000,0.000000,29.097992,14.925380,8.975124,222.766953,72.837448,-0.000258,-0.212175,9.987985,6511,-144,31,-2
29.100922,0.008046,-0.297826,-1.026922,0.000042,0.013716,0.008071,0.000008,0.002530,-0.013654,0.001467,-0.000005,0.000014,10.000000,25.000000,1.000000,0.021956,0.000011,0.000000,0.000000,0.000000,0.009822,1520.000000,0.000000,0.000000,0.000000,0.000000,29.099943,14.925380,8.975124,222.766953,72.837448,-0.000296,-0.212293,9.987985,6511,-138,31,-2
29.102877,0.008046,-0.297798,-1.026906,0.000042,0.013718,0.008043,0.000012,0.000751,-0.013887,0.001279,-0.000005,0.000013,10.000000,25.000000,1.000000,0.021956,0.000011,0.000000,0.000000,0.000000,0.009822,1520.000000,0.000000,0.000000,0.000000,0.000000,29.101900,14.925380,8.975124,222.766953,72.837448,-0.000334,-0.212413,9.987985,6511,-131,31,-2
29.104830,0.008047,-0.297771,-1.026890,0.000042,0.013717,0.008015,0.000016,-0.001167,-0.014096,0.001076,-0.000006,0.000013,10.000000,25.000000,1.000000,0.021956,0.000011,0.000000,0.000000,0.000000,0.009822,1520.000000,0.000000,0.000000,0.000000,0.000000,29.103851,14.925380,8.975124,222.766953,72.837448,-0.000373,-0.212534,9.987985,6511,-124,31,-2
29.106785,0.008047,-0.297743,-1.026874,0.000042,0.013712,0.007987,0.000020,-0.003224,-0.014283,0.000858,-0.000006,0.000012,10.000000,25.000000,1.000000,0.021956,0.000011,0.000000,0.000000,0.000000,0.009822,1520.000000,0.000000,0.000000,0.000000,0.000000,29.105808,14.925380,8.975124,222.766953,72.837448,-0.000411,-0.212654,9.987985,6511,-116,31,-1
29.108738,0.008047,-0.297716,-1.026858,0.000042,0.013702,0.007958,0.000024,-0.005423,-0.014449,0.000626,-0.000007,0.000011,10.000000,25.000000,1.000000,0.021956,0.000011,0.000000,0.000000,0.000000,0.009822,1520.000000,0.000000,0.000000,0.000000,0.000000,29.107759,14.925380,8.975124,222.766953,72.837448,-0.000442,-0.212751,9.987985,6511,-108,31,-1
29.110691,0.008047,-0.297688,-1.026842,0.000043,0.013687,0.007929,0.000028,-0.007761,-0.014597,0.000378,-0.000007,0.000010,10.000000,25.000000,1.000000,0.021956,0.000011,0.000000,0.000000,0.000000,0.009822,1520.000000,0.000000,0.000000,0.000000,0.000000,29.109716,14.925380,8.975124,222.766953,72.837448,-0.000466,-0.212826,9.987985,6511,-101,31,-1
29.112646,0.008047,-0.297661,-1.026826,0.000043,0.013668,0.007899,0.000032,-0.010239,-0.014728,0.000117,-0.000008,0.000009,10.000000,25.000000,1.000000,0.021956,0.000011,0.000000,0.000000,0.000000,0.009822,1520.000000,0.000000,0.000000,0.000000,0.000000,29.111668,14.925380,8.975124,222.766953,72.837448,-0.000490,-0.212903,9.987985,6511,-92,31,-1
29.114599,0.008047,-0.297634,-1.026811,0.000043,0.013644,0.007870,0.000036,-0.012853,-0.014843,-0.000159,-0.000008,0.000008,10.000000,25.000000,1.000000,0.021956,0.000011,0.000000,0.000000,0.000000,0.009822,1520.000000,0.000000,0.000000,0.000000,0.000000,29.113625,14.925380,8.975124,222.766953,72.837448,-0.000515,-0.212980,9.987985,6511,-84,31,0
29.116554,0.008047,-0.297606,-1.026795,0.000043,0.013614,0.007840,0.000040,-0.015604,-0.014944,-0.000450,-0.000008,0.000007,10.000000,25.000000,1.000000,0.021956,0.000011,0.000000,0.000000,0.000000,0.009822,1520.000000,0.000000,0.000000,0.000000,0.000000,29.115576,14.925380,8.975124,222.766953,72.837448,-0.000532,-0.213034,9.987985,6511,-76,31,0
29.118507,0.008047,-0.297579,-1.026779,0.000043,0.013579,0.007810,0.000044,-0.018484,-0.015032,-0.000753,-0.000009,0.000006,10.000000,25.000000,1.000000,0.021956,0.000011,0.000000,0.000000,0.000000,0.009822,1520.000000,0.000000,0.000000,0.000000,0.000000,29.117533,14.925380,8.975124,222.766953,72.837448,-0.000542,-0.213067,9.987985,6511,-68,31,0
29.120462,0.008047,-0.297552,-1.026764,0.000043,0.013537,0.007780,0.000049,-0.021492,-0.015108,-0.001071,-0.000009,0.000005,10.000000,25.000000,1.000000,0.021956,0.000011,0.000000,0.000000,0.000000,0.009822,1520.000000,0.000000,0.000000,0.000000,0.000000,29.119484,14.925380,8.975124,222.766953,72.837448,-0.000554,-0.213102,9.987985,6511,-59,31,0
29.122416,0.008047,-0.297525,-1.026748,0.000043,0.013489,0.007749,0.000053,-0.024621,-0.015173,-0.001401,-0.000010,0.000003,10.000000,25.000000,1.000000,0.021956,0.000011,0.000000,0.000000,0.000000,0.009822,1520.000000,0.000000,0.000000,0.000000,0.000000,29.121441,14.925380,8.975124,222.766953,72.837448,-0.000565,-0.213138,9.987985,6511,-51,31,0
29.124371,0.008047,-0.297498,-1.026733,0.000043,0.013435,0.007719,0.000057,-0.027869,-0.015228,-0.001743,-0.000010,0.000002,10.000000,25.000000,1.000000,0.021956,0.000011,0.000000,0.000000,0.000000,0.009822,1520.000000,0.000000,0.000000,0.000000,0.000000,29.123392,14.925380,8.975124,222.766953,72.837448,-0.000576,-0.213174,9.987985,6511,-42,31,1
29.126324,0.008047,-0.297471,-1.026717,0.000043,0.013375,0.007688,0.000061,-0.031229,-0.015273,-0.002097,-0.000011,0.000001,10.000000,25.000000,1.000000,0.021956,0.000011,0.000000,0.000000,0.000000,0.009822,1520.000000,0.000000,0.000000,0.000000,0.000000,29.125347,14.925380,8.975124,222.766953,72.837448,-0.000580,-0.213186,9.987985,6511,-34,31,1
29.128279,0.008048,-0.297445,-1.026702,0.000043,0.013307,0.007658,0.000066,-0.034694,-0.015310,-0.002462,-0.000011,0.000000,10.000000,25.000000,1.000000,0.021956,0.000011,0.000000,0.000000,0.000000,0.009822,1520.000000,0.000000,0.000000,0.000000,0.000000,29.127300,14.925380,8.975124,222.766953,72.837448,-0.000578,-0.213178,9.987985,6511,-26,31,1
29.130232,0.008048,-0.297418,-1.026687,0.000044,0.013232,0.007627,0.000070,-0.038257,-0.015338,-0.002837,-0.000012,-0.000001,10.000000,25.000000,1.000000,0.021956,0.000011,0.000000,0.000000,0.000000,0.009822,1520.000000,0.000000,0.000000,0.000000,0.000000,29.129255,14.925380,8.975124,222.766953,72.837448,-0.000575,-0.213170,9.987985,6511,-17,32,2
29.132187,0.008048,-0.297392,-1.026671,0.000044,0.013150,0.007596,0.000075,-0.041915,-0.015358,-0.003223,-0.000012,-0.000002,10.000000,25.000000,1.000000,0.017248,0.000011,0.000000,0.000000,0.066000,0.000000,1520.000000,0.000000,0.000000,0.000000,0.000000,29.131208,0.000000,4.372673,-226.141968,-8.974167,-0.000566,-0.104753,9.985000,6508,87,32,2
29.134140,0.008048,-0.297365,-1.026656,0.000044,0.013061,0.007566,0.000079,-0.045654,-0.015052,-0.003617,-0.000012,-0.000003,10.000000,25.000000,1.000000,0.017248,0.000011,0.000000,0.000000,0.000000,0.000000,1520.000000,0.000000,0.000000,0.000000,0.000000,29.133163,0.000000,4.372673,-226.141968,-8.974167,-0.000548,-0.104698,9.985000,6508,94,32,3
29.136093,0.008048,-0.297339,-1.026641,0.000044,0.012964,0.007537,0.000083,-0.049464,-0.014667,-0.004017,-0.000013,-0.000004,10.000000,25.000000,1.000000,0.017248,0.000011,0.000000,0.000000,0.000000,0.000000,1520.000000,0.000000,0.000000,0.000000,0.000000,29.135117,0.000000,4.372673,-226.141968,-8.974167,-0.000521,-0.104611,9.985000,6508,102,32,3
29.138048,0.008048,-0.297314,-1.026626,0.000044,0.012859,0.007508,0.000088,-0.053324,-0.014314,-0.004423,-0.000013,-0.000005,10.000000,25.000000,1.000000,0.017248,0.000011,0.000000,0.000000,0.000000,0.000000,1520.000000,0.000000,0.000000,0.000000,0.000000,29.137072,0.000000,4.372673,-226.141968,-8.974167,-0.000485,-0.104500,9.985000,6508,108,32,3
29.140001,0.008048,-0.297288,-1.026611,0.000044,0.012747,0.007480,0.000092,-0.057217,-0.013988,-0.004833,-0.000014,-0.000006,10.000000,25.000000,1.000000,0.017248,0.000011,0.000000,0.000000,0.000000,0.000000,1520.000000,0.000000,0.000000,0.000000,0.000000,29.139025,0.000000,4.372673,-226.141968,-8.974167,-0.000449,-0.104387,9.985000,6508,115,32,4
29.141956,0.008048,-0.297263,-1.026596,0.000045,0.012626,0.007452,0.000095,-0.061132,-0.013687,-0.005244,-0.000014,-0.000007,10.000000,25.000000,1.000000,0.017248,0.000011,0.000000,0.000000,0.000000,0.000000,1520.000000,0.000000,0.000000,0.000000,0.000000,29.140980,0.000000,4.372673,-226.141968,-8.974167,-0.000405,-0.104249,9.985000,6508,120,32,4
29.143909,0.008048,-0.297238,-1.026581,0.000045,0.012498,0.007425,0.000099,-0.065047,-0.013409,-0.005655,-0.000014,-0.000008,10.000000,25.000000,1.000000,0.017248,0.000011,0.000000,0.000000,0.000000,0.000000,1520.000000,0.000000,0.000000,0.000000,0.000000,29.142933,0.000000,4.372673,-226.141968,-8.974167,-0.000355,-0.104090,9.985000,6508,125,32,4
29.145864,0.008048,-0.297213,-1.026567,0.000045,0.012362,0.007399,0.000101,-0.068951,-0.013152,-0.006066,-0.000015,-0.000008,10.000000,25.000000,1.000000,0.017248,0.000011,0.000000,0.000000,0.000000,0.000000,1520.000000,0.000000,0.000000,0.000000,0.000000,29.144888,0.000000,4.372673,-226.141968,-8.974167,-0.000304,-0.103931,9.985000,6508,130,32,4
29.147818,0.008048,-0.297188,-1.026552,0.000045,0.012218,0.007373,0.000104,-0.072829,-0.012913,-0.006474,-0.000015,-0.000009,10.000000,25.000000,1.000000,0.017248,0.000011,0.000000,0.000000,0.000000,0.000000,1520.000000,0.000000,0.000000,0.000000,0.000000,29.146839,0.000000,4.372673,-226.141968,-8.974167,-0.000254,-0.103773,9.985000,6508,134,32,4
29.149773,0.008049,-0.297164,-1.026537,0.000045,0.012067,0.007347,0.000106,-0.076670,-0.012691,-0.006878,-0.000015,-0.000009,10.000000,25.000000,1.000000,0.017248,0.000011,0.000000,0.000000,0.000000,0.000000,1520.000000,0.000000,0.000000,0.000000,0.000000,29.148796,0.000000,4.372673,-226.141968,-8.974167,-0.000203,-0.103615,9.985000,6508,137,32,5
29.151726,0.008049,-0.297140,-1.026522,0.000046,0.011908,0.007322,0.000107,-0.080462,-0.012484,-0.007277,-0.000015,-0.000009,10.000000,25.000000,1.000000,0.017248,0.000011,0.000000,0.000000,0.000000,0.000000,1520.000000,0.000000,0.000000,0.000000,0.000000,29.150747,0.000000,4.372673,-226.141968,-8.974167,-0.000146,-0.103434,9.985000,6508,140,31,5
29.153681,0.008049,-0.297117,-1.026508,0.000046,0.011741,0.007298,0.000108,-0.084190,-0.012291,-0.007670,-0.000015,-0.000009,10.000000,25.000000,1.000000,0.017248,0.000011,0.000000,0.000000,0.000000,0.000000,1520.000000,0.000000,0.000000,0.000000,0.000000,29.152704,0.000000,4.372673,-226.141968,-8.974167,-0.000082,-0.103233,9.985000,6508,142,31,5
29.155634,0.008049,-0.297093,-1.026493,0.000046,0.011568,0.007273,0.000109,-0.087845,-0.012110,-0.008055,-0.000016,-0.000009,10.000000,25.000000,1.000000,0.017248,0.000011,0.000000,0.000000,0.000000,0.000000,1520.000000,0.000000,0.000000,0.000000,0.000000,29.154655,0.000000,4.372673,-226.141968,-8.974167,-0.000018,-0.103034,9.985000,6508,144,31,5
29.157589,0.008049,-0.297070,-1.026479,0.000046,0.011387,0.007249,0.000109,-0.091418,-0.011941,-0.008433,-0.000016,-0.000009,10.000000,25.000000,1.000000,0.017248,0.000011,0.000000,0.000000,0.000000,0.000000,1520.000000,0.000000,0.000000,0.000000,0.000000,29.156612,0.000000,4.372673,-226.141968,-8.974167,0.000044,-0.102838,9.985000,6507,145,31,5
29.159542,0.008049,-0.297048,-1.026464,0.000046,0.011198,0.007226,0.000108,-0.094899,-0.011676,-0.008801,-0.000016,-0.000009,10.000000,25.000000,1.000000,0.017248,0.000011,0.000000,0.000000,0.000000,0.000000,1520.000000,0.000000,0.000000,0.000000,0.000000,29.158564,0.000000,4.372673,-226.141968,-8.974167,0.000106,-0.102643,9.985000,6507,146,31,5
29.161495,0.008049,-0.297026,-1.026450,0.000047,0.011004,0.007203,0.000108,-0.098280,-0.011398,-0.009160,-0.000015,-0.000009,10.000000,25.000000,1.000000,0.017248,0.000011,0.000000,0.000000,0.000000,0.000000,1520.000000,0.000000,0.000000,0.000000,0.000000,29.160521,0.000000,4.372673,-226.141968,-8.974167,0.000167,-0.102451,9.985000,6507,146,31,5
29.163450,0.008049,-0.297004,-1.026435,0.000047,0.010802,0.007181,0.000107,-0.101552,-0.011140,-0.009507,-0.000015,-0.000008,10.000000,25.000000,1.000000,0.017248,0.000011,0.000000,0.000000,0.000000,0.000000,1520.000000,0.000000,0.000000,0.000000,0.000000,29.162472,0.000000,4.372673,-226.141968,-8.974167,0.000228,-0.102260,9.985000,6507,150,31,4
29.165403,0.008049,-0.296983,-1.026421,0.000047,0.010594,0.007159,0.000105,-0.104709,-0.010902,-0.009843,-0.000015,-0.000008,10.000000,25.000000,1.000000,0.017248,0.000011,0.000000,0.000000,0.000000,0.000000,1520.000000,0.000000,0.000000,0.000000,0.000000,29.164429,0.000000,4.372673,-226.141968,-8.974167,0.000281,-0.102093,9.985000,6507,150,31,4
29.167358,0.008049,-0.296962,-1.026407,0.000047,0.010380,0.007137,0.000104,-0.107746,-0.010681,-0.010167,-0.000015,-0.000007,10.000000,25.000000,1.000000,0.017248,0.000011,0.000000,0.000000,0.000000,0.000000,1520.000000,0.000000,0.000000,0.000000,0.000000,29.166380,0.000000,4.372673,-226.141968,-8.974167,0.000328,-0.101947,9.985000,6507,149,31,4
29.169312,0.008049,-0.296941,-1.026392,0.000047,0.010160,0.007116,0.000102,-0.110655,-0.010477,-0.010479,-0.000015,-0.000006,10.000000,25.000000,1.000000,0.017248,0.000011,0.000000,0.000000,0.000000,0.000000,1520.000000,0.000000,0.000000,0.000000,0.000000,29.168337,0.000000,4.372673,-226.141968,-8.974167,0.000375,-0.101799,9.985000,6507,147,31,4
29.171267,0.008050,-0.296921,-1.026378,0.000048,0.009935,0.007095,0.000100,-0.113431,-0.010288,-0.010777,-0.000015,-0.000005,10.000000,25.000000,1.000000,0.017248,0.000011,0.000000,0.000000,0.000000,0.000000,1520.000000,0.000000,0.000000,0.000000,0.000000,29.170288,0.000000,4.372673,-226.141968,-8.974167,0.000423,-0.101650,9.985000,6507,145,31,4
29.173220,0.008050,-0.296902,-1.026364,0.000048,0.009704,0.007075,0.000099,-0.116070,-0.010112,-0.011061,-0.000015,-0.000004,10.000000,25.000000,1.000000,0.017248,0.000011,0.000000,0.000000,0.000000,0.000000,1520.000000,0.000000,0.000000,0.000000,0.000000,29.172243,0.000000,4.372673,-226.141968,-8.974167,0.000471,-0.101499,9.985000,6507,143,31,3
29.175175,0.008050,-0.296883,-1.026350,0.000048,0.009468,0.007055,0.000097,-0.118565,-0.009949,-0.011331,-0.000014,-0.000003,10.000000,25.000000,1.000000,0.017248,0.000011,0.000000,0.000000,0.000000,0.000000,1520.000000,0.000000,0.000000,0.000000,0.000000,29.174196,0.000000,4.372673,-226.141968,-8.974167,0.000512,-0.101369,9.985000,6507,140,31,3
29.177128,0.008050,-0.296864,-1.026336,0.000048,0.009227,0.007035,0.000095,-0.120918,-0.009798,-0.011587,-0.000014,-0.000002,10.000000,25.000000,1.000000,0.017248,0.000011,0.000000,0.000000,0.000000,0.000000,1520.000000,0.000000,0.000000,0.000000,0.000000,29.176151,0.000000,4.372673,-226.141968,-8.974167,0.000547,-0.101259,9.985000,6507,137,31,2
29.179083,0.008050,-0.296846,-1.026322,0.000048,0.008982,0.007016,0.000093,-0.123120,-0.009658,-0.011827,-0.000014,-0.000001,10.000000,25.000000,1.000000,0.017248,0.000011,0.000000,0.000000,0.000000,0.000000,1520.000000,0.000000,0.000000,0.000000,0.000000,29.178104,0.000000,4.372673,-226.141968,-8.974167,0.000576,-0.101169,9.985000,6507,133,31,2
29.181036,0.008050,-0.296828,-1.026308,0.000049,0.008733,0.006997,0.000091,-0.125175,-0.009528,-0.012053,-0.000014,0.000000,10.000000,25.000000,1.000000,0.017248,0.000011,0.000000,0.000000,0.000000,0.000000,1520.000000,0.000000,0.000000,0.000000,0.000000,29.180059,0.000000,4.372673,-226.141968,-8.974167,0.000599,-0.101096,9.985000,6507,129,31,2
29.182989,0.008050,-0.296811,-1.026294,0.000049,0.008480,0.006978,0.000089,-0.127078,-0.009408,-0.012264,-0.000014,0.000001,10.000000,25.000000,1.000000,0.017248,0.000011,0.000000,0.000000,0.000000,0.000000,1520.000000,0.000000,0.000000,0.000000,0.000000,29.182013,0.000000,4.372673,-226.141968,-8.974167,0.000624,-0.101017,9.985000,6507,125,31,1
29.184944,0.008050,-0.296795,-1.026280,0.000049,0.008223,0.006959,0.000087,-0.128828,-0.009296,-0.012459,-0.000013,0.000003,10.000000,25.000000,1.000000,0.017248,0.000011,0.000000,0.000000,0.000000,0.000000,1520.000000,0.000000,0.000000,0.000000,0.000000,29.183968,0.000000,4.372673,-226.141968,-8.974167,0.000643,-0.100957,9.985000,6507,121,31,1
29.186897,0.008050,-0.296779,-1.026266,0.000049,0.007963,0.006941,0.000085,-0.130427,-0.009192,-0.012639,-0.000013,0.000004,10.000000,25.000000,1.000000,0.017248,0.000011,0.000000,0.000000,0.000000,0.000000,1520.000000,0.000000,0.000000,0.000000,0.000000,29.185921,0.000000,4.372673,-226.141968,-8.974167,0.000657,-0.100914,9.985000,6507,117,31,0
29.188852,0.008050,-0.296763,-1.026252,0.000049,0.007700,0.006923,0.000083,-0.131872,-0.009096,-0.012804,-0.000013,0.000005,10.000000,25.000000,1.000000,0.017248,0.000011,0.000000,0.000000,0.000000,0.000000,1520.000000,0.000000,0.000000,0.000000,0.000000,29.187876,0.000000,4.372673,-226.141968,-8.974167,0.000666,-0.100887,9.985000,6507,112,31,0
29.190805,0.008051,-0.296748,-1.026238,0.000049,0.007434,0.006905,0.000081,-0.133168,-0.009007,-0.012954,-0.000013,0.000007,10.000000,25.000000,1.000000,0.013494,0.000012,0.000000,0.000000,0.067000,0.000000,1520.000000,0.000000,0.000000,0.000000,0.000000,29.189829,0.000000,2.132296,0.000000,-10.864326,0.000669,-0.048114,9.985000,6507,155,31,0
29.192760,0.008051,-0.296734,-1.026224,0.000050,0.007173,0.006894,0.000129,-0.127140,-0.002031,-0.013089,-0.000013,0.000008,10.000000,25.000000,1.000000,0.013494,0.000012,0.000000,0.000000,0.000000,0.000000,1520.000000,0.000000,0.000000,0.000000,0.000000,29.191784,0.000000,2.132296,0.000000,-10.864326,0.000676,-0.048091,9.985000,6507,150,31,0
29.194714,0.008051,-0.296720,-1.026211,0.000050,0.006916,0.006889,0.000123,-0.128914,-0.002474,-0.013208,-0.000012,0.000009,10.000000,25.000000,1.000000,0.013494,0.000012,0.000000,0.000000,0.000000,0.000000,1520.000000,0.000000,0.000000,0.000000,0.000000,29.193735,0.000000,2.132296,0.000000,-10.864326,0.000687,-0.048058,9.985000,6507,145,31,-1
29.196669,0.008051,-0.296706,-1.026197,0.000050,0.006657,0.006884,0.000121,-0.130002,-0.002420,-0.013311,-0.000012,0.000011,10.000000,25.000000,1.000000,0.013494,0.000012,0.000000,0.000000,0.000000,0.000000,1520.000000,0.000000,0.000000,0.000000,0.000000,29.195692,0.000000,2.132296,0.000000,-10.864326,0.000693,-0.048041,9.985000,6507,139,31,-1
29.198622,0.008051,-0.296693,-1.026183,0.000050,0.006395,0.006879,0.000120,-0.130935,-0.002373,-0.013398,-0.000012,0.000012,10.000000,25.000000,1.000000,0.013494,0.000012,0.000000,0.000000,0.000000,0.000000,1520.000000,0.000000,0.000000,0.000000,0.000000,29.197643,0.000000,2.132296,0.000000,-10.864326,0.000694,-0.048037,9.985000,6507,133,31,-2
29.200577,0.008051,-0.296681,-1.026169,0.000051,0.006132,0.006874,0.000118,-0.131708,-0.002330,-0.013469,-0.000012,0.000014,10.000000,25.000000,1.000000,0.013494,0.000012,0.000000,0.000000,0.000000,0.000000,1520.000000,0.000000,0.000000,0.000000,0.000000,29.199600,0.000000,2.132296,0.000000,-10.864326,0.000691,-0.048046,9.985000,6507,127,31,-2
29.202530,0.008051,-0.296669,-1.026156,0.000051,0.005868,0.006870,0.000117,-0.132325,-0.002292,-0.013524,-0.000012,0.000015,10.000000,25.000000,1.000000,0.013494,0.000012,0.000000,0.000000,0.000000,0.000000,1520.000000,0.000000,0.000000,0.000000,0.000000,29.201551,0.000000,2.132296,0.000000,-10.864326,0.000684,-0.048068,9.985000,6507,120,31,-3
29.204485,0.008051,-0.296658,-1.026142,0.000051,0.005602,0.006865,0.000115,-0.132782,-0.002259,-0.013563,-0.000011,0.000016,10.000000,25.000000,1.000000,0.013494,0.000012,0.000000,0.000000,0.000000,0.000000,1520.000000,0.000000,0.000000,0.000000,0.000000,29.203508,0.000000,2.132296,0.000000,-10.864326,0.000673,-0.048103,9.985000,6507,114,31,-3
29.206438,0.008051,-0.296647,-1.026128,0.000051,0.005336,0.006861,0.000114,-0.133083,-0.002231,-0.013586,-0.000011,0.000018,10.000000,25.000000,1.000000,0.013494,0.000012,0.000000,0.000000,0.000000,0.000000,1520.000000,0.000000,0.000000,0.000000,0.000000,29.205460,0.000000,2.132296,0.000000,-10.864326,0.000658,-0.048150,9.985000,6507,107,31,-4
29.208391,0.008051,-0.296637,-1.026114,0.000052,0.005070,0.006856,0.000113,-0.133226,-0.002207,-0.013592,-0.000011,0.000019,10.000000,25.000000,1.000000,0.013494,0.000012,0.000000,0.000000,0.000000,0.000000,1520.000000,0.000000,0.000000,0.000000,0.000000,29.207417,0.000000,2.132296,0.000000,-10.864326,0.000639,-0.048209,9.985000,6507,100,31,-4
29.210346,0.008052,-0.296627,-1.026101,0.000052,0.004803,0.006852,0.000112,-0.133217,-0.002187,-0.013584,-0.000011,0.000020,10.000000,25.000000,1.000000,0.013494,0.000012,0.000000,0.000000,0.000000,0.000000,1520.000000,0.000000,0.000000,0.000000,0.000000,29.209368,0.000000,2.132296,0.000000,-10.864326,0.000616,-0.048281,9.985000,6507,93,31,-5
29.212299,0.008052,-0.296618,-1.026087,0.000052,0.004537,0.006848,0.000110,-0.133055,-0.002171,-0.013560,-0.000011,0.000021,10.000000,25.000000,1.000000,0.013494,0.000012,0.000000,0.000000,0.000000,0.000000,1520.000000,0.000000,0.000000,0.000000,0.000000,29.211325,0.000000,2.132296,0.000000,-10.864326,0.000589,-0.048365,9.985000,6507,86,31,-5
29.214254,0.008052,-0.296609,-1.026073,0.000052,0.004272,0.006843,0.000109,-0.132746,-0.002159,-0.013521,-0.000011,0.000022,10.000000,25.000000,1.000000,0.013494,0.000012,0.000000,0.000000,0.000000,0.000000,1520.000000,0.000000,0.000000,0.000000,0.000000,29.213276,0.000000,2.132296,0.000000,-10.864326,0.000559,-0.048461,9.985000,6507,79,31,-6
29.216208,0.008052,-0.296601,-1.026060,0.000052,0.004007,0.006839,0.000108,-0.132291,-0.002151,-0.013467,-0.000011,0.000023,10.000000,25.000000,1.000000,0.013494,0.000012,0.000000,0.000000,0.000000,0.000000,1520.000000,0.000000,0.000000,0.000000,0.000000,29.215233,0.000000,2.132296,0.000000,-10.864326,0.000524,-0.048569,9.985000,6507,72,31,-6
29.218163,0.008052,-0.296593,-1.026046,0.000053,0.003743,0.006835,0.000107,-0.131699,-0.002146,-0.013400,-0.000011,0.000024,10.000000,25.000000,1.000000,0.013494,0.000012,0.000000,0.000000,0.000000,0.000000,1520.000000,0.000000,0.000000,0.000000,0.000000,29.217184,0.000000,2.132296,0.000000,-10.864326,0.000486,-0.048689,9.985000,6507,65,31,-6
29.220116,0.008052,-0.296586,-1.026032,0.000053,0.003481,0.006830,0.000106,-0.130970,-0.002144,-0.013319,-0.000010,0.000025,10.000000,25.000000,1.000000,0.013494,0.000012,0.000000,0.000000,0.000000,0.000000,1520.000000,0.000000,0.000000,0.000000,0.000000,29.219139,0.000000,2.132296,0.000000,-10.864326,0.000451,-0.048798,9.985000,6507,54,31,-7
29.222071,0.008052,-0.296580,-1.026019,0.000053,0.003220,0.006826,0.000105,-0.130110,-0.002145,-0.013225,-0.000010,0.000026,10.000000,25.000000,1.000000,0.013494,0.000012,0.000000,0.000000,0.000000,0.000000,1520.000000,0.000000,0.000000,0.000000,0.000000,29.221092,0.000000,2.132296,0.000000,-10.864326,0.000412,-0.048921,9.985000,6507,47,31,-7
29.224024,0.008052,-0.296574,-1.026005,0.000053,0.002961,0.006822,0.000104,-0.129126,-0.002148,-0.013118,-0.000010,0.000027,10.000000,25.000000,1.000000,0.013494,0.000012,0.000000,0.000000,0.000000,0.000000,1520.000000,0.000000,0.000000,0.000000,0.000000,29.223047,0.000000,2.132296,0.000000,-10.864326,0.000369,-0.049058,9.985000,6507,40,31,-7
29.225979,0.008052,-0.296568,-1.025991,0.000054,0.002705,0.006818,0.000103,-0.128024,-0.002153,-0.013000,-0.000010,0.000027,10.000000,25.000000,1.000000,0.013494,0.000012,0.000000,0.000000,0.000000,0.000000,1520.000000,0.000000,0.000000,0.000000,0.000000,29.225000,0.000000,2.132296,0.000000,-10.864326,0.000328,-0.049185,9.985000,6507,34,31,-8
29.227932,0.008052,-0.296563,-1.025978,0.000054,0.002450,0.006813,0.000102,-0.126807,-0.002161,-0.012871,-0.000010,0.000028,10.000000,25.000000,1.000000,0.013494,0.000012,0.000000,0.000000,0.000000,0.000000,1520.000000,0.000000,0.000000,0.000000,0.000000,29.226955,0.000000,2.132296,0.000000,-10.864326,0.000283,-0.049327,9.985000,6507,27,31,-8
29.229885,0.008053,-0.296558,-1.025964,0.000054,0.002199,0.006809,0.000101,-0.125487,-0.002170,-0.012731,-0.000010,0.000028,10.000000,25.000000,1.000000,0.013494,0.000012,0.000000,0.000000,0.000000,0.000000,1520.000000,0.000000,0.000000,0.000000,0.000000,29.228909,0.000000,2.132296,0.000000,-10.864326,0.000234,-0.049482,9.985000,6507,21,31,-8
29.231840,0.008053,-0.296554,-1.025951,0.000054,0.001950,0.006805,0.000100,-0.124067,-0.002181,-0.012581,-0.000010,0.000029,10.000000,25.000000,1.000000,0.013494,0.000012,0.000000,0.000000,0.000000,0.000000,1520.000000,0.000000,0.000000,0.000000,0.000000,29.230864,0.000000,2.132296,0.000000,-10.864326,0.000187,-0.049629,9.985000,6507,15,31,-8
29.233793,0.008053,-0.296551,-1.025937,0.000054,0.001704,0.006800,0.000099,-0.122554,-0.002194,-0.012422,-0.000010,0.000029,10.000000,25.000000,1.000000,0.013494,0.000012,0.000000,0.000000,0.000000,0.000000,1520.000000,0.000000,0.000000,0.000000,0.000000,29.232817,0.000000,2.132296,0.000000,-10.864326,0.000142,-0.049769,9.985000,6507,9,31,-9
29.235748,0.008053,-0.296548,-1.025923,0.000055,0.001461,0.006796,0.000098,-0.120954,-0.002208,-0.012255,-0.000010,0.000029,10.000000,25.000000,1.000000,0.013494,0.000012,0.000000,0.000000,0.000000,0.000000,1520.000000,0.000000,0.000000,0.000000,0.000000,29.234772,0.000000,2.132296,0.000000,-10.864326,0.000092,-0.049925,9.985000,6507,3,31,-9
29.237701,0.008053,-0.296545,-1.025910,0.000055,0.001222,0.006791,0.000097,-0.119276,-0.002224,-0.012080,-0.000010,0.000029,10.000000,25.000000,1.000000,0.013494,0.000012,0.000000,0.000000,0.000000,0.000000,1520.000000,0.000000,0.000000,0.000000,0.000000,29.236725,0.000000,2.132296,0.000000,-10.864326,0.000038,-0.050097,9.985000,6507,-1,31,-9
29.239656,0.008053,-0.296543,-1.025896,0.000055,0.000986,0.006787,0.000096,-0.117526,-0.002240,-0.011898,-0.000009,0.000029,10.000000,25.000000,1.000000,0.013494,0.000012,0.000000,0.000000,0.000000,0.000000,1520.000000,0.000000,0.000000,0.000000,0.000000,29.238680,0.000000,2.132296,0.000000,-10.864326,-0.000014,-0.050261,9.985000,6507,-6,31,-9
29.241610,0.008053,-0.296542,-1.025883,0.000055,0.000754,0.006782,0.000095,-0.115710,-0.002258,-0.011710,-0.000009,0.000029,10.000000,25.000000,1.000000,0.013494,0.000012,0.000000,0.000000,0.000000,0.000000,1520.000000,0.000000,0.000000,0.000000,0.000000,29.240631,0.000000,2.132296,0.000000,-10.864326,-0.000065,-0.050419,9.985000,6507,-11,31,-9
29.243565,0.008053,-0.296540,-1.025869,0.000055,0.000525,0.006778,0.000095,-0.113836,-0.002277,-0.011516,-0.000009,0.000029,10.000000,25.000000,1.000000,0.013494,0.000012,0.000000,0.000000,0.000000,0.000000,1520.000000,0.000000,0.000000,0.000000,0.000000,29.242588,0.000000,2.132296,0.000000,-10.864326,-0.000113,-0.050571,9.985000,6507,-16,31,-9
29.245518,0.008053,-0.296540,-1.025856,0.000055,0.000300,0.006773,0.000094,-0.111910,-0.002295,-0.011317,-0.000009,0.000028,10.000000,25.000000,1.000000,0.013494,0.000012,0.000000,0.000000,0.000000,0.000000,1520.000000,0.000000,0.000000,0.000000,0.000000,29.244539,0.000000,2.132296,0.000000,-10.864326,-0.000160,-0.050719,9.985000,6507,-21,31,-9
29.247473,0.008054,-0.296539,-1.025842,0.000056,0.000079,0.006769,0.000093,-0.109937,-0.002314,-0.011113,-0.000009,0.000028,10.000000,25.000000,1.000000,0.013494,0.000012,0.000000,0.000000,0.000000,0.000000,1520.000000,0.000000,0.000000,0.000000,0.000000,29.246496,0.000000,2.132296,0.000000,-10.864326,-0.000206,-0.050863,9.985000,6507,-25,31,-9
29.249426,0.008054,-0.296540,-1.025828,0.000056,-0.000137,0.006764,0.000092,-0.107926,-0.002334,-0.010906,-0.000009,0.000027,10.000000,25.000000,1.000000,0.013494,0.000012,0.000000,0.000000,0.000000,0.000000,1520.000000,0.000000,0.000000,0.000000,0.000000,29.248447,0.000000,2.132296,0.000000,-10.864326,-0.000251,-0.051005,9.985000,6507,-29,31,-9
29.251381,0.008054,-0.296540,-1.025815,0.000056,-0.000350,0.006759,0.000091,-0.105881,-0.002354,-0.010696,-0.000009,0.000027,10.000000,25.000000,1.000000,0.013494,0.000012,0.000000,0.000000,0.000000,0.000000,1520.000000,0.000000,0.000000,0.000000,0.000000,29.250404,0.000000,2.132296,0.000000,-10.864326,-0.000296,-0.051144,9.985000,6507,-33,31,-9
29.253334,0.008054,-0.296541,-1.025801,0.000056,-0.000559,0.006754,0.000090,-0.103811,-0.002374,-0.010484,-0.000009,0.000026,10.000000,25.000000,1.000000,0.013494,0.000012,0.000000,0.000000,0.000000,0.000000,1520.000000,0.000000,0.000000,0.000000,0.000000,29.252356,0.000000,2.132296,0.000000,-10.864326,-0.000339,-0.051281,9.985000,6507,-37,31,-8
29.255287,0.008054,-0.296543,-1.025788,0.000056,-0.000763,0.006750,0.000089,-0.101721,-0.002394,-0.010270,-0.000009,0.000025,10.000000,25.000000,1.000000,0.013494,0.000012,0.000000,0.000000,0.000000,0.000000,1520.000000,0.000000,0.000000,0.000000,0.000000,29.254313,0.000000,2.132296,0.000000,-10.864326,-0.000375,-0.051394,9.985000,6507,-40,31,-8
29.257242,0.008054,-0.296544,-1.025774,0.000057,-0.000964,0.006745,0.000088,-0.099615,-0.002413,-0.010055,-0.000009,0.000024,10.000000,25.000000,1.000000,0.013494,0.000012,0.000000,0.000000,0.000000,0.000000,1520.000000,0.000000,0.000000,0.000000,0.000000,29.256264,0.000000,2.132296,0.000000,-10.864326,-0.000405,-0.051486,9.985000,6507,-43,31,-8
29.259195,0.008054,-0.296547,-1.025761,0.000057,-0.001160,0.006740,0.000087,-0.097501,-0.002433,-0.009839,-0.000009,0.000024,10.000000,25.000000,1.000000,0.013494,0.000012,0.000000,0.000000,0.000000,0.000000,1520.000000,0.000000,0.000000,0.000000,0.000000,29.258221,0.000000,2.132296,0.000000,-10.864326,-0.000435,-0.051581,9.985000,6507,-46,31,-8
29.261150,0.008054,-0.296549,-1.025747,0.000057,-0.001352,0.006735,0.000086,-0.095384,-0.002452,-0.009623,-0.000009,0.000023,10.000000,25.000000,1.000000,0.013494,0.000012,0.000000,0.000000,0.000000,0.000000,1520.000000,0.000000,0.000000,0.000000,0.000000,29.260172,0.000000,2.132296,0.000000,-10.864326,-0.000465,-0.051677,9.985000,6507,-48,31,-8
29.263103,0.008054,-0.296552,-1.025734,0.000057,-0.001539,0.006730,0.000085,-0.093269,-0.002472,-0.009407,-0.000008,0.000022,10.000000,25.000000,1.000000,0.013494,0.000012,0.000000,0.000000,0.000000,0.000000,1520.000000,0.000000,0.000000,0.000000,0.000000,29.262129,0.000000,2.132296,0.000000,-10.864326,-0.000497,-0.051776,9.985000,6507,-51,31,-7
29.265059,0.008055,-0.296556,-1.025721,0.000057,-0.001723,0.006725,0.000084,-0.091164,-0.002490,-0.009193,-0.000008,0.000021,10.000000,25.000000,1.000000,0.013494,0.000012,0.000000,0.000000,0.000000,0.000000,1520.000000,0.000000,0.000000,0.000000,0.000000,29.264080,0.000000,2.132296,0.000000,-10.864326,-0.000522,-0.051855,9.985000,6507,-53,31,-7
29.267012,0.008055,-0.296559,-1.025707,0.000057,-0.001902,0.006720,0.000083,-0.089070,-0.002508,-0.008980,-0.000008,0.000019,10.000000,25.000000,1.000000,0.013494,0.000012,0.000000,0.000000,0.000000,0.000000,1520.000000,0.000000,0.000000,0.000000,0.000000,29.266035,0.000000,2.132296,0.000000,-10.864326,-0.000541,-0.051915,9.985000,6507,-55,31,-7
29.268967,0.008055,-0.296563,-1.025694,0.000058,-0.002077,0.006715,0.000082,-0.086994,-0.002526,-0.008770,-0.000008,0.000018,10.000000,25.000000,1.000000,0.010556,0.000014,0.000000,0.000000,0.067000,0.000000,1520.000000,0.000000,0.000000,0.000000,0.000000,29.267988,0.000000,0.871795,0.000000,-9.872059,-0.000562,-0.022297,9.985000,6507,-30,31,-7
29.270920,0.008055,-0.296568,-1.025680,0.000058,-0.002248,0.006710,0.000082,-0.084940,-0.002543,-0.008561,-0.000008,0.000017,10.000000,25.000000,1.000000,0.010556,0.000014,0.000000,0.000000,0.000000,0.000000,1520.000000,0.000000,0.000000,0.000000,0.000000,29.269943,0.000000,0.871795,0.000000,-9.872059,-0.000584,-0.022366,9.985000,6507,-31,31,-6
29.272875,0.008055,-0.296573,-1.025667,0.000058,-0.002414,0.006705,0.000081,-0.082911,-0.002586,-0.008355,-0.000008,0.000016,10.000000,25.000000,1.000000,0.010556,0.000014,0.000000,0.000000,0.000000,0.000000,1520.000000,0.000000,0.000000,0.000000,0.000000,29.271896,0.000000,0.871795,0.000000,-9.872059,-0.000603,-0.022425,9.985000,6507,-32,31,-6
29.274828,0.008055,-0.296578,-1.025653,0.000058,-0.002577,0.006700,0.000080,-0.080907,-0.002608,-0.008152,-0.000008,0.000015,10.000000,25.000000,1.000000,0.010556,0.000014,0.000000,0.000000,0.000000,0.000000,1520.000000,0.000000,0.000000,0.000000,0.000000,29.273851,0.000000,0.871795,0.000000,-9.872059,-0.000616,-0.022465,9.985000,6507,-33,31,-6
29.276781,0.008055,-0.296583,-1.025640,0.000058,-0.002736,0.006694,0.000080,-0.078929,-0.002620,-0.007952,-0.000008,0.000013,10.000000,25.000000,1.000000,0.010556,0.000014,0.000000,0.000000,0.000000,0.000000,1520.000000,0.000000,0.000000,0.000000,0.000000,29.275805,0.000000,0.871795,0.000000,-9.872059,-0.000627,-0.022499,9.985000,6507,-34,31,-5
29.278736,0.008055,-0.296589,-1.025627,0.000058,-0.002891,0.006689,0.000079,-0.076981,-0.002632,-0.007755,-0.000008,0.000012,10.000000,25.000000,1.000000,0.010556,0.000014,0.000000,0.000000,0.000000,0.000000,1520.000000,0.000000,0.000000,0.000000,0.000000,29.277760,0.000000,0.871795,0.000000,-9.872059,-0.000632,-0.022516,9.985000,6507,-35,31,-5
29.280689,0.008056,-0.296595,-1.025613,0.000059,-0.003042,0.006684,0.000078,-0.075060,-0.002644,-0.007560,-0.000008,0.000011,10.000000,25.000000,1.000000,0.010556,0.000014,0.000000,0.000000,0.000000,0.000000,1520.000000,0.000000,0.000000,0.000000,0.000000,29.279713,0.000000,0.871795,0.000000,-9.872059,-0.000633,-0.022517,9.985000,6507,-35,31,-5
29.282644,0.008056,-0.296601,-1.025600,0.000059,-0.003189,0.006679,0.000078,-0.073170,-0.002656,-0.007369,-0.000008,0.000010,10.000000,25.000000,1.000000,0.010556,0.000014,0.000000,0.000000,0.000000,0.000000,1520.000000,0.000000,0.000000,0.000000,0.000000,29.281668,0.000000,0.871795,0.000000,-9.872059,-0.000635,-0.022526,9.985000,6507,-36,31,-4
29.284597,0.008056,-0.296608,-1.025587,0.000059,-0.003333,0.006673,0.000077,-0.071313,-0.002667,-0.007181,-0.000008,0.000008,10.000000,25.000000,1.000000,0.010556,0.000014,0.000000,0.000000,0.000000,0.000000,1520.000000,0.000000,0.000000,0.000000,0.000000,29.283621,0.000000,0.871795,0.000000,-9.872059,-0.000633,-0.022518,9.985000,6507,-36,31,-4
29.286552,0.008056,-0.296615,-1.025573,0.000059,-0.003473,0.006668,0.000077,-0.069487,-0.002677,-0.006997,-0.000008,0.000007,10.000000,25.000000,1.000000,0.010556,0.000014,0.000000,0.000000,0.000000,0.000000,1520.000000,0.000000,0.000000,0.000000,0.000000,29.285576,0.000000,0.871795,0.000000,-9.872059,-0.000626,-0.022497,9.985000,6507,-37,31,-4
29.288506,0.008056,-0.296622,-1.025560,0.000059,-0.003609,0.006663,0.000076,-0.067695,-0.002688,-0.006816,-0.000008,0.000006,10.000000,25.000000,1.000000,0.010556,0.000014,0.000000,0.000000,0.000000,0.000000,1520.000000,0.000000,0.000000,0.000000,0.000000,29.287527,0.000000,0.871795,0.000000,-9.872059,-0.000622,-0.022484,9.985000,6507,-37,31,-3
29.290461,0.008056,-0.296629,-1.025547,0.000059,-0.003742,0.006657,0.000076,-0.065941,-0.002698,-0.006638,-0.000008,0.000005,10.000000,25.000000,1.000000,0.010556,0.000014,0.000000,0.000000,0.000000,0.000000,1520.000000,0.000000,0.000000,0.000000,0.000000,29.289484,0.000000,0.871795,0.000000,-9.872059,-0.000613,-0.022456,9.985000,6507,-37,31,-3
29.292414,0.008056,-0.296637,-1.025533,0.000059,-0.003871,0.006652,0.000075,-0.064220,-0.002708,-0.006465,-0.000008,0.000003,10.000000,25.000000,1.000000,0.010556,0.000014,0.000000,0.000000,0.000000,0.000000,1520.000000,0.000000,0.000000,0.000000,0.000000,29.291435,0.000000,0.871795,0.000000,-9.872059,-0.000600,-0.022415,9.985000,6507,-37,31,-3
29.294369,0.008056,-0.296645,-1.025520,0.000060,-0.003997,0.006646,0.000074,-0.062536,-0.002717,-0.006295,-0.000008,0.000002,10.000000,25.000000,1.000000,0.010556,0.000014,0.000000,0.000000,0.000000,0.000000,1520.000000,0.000000,0.000000,0.000000,0.000000,29.293392,0.000000,0.871795,0.000000,-9.872059,-0.000590,-0.022384,9.985000,6507,-37,31,-2
29.296322,0.008056,-0.296653,-1.025507,0.000060,-0.004120,0.006641,0.000074,-0.060891,-0.002726,-0.006129,-0.000007,0.000001,10.000000,25.000000,1.000000,0.010556,0.000014,0.000000,0.000000,0.000000,0.000000,1520.000000,0.000000,0.000000,0.000000,0.000000,29.295343,0.000000,0.871795,0.000000,-9.872059,-0.000576,-0.022339,9.985000,6507,-37,31,-2
29.298277,0.008057,-0.296661,-1.025493,0.000060,-0.004239,0.006635,0.000073,-0.059283,-0.002735,-0.005967,-0.000007,-0.000000,10.000000,25.000000,1.000000,0.010556,0.000014,0.000000,0.000000,0.000000,0.000000,1520.000000,0.000000,0.000000,0.000000,0.000000,29.297300,0.000000,0.871795,0.000000,-9.872059,-0.000558,-0.022281,9.985000,6507,-36,31,-2
29.300230,0.008057,-0.296670,-1.025480,0.000060,-0.004355,0.006630,0.000072,-0.057715,-0.002743,-0.005809,-0.000007,-0.000001,10.000000,25.000000,1.000000,0.010556,0.000014,0.000000,0.000000,0.000000,0.000000,1520.000000,0.000000,0.000000,0.000000,0.000000,29.299252,0.000000,0.871795,0.000000,-9.872059,-0.000542,-0.022234,9.985000,6507,-36,31,-1
29.302183,0.008057,-0.296679,-1.025467,0.000060,-0.004468,0.006624,0.000072,-0.056187,-0.002751,-0.005655,-0.000007,-0.000002,10.000000,25.000000,1.000000,0.010556,0.000014,0.000000,0.000000,0.000000,0.000000,1520.000000,0.000000,0.000000,0.000000,0.000000,29.301208,0.000000,0.871795,0.000000,-9.872059,-0.000523,-0.022173,9.985000,6507,-36,31,-1
29.304138,0.008057,-0.296688,-1.025454,0.000060,-0.004579,0.006619,0.000071,-0.054698,-0.002759,-0.005505,-0.000007,-0.000003,10.000000,25.000000,1.000000,0.010556,0.000014,0.000000,0.000000,0.000000,0.000000,1520.000000,0.000000,0.000000,0.000000,0.000000,29.303160,0.000000,0.871795,0.000000,-9.872059,-0.000500,-0.022100,9.985000,6507,-35,31,-1
29.306091,0.008057,-0.296697,-1.025440,0.000060,-0.004686,0.006613,0.000070,-0.053249,-0.002766,-0.005359,-0.000007,-0.000004,10.000000,25.000000,1.000000,0.010556,0.000014,0.000000,0.000000,0.000000,0.000000,1520.000000,0.000000,0.000000,0.000000,0.000000,29.305117,0.000000,0.871795,0.000000,-9.872059,-0.000480,-0.022037,9.985000,6507,-35,31,0
29.308046,0.008057,-0.296707,-1.025427,0.000061,-0.004790,0.006608,0.000070,-0.051843,-0.002773,-0.005218,-0.000007,-0.000005,10.000000,25.000000,1.000000,0.010556,0.000014,0.000000,0.000000,0.000000,0.000000,1520.000000,0.000000,0.000000,0.000000,0.000000,29.307068,0.000000,0.871795,0.000000,-9.872059,-0.000456,-0.021962,9.985000,6507,-34,31,0
29.309999,0.008057,-0.296717,-1.025414,0.000061,-0.004892,0.006602,0.000069,-0.050476,-0.002779,-0.005081,-0.000007,-0.000006,10.000000,25.000000,1.000000,0.010556,0.000014,0.000000,0.000000,0.000000,0.000000,1520.000000,0.000000,0.000000,0.000000,0.000000,29.309025,0.000000,0.871795,0.000000,-9.872059,-0.000428,-0.021874,9.985000,6507,-33,31,0
29.311954,0.008057,-0.296726,-1.025401,0.000061,-0.004991,0.006597,0.000068,-0.049150,-0.002785,-0.004947,-0.000007,-0.000007,10.000000,25.000000,1.000000,0.010556,0.000014,0.000000,0.000000,0.000000,0.000000,1520.000000,0.000000,0.000000,0.000000,0.000000,29.310976,0.000000,0.871795,0.000000,-9.872059,-0.000403,-0.021798,9.985000,6507,-33,31,0
29.313908,0.008058,-0.296737,-1.025388,0.000061,-0.005087,0.006591,0.000068,-0.047865,-0.002790,-0.004819,-0.000007,-0.000007,10.000000,25.000000,1.000000,0.010556,0.000014,0.000000,0.000000,0.000000,0.000000,1520.000000,0.000000,0.000000,0.000000,0.000000,29.312931,0.000000,0.871795,0.000000,-9.872059,-0.000382,-0.021731,9.985000,6507,-32,31,0
29.315863,0.008058,-0.296747,-1.025374,0.000061,-0.005181,0.006586,0.000067,-0.046621,-0.002796,-0.004694,-0.000007,-0.000008,10.000000,25.000000,1.000000,0.010556,0.000014,0.000000,0.000000,0.000000,0.000000,1520.000000,0.000000,0.000000,0.000000,0.000000,29.314884,0.000000,0.871795,0.000000,-9.872059,-0.000364,-0.021673,9.985000,6507,-31,31,0
29.317816,0.008058,-0.296757,-1.025361,0.000061,-0.005272,0.006580,0.000067,-0.045417,-0.002828,-0.004573,-0.000007,-0.000009,10.000000,25.000000,1.000000,0.010556,0.000014,0.000000,0.000000,0.000000,0.000000,1520.000000,0.000000,0.000000,0.000000,0.000000,29.316839,0.000000,0.871795,0.000000,-9.872059,-0.000351,-0.021634,9.985000,6507,-30,31,0
29.319771,0.008058,-0.296768,-1.025348,0.000061,-0.005361,0.006574,0.000067,-0.044255,-0.002839,-0.004457,-0.000007,-0.000009,10.000000,25.000000,1.000000,0.010556,0.000014,0.000000,0.000000,0.000000,0.000000,1520.000000,0.000000,0.000000,0.000000,0.000000,29.318792,0.000000,0.871795,0.000000,-9.872059,-0.000341,-0.021600,9.985000,6507,-29,31,0
29.321724,0.008058,-0.296779,-1.025335,0.000062,-0.005448,0.006569,0.000066,-0.043133,-0.002840,-0.004344,-0.000007,-0.000010,10.000000,25.000000,1.000000,0.010556,0.000014,0.000000,0.000000,0.000000,0.000000,1520.000000,0.000000,0.000000,0.000000,0.000000,29.320747,0.000000,0.871795,0.000000,-9.872059,-0.000328,-0.021562,9.985000,6507,-28,31,0
29.323677,0.008058,-0.296790,-1.025322,0.000062,-0.005533,0.006563,0.000066,-0.042051,-0.002842,-0.004236,-0.000007,-0.000011,10.000000,25.000000,1.000000,0.010556,0.000014,0.000000,0.000000,0.000000,0.000000,1520.000000,0.000000,0.000000,0.000000,0.000000,29.322701,0.000000,0.871795,0.000000,-9.872059,-0.000318,-0.021529,9.985000,6507,-28,32,0
29.325632,0.008058,-0.296801,-1.025309,0.000062,-0.005615,0.006557,0.000066,-0.041009,-0.002843,-0.004132,-0.000007,-0.000011,10.000000,25.000000,1.000000,0.010556,0.000014,0.000000,0.000000,0.000000,0.000000,1520.000000,0.000000,0.000000,0.000000,0.000000,29.324656,0.000000,0.871795,0.000000,-9.872059,-0.000309,-0.021501,9.985000,6507,-27,32,1
29.327585,0.008058,-0.296813,-1.025296,0.000062,-0.005696,0.006552,0.000065,-0.040007,-0.002844,-0.004031,-0.000007,-0.000012,10.000000,25.000000,1.000000,0.010556,0.000014,0.000000,0.000000,-0.933999,0.000000,1520.000000,0.000000,0.000000,0.000000,0.000000,29.326609,0.000000,0.871795,0.000000,-9.872059,-0.000295,-0.021456,9.985000,6507,-26,32,1
29.329540,0.008059,-0.296824,-1.025283,0.000062,-0.005775,0.006546,0.000065,-0.039041,-0.002845,-0.003935,-0.000007,-0.000012,10.000000,25.000000,1.000000,0.010556,0.000014,0.000000,0.000000,0.000000,0.000000,1520.000000,0.000000,0.000000,0.000000,0.000000,29.328564,0.000000,0.871795,0.000000,-9.872059,-0.000275,-0.021395,9.985000,6507,-25,32,1
29.331493,0.008059,-0.296836,-1.025270,0.000062,-0.005851,0.006540,0.000064,-0.038114,-0.002846,-0.003842,-0.000007,-0.000013,10.000000,25.000000,1.000000,0.010556,0.000014,0.000000,0.000000,0.000000,0.000000,1520.000000,0.000000,0.000000,0.000000,0.000000,29.330517,0.000000,0.871795,0.000000,-9.872059,-0.000258,-0.021340,9.985000,6507,-24,31,1
29.333448,0.008059,-0.296848,-1.025256,0.000062,-0.005926,0.006534,0.000063,-0.037223,-0.002848,-0.003753,-0.000006,-0.000013,10.000000,25.000000,1.000000,0.010556,0.000014,0.000000,0.000000,0.000000,0.000000,1520.000000,0.000000,0.000000,0.000000,0.000000,29.332472,0.000000,0.871795,0.000000,-9.872059,-0.000242,-0.021291,9.985000,6507,-23,31,1
29.335402,0.008059,-0.296859,-1.025243,0.000062,-0.005999,0.006529,0.000062,-0.036370,-0.002849,-0.003668,-0.000006,-0.000014,10.000000,25.000000,1.000000,0.010556,0.000014,0.000000,0.000000,0.000000,0.000000,1520.000000,0.000000,0.000000,0.000000,0.000000,29.334423,0.000000,0.871795,0.000000,-9.872059,-0.000228,-0.021248,9.985000,6507,-22,31,1
29.337357,0.008059,-0.296872,-1.025230,0.000063,-0.006071,0.006523,0.000061,-0.035552,-0.002851,-0.003586,-0.000006,-0.000014,10.000000,25.000000,1.000000,0.010556,0.000014,0.000000,0.000000,0.000000,0.000000,1520.000000,0.000000,0.000000,0.000000,0.000000,29.336380,0.000000,0.871795,0.000000,-9.872059,-0.000216,-0.021209,9.985000,6507,-21,31,1
29.339310,0.008059,-0.296884,-1.025217,0.000063,-0.006141,0.006517,0.000059,-0.034768,-0.002852,-0.003508,-0.000006,-0.000015,10.000000,25.000000,1.000000,0.010556,0.000014,0.000000,0.000000,0.000000,0.000000,1520.000000,0.000000,0.000000,0.000000,0.000000,29.338331,0.000000,0.871795,0.000000,-9.872059,-0.000205,-0.021174,9.985000,6507,-20,31,1
29.341265,0.008059,-0.296896,-1.025204,0.000063,-0.006209,0.006512,0.000057,-0.034020,-0.002854,-0.003433,-0.000006,-0.000015,10.000000,25.000000,1.000000,0.010556,0.000014,0.000000,0.000000,0.000000,0.000000,1520.000000,0.000000,0.000000,0.000000,0.000000,29.340288,0.000000,0.871795,0.000000,-9.872059,-0.000195,-0.021144,9.985000,6507,-19,31,2
29.343218,0.008059,-0.296909,-1.025191,0.000063,-0.006276,0.006506,0.000056,-0.033306,-0.002855,-0.003362,-0.000006,-0.000015,10.000000,25.000000,1.000000,0.010556,0.000014,0.000000,0.000000,0.000000,0.000000,1520.000000,0.000000,0.000000,0.000000,0.000000,29.342239,0.000000,0.871795,0.000000,-9.872059,-0.000179,-0.021094,9.985000,6507,-18,31,2
29.345173,0.008060,-0.296921,-1.025178,0.000063,-0.006342,0.006500,0.000053,-0.032622,-0.002856,-0.003294,-0.000005,-0.000016,10.000000,25.000000,1.000000,0.010556,0.000014,0.000000,0.000000,0.000000,0.000000,1520.000000,0.000000,0.000000,0.000000,0.000000,29.344196,0.000000,0.871795,0.000000,-9.872059,-0.000158,-0.021027,9.985000,6507,-17,31,2
29.347126,0.008060,-0.296934,-1.025165,0.000063,-0.006406,0.006495,0.000051,-0.031971,-0.002857,-0.003229,-0.000005,-0.000016,10.000000,25.000000,1.000000,0.010556,0.000014,0.000000,0.000000,0.000000,0.000000,1520.000000,0.000000,0.000000,0.000000,0.000000,29.346148,0.000000,0.871795,0.000000,-9.872059,-0.000139,-0.020966,9.985000,6507,-16,31,2
29.349079,0.008060,-0.296947,-1.025152,0.000063,-0.006469,0.006489,0.000049,-0.031349,-0.002859,-0.003167,-0.000005,-0.000016,10.000000,25.000000,1.000000,0.010556,0.000014,0.000000,0.000000,0.000000,0.000000,1520.000000,0.000000,0.000000,0.000000,0.000000,29.348104,0.000000,0.871795,0.000000,-9.872059,-0.000121,-0.020910,9.985000,6507,-15,31,2
29.351034,0.008060,-0.296960,-1.025139,0.000063,-0.006531,0.006483,0.000047,-0.030757,-0.002860,-0.003108,-0.000005,-0.000016,10.000000,25.000000,1.000000,0.010556,0.000014,0.000000,0.000000,0.000000,0.000000,1520.000000,0.000000,0.000000,0.000000,0.000000,29.350056,0.000000,0.871795,0.000000,-9.872059,-0.000104,-0.020858,9.985000,6507,-15,31,2
29.352987,0.008060,-0.296973,-1.025126,0.000063,-0.006591,0.006477,0.000044,-0.030194,-0.002861,-0.003052,-0.000004,-0.000017,10.000000,25.000000,1.000000,0.010556,0.000014,0.000000,0.000000,0.000000,0.000000,1520.000000,0.000000,0.000000,0.000000,0.000000,29.352013,0.000000,0.871795,0.000000,-9.872059,-0.000089,-0.020810,9.985000,6507,-14,31,2
29.354942,0.008060,-0.296987,-1.025113,0.000064,-0.006651,0.006472,0.000042,-0.029658,-0.002862,-0.002999,-0.000004,-0.000017,10.000000,25.000000,1.000000,0.010556,0.000014,0.000000,0.000000,0.000000,0.000000,1520.000000,0.000000,0.000000,0.000000,0.000000,29.353964,0.000000,0.871795,0.000000,-9.872059,-0.000075,-0.020766,9.985000,6507,-13,31,2
29.356895,0.008060,-0.297000,-1.025100,0.000064,-0.006710,0.006466,0.000039,-0.029149,-0.002863,-0.002948,-0.000004,-0.000017,10.000000,25.000000,1.000000,0.010556,0.000014,0.000000,0.000000,0.000000,0.000000,1520.000000,0.000000,0.000000,0.000000,0.000000,29.355921,0.000000,0.871795,0.000000,-9.872059,-0.000062,-0.020725,9.985000,6507,-12,31,2
29.358850,0.008060,-0.297013,-1.025087,0.000064,-0.006767,0.006460,0.000036,-0.028665,-0.002864,-0.002900,-0.000004,-0.000017,10.000000,25.000000,1.000000,0.010556,0.000014,0.000000,0.000000,0.000000,0.000000,1520.000000,0.000000,0.000000,0.000000,0.000000,29.357872,0.000000,0.871795,0.000000,-9.872059,-0.000050,-0.020688,9.985000,6507,-11,31,2
29.360804,0.008061,-0.297027,-1.025075,0.000064,-0.006824,0.006454,0.000034,-0.028206,-0.002865,-0.002855,-0.000003,-0.000017,10.000000,25.000000,1.000000,0.010556,0.000014,0.000000,0.000000,0.000000,0.000000,1520.000000,0.000000,0.000000,0.000000,0.000000,29.359829,0.000000,0.871795,0.000000,-9.872059,-0.000039,-0.020652,9.985000,6507,-11,31,2
29.362759,0.008061,-0.297041,-1.025062,0.000064,-0.006880,0.006449,0.000031,-0.027771,-0.002866,-0.002811,-0.000003,-0.000017,10.000000,25.000000,1.000000,0.010556,0.000014,0.000000,0.000000,0.000000,0.000000,1520.000000,0.000000,0.000000,0.000000,0.000000,29.361780,0.000000,0.871795,0.000000,-9.872059,-0.000028,-0.020619,9.985000,6507,-10,31,2
29.364712,0.008061,-0.297055,-1.025049,0.000064,-0.006934,0.006443,0.000028,-0.027358,-0.002867,-0.002770,-0.000003,-0.000017,10.000000,25.000000,1.000000,0.010556,0.000014,0.000000,0.000000,0.000000,0.000000,1520.000000,0.000000,0.000000,0.000000,0.000000,29.363735,0.000000,0.871795,0.000000,-9.872059,-0.000018,-0.020588,9.985000,6507,-9,31,2
29.366667,0.008061,-0.297069,-1.025036,0.000064,-0.006989,0.006437,0.000025,-0.026967,-0.002868,-0.002732,-0.000002,-0.000017,10.000000,25.000000,1.000000,0.010556,0.000014,0.000000,0.000000,0.000000,0.000000,1520.000000,0.000000,0.000000,0.000000,0.000000,29.365688,0.000000,0.871795,0.000000,-9.872059,-0.000009,-0.020558,9.985000,6507,-9,31,3
29.368620,0.008061,-0.297083,-1.025023,0.000064,-0.007042,0.006432,0.000022,-0.026598,-0.002869,-0.002695,-0.000002,-0.000017,10.000000,25.000000,1.000000,0.010556,0.000014,0.000000,0.000000,0.000000,0.000000,1520.000000,0.000000,0.000000,0.000000,0.000000,29.367643,0.000000,0.871795,0.000000,-9.872059,0.000007,-0.020508,9.985000,6507,-8,31,3
29.370575,0.008061,-0.297097,-1.025010,0.000064,-0.007095,0.006426,0.000019,-0.026248,-0.002870,-0.002660,-0.000002,-0.000017,10.000000,25.000000,1.000000,0.010556,0.000014,0.000000,0.000000,0.000000,0.000000,1520.000000,0.000000,0.000000,0.000000,0.000000,29.369596,0.000000,0.871795,0.000000,-9.872059,0.000029,-0.020438,9.985000,6507,-7,31,3
29.372528,0.008061,-0.297111,-1.024997,0.000064,-0.007147,0.006420,0.000016,-0.025916,-0.002870,-0.002627,-0.000002,-0.000017,10.000000,25.000000,1.000000,0.010556,0.000014,0.000000,0.000000,0.000000,0.000000,1520.000000,0.000000,0.000000,0.000000,0.000000,29.371552,0.000000,0.871795,0.000000,-9.872059,0.000050,-0.020373,9.985000,6507,-7,31,3
29.374481,0.008061,-0.297125,-1.024985,0.000064,-0.007198,0.006414,0.000013,-0.025602,-0.002870,-0.002596,-0.000001,-0.000017,10.000000,25.000000,1.000000,0.010556,0.000014,0.000000,0.000000,0.000000,0.000000,1520.000000,0.000000,0.000000,0.000000,0.000000,29.373505,0.000000,0.871795,0.000000,-9.872059,0.000070,-0.020312,9.985000,6507,-6,31,3
29.376436,0.008062,-0.297140,-1.024972,0.000064,-0.007249,0.006409,0.000010,-0.025306,-0.002871,-0.002567,-0.000001,-0.000017,10.000000,25.000000,1.000000,0.010556,0.000014,0.000000,0.000000,0.000000,0.000000,1520.000000,0.000000,0.000000,0.000000,0.000000,29.375460,0.000000,0.871795,0.000000,-9.872059,0.000088,-0.020254,9.985000,6507,-6,31,3
29.378389,0.008062,-0.297154,-1.024959,0.000064,-0.007299,0.006403,0.000006,-0.025025,-0.002871,-0.002539,-0.000001,-0.000016,10.000000,25.000000,1.000000,0.010556,0.000014,0.000000,0.000000,0.000000,0.000000,1520.000000,0.000000,0.000000,0.000000,0.000000,29.377413,0.000000,0.871795,0.000000,-9.872059,0.000106,-0.020199,9.985000,6507,-5,31,3
29.380344,0.008062,-0.297169,-1.024946,0.000064,-0.007349,0.006397,0.000003,-0.024760,-0.002872,-0.002513,-0.000000,-0.000016,10.000000,25.000000,1.000000,0.010556,0.000014,0.000000,0.000000,0.000000,0.000000,1520.000000,0.000000,0.000000,0.000000,0.000000,29.379368,0.000000,0.871795,0.000000,-9.872059,0.000122,-0.020147,9.985000,6507,-5,31,3
29.382298,0.008062,-0.297184,-1.024933,0.000064,-0.007398,0.006391,-0.000000,-0.024510,-0.002873,-0.002488,0.000000,-0.000016,10.000000,25.000000,1.000000,0.010556,0.000014,0.000000,0.000000,0.000000,0.000000,1520.000000,0.000000,0.000000,0.000000,0.000000,29.381321,0.000000,0.871795,0.000000,-9.872059,0.000138,-0.020097,9.985000,6507,-4,31,3
29.384253,0.008062,-0.297199,-1.024921,0.000064,-0.007446,0.006386,-0.000003,-0.024273,-0.002874,-0.002464,0.000000,-0.000016,10.000000,25.000000,-1.000000,0.010556,0.000014,0.000000,0.000000,0.000000,0.000000,1498.000000,0.000000,0.000000,0.000000,0.000000,29.383276,0.000000,0.871795,0.000000,-9.872059,0.000153,-0.020050,9.985000,6507,-4,31,2
29.386206,0.008062,-0.297214,-1.024908,0.000064,-0.007495,0.006380,-0.000007,-0.024048,-0.002875,-0.002442,0.000001,-0.000015,10.000000,25.000000,-1.000000,-0.015322,0.000016,0.000000,0.000000,0.067000,-0.109199,1498.000000,0.000000,0.000000,0.000000,0.000000,29.385227,-29.850746,-18.143791,-445.533508,-139.466034,0.000161,0.427791,9.985000,6513,393,31,2
29.388161,0.008062,-0.297229,-1.024895,0.000064,-0.007542,0.006373,-0.000010,-0.023838,-0.003511,-0.002420,0.000001,-0.000015,10.000000,25.000000,-1.000000,-0.015322,0.000016,0.000000,0.000000,0.000000,-0.109199,1498.000000,0.000000,0.000000,0.000000,0.000000,29.387184,-29.850746,-18.143791,-445.533508,-139.466034,0.000169,0.427817,9.985000,6513,393,31,2
29.390114,0.008062,-0.297244,-1.024882,0.000064,-0.007590,0.006365,-0.000013,-0.023604,-0.004294,-0.002393,0.000001,-0.000015,10.000000,25.000000,-1.000000,-0.015322,0.000016,0.000000,0.000000,0.000000,-0.109199,1498.000000,0.000000,0.000000,0.000000,0.000000,29.389135,-29.850746,-18.143791,-445.533508,-139.466034,0.000192,0.427890,9.985000,6513,392,31,2
29.392069,0.008063,-0.297259,-1.024870,0.000064,-0.007636,0.006355,-0.000016,-0.023304,-0.005003,-0.002357,0.000002,-0.000014,10.000000,25.000000,-1.000000,-0.015322,0.000016,0.000000,0.000000,0.000000,-0.109199,1498.000000,0.000000,0.000000,0.000000,0.000000,29.391092,-29.850746,-18.143791,-445.533508,-139.466034,0.000224,0.427989,9.985000,6513,389,31,2
29.394022,0.008063,-0.297275,-1.024857,0.000064,-0.007682,0.006344,-0.000019,-0.022900,-0.005648,-0.002309,0.000002,-0.000013,10.000000,25.000000,-1.000000,-0.015322,0.000016,0.000000,0.000000,0.000000,-0.109199,1498.000000,0.000000,0.000000,0.000000,0.000000,29.393044,-29.850746,-18.143791,-445.533508,-139.466034,0.000263,0.428111,9.985000,6513,385,31,2
29.395975,0.008063,-0.297290,-1.024844,0.000064,-0.007727,0.006332,-0.000022,-0.022357,-0.006232,-0.002245,0.000002,-0.000013,10.000000,25.000000,-1.000000,-0.015322,0.000016,0.000000,0.000000,0.000000,-0.109199,1498.000000,0.000000,0.000000,0.000000,0.000000,29.395000,-29.850746,-18.143791,-445.533508,-139.466034,0.000308,0.428253,9.985000,6513,379,31,2
29.397930,0.008063,-0.297305,-1.024832,0.000064,-0.007756,0.006307,-0.000085,-0.014442,-0.012616,-0.002162,0.000003,-0.000012,10.000000,25.000000,-1.000000,-0.015322,0.000016,0.000000,0.000000,0.000000,-0.109199,1498.000000,0.000000,0.000000,0.000000,0.000000,29.396952,-29.850746,-18.143791,-445.533508,-139.466034,0.000359,0.428414,9.985000,6513,372,31,2
29.399883,0.008063,-0.297321,-1.024819,0.000064,-0.007784,0.006281,-0.000087,-0.013505,-0.013073,-0.002058,0.000003,-0.000011,10.000000,25.000000,-1.000000,-0.015322,0.000016,0.000000,0.000000,0.000000,-0.109199,1498.000000,0.000000,0.000000,0.000000,0.000000,29.398909,-29.850746,-18.143791,-445.533508,-139.466034,0.000414,0.428588,9.985000,6513,364,31,2
29.401838,0.008063,-0.297337,-1.024806,0.000063,-0.007809,0.006254,-0.000090,-0.012347,-0.013486,-0.001930,0.000003,-0.000010,10.000000,25.000000,-1.000000,-0.015322,0.000016,0.000000,0.000000,0.000000,-0.109199,1498.000000,0.000000,0.000000,0.000000,0.000000,29.400860,-29.850746,-18.143791,-445.533508,-139.466034,0.000474,0.428776,9.985000,6513,355,31,1
29.403791,0.008063,-0.297352,-1.024794,0.000063,-0.007832,0.006227,-0.000093,-0.010946,-0.013858,-0.001776,0.000004,-0.000009,10.000000,25.000000,-1.000000,-0.015322,0.000016,0.000000,0.000000,0.000000,-0.109199,1498.000000,0.000000,0.000000,0.000000,0.000000,29.402817,-29.850746,-18.143791,-445.533508,-139.466034,0.000531,0.428953,9.985000,6513,345,31,1
29.405746,0.008063,-0.297368,-1.024782,0.000063,-0.007851,0.006198,-0.000095,-0.009289,-0.014192,-0.001595,0.000004,-0.000008,10.000000,25.000000,-1.000000,-0.015322,0.000016,0.000000,0.000000,0.000000,-0.109199,1498.000000,0.000000,0.000000,0.000000,0.000000,29.404768,-29.850746,-18.143791,-445.533508,-139.466034,0.000584,0.429120,9.985000,6513,333,31,1
29.407700,0.008064,-0.297384,-1.024769,0.000063,-0.007867,0.006169,-0.000097,-0.007357,-0.014493,-0.001385,0.000004,-0.000007,10.000000,25.000000,-1.000000,-0.015322,0.000016,0.000000,0.000000,0.000000,-0.109199,1498.000000,0.000000,0.000000,0.000000,0.000000,29.406725,-29.850746,-18.143791,-445.533508,-139.466034,0.000641,0.429298,9.985000,6513,321,31,0
29.409655,0.008064,-0.297400,-1.024757,0.000063,-0.007886,0.006146,-0.000037,-0.013024,-0.008617,-0.001145,0.000004,-0.000005,10.000000,25.000000,-1.000000,-0.015322,0.000016,0.000000,0.000000,0.000000,-0.109199,1498.000000,0.000000,0.000000,0.000000,0.000000,29.408676,-29.850746,-18.143791,-445.533508,-139.466034,0.000693,0.429462,9.985000,6513,312,31,0
29.411608,0.008064,-0.297415,-1.024745,0.000063,-0.007900,0.006122,-0.000039,-0.010518,-0.008889,-0.000874,0.000005,-0.000004,10.000000,25.000000,-1.000000,-0.015322,0.000016,0.000000,0.000000,0.000000,-0.109199,1498.000000,0.000000,0.000000,0.000000,0.000000,29.410631,-29.850746,-18.143791,-445.533508,-139.466034,0.000742,0.429615,9.985000,6513,298,31,0
29.413563,0.008064,-0.297431,-1.024732,0.000062,-0.007916,0.006103,-0.000046,-0.007129,-0.009579,-0.000571,0.000005,-0.000002,10.000000,25.000000,-1.000000,-0.015322,0.000016,0.000000,0.000000,0.000000,-0.109199,1498.000000,0.000000,0.000000,0.000000,0.000000,29.412584,-29.850746,-18.143791,-445.533508,-139.466034,0.000793,0.429777,9.985000,6513,284,31,0
29.415516,0.008064,-0.297447,-1.024720,0.000062,-0.007925,0.006083,-0.000047,-0.004000,-0.009801,-0.000235,0.000005,-0.000000,10.000000,25.000000,-1.000000,-0.015322,0.000016,0.000000,0.000000,0.000000,-0.109199,1498.000000,0.000000,0.000000,0.000000,0.000000,29.414539,-29.850746,-18.143791,-445.533508,-139.466034,0.000847,0.429946,9.985000,6513,269,31,0
29.417471,0.008064,-0.297463,-1.024708,0.000062,-0.007928,0.006064,-0.000049,-0.000554,-0.010000,0.000132,0.000005,0.000001,10.000000,25.000000,-1.000000,-0.015322,0.000016,0.000000,0.000000,0.000000,-0.109199,1498.000000,0.000000,0.000000,0.000000,0.000000,29.416492,-29.850746,-18.143791,-445.533508,-139.466034,0.000903,0.430121,9.985000,6513,253,31,-1
29.419424,0.008064,-0.297479,-1.024696,0.000062,-0.007924,0.006043,-0.000051,0.003214,-0.010181,0.000532,0.000005,0.000003,10.000000,25.000000,-1.000000,-0.015322,0.000016,0.000000,0.000000,0.000000,-0.109199,1498.000000,0.000000,0.000000,0.000000,0.000000,29.418447,-29.850746,-18.143791,-445.533508,-139.466034,0.000952,0.430276,9.985000,6513,237,31,-2
29.421377,0.008064,-0.297495,-1.024684,0.000062,-0.007911,0.006023,-0.000052,0.007300,-0.010342,0.000965,0.000005,0.000005,10.000000,25.000000,-1.000000,-0.015322,0.000016,0.000000,0.000000,0.000000,-0.109199,1498.000000,0.000000,0.000000,0.000000,0.000000,29.420401,-29.850746,-18.143791,-445.533508,-139.466034,0.000988,0.430390,9.985000,6513,220,31,-2
29.423332,0.008065,-0.297510,-1.024672,0.000062,-0.007890,0.006002,-0.000054,0.011701,-0.010487,0.001429,0.000006,0.000007,10.000000,25.000000,-1.000000,-0.015322,0.000016,0.000000,0.000000,0.000000,-0.109199,1498.000000,0.000000,0.000000,0.000000,0.000000,29.422356,-29.850746,-18.143791,-445.533508,-139.466034,0.001019,0.430486,9.985000,6513,203,31,-3
29.425285,0.008065,-0.297526,-1.024660,0.000062,-0.007860,0.005981,-0.000055,0.016417,-0.010615,0.001926,0.000006,0.000009,10.000000,25.000000,-1.000000,-0.015322,0.000016,0.000000,0.000000,0.000000,-0.109199,1498.000000,0.000000,0.000000,0.000000,0.000000,29.424309,-29.850746,-18.143791,-445.533508,-139.466034,0.001044,0.430565,9.985000,6513,186,31,-4
29.427240,0.008065,-0.297542,-1.024648,0.000062,-0.007819,0.005959,-0.000057,0.021440,-0.010728,0.002453,0.000006,0.000012,10.000000,25.000000,-1.000000,-0.015322,0.000016,0.000000,0.000000,0.000000,-0.109199,1498.000000,0.000000,0.000000,0.000000,0.000000,29.426264,-29.850746,-18.143791,-445.533508,-139.466034,0.001056,0.430604,9.985000,6513,169,31,-4
29.429193,0.008065,-0.297557,-1.024636,0.000062,-0.007768,0.005938,-0.000058,0.026763,-0.010825,0.003010,0.000006,0.000014,10.000000,25.000000,-1.000000,-0.015322,0.000016,0.000000,0.000000,0.000000,-0.109199,1498.000000,0.000000,0.000000,0.000000,0.000000,29.428217,-29.850746,-18.143791,-445.533508,-139.466034,0.001064,0.430627,9.985000,6513,151,31,-5
29.431149,0.008065,-0.297573,-1.024624,0.000061,-0.007706,0.005916,-0.000059,0.032379,-0.010908,0.003597,0.000006,0.000016,10.000000,25.000000,-1.000000,-0.015322,0.000016,0.000000,0.000000,0.000000,-0.109199,1498.000000,0.000000,0.000000,0.000000,0.000000,29.430172,-29.850746,-18.143791,-445.533508,-139.466034,0.001066,0.430633,9.985000,6513,133,31,-6
29.433102,0.008065,-0.297588,-1.024613,0.000061,-0.007633,0.005894,-0.000061,0.038279,-0.010978,0.004212,0.000006,0.000018,10.000000,25.000000,-1.000000,-0.015322,0.000016,0.000000,0.000000,0.000000,-0.109199,1498.000000,0.000000,0.000000,0.000000,0.000000,29.432123,-29.850746,-18.143791,-445.533508,-139.466034,0.001055,0.430599,9.985000,6513,116,31,-6
29.435057,0.008065,-0.297603,-1.024601,0.000061,-0.007547,0.005872,-0.000062,0.044449,-0.011035,0.004855,0.000006,0.000020,10.000000,25.000000,-1.000000,-0.015322,0.000016,0.000000,0.000000,0.000000,-0.109199,1498.000000,0.000000,0.000000,0.000000,0.000000,29.434080,-29.850746,-18.143791,-445.533508,-139.466034,0.001039,0.430550,9.985000,6513,98,31,-7
29.437010,0.008065,-0.297618,-1.024589,0.000061,-0.007449,0.005850,-0.000063,0.050881,-0.011079,0.005523,0.000006,0.000022,10.000000,25.000000,-1.000000,-0.015322,0.000016,0.000000,0.000000,0.000000,-0.109199,1498.000000,0.000000,0.000000,0.000000,0.000000,29.436031,-29.850746,-18.143791,-445.533508,-139.466034,0.001019,0.430485,9.985000,6513,81,31,-8
29.438965,0.008066,-0.297633,-1.024577,0.000061,-0.007337,0.005828,-0.000063,0.057562,-0.011110,0.006216,0.000006,0.000024,10.000000,25.000000,-1.000000,-0.015322,0.000016,0.000000,0.000000,0.000000,-0.109199,1498.000000,0.000000,0.000000,0.000000,0.000000,29.437988,-29.850746,-18.143791,-445.533508,-139.466034,0.000986,0.430382,9.985000,6513,63,31,-9
29.440918,0.008066,-0.297647,-1.024566,0.000061,-0.007211,0.005805,-0.000064,0.064478,-0.011129,0.006932,0.000006,0.000026,10.000000,25.000000,-1.000000,-0.015322,0.000016,0.000000,0.000000,0.000000,-0.109199,1498.000000,0.000000,0.000000,0.000000,0.000000,29.439939,-29.850746,-18.143791,-445.533508,-139.466034,0.000941,0.430241,9.985000,6513,46,31,-9
29.442871,0.008066,-0.297662,-1.024554,0.000061,-0.007072,0.005783,-0.000065,0.071612,-0.011135,0.007670,0.000006,0.000028,10.000000,25.000000,-1.000000,-0.015322,0.000016,0.000000,0.000000,0.000000,-0.109199,1498.000000,0.000000,0.000000,0.000000,0.000000,29.441896,-29.850746,-18.143791,-445.533508,-139.466034,0.000892,0.430087,9.985000,6513,30,31,-10
29.444826,0.008066,-0.297676,-1.024543,0.000061,-0.006917,0.005761,-0.000065,0.078955,-0.011129,0.008428,0.000006,0.000029,10.000000,25.000000,-1.000000,-0.015322,0.000016,0.000000,0.000000,0.000000,-0.109199,1498.000000,0.000000,0.000000,0.000000,0.000000,29.443848,-29.850746,-18.143791,-445.533508,-139.466034,0.000838,0.429918,9.985000,6513,13,31,-11
29.446779,0.008066,-0.297689,-1.024531,0.000060,-0.006748,0.005739,-0.000065,0.086488,-0.011112,0.009205,0.000006,0.000031,10.000000,25.000000,-1.000000,-0.015322,0.000016,0.000000,0.000000,0.000000,-0.109199,1498.000000,0.000000,0.000000,0.000000,0.000000,29.445805,-29.850746,-18.143791,-445.533508,-139.466034,0.000773,0.429712,9.985000,6513,-2,31,-11
29.448734,0.008066,-0.297702,-1.024520,0.000060,-0.006564,0.005716,-0.000065,0.094194,-0.011082,0.009998,0.000006,0.000032,10.000000,25.000000,-1.000000,-0.015322,0.000016,0.000000,0.000000,0.000000,-0.109199,1498.000000,0.000000,0.000000,0.000000,0.000000,29.447756,-29.850746,-18.143791,-445.533508,-139.466034,0.000703,0.429494,9.985000,6513,-18,31,-12
29.450687,0.008066,-0.297715,-1.024508,0.000060,-0.006364,0.005694,-0.000065,0.102060,-0.011042,0.010808,0.000006,0.000033,10.000000,25.000000,-1.000000,-0.015322,0.000016,0.000000,0.000000,0.000000,-0.109199,1498.000000,0.000000,0.000000,0.000000,0.000000,29.449713,-29.850746,-18.143791,-445.533508,-139.466034,0.000629,0.429261,9.985000,6513,-37,31,-12
29.452642,0.008066,-0.297728,-1.024497,0.000060,-0.006148,0.005672,-0.000065,0.110068,-0.010989,0.011630,0.000006,0.000034,10.000000,25.000000,-1.000000,-0.015322,0.000016,0.000000,0.000000,0.000000,-0.109199,1498.000000,0.000000,0.000000,0.000000,0.000000,29.451664,-29.850746,-18.143791,-445.533508,-139.466034,0.000550,0.429014,9.985000,6513,-52,31,-13
29.454596,0.008067,-0.297740,-1.024486,0.000060,-0.005915,0.005650,-0.000064,0.118202,-0.010925,0.012465,0.000006,0.000035,10.000000,25.000000,-1.000000,-0.015322,0.000016,0.000000,0.000000,0.000000,-0.109199,1498.000000,0.000000,0.000000,0.000000,0.000000,29.453621,-29.850746,-18.143791,-445.533508,-139.466034,0.000467,0.428751,9.985000,6513,-66,31,-13
29.456551,0.008067,-0.297751,-1.024474,0.000060,-0.005666,0.005629,-0.000064,0.126443,-0.010851,0.013310,0.000006,0.000036,10.000000,25.000000,-1.000000,-0.015322,0.000016,0.000000,0.000000,0.000000,-0.109199,1498.000000,0.000000,0.000000,0.000000,0.000000,29.455572,-29.850746,-18.143791,-445.533508,-139.466034,0.000378,0.428474,9.985000,6513,-80,31,-13
29.458504,0.008067,-0.297762,-1.024463,0.000060,-0.005401,0.005607,-0.000063,0.134775,-0.010766,0.014163,0.000006,0.000037,10.000000,25.000000,-1.000000,-0.015322,0.000016,0.000000,0.000000,0.000000,-0.109199,1498.000000,0.000000,0.000000,0.000000,0.000000,29.457527,-29.850746,-18.143791,-445.533508,-139.466034,0.000292,0.428204,9.985000,6513,-92,31,-14
29.460459,0.008067,-0.297772,-1.024452,0.000060,-0.005119,0.005586,-0.000062,0.143182,-0.010671,0.015023,0.000006,0.000037,10.000000,25.000000,-1.000000,-0.015322,0.000016,0.000000,0.000000,0.000000,-0.109199,1498.000000,0.000000,0.000000,0.000000,0.000000,29.459480,-29.850746,-18.143791,-445.533508,-139.466034,0.000201,0.427917,9.985000,6513,-105,31,-14
29.462412,0.008067,-0.297782,-1.024441,0.000059,-0.004820,0.005564,-0.000061,0.151644,-0.010564,0.015888,0.000006,0.000037,10.000000,25.000000,-7.000000,-0.015322,0.000016,0.000000,0.000000,0.000000,-0.109199,1496.000000,0.000000,0.000000,0.000000,0.000000,29.461435,-29.850746,-18.143791,-445.533508,-139.466034,0.000104,0.427614,9.985000,6513,-116,31,-14
29.464367,0.008067,-0.297791,-1.024430,0.000059,-0.004504,0.005543,-0.000060,0.160145,-0.010449,0.016756,0.000005,0.000037,10.000000,25.000000,-7.000000,-0.014168,0.000015,0.000000,0.000000,0.067000,-0.009975,1496.000000,0.000000,0.000000,0.000000,0.000000,29.463388,-89.552246,-63.844769,-891.067261,-373.612183,0.000010,1.503574,9.985000,6581,834,31,-14
29.466320,0.008067,-0.297800,-1.024419,0.000059,-0.004171,0.005513,-0.000059,0.168794,-0.017531,0.017629,0.000005,0.000037,10.000000,25.000000,-7.000000,-0.014168,0.000015,0.000000,0.000000,0.000000,-0.009975,1496.000000,0.000000,0.000000,0.000000,0.000000,29.465343,-89.552246,-63.844769,-891.067261,-373.612183,-0.000064,1.503343,9.985000,6581,824,31,-14
29.468273,0.008067,-0.297808,-1.024408,0.000059,-0.003820,0.005465,-0.000057,0.177579,-0.026257,0.018515,0.000005,0.000037,10.000000,25.000000,-7.000000,-0.014168,0.000015,0.000000,0.000000,0.000000,-0.009975,1496.000000,0.000000,0.000000,0.000000,0.000000,29.467297,-89.552246,-63.844769,-891.067261,-373.612183,-0.000102,1.503225,9.985000,6580,810,31,-14
29.470228,0.008068,-0.297815,-1.024397,0.000059,-0.003451,0.005401,-0.000056,0.186538,-0.034039,0.019424,0.000005,0.000036,10.000000,25.000000,-7.000000,-0.014168,0.000015,0.000000,0.000000,0.000000,-0.009975,1496.000000,0.000000,0.000000,0.000000,0.000000,29.469252,-89.552246,-63.844769,-891.067261,-373.612183,-0.000120,1.503168,9.985000,6580,794,31,-14
29.472181,0.008068,-0.297821,-1.024386,0.000059,-0.003064,0.005322,-0.000054,0.195748,-0.041034,0.020362,0.000005,0.000036,10.000000,25.000000,-7.000000,-0.014168,0.000015,0.000000,0.000000,0.000000,-0.009975,1496.000000,0.000000,0.000000,0.000000,0.000000,29.471205,-89.552246,-63.844769,-891.067261,-373.612183,-0.000121,1.503165,9.985000,6580,774,31,-14
29.474136,0.008068,-0.297826,-1.024376,0.000059,-0.002659,0.005230,-0.000051,0.205279,-0.047347,0.021335,0.000004,0.000036,10.000000,25.000000,-7.000000,-0.014168,0.000015,0.000000,0.000000,0.000000,-0.009975,1496.000000,0.000000,0.000000,0.000000,0.000000,29.473160,-89.552246,-63.844769,-891.067261,-373.612183,-0.000107,1.503210,9.985000,6580,753,31,-14
29.476089,0.008068,-0.297831,-1.024365,0.000059,-0.002233,0.005127,-0.000049,0.215190,-0.053037,0.022350,0.000004,0.000036,10.000000,25.000000,-7.000000,-0.014168,0.000015,0.000000,0.000000,0.000000,-0.009975,1496.000000,0.000000,0.000000,0.000000,0.000000,29.475113,-89.552246,-63.844769,-891.067261,-373.612183,-0.000079,1.503295,9.985000,6580,729,31,-14
29.478045,0.008068,-0.297835,-1.024355,0.000059,-0.001787,0.005013,-0.000046,0.225534,-0.058158,0.023411,0.000004,0.000036,10.000000,25.000000,-7.000000,-0.014168,0.000015,0.000000,0.000000,0.000000,-0.009975,1496.000000,0.000000,0.000000,0.000000,0.000000,29.477068,-89.552246,-63.844769,-891.067261,-373.612183,-0.000041,1.503417,9.985000,6581,702,31,-14
29.479998,0.008068,-0.297838,-1.024346,0.000059,-0.001320,0.004890,-0.000043,0.236356,-0.062865,0.024523,0.000003,0.000036,10.000000,25.000000,-7.000000,-0.014168,0.000015,0.000000,0.000000,0.000000,-0.009975,1496.000000,0.000000,0.000000,0.000000,0.000000,29.479019,-89.552246,-63.844769,-891.067261,-373.612183,0.000008,1.503568,9.985000,6581,674,31,-14
29.481953,0.008068,-0.297840,-1.024336,0.000058,-0.000831,0.004758,-0.000040,0.247692,-0.067120,0.025688,0.000003,0.000036,10.000000,25.000000,-7.000000,-0.014168,0.000015,0.000000,0.000000,0.000000,-0.009975,1496.000000,0.000000,0.000000,0.000000,0.000000,29.480976,-89.552246,-63.844769,-891.067261,-373.612183,0.000064,1.503745,9.985000,6581,644,31,-14
29.483906,0.008068,-0.297841,-1.024327,0.000058,-0.000317,0.004618,-0.000036,0.259573,-0.070926,0.026910,0.000003,0.000036,10.000000,25.000000,-7.000000,-0.014168,0.000015,0.000000,0.000000,0.000000,-0.009975,1496.000000,0.000000,0.000000,0.000000,0.000000,29.482927,-89.552246,-63.844769,-891.067261,-373.612183,0.000127,1.503942,9.985000,6581,612,31,-14
29.485861,0.008068,-0.297840,-1.024318,0.000058,0.000220,0.004471,-0.000033,0.272023,-0.074319,0.028190,0.000002,0.000037,10.000000,25.000000,-7.000000,-0.014168,0.000015,0.000000,0.000000,0.000000,-0.009975,1496.000000,0.000000,0.000000,0.000000,0.000000,29.484884,-89.552246,-63.844769,-891.067261,-373.612183,0.000194,1.504154,9.985000,6581,579,32,-15
29.487814,0.008069,-0.297839,-1.024309,0.000058,0.000784,0.004317,-0.000028,0.285062,-0.077333,0.029531,0.000002,0.000037,10.000000,25.000000,-7.000000,-0.014168,0.000015,0.000000,0.000000,0.000000,-0.009975,1496.000000,0.000000,0.000000,0.000000,0.000000,29.486835,-89.552246,-63.844769,-891.067261,-373.612183,0.000259,1.504357,9.985000,6581,545,32,-15
29.489767,0.008069,-0.297837,-1.024300,0.000058,0.001374,0.004159,-0.000024,0.298699,-0.079998,0.030933,0.000001,0.000038,10.000000,25.000000,-7.000000,-0.014168,0.000015,0.000000,0.000000,0.000000,-0.009975,1496.000000,0.000000,0.000000,0.000000,0.000000,29.488792,-89.552246,-63.844769,-891.067261,-373.612183,0.000320,1.504548,9.985000,6581,509,32,-15
29.491722,0.008069,-0.297833,-1.024292,0.000058,0.001993,0.003995,-0.000020,0.312944,-0.082339,0.032397,0.000000,0.000039,10.000000,25.000000,-7.000000,-0.014168,0.000015,0.000000,0.000000,0.000000,-0.009975,1496.000000,0.000000,0.000000,0.000000,0.000000,29.490744,-89.552246,-63.844769,-891.067261,-373.612183,0.000383,1.504747,9.985000,6581,472,32,-15
29.493675,0.008069,-0.297828,-1.024285,0.000058,0.002641,0.003827,-0.000015,0.327800,-0.084380,0.033923,-0.000000,0.000040,10.000000,25.000000,-7.000000,-0.014168,0.000015,0.000000,0.000000,0.000000,-0.009975,1496.000000,0.000000,0.000000,0.000000,0.000000,29.492701,-89.552246,-63.844769,-891.067261,-373.612183,0.000448,1.504950,9.985000,6581,435,32,-16
29.495630,0.008069,-0.297822,-1.024277,0.000058,0.003320,0.003656,-0.000010,0.343268,-0.086143,0.035510,-0.000001,0.000041,10.000000,25.000000,-7.000000,-0.014168,0.000015,0.000000,0.000000,0.000000,-0.009975,1496.000000,0.000000,0.000000,0.000000,0.000000,29.494652,-89.552246,-63.844769,-891.067261,-373.612183,0.000505,1.505130,9.985000,6581,397,32,-16
29.497583,0.008069,-0.297814,-1.024270,0.000058,0.004030,0.003481,-0.000005,0.359338,-0.087647,0.037158,-0.000001,0.000042,10.000000,25.000000,-7.000000,-0.014168,0.000015,0.000000,0.000000,0.000000,-0.009975,1496.000000,0.000000,0.000000,0.000000,0.000000,29.496609,-89.552246,-63.844769,-891.067261,-373.612183,0.000555,1.505288,9.985000,6581,358,32,-17
29.499538,0.008069,-0.297805,-1.024264,0.000058,0.004774,0.003304,-0.000001,0.376004,-0.088910,0.038866,-0.000002,0.000043,10.000000,25.000000,-7.000000,-0.014168,0.000015,0.000000,0.000000,0.000000,-0.009975,1496.000000,0.000000,0.000000,0.000000,0.000000,29.498560,-89.552246,-63.844769,-891.067261,-373.612183,0.000598,1.505421,9.985000,6581,319,32,-17
29.501492,0.008069,-0.297794,-1.024257,0.000058,0.005552,0.003125,0.000004,0.393250,-0.089947,0.040632,-0.000002,0.000044,10.000000,25.000000,-7.000000,-0.014168,0.000015,0.000000,0.000000,0.000000,-0.009975,1496.000000,0.000000,0.000000,0.000000,0.000000,29.500517,-89.552246,-63.844769,-891.067261,-373.612183,0.000632,1.505528,9.985000,6581,280,32,-18
29.503447,0.008070,-0.297782,-1.024251,0.000058,0.006365,0.002944,0.000008,0.411062,-0.090772,0.042455,-0.000003,0.000045,10.000000,25.000000,-7.000000,-0.014168,0.000015,0.000000,0.000000,0.000000,-0.009975,1496.000000,0.000000,0.000000,0.000000,0.000000,29.502468,-89.552246,-63.844769,-891.067261,-373.612183,0.000657,1.505607,9.985000,6581,240,32,-18
29.505400,0.008070,-0.297768,-1.024246,0.000058,0.007215,0.002761,0.000013,0.429418,-0.091397,0.044331,-0.000004,0.000047,10.000000,25.000000,-7.000000,-0.014168,0.000015,0.000000,0.000000,0.000000,-0.009975,1496.000000,0.000000,0.000000,0.000000,0.000000,29.504423,-89.552246,-63.844769,-891.067261,-373.612183,0.000674,1.505659,9.985000,6581,201,32,-19
29.507355,0.008070,-0.297752,-1.024240,0.000058,0.008102,0.002578,0.000017,0.448298,-0.091833,0.046260,-0.000004,0.000048,10.000000,25.000000,-7.000000,-0.014168,0.000015,0.000000,0.000000,0.000000,-0.009975,1496.000000,0.000000,0.000000,0.000000,0.000000,29.506376,-89.552246,-63.844769,-891.067261,-373.612183,0.000681,1.505682,9.985000,6581,162,32,-20
29.509308,0.008070,-0.297735,-1.024235,0.000058,0.009027,0.002393,0.000021,0.467677,-0.092091,0.048237,-0.000005,0.000049,10.000000,25.000000,-7.000000,-0.014168,0.000015,0.000000,0.000000,0.000000,-0.009975,1496.000000,0.000000,0.000000,0.000000,0.000000,29.508331,-89.552246,-63.844769,-891.067261,-373.612183,0.000672,1.505654,9.985000,6581,123,32,-20
29.511263,0.008070,-0.297715,-1.024231,0.000058,0.009982,0.002207,-0.000033,0.477533,-0.094391,0.050261,-0.000005,0.000051,10.000000,25.000000,-7.000000,-0.014168,0.000015,0.000000,0.000000,0.000000,-0.009975,1496.000000,0.000000,0.000000,0.000000,0.000000,29.510284,-89.552246,-63.844769,-891.067261,-373.612183,0.000654,1.505596,9.985000,6581,84,32,-21
29.513216,0.008070,-0.297694,-1.024227,0.000058,0.010968,0.002019,-0.000025,0.497600,-0.093979,0.052329,-0.000006,0.000052,10.000000,25.000000,-7.000000,-0.014168,0.000015,0.000000,0.000000,0.000000,-0.009975,1496.000000,0.000000,0.000000,0.000000,0.000000,29.512239,-89.552246,-63.844769,-891.067261,-373.612183,0.000626,1.505510,9.985000,6581,46,32,-22
29.515169,0.008070,-0.297670,-1.024223,0.000058,0.011993,0.001831,-0.000022,0.517351,-0.093582,0.054437,-0.000006,0.000053,10.000000,25.000000,-7.000000,-0.014168,0.000015,0.000000,0.000000,0.000000,-0.009975,1496.000000,0.000000,0.000000,0.000000,0.000000,29.514193,-89.552246,-63.844769,-891.067261,-373.612183,0.000582,1.505372,9.985000,6581,9,32,-22
29.517124,0.008070,-0.297645,-1.024220,0.000058,0.013057,0.001645,-0.000019,0.537442,-0.093043,0.056582,-0.000007,0.000054,10.000000,25.000000,-7.000000,-0.014168,0.000015,0.000000,0.000000,0.000000,-0.009975,1496.000000,0.000000,0.000000,0.000000,0.000000,29.516148,-89.552246,-63.844769,-891.067261,-373.612183,0.000529,1.505206,9.985000,6581,-26,32,-23
29.519077,0.008070,-0.297617,-1.024217,0.000058,0.014163,0.001460,-0.000015,0.557842,-0.092367,0.058760,-0.000007,0.000055,10.000000,25.000000,-7.000000,-0.014168,0.000015,0.000000,0.000000,0.000000,-0.009975,1496.000000,0.000000,0.000000,0.000000,0.000000,29.518101,-89.552246,-63.844769,-891.067261,-373.612183,0.000467,1.505010,9.985000,6581,-62,32,-24
29.521032,0.008071,-0.297587,-1.024214,0.000058,0.015310,0.001276,-0.000013,0.578515,-0.091561,0.060969,-0.000008,0.000056,10.000000,25.000000,-14.000000,-0.014168,0.000015,0.000000,0.000000,0.000000,-0.009975,1434.000000,0.000000,0.000000,0.000000,0.000000,29.520056,-89.552246,-63.844769,-891.067261,-373.612183,0.000388,1.504762,9.985000,6581,-97,32,-24
29.522985,0.008071,-0.297554,-1.024212,0.000058,0.016498,0.001095,-0.000010,0.599422,-0.090633,0.063204,-0.000008,0.000056,10.000000,25.000000,-14.000000,-0.078714,0.000014,0.000000,0.000000,0.066000,-0.324077,1434.000000,0.000000,0.000000,0.000000,0.000000,29.522009,-106.060608,-95.280098,-250.126694,-363.845154,0.000300,2.244787,9.985000,6670,93,32,-25
29.524940,0.008071,-0.297519,-1.024210,0.000058,0.017729,0.000902,-0.000008,0.621137,-0.098990,0.065462,-0.000008,0.000056,10.000000,25.000000,-14.000000,-0.078714,0.000014,0.000000,0.000000,0.000000,-0.324077,1434.000000,0.000000,0.000000,0.000000,0.000000,29.523964,-106.060608,-95.280098,-250.126694,-363.845154,0.000208,2.244498,9.985000,6670,61,32,-25
29.526894,0.008071,-0.297482,-1.024208,0.000058,0.019005,0.000689,-0.000005,0.643217,-0.109372,0.067742,-0.000009,0.000057,10.000000,25.000000,-14.000000,-0.078714,0.000014,0.000000,0.000000,0.000000,-0.324077,1434.000000,0.000000,0.000000,0.000000,0.000000,29.525915,-106.060608,-95.280098,-250.126694,-363.845154,0.000115,2.244208,9.985000,6670,28,32,-26
29.528849,0.008071,-0.297442,-1.024207,0.000058,0.020324,0.000456,-0.000003,0.665445,-0.118544,0.070043,-0.000009,0.000057,10.000000,25.000000,-14.000000,-0.078714,0.000014,0.000000,0.000000,0.000000,-0.324077,1434.000000,0.000000,0.000000,0.000000,0.000000,29.527872,-106.060608,-95.280098,-250.126694,-363.845154,0.000018,2.243902,9.985000,6669,-2,32,-26
29.530802,0.008071,-0.297399,-1.024207,0.000058,0.021689,0.000207,-0.000001,0.687794,-0.126509,0.072364,-0.000010,0.000056,10.000000,25.000000,-14.000000,-0.078714,0.000014,0.000000,0.000000,0.000000,-0.324077,1434.000000,0.000000,0.000000,0.000000,0.000000,29.529823,-106.060608,-95.280098,-250.126694,-363.845154,-0.000085,2.243579,9.985000,6669,-34,32,-26
29.532757,0.008071,-0.297354,-1.024207,0.000058,0.023098,-0.000057,0.000001,0.710252,-0.133445,0.074701,-0.000010,0.000056,10.000000,25.000000,-14.000000,-0.078714,0.000014,0.000000,0.000000,0.000000,-0.324077,1434.000000,0.000000,0.000000,0.000000,0.000000,29.531780,-106.060608,-95.280098,-250.126694,-363.845154,-0.000187,2.243259,9.985000,6669,-64,32,-26
29.534710,0.008071,-0.297305,-1.024207,0.000058,0.024552,-0.000333,0.000003,0.732804,-0.139477,0.077053,-0.000010,0.000055,10.000000,25.000000,-14.000000,-0.078714,0.000014,0.000000,0.000000,0.000000,-0.324077,1434.000000,0.000000,0.000000,0.000000,0.000000,29.533731,-106.060608,-95.280098,-250.126694,-363.845154,-0.000289,2.242940,9.985000,6669,-94,32,-26
29.536663,0.008071,-0.297254,-1.024208,0.000058,0.026052,-0.000620,0.000005,0.755428,-0.144682,0.079418,-0.000010,0.000054,10.000000,25.000000,-14.000000,-0.078714,0.000014,0.000000,0.000000,0.000000,-0.324077,1434.000000,0.000000,0.000000,0.000000,0.000000,29.535688,-106.060608,-95.280098,-250.126694,-363.845154,-0.000390,2.242620,9.985000,6669,-123,32,-26
29.538618,0.008072,-0.297199,-1.024210,0.000058,0.027597,-0.000916,0.000007,0.778101,-0.149134,0.081794,-0.000011,0.000053,10.000000,25.000000,-14.000000,-0.078714,0.000014,0.000000,0.000000,0.000000,-0.324077,1434.000000,0.000000,0.000000,0.000000,0.000000,29.537640,-106.060608,-95.280098,-250.126694,-363.845154,-0.000494,2.242296,9.985000,6669,-152,32,-26
29.540571,0.008072,-0.297142,-1.024212,0.000058,0.029187,-0.001220,0.000010,0.800799,-0.152898,0.084177,-0.000011,0.000052,10.000000,25.000000,-14.000000,-0.078714,0.000014,0.000000,0.000000,0.000000,-0.324077,1434.000000,0.000000,0.000000,0.000000,0.000000,29.539597,-106.060608,-95.280098,-250.126694,-363.845154,-0.000599,2.241967,9.985000,6669,-179,32,-26
29.542526,0.008072,-0.297081,-1.024215,0.000058,0.030823,-0.001530,0.000012,0.823497,-0.156034,0.086566,-0.000011,0.000051,10.000000,25.000000,-14.000000,-0.078714,0.000014,0.000000,0.000000,0.000000,-0.324077,1434.000000,0.000000,0.000000,0.000000,0.000000,29.541548,-106.060608,-95.280098,-250.126694,-363.845154,-0.000706,2.241630,9.985000,6669,-205,32,-26
29.544479,0.008072,-0.297017,-1.024219,0.000058,0.032504,-0.001846,0.000014,0.846170,-0.158599,0.088958,-0.000011,0.000049,10.000000,25.000000,-14.000000,-0.078714,0.000014,0.000000,0.000000,0.000000,-0.324077,1434.000000,0.000000,0.000000,0.000000,0.000000,29.543505,-106.060608,-95.280098,-250.126694,-363.845154,-0.000816,2.241285,9.985000,6669,-230,32,-26
29.546434,0.008072,-0.296949,-1.024223,0.000058,0.034230,-0.002167,0.000016,0.868792,-0.160641,0.091350,-0.000011,0.000047,10.000000,25.000000,-14.000000,-0.078714,0.000014,0.000000,0.000000,0.000000,-0.324077,1434.000000,0.000000,0.000000,0.000000,0.000000,29.545456,-106.060608,-95.280098,-250.126694,-363.845154,-0.000929,2.240930,9.985000,6669,-254,32,-25
29.548388,0.008072,-0.296878,-1.024228,0.000058,0.036001,-0.002490,0.000018,0.891334,-0.162207,0.093738,-0.000012,0.000045,10.000000,25.000000,-14.000000,-0.078714,0.000014,0.000000,0.000000,0.000000,-0.324077,1434.000000,0.000000,0.000000,0.000000,0.000000,29.547413,-106.060608,-95.280098,-250.126694,-363.845154,-0.001038,2.240587,9.985000,6669,-277,32,-25
29.550343,0.008072,-0.296803,-1.024233,0.000058,0.037818,-0.002816,0.000021,0.913773,-0.163339,0.096122,-0.000012,0.000042,10.000000,25.000000,-14.000000,-0.078714,0.000014,0.000000,0.000000,0.000000,-0.324077,1434.000000,0.000000,0.000000,0.000000,0.000000,29.549364,-106.060608,-95.280098,-250.126694,-363.845154,-0.001144,2.240253,9.985000,6669,-299,32,-24
29.552296,0.008072,-0.296725,-1.024239,0.000058,0.039679,-0.003144,0.000023,0.936078,-0.164077,0.098497,-0.000012,0.000040,10.000000,25.000000,-14.000000,-0.078714,0.000014,0.000000,0.000000,0.000000,-0.324077,1434.000000,0.000000,0.000000,0.000000,0.000000,29.551319,-106.060608,-95.280098,-250.126694,-363.845154,-0.001248,2.239927,9.985000,6669,-319,32,-24
29.554251,0.008073,-0.296642,-1.024246,0.000058,0.041584,-0.003473,0.000026,0.958227,-0.164456,0.100860,-0.000012,0.000037,10.000000,25.000000,-14.000000,-0.078714,0.000014,0.000000,0.000000,0.000000,-0.324077,1434.000000,0.000000,0.000000,0.000000,0.000000,29.553272,-106.060608,-95.280098,-250.126694,-363.845154,-0.001351,2.239605,9.985000,6669,-338,32,-23
29.556204,0.008073,-0.296556,-1.024254,0.000058,0.043533,-0.003802,0.000028,0.980189,-0.164509,0.103210,-0.000012,0.000034,10.000000,25.000000,-14.000000,-0.078714,0.000014,0.000000,0.000000,0.000000,-0.324077,1434.000000,0.000000,0.000000,0.000000,0.000000,29.555227,-106.060608,-95.280098,-250.126694,-363.845154,-0.001452,2.239288,9.985000,6669,-356,32,-22
29.558159,0.008073,-0.296466,-1.024262,0.000058,0.045526,-0.004131,0.000031,1.001939,-0.164267,0.105544,-0.000012,0.000031,10.000000,25.000000,-14.000000,-0.078714,0.000014,0.000000,0.000000,0.000000,-0.324077,1434.000000,0.000000,0.000000,0.000000,0.000000,29.557180,-106.060608,-95.280098,-250.126694,-363.845154,-0.001545,2.238995,9.985000,6669,-372,32,-21
29.560112,0.008073,-0.296372,-1.024271,0.000058,0.047563,-0.004459,0.000034,1.023453,-0.163758,0.107858,-0.000012,0.000028,10.000000,25.000000,-14.000000,-0.078714,0.000014,0.000000,0.000000,0.000000,-0.324077,1434.000000,0.000000,0.000000,0.000000,0.000000,29.559135,-106.060608,-95.280098,-250.126694,-363.845154,-0.001631,2.238725,9.985000,6669,-387,32,-21
29.562065,0.008073,-0.296273,-1.024280,0.000058,0.049641,-0.004785,0.000037,1.044706,-0.163008,0.110151,-0.000012,0.000024,10.000000,25.000000,-14.000000,-0.078714,0.000014,0.000000,0.000000,0.000000,-0.324077,1434.000000,0.000000,0.000000,0.000000,0.000000,29.561089,-106.060608,-95.280098,-250.126694,-363.845154,-0.001718,2.238452,9.985000,6669,-401,32,-20
29.564020,0.008073,-0.296171,-1.024290,0.000059,0.051762,-0.005110,0.000040,1.065671,-0.162043,0.112419,-0.000012,0.000020,10.000000,25.000000,-14.000000,-0.078714,0.000014,0.000000,0.000000,0.000000,-0.324077,1434.000000,0.000000,0.000000,0.000000,0.000000,29.563044,-106.060608,-95.280098,-250.126694,-363.845154,-0.001806,2.238177,9.985000,6669,-413,32,-19
29.565973,0.008073,-0.296064,-1.024301,0.000059,0.053925,-0.005432,0.000042,1.086326,-0.160884,0.114660,-0.000012,0.000017,10.000000,25.000000,-14.000000,-0.078714,0.000014,0.000000,0.000000,0.000000,-0.324077,1434.000000,0.000000,0.000000,0.000000,0.000000,29.564997,-106.060608,-95.280098,-250.126694,-363.845154,-0.001887,2.237921,9.985000,6669,-424,32,-18
29.567928,0.008073,-0.295953,-1.024312,0.000059,0.056128,-0.005752,0.000045,1.106648,-0.159552,0.116872,-0.000012,0.000013,10.000000,25.000000,-14.000000,-0.078714,0.000014,0.000000,0.000000,0.000000,-0.324077,1434.000000,0.000000,0.000000,0.000000,0.000000,29.566952,-106.060608,-95.280098,-250.126694,-363.845154,-0.001963,2.237684,9.985000,6669,-434,32,-16
29.569881,0.008073,-0.295837,-1.024324,0.000059,0.058371,-0.006069,0.000048,1.126613,-0.158067,0.119053,-0.000012,0.000009,10.000000,25.000000,-14.000000,-0.078714,0.000014,0.000000,0.000000,0.000000,-0.324077,1434.000000,0.000000,0.000000,0.000000,0.000000,29.568905,-106.060608,-95.280098,-250.126694,-363.845154,-0.002026,2.237485,9.985000,6669,-442,32,-15
29.571836,0.008074,-0.295717,-1.024337,0.000059,0.060654,-0.006382,0.000052,1.146206,-0.156447,0.121201,-0.000011,0.000004,10.000000,25.000000,-14.000000,-0.078714,0.000014,0.000000,0.000000,0.000000,-0.324077,1434.000000,0.000000,0.000000,0.000000,0.000000,29.570860,-106.060608,-95.280098,-250.126694,-363.845154,-0.002078,2.237321,9.985000,6669,-449,32,-14
29.573790,0.008074,-0.295592,-1.024350,0.000059,0.062975,-0.006693,0.000055,1.165403,-0.154709,0.123312,-0.000011,0.000000,10.000000,25.000000,-14.000000,-0.078714,0.000014,0.000000,0.000000,0.000000,-0.324077,1434.000000,0.000000,0.000000,0.000000,0.000000,29.572811,-106.060608,-95.280098,-250.126694,-363.845154,-0.002127,2.237169,9.985000,6668,-455,32,-13
29.575745,0.008074,-0.295462,-1.024364,0.000059,0.065334,-0.006999,0.000058,1.184174,-0.152763,0.125387,-0.000011,-0.000004,10.000000,25.000000,-14.000000,-0.078714,0.000014,0.000000,0.000000,0.000000,-0.324077,1434.000000,0.000000,0.000000,0.000000,0.000000,29.574768,-106.060608,-95.280098,-250.126694,-363.845154,-0.002172,2.237027,9.985000,6668,-459,32,-11
29.577698,0.008074,-0.295328,-1.024378,0.000059,0.067730,-0.007302,0.000061,1.202509,-0.150707,0.127421,-0.000011,-0.000009,10.000000,25.000000,-14.000000,-0.078714,0.000014,0.000000,0.000000,0.000000,-0.324077,1434.000000,0.000000,0.000000,0.000000,0.000000,29.576719,-106.060608,-95.280098,-250.126694,-363.845154,-0.002206,2.236918,9.985000,6668,-462,32,-10
29.579653,0.008074,-0.295189,-1.024393,0.000059,0.070162,-0.007600,0.000065,1.220400,-0.148588,0.129415,-0.000010,-0.000013,10.000000,27.000000,-24.000000,-0.078714,0.000014,0.000000,0.000000,0.000000,-0.324077,1474.000000,0.000000,0.000000,0.000000,0.000000,29.578676,-106.060608,-95.280098,-250.126694,-363.845154,-0.002231,2.236840,9.985000,6668,-465,32,-9
29.581606,0.008074,-0.295044,-1.024409,0.000060,0.072629,-0.007894,0.000068,1.237831,-0.146420,0.131366,-0.000010,-0.000018,10.000000,27.000000,-24.000000,-0.018131,0.000015,0.000000,0.000000,0.067000,0.203909,1474.000000,0.000000,0.000000,0.000000,0.000000,29.580627,-149.253693,-136.168320,-644.672729,-458.012787,-0.002254,3.199687,10.000970,6843,-465,32,-7
29.583561,0.008074,-0.294895,-1.024425,0.000060,0.075133,-0.008208,0.000072,1.257230,-0.162578,0.133273,-0.000010,-0.000022,10.000000,27.000000,-24.000000,-0.018131,0.000015,0.000000,0.000000,0.000000,0.203909,1474.000000,0.000000,0.000000,0.000000,0.000000,29.582584,-149.253693,-136.168320,-644.672729,-458.012787,-0.002265,3.199651,10.000970,6843,-465,32,-6
29.585514,0.008074,-0.294741,-1.024442,0.000060,0.077677,-0.008564,0.000076,1.276778,-0.182875,0.135135,-0.000010,-0.000027,10.000000,27.000000,-24.000000,-0.018131,0.000015,0.000000,0.000000,0.000000,0.203909,1474.000000,0.000000,0.000000,0.000000,0.000000,29.584536,-149.253693,-136.168320,-644.672729,-458.012787,-0.002266,3.199648,10.000970,6843,-464,32,-4
29.587467,0.008075,-0.294582,-1.024460,0.000060,0.080259,-0.008957,0.000080,1.295616,-0.200999,0.136950,-0.000009,-0.000031,10.000000,27.000000,-24.000000,-0.018131,0.000015,0.000000,0.000000,0.000000,0.203909,1474.000000,0.000000,0.000000,0.000000,0.000000,29.586493,-149.253693,-136.168320,-644.672729,-458.012787,-0.002259,3.199670,10.000970,6843,-462,32,-3
29.589422,0.008075,-0.294417,-1.024478,0.000060,0.082878,-0.009383,0.000084,1.313750,-0.217161,0.138717,-0.000009,-0.000036,10.000000,27.000000,-24.000000,-0.018131,0.000015,0.000000,0.000000,0.000000,0.203909,1474.000000,0.000000,0.000000,0.000000,0.000000,29.588444,-149.253693,-136.168320,-644.672729,-458.012787,-0.002245,3.199716,10.000970,6843,-458,32,-1
29.591375,0.008075,-0.294247,-1.024498,0.000060,0.085531,-0.009840,0.000089,1.331182,-0.231552,0.140435,-0.000009,-0.000040,10.000000,27.000000,-24.000000,-0.018131,0.000015,0.000000,0.000000,0.000000,0.203909,1474.000000,0.000000,0.000000,0.000000,0.000000,29.590401,-149.253693,-136.168320,-644.672729,-458.012787,-0.002222,3.199787,10.000970,6843,-454,32,0
29.593330,0.008075,-0.294072,-1.024518,0.000060,0.088219,-0.010322,0.000094,1.347918,-0.244344,0.142105,-0.000009,-0.000045,10.000000,27.000000,-24.000000,-0.018131,0.000015,0.000000,0.000000,0.000000,0.203909,1474.000000,0.000000,0.000000,0.000000,0.000000,29.592352,-149.253693,-136.168320,-644.672729,-458.012787,-0.002192,3.199880,10.000970,6843,-449,32,1
29.595284,0.008075,-0.293891,-1.024540,0.000061,0.090939,-0.010828,0.000100,1.363963,-0.255695,0.143724,-0.000009,-0.000049,10.000000,27.000000,-24.000000,-0.018131,0.000015,0.000000,0.000000,0.000000,0.203909,1474.000000,0.000000,0.000000,0.000000,0.000000,29.594309,-149.253693,-136.168320,-644.672729,-458.012787,-0.002162,3.199976,10.000970,6843,-443,32,2
29.597239,0.008075,-0.293705,-1.024562,0.000061,0.093690,-0.011355,0.000106,1.379323,-0.265747,0.145292,-0.000009,-0.000053,10.000000,27.000000,-24.000000,-0.018131,0.000015,0.000000,0.000000,0.000000,0.203909,1474.000000,0.000000,0.000000,0.000000,0.000000,29.596260,-149.253693,-136.168320,-644.672729,-458.012787,-0.002131,3.200074,10.000970,6843,-436,32,3
29.599192,0.008075,-0.293513,-1.024586,0.000061,0.096471,-0.011900,0.000112,1.394002,-0.274629,0.146810,-0.000009,-0.000058,10.000000,27.000000,-24.000000,-0.018131,0.000015,0.000000,0.000000,0.000000,0.203909,1474.000000,0.000000,0.000000,0.000000,0.000000,29.598215,-149.253693,-136.168320,-644.672729,-458.012787,-0.002098,3.200176,10.000970,6843,-428,32,5
29.601147,0.008075,-0.293316,-1.024610,0.000061,0.099280,-0.012461,0.000119,1.408008,-0.282459,0.148276,-0.000009,-0.000062,10.000000,27.000000,-24.000000,-0.018131,0.000015,0.000000,0.000000,0.000000,0.203909,1474.000000,0.000000,0.000000,0.000000,0.000000,29.600168,-149.253693,-136.168320,-644.672729,-458.012787,-0.002057,3.200306,10.000970,6843,-420,32,6
29.603100,0.008076,-0.293113,-1.024636,0.000062,0.102116,-0.013036,0.000126,1.421350,-0.289343,0.149691,-0.000009,-0.000066,10.000000,27.000000,-24.000000,-0.018131,0.000015,0.000000,0.000000,0.000000,0.203909,1474.000000,0.000000,0.000000,0.000000,0.000000,29.602123,-149.253693,-136.168320,-644.672729,-458.012787,-0.002007,3.200462,10.000970,6843,-411,33,8
29.605055,0.008076,-0.292904,-1.024663,0.000062,0.104978,-0.013624,0.000134,1.434035,-0.295377,0.151053,-0.000009,-0.000070,10.000000,27.000000,-24.000000,-0.018131,0.000015,0.000000,0.000000,0.000000,0.203909,1474.000000,0.000000,0.000000,0.000000,0.000000,29.604076,-149.253693,-136.168320,-644.672729,-458.012787,-0.001949,3.200645,10.000970,6843,-401,33,9
29.607008,0.008076,-0.292690,-1.024691,0.000062,0.107864,-0.014223,0.000142,1.446074,-0.300648,0.152365,-0.000009,-0.000073,10.000000,27.000000,-24.000000,-0.018131,0.000015,0.000000,0.000000,0.000000,0.203909,1474.000000,0.000000,0.000000,0.000000,0.000000,29.606031,-149.253693,-136.168320,-644.672729,-458.012787,-0.001882,3.200853,10.000970,6843,-391,33,10
29.608961,0.008076,-0.292469,-1.024721,0.000062,0.110773,-0.014831,0.000151,1.457474,-0.305236,0.153624,-0.000009,-0.000077,10.000000,27.000000,-24.000000,-0.018131,0.000015,0.000000,0.000000,0.000000,0.203909,1474.000000,0.000000,0.000000,0.000000,0.000000,29.607985,-149.253693,-136.168320,-644.672729,-458.012787,-0.001815,3.201066,10.000970,6843,-380,33,12
29.610916,0.008076,-0.292243,-1.024751,0.000063,0.113704,-0.015447,0.000159,1.468246,-0.309212,0.154833,-0.000009,-0.000081,10.000000,27.000000,-24.000000,-0.018131,0.000015,0.000000,0.000000,0.000000,0.203909,1474.000000,0.000000,0.000000,0.000000,0.000000,29.609940,-149.253693,-136.168320,-644.672729,-458.012787,-0.001738,3.201306,10.000970,6843,-369,33,13
29.612869,0.008076,-0.292011,-1.024783,0.000063,0.116656,-0.016071,0.000169,1.478403,-0.312642,0.155991,-0.000010,-0.000084,10.000000,27.000000,-24.000000,-0.018131,0.000015,0.000000,0.000000,0.000000,0.203909,1474.000000,0.000000,0.000000,0.000000,0.000000,29.611893,-149.253693,-136.168320,-644.672729,-458.012787,-0.001653,3.201573,10.000970,6843,-358,33,14
29.614824,0.008076,-0.291773,-1.024816,0.000063,0.119627,-0.016701,0.000178,1.487955,-0.315584,0.157098,-0.000010,-0.000087,10.000000,27.000000,-24.000000,-0.018131,0.000015,0.000000,0.000000,0.000000,0.203909,1474.000000,0.000000,0.000000,0.000000,0.000000,29.613848,-149.253693,-136.168320,-644.672729,-458.012787,-0.001566,3.201847,10.000970,6843,-346,33,15
29.616777,0.008076,-0.291529,-1.024851,0.000064,0.122617,-0.017336,0.000187,1.496913,-0.318090,0.158156,-0.000010,-0.000090,10.000000,27.000000,-24.000000,-0.018131,0.000015,0.000000,0.000000,0.000000,0.203909,1474.000000,0.000000,0.000000,0.000000,0.000000,29.615801,-149.253693,-136.168320,-644.672729,-458.012787,-0.001477,3.202126,10.000970,6844,-334,33,16
29.618732,0.008077,-0.291279,-1.024886,0.000064,0.125623,-0.017975,0.000197,1.505307,-0.320314,0.159165,-0.000011,-0.000093,10.000000,27.000000,-24.000000,-0.018131,0.000015,0.000000,0.000000,0.000000,0.203909,1474.000000,0.000000,0.000000,0.000000,0.000000,29.617756,-149.253693,-136.168320,-644.672729,-458.012787,-0.001385,3.202415,10.000970,6844,-321,33,17
29.620686,0.008077,-0.291023,-1.024923,0.000065,0.128646,-0.018619,0.000206,1.513136,-0.322219,0.160125,-0.000011,-0.000096,10.000000,27.000000,-24.000000,-0.018131,0.000015,0.000000,0.000000,0.000000,0.203909,1474.000000,0.000000,0.000000,0.000000,0.000000,29.619707,-149.253693,-136.168320,-644.672729,-458.012787,-0.001290,3.202713,10.000970,6844,-308,33,18
29.622641,0.008077,-0.290761,-1.024962,0.000065,0.131683,-0.019266,0.000215,1.520409,-0.323806,0.161037,-0.000012,-0.000098,10.000000,27.000000,-24.000000,-0.018131,0.000015,0.000000,0.000000,0.000000,0.203909,1474.000000,0.000000,0.000000,0.000000,0.000000,29.621664,-149.253693,-136.168320,-644.672729,-458.012787,-0.001192,3.203022,10.000970,6844,-296,33,19
29.624594,0.008077,-0.290493,-1.025001,0.000065,0.134734,-0.019915,0.000225,1.527140,-0.325113,0.161903,-0.000012,-0.000100,10.000000,27.000000,-24.000000,-0.018131,0.000015,0.000000,0.000000,0.000000,0.203909,1474.000000,0.000000,0.000000,0.000000,0.000000,29.623615,-149.253693,-136.168320,-644.672729,-458.012787,-0.001090,3.203342,10.000970,6844,-283,33,20
29.626549,0.008077,-0.290218,-1.025042,0.000066,0.137798,-0.020567,0.000234,1.533342,-0.326171,0.162722,-0.000013,-0.000102,10.000000,27.000000,-24.000000,-0.018131,0.000015,0.000000,0.000000,0.000000,0.203909,1474.000000,0.000000,0.000000,0.000000,0.000000,29.625572,-149.253693,-136.168320,-644.672729,-458.012787,-0.000984,3.203675,10.000970,6844,-270,33,21
29.628502,0.008077,-0.289938,-1.025084,0.000066,0.140873,-0.021221,0.000242,1.539030,-0.327012,0.163497,-0.000013,-0.000104,10.000000,27.000000,-24.000000,-0.018131,0.000015,0.000000,0.000000,0.000000,0.203909,1474.000000,0.000000,0.000000,0.000000,0.000000,29.627523,-149.253693,-136.168320,-644.672729,-458.012787,-0.000873,3.204022,10.000970,6844,-256,33,22
29.630455,0.008077,-0.289651,-1.025128,0.000067,0.143959,-0.021876,0.000251,1.544220,-0.327660,0.164228,-0.000014,-0.000106,10.000000,27.000000,-24.000000,-0.018131,0.000015,0.000000,0.000000,0.000000,0.203909,1474.000000,0.000000,0.000000,0.000000,0.000000,29.629480,-149.253693,-136.168320,-644.672729,-458.012787,-0.000758,3.204383,10.000970,6844,-243,33,23
29.632410,0.008077,-0.289358,-1.025172,0.000067,0.147054,-0.022532,0.000259,1.548926,-0.328139,0.164917,-0.000014,-0.000107,10.000000,27.000000,-24.000000,-0.018131,0.000015,0.000000,0.000000,0.000000,0.203909,1474.000000,0.000000,0.000000,0.000000,0.000000,29.631432,-149.253693,-136.168320,-644.672729,-458.012787,-0.000639,3.204759,10.000970,6844,-230,33,23
29.634363,0.008078,-0.289059,-1.025218,0.000068,0.150159,-0.023189,0.000267,1.553166,-0.328471,0.165564,-0.000015,-0.000108,10.000000,27.000000,-24.000000,-0.018131,0.000015,0.000000,0.000000,0.000000,0.203909,1474.000000,0.000000,0.000000,0.000000,0.000000,29.633389,-149.253693,-136.168320,-644.672729,-458.012787,-0.000521,3.205128,10.000970,6844,-217,33,24
29.636318,0.008078,-0.288754,-1.025266,0.000069,0.153271,-0.023846,0.000275,1.556952,-0.328674,0.166171,-0.000015,-0.000109,10.000000,27.000000,-24.000000,-0.018131,0.000015,0.000000,0.000000,0.000000,0.203909,1474.000000,0.000000,0.000000,0.000000,0.000000,29.635340,-149.253693,-136.168320,-644.672729,-458.012787,-0.000404,3.205495,10.000970,6844,-205,33,24
29.638271,0.008078,-0.288442,-1.025315,0.000069,0.156390,-0.024503,0.000282,1.560303,-0.328765,0.166739,-0.000016,-0.000110,10.000000,27.000000,-24.000000,-0.018131,0.000015,0.000000,0.000000,0.000000,0.203909,1474.000000,0.000000,0.000000,0.000000,0.000000,29.637297,-149.253693,-136.168320,-644.672729,-458.012787,-0.000288,3.205859,10.000970,6844,-192,33,25
29.640226,0.008078,-0.288125,-1.025365,0.000070,0.159515,-0.025161,0.000288,1.563232,-0.328761,0.167269,-0.000017,-0.000110,10.000000,27.000000,-24.000000,-0.018131,0.000015,0.000000,0.000000,0.000000,0.203909,1474.000000,0.000000,0.000000,0.000000,0.000000,29.639248,-149.253693,-136.168320,-644.672729,-458.012787,-0.000172,3.206223,10.000970,6844,-179,33,25
29.642179,0.008078,-0.287801,-1.025416,0.000070,0.162645,-0.025818,0.000295,1.565758,-0.328672,0.167762,-0.000017,-0.000110,10.000000,27.000000,-24.000000,-0.018131,0.000015,0.000000,0.000000,0.000000,0.203909,1474.000000,0.000000,0.000000,0.000000,0.000000,29.641205,-149.253693,-136.168320,-644.672729,-458.012787,-0.000056,3.206587,10.000970,6844,-167,33,26
29.644135,0.008078,-0.287470,-1.025469,0.000071,0.165780,-0.026475,0.000301,1.567894,-0.328513,0.168221,-0.000018,-0.000110,10.000000,27.000000,-24.000000,-0.018131,0.000015,0.000000,0.000000,0.000000,0.203909,1474.000000,0.000000,0.000000,0.000000,0.000000,29.643156,-149.253693,-136.168320,-644.672729,-458.012787,0.000061,3.206955,10.000970,6844,-155,33,26
29.646088,0.008078,-0.287134,-1.025523,0.000071,0.168918,-0.027132,0.000306,1.569661,-0.328293,0.168646,-0.000018,-0.000110,10.000000,27.000000,-24.000000,-0.018131,0.000015,0.000000,0.000000,0.000000,0.203909,1474.000000,0.000000,0.000000,0.000000,0.000000,29.645111,-149.253693,-136.168320,-644.672729,-458.012787,0.000179,3.207327,10.000970,6845,-143,33,26
29.648043,0.008079,-0.286791,-1.025578,0.000072,0.172060,-0.027788,0.000311,1.571089,-0.328126,0.169038,-0.000019,-0.000109,10.000000,27.000000,-24.000000,-0.018131,0.000015,0.000000,0.000000,0.000000,0.203909,1474.000000,0.000000,0.000000,0.000000,0.000000,29.647064,-149.253693,-136.168320,-644.672729,-458.012787,0.000292,3.207682,10.000970,6845,-132,33,26
29.649996,0.008079,-0.286442,-1.025635,0.000073,0.175204,-0.028444,0.000315,1.572182,-0.327939,0.169400,-0.000019,-0.000108,10.000000,27.000000,-24.000000,-0.018131,0.000015,0.000000,0.000000,0.000000,0.203909,1474.000000,0.000000,0.000000,0.000000,0.000000,29.649019,-149.253693,-136.168320,-644.672729,-458.012787,0.000401,3.208023,10.000970,6845,-121,33,26
29.651951,0.008079,-0.286086,-1.025693,0.000073,0.178349,-0.029100,0.000319,1.572949,-0.327704,0.169732,-0.000020,-0.000107,10.000000,27.000000,-24.000000,-0.018131,0.000015,0.000000,0.000000,0.000000,0.203909,1474.000000,0.000000,0.000000,0.000000,0.000000,29.650972,-149.253693,-136.168320,-644.672729,-458.012787,0.000506,3.208352,10.000970,6845,-110,33,26
29.653904,0.008079,-0.285724,-1.025752,0.000074,0.181496,-0.029755,0.000322,1.573406,-0.327427,0.170036,-0.000020,-0.000106,10.000000,27.000000,-24.000000,-0.018131,0.000015,0.000000,0.000000,0.000000,0.203909,1474.000000,0.000000,0.000000,0.000000,0.000000,29.652927,-149.253693,-136.168320,-644.672729,-458.012787,0.000607,3.208671,10.000970,6845,-99,33,26
29.655857,0.008079,-0.285356,-1.025812,0.000075,0.184643,-0.030409,0.000325,1.573569,-0.327115,0.170313,-0.000021,-0.000105,10.000000,27.000000,-24.000000,-0.018131,0.000015,0.000000,0.000000,0.000000,0.203909,1474.000000,0.000000,0.000000,0.000000,0.000000,29.654881,-149.253693,-136.168320,-644.672729,-458.012787,0.000706,3.208982,10.000970,6845,-89,33,26
29.657812,0.008079,-0.284982,-1.025874,0.000075,0.187790,-0.031063,0.000327,1.573455,-0.326774,0.170564,-0.000021,-0.000103,10.000000,30.000000,-34.000000,-0.018131,0.000015,0.000000,0.000000,0.000000,0.203909,1430.000000,0.000000,0.000000,0.000000,0.000000,29.656836,-149.253693,-136.168320,-644.672729,-458.012787,0.000803,3.209286,10.000970,6845,-79,33,26
29.659765,0.008079,-0.284601,-1.025937,0.000076,0.190936,-0.031716,0.000329,1.573077,-0.326408,0.170792,-0.000022,-0.000101,10.000000,30.000000,-34.000000,-0.062417,0.000019,0.000000,0.000000,0.067000,-0.227881,1430.000000,0.000000,0.000000,0.000000,0.000000,29.658789,-149.253723,-154.001099,-0.000455,-336.303894,0.000899,3.629547,10.018955,6945,-70,33,26
29.661720,0.008080,-0.284214,-1.026002,0.000077,0.194084,-0.032382,0.000331,1.574254,-0.336455,0.170996,-0.000022,-0.000099,10.000000,30.000000,-34.000000,-0.062417,0.000019,0.000000,0.000000,0.000000,-0.227881,1430.000000,0.000000,0.000000,0.000000,0.000000,29.660744,-149.253723,-154.001099,-0.000455,-336.303894,0.000992,3.629840,10.018955,6945,-61,33,25
29.663673,0.008080,-0.283821,-1.026068,0.000077,0.197235,-0.033074,0.000332,1.575613,-0.348858,0.171179,-0.000023,-0.000097,10.000000,30.000000,-34.000000,-0.062417,0.000019,0.000000,0.000000,0.000000,-0.227881,1430.000000,0.000000,0.000000,0.000000,0.000000,29.662697,-149.253723,-154.001099,-0.000455,-336.303894,0.001076,3.630105,10.018955,6945,-52,33,25
29.665628,0.008080,-0.283421,-1.026135,0.000078,0.200387,-0.033789,0.000332,1.576546,-0.360030,0.171342,-0.000023,-0.000095,10.000000,30.000000,-34.000000,-0.062417,0.000019,0.000000,0.000000,0.000000,-0.227881,1430.000000,0.000000,0.000000,0.000000,0.000000,29.664652,-149.253723,-154.001099,-0.000455,-336.303894,0.001154,3.630349,10.018955,6945,-44,33,24
29.667582,0.008080,-0.283015,-1.026204,0.000079,0.203541,-0.034524,0.000332,1.577090,-0.370086,0.171487,-0.000024,-0.000093,10.000000,30.000000,-34.000000,-0.062417,0.000019,0.000000,0.000000,0.000000,-0.227881,1430.000000,0.000000,0.000000,0.000000,0.000000,29.666603,-149.253723,-154.001099,-0.000455,-336.303894,0.001226,3.630574,10.018955,6945,-36,33,24
29.669537,0.008080,-0.282603,-1.026274,0.000079,0.206696,-0.035278,0.000332,1.577272,-0.379132,0.171613,-0.000024,-0.000090,10.000000,30.000000,-34.000000,-0.062417,0.000019,0.000000,0.000000,0.000000,-0.227881,1430.000000,0.000000,0.000000,0.000000,0.000000,29.668560,-149.253723,-154.001099,-0.000455,-336.303894,0.001292,3.630782,10.018955,6945,-29,33,23
29.671490,0.008080,-0.282185,-1.026346,0.000080,0.209850,-0.036048,0.000331,1.577124,-0.387263,0.171724,-0.000024,-0.000087,10.000000,30.000000,-34.000000,-0.062417,0.000019,0.000000,0.000000,0.000000,-0.227881,1430.000000,0.000000,0.000000,0.000000,0.000000,29.670511,-149.253723,-154.001099,-0.000455,-336.303894,0.001353,3.630975,10.018955,6945,-22,33,23
29.673445,0.008081,-0.281760,-1.026419,0.000081,0.213004,-0.036834,0.000330,1.576669,-0.394564,0.171819,-0.000025,-0.000084,10.000000,30.000000,-34.000000,-0.062417,0.000019,0.000000,0.000000,0.000000,-0.227881,1430.000000,0.000000,0.000000,0.000000,0.000000,29.672468,-149.253723,-154.001099,-0.000455,-336.303894,0.001410,3.631154,10.018955,6945,-15,33,22
29.675398,0.008081,-0.281329,-1.026494,0.000081,0.216156,-0.037633,0.000329,1.575938,-0.401114,0.171900,-0.000025,-0.000082,10.000000,30.000000,-34.000000,-0.062417,0.000019,0.000000,0.000000,0.000000,-0.227881,1430.000000,0.000000,0.000000,0.000000,0.000000,29.674419,-149.253723,-154.001099,-0.000455,-336.303894,0.001463,3.631321,10.018955,6945,-9,33,22
29.677353,0.008081,-0.280891,-1.026571,0.000082,0.219306,-0.038444,0.000327,1.574951,-0.406983,0.171968,-0.000026,-0.000078,10.000000,30.000000,-34.000000,-0.062417,0.000019,0.000000,0.000000,0.000000,-0.227881,1430.000000,0.000000,0.000000,0.000000,0.000000,29.676376,-149.253723,-154.001099,-0.000455,-336.303894,0.001513,3.631478,10.018955,6945,-4,33,21
29.679306,0.008081,-0.280447,-1.026649,0.000083,0.222455,-0.039266,0.000325,1.573734,-0.412235,0.172025,-0.000026,-0.000075,10.000000,30.000000,-34.000000,-0.062417,0.000019,0.000000,0.000000,0.000000,-0.227881,1430.000000,0.000000,0.000000,0.000000,0.000000,29.678328,-149.253723,-154.001099,-0.000455,-336.303894,0.001560,3.631624,10.018955,6945,1,33,20
29.681259,0.008081,-0.279997,-1.026729,0.000083,0.225600,-0.040098,0.000322,1.572306,-0.416928,0.172071,-0.000026,-0.000072,10.000000,30.000000,-34.000000,-0.062417,0.000019,0.000000,0.000000,0.000000,-0.227881,1430.000000,0.000000,0.000000,0.000000,0.000000,29.680285,-149.253723,-154.001099,-0.000455,-336.303894,0.001597,3.631739,10.018955,6945,6,33,20
29.683214,0.008081,-0.279541,-1.026810,0.000084,0.228742,-0.040938,0.000320,1.570687,-0.421114,0.172108,-0.000027,-0.000069,10.000000,30.000000,-34.000000,-0.062417,0.000019,0.000000,0.000000,0.000000,-0.227881,1430.000000,0.000000,0.000000,0.000000,0.000000,29.682236,-149.253723,-154.001099,-0.000455,-336.303894,0.001632,3.631849,10.018955,6945,10,33,19
29.685167,0.008082,-0.279078,-1.026893,0.000084,0.231881,-0.041786,0.000317,1.568897,-0.424840,0.172135,-0.000027,-0.000066,10.000000,30.000000,-34.000000,-0.062417,0.000019,0.000000,0.000000,0.000000,-0.227881,1430.000000,0.000000,0.000000,0.000000,0.000000,29.684193,-149.253723,-154.001099,-0.000455,-336.303894,0.001664,3.631952,10.018955,6945,14,33,18
29.687122,0.008082,-0.278609,-1.026978,0.000085,0.235016,-0.042640,0.000314,1.566953,-0.428149,0.172155,-0.000027,-0.000062,10.000000,30.000000,-34.000000,-0.062417,0.000019,0.000000,0.000000,0.000000,-0.227881,1430.000000,0.000000,0.000000,0.000000,0.000000,29.686144,-149.253723,-154.001099,-0.000455,-336.303894,0.001689,3.632028,10.018955,6945,18,33,17
29.689075,0.008082,-0.278134,-1.027065,0.000086,0.238146,-0.043501,0.000310,1.564872,-0.431079,0.172169,-0.000028,-0.000059,10.000000,30.000000,-34.000000,-0.062417,0.000019,0.000000,0.000000,0.000000,-0.227881,1430.000000,0.000000,0.000000,0.000000,0.000000,29.688101,-149.253723,-154.001099,-0.000455,-336.303894,0.001705,3.632078,10.018955,6945,21,33,17
29.691031,0.008082,-0.277653,-1.027153,0.000086,0.241273,-0.044367,0.000307,1.562666,-0.433666,0.172176,-0.000028,-0.000055,10.000000,30.000000,-34.000000,-0.062417,0.000019,0.000000,0.000000,0.000000,-0.227881,1430.000000,0.000000,0.000000,0.000000,0.000000,29.690052,-149.253723,-154.001099,-0.000455,-336.303894,0.001720,3.632128,10.018955,6945,24,33,16
29.692984,0.008082,-0.277165,-1.027244,0.000087,0.244395,-0.045238,0.000303,1.560354,-0.435942,0.172178,-0.000028,-0.000052,10.000000,30.000000,-34.000000,-0.062417,0.000019,0.000000,0.000000,0.000000,-0.227881,1430.000000,0.000000,0.000000,0.000000,0.000000,29.692007,-149.253723,-154.001099,-0.000455,-336.303894,0.001735,3.632175,10.018955,6945,27,33,15
29.694939,0.008082,-0.276671,-1.027336,0.000088,0.247512,-0.046113,0.000299,1.557947,-0.437935,0.172176,-0.000028,-0.000048,10.000000,30.000000,-34.000000,-0.062417,0.000019,0.000000,0.000000,0.000000,-0.227881,1430.000000,0.000000,0.000000,0.000000,0.000000,29.693960,-149.253723,-154.001099,-0.000455,-336.303894,0.001743,3.632199,10.018955,6945,29,33,14
29.696892,0.008083,-0.276171,-1.027429,0.000088,0.250624,-0.046991,0.000294,1.555458,-0.439670,0.172170,-0.000029,-0.000045,10.000000,30.000000,-34.000000,-0.062417,0.000019,0.000000,0.000000,0.000000,-0.227881,1430.000000,0.000000,0.000000,0.000000,0.000000,29.695915,-149.253723,-154.001099,-0.000455,-336.303894,0.001744,3.632200,10.018955,6945,31,33,14
29.698847,0.008083,-0.275664,-1.027525,0.000089,0.253731,-0.047873,0.000290,1.552897,-0.441172,0.172161,-0.000029,-0.000041,10.000000,30.000000,-34.000000,-0.062417,0.000019,0.000000,0.000000,0.000000,-0.227881,1430.000000,0.000000,0.000000,0.000000,0.000000,29.697868,-149.253723,-154.001099,-0.000455,-336.303894,0.001744,3.632203,10.018955,6945,33,33,13
29.700800,0.008083,-0.275152,-1.027622,0.000089,0.256833,-0.048757,0.000285,1.550277,-0.442461,0.172150,-0.000029,-0.000038,10.000000,30.000000,-34.000000,-0.062417,0.000019,0.000000,0.000000,0.000000,-0.227881,1430.000000,0.000000,0.000000,0.000000,0.000000,29.699823,-149.253723,-154.001099,-0.000455,-336.303894,0.001746,3.632207,10.018955,6945,34,33,12
29.702755,0.008083,-0.274633,-1.027721,0.000090,0.259930,-0.049644,0.000281,1.547608,-0.443557,0.172137,-0.000029,-0.000034,10.000000,30.000000,-34.000000,-0.062417,0.000019,0.000000,0.000000,0.000000,-0.227881,1430.000000,0.000000,0.000000,0.000000,0.000000,29.701777,-149.253723,-154.001099,-0.000455,-336.303894,0.001740,3.632189,10.018955,6945,35,33,11
29.704708,0.008083,-0.274108,-1.027821,0.000090,0.263021,-0.050532,0.000276,1.544898,-0.444477,0.172122,-0.000029,-0.000031,10.000000,30.000000,-34.000000,-0.062417,0.000019,0.000000,0.000000,0.000000,-0.227881,1430.000000,0.000000,0.000000,0.000000,0.000000,29.703732,-149.253723,-154.001099,-0.000455,-336.303894,0.001728,3.632151,10.018955,6945,36,33,10
29.706661,0.008083,-0.273577,-1.027924,0.000091,0.266106,-0.051422,0.000271,1.542156,-0.445237,0.172107,-0.000029,-0.000027,10.000000,30.000000,-34.000000,-0.062417,0.000019,0.000000,0.000000,0.000000,-0.227881,1430.000000,0.000000,0.000000,0.000000,0.000000,29.705685,-149.253723,-154.001099,-0.000455,-336.303894,0.001709,3.632093,10.018955,6945,37,33,9
29.708616,0.008084,-0.273039,-1.028028,0.000091,0.269187,-0.052314,0.000265,1.539390,-0.445853,0.172092,-0.000030,-0.000024,10.000000,30.000000,-34.000000,-0.062417,0.000019,0.000000,0.000000,0.000000,-0.227881,1430.000000,0.000000,0.000000,0.000000,0.000000,29.707640,-149.253723,-154.001099,-0.000455,-336.303894,0.001686,3.632018,10.018955,6945,37,33,9
29.710569,0.008084,-0.272496,-1.028134,0.000092,0.272261,-0.053206,0.000260,1.536605,-0.446335,0.172078,-0.000030,-0.000021,10.000000,30.000000,-34.000000,-0.062417,0.000019,0.000000,0.000000,0.000000,-0.227881,1430.000000,0.000000,0.000000,0.000000,0.000000,29.709593,-149.253723,-154.001099,-0.000455,-336.303894,0.001663,3.631948,10.018955,6945,37,33,8
29.712524,0.008084,-0.271946,-1.028242,0.000093,0.275330,-0.054100,0.000254,1.533811,-0.446695,0.172064,-0.000030,-0.000017,10.000000,30.000000,-34.000000,-0.062417,0.000019,0.000000,0.000000,0.000000,-0.227881,1430.000000,0.000000,0.000000,0.000000,0.000000,29.711548,-149.253723,-154.001099,-0.000455,-336.303894,0.001642,3.631881,10.018955,6945,37,33,7
29.714478,0.008084,-0.271390,-1.028352,0.000093,0.278394,-0.054993,0.000248,1.531012,-0.446946,0.172051,-0.000030,-0.000014,10.000000,30.000000,-34.000000,-0.062417,0.000019,0.000000,0.000000,0.000000,-0.227881,1430.000000,0.000000,0.000000,0.000000,0.000000,29.713499,-149.253723,-154.001099,-0.000455,-336.303894,0.001614,3.631794,10.018955,6945,37,33,6
29.716433,0.008084,-0.270828,-1.028463,0.000093,0.281451,-0.055887,0.000242,1.528213,-0.447095,0.172039,-0.000030,-0.000011,10.000000,30.000000,-45.000000,-0.062417,0.000019,0.000000,0.000000,0.000000,-0.227881,1408.000000,0.000000,0.000000,0.000000,0.000000,29.715456,-149.253723,-154.001099,-0.000455,-336.303894,0.001581,3.631691,10.018955,6945,36,33,5
29.718386,0.008085,-0.270260,-1.028576,0.000094,0.284504,-0.056782,0.000237,1.525420,-0.447153,0.172029,-0.000030,-0.000008,10.000000,30.000000,-45.000000,-0.073870,0.000023,0.000000,0.000000,0.066000,-0.117913,1408.000000,0.000000,0.000000,0.000000,0.000000,29.717407,-166.666702,-171.077850,-263.833069,-310.078430,0.001543,4.033727,10.010000,7033,36,33,5
29.720341,0.008085,-0.269686,-1.028691,0.000094,0.287553,-0.057688,0.000231,1.524230,-0.456306,0.172021,-0.000030,-0.000005,10.000000,30.000000,-45.000000,-0.073870,0.000023,0.000000,0.000000,0.000000,-0.117913,1408.000000,0.000000,0.000000,0.000000,0.000000,29.719364,-166.666702,-171.077850,-263.833069,-310.078430,0.001505,4.033610,10.010000,7033,35,33,4
29.722294,0.008085,-0.269106,-1.028808,0.000095,0.290600,-0.058618,0.000225,1.523418,-0.467470,0.172015,-0.000030,-0.000002,10.000000,30.000000,-45.000000,-0.073870,0.000023,0.000000,0.000000,0.000000,-0.117913,1408.000000,0.000000,0.000000,0.000000,0.000000,29.721315,-166.666702,-171.077850,-263.833069,-310.078430,0.001469,4.033495,10.010000,7033,34,33,3
29.724249,0.008085,-0.268520,-1.028927,0.000095,0.293645,-0.059568,0.000219,1.522437,-0.477492,0.172012,-0.000030,0.000001,10.000000,30.000000,-45.000000,-0.073870,0.000023,0.000000,0.000000,0.000000,-0.117913,1408.000000,0.000000,0.000000,0.000000,0.000000,29.723272,-166.666702,-171.077850,-263.833069,-310.078430,0.001427,4.033363,10.010000,7033,33,33,3
29.726202,0.008085,-0.267927,-1.029048,0.000096,0.296688,-0.060536,0.000212,1.521305,-0.486479,0.172011,-0.000030,0.000004,10.000000,30.000000,-45.000000,-0.073870,0.000023,0.000000,0.000000,0.000000,-0.117913,1408.000000,0.000000,0.000000,0.000000,0.000000,29.725224,-166.666702,-171.077850,-263.833069,-310.078430,0.001386,4.033236,10.010000,7033,31,33,2
29.728155,0.008086,-0.267329,-1.029171,0.000096,0.299729,-0.061522,0.000206,1.520045,-0.494526,0.172013,-0.000029,0.000007,10.000000,30.000000,-45.000000,-0.073870,0.000023,0.000000,0.000000,0.000000,-0.117913,1408.000000,0.000000,0.000000,0.000000,0.000000,29.727180,-166.666702,-171.077850,-263.833069,-310.078430,0.001347,4.033112,10.010000,7033,30,33,1
29.730110,0.008086,-0.266724,-1.029295,0.000097,0.302767,-0.062522,0.000200,1.518671,-0.501720,0.172017,-0.000029,0.000009,10.000000,30.000000,-45.000000,-0.073870,0.000023,0.000000,0.000000,0.000000,-0.117913,1408.000000,0.000000,0.000000,0.000000,0.000000,29.729132,-166.666702,-171.077850,-263.833069,-310.078430,0.001301,4.032969,10.010000,7033,29,33,1
29.732063,0.008086,-0.266113,-1.029422,0.000097,0.305802,-0.063535,0.000193,1.517196,-0.508141,0.172025,-0.000029,0.000012,10.000000,30.000000,-45.000000,-0.073870,0.000023,0.000000,0.000000,0.000000,-0.117913,1408.000000,0.000000,0.000000,0.000000,0.000000,29.731089,-166.666702,-171.077850,-263.833069,-310.078430,0.001257,4.032830,10.010000,7033,27,33,0
29.734018,0.008086,-0.265497,-1.029551,0.000097,0.308834,-0.064560,0.000186,1.515637,-0.513859,0.172035,-0.000029,0.000014,10.000000,30.000000,-45.000000,-0.073870,0.000023,0.000000,0.000000,0.000000,-0.117913,1408.000000,0.000000,0.000000,0.000000,0.000000,29.733040,-166.666702,-171.077850,-263.833069,-310.078430,0.001213,4.032693,10.010000,7033,25,33,0
29.735971,0.008086,-0.264874,-1.029681,0.000098,0.311863,-0.065595,0.000180,1.514003,-0.518940,0.172049,-0.000029,0.000017,10.000000,30.000000,-45.000000,-0.073870,0.000023,0.000000,0.000000,0.000000,-0.117913,1408.000000,0.000000,0.000000,0.000000,0.000000,29.734997,-166.666702,-171.077850,-263.833069,-310.078430,0.001170,4.032558,10.010000,7033,24,33,0
29.737926,0.008087,-0.264245,-1.029814,0.000098,0.314889,-0.066640,0.000173,1.512304,-0.523444,0.172065,-0.000028,0.000019,10.000000,30.000000,-45.000000,-0.073870,0.000023,0.000000,0.000000,0.000000,-0.117913,1408.000000,0.000000,0.000000,0.000000,0.000000,29.736948,-166.666702,-171.077850,-263.833069,-310.078430,0.001135,4.032447,10.010000,7033,22,33,-1
29.739880,0.008087,-0.263610,-1.029949,0.000098,0.317911,-0.067693,0.000166,1.510554,-0.527422,0.172085,-0.000028,0.000021,10.000000,30.000000,-45.000000,-0.073870,0.000023,0.000000,0.000000,0.000000,-0.117913,1408.000000,0.000000,0.000000,0.000000,0.000000,29.738905,-166.666702,-171.077850,-263.833069,-310.078430,0.001099,4.032333,10.010000,7033,20,33,-1
29.741835,0.008087,-0.262969,-1.030086,0.000099,0.320929,-0.068753,0.000159,1.508755,-0.530924,0.172107,-0.000028,0.000024,10.000000,30.000000,-45.000000,-0.073870,0.000023,0.000000,0.000000,0.000000,-0.117913,1408.000000,0.000000,0.000000,0.000000,0.000000,29.740856,-166.666702,-171.077850,-263.833069,-310.078430,0.001062,4.032218,10.010000,7033,18,33,-2
29.743788,0.008087,-0.262322,-1.030226,0.000099,0.323944,-0.069819,0.000152,1.506920,-0.533994,0.172132,-0.000028,0.000026,10.000000,30.000000,-45.000000,-0.073870,0.000023,0.000000,0.000000,0.000000,-0.117913,1408.000000,0.000000,0.000000,0.000000,0.000000,29.742811,-166.666702,-171.077850,-263.833069,-310.078430,0.001025,4.032102,10.010000,7033,17,33,-3
29.745743,0.008087,-0.261669,-1.030367,0.000099,0.326955,-0.070891,0.000145,1.505051,-0.536671,0.172161,-0.000027,0.000028,10.000000,30.000000,-45.000000,-0.073870,0.000023,0.000000,0.000000,0.000000,-0.117913,1408.000000,0.000000,0.000000,0.000000,0.000000,29.744764,-166.666702,-171.077850,-263.833069,-310.078430,0.000980,4.031961,10.010000,7033,15,33,-3
29.747696,0.008088,-0.261010,-1.030511,0.000100,0.329962,-0.071968,0.000138,1.503154,-0.538993,0.172192,-0.000027,0.000030,10.000000,30.000000,-45.000000,-0.073870,0.000023,0.000000,0.000000,0.000000,-0.117913,1408.000000,0.000000,0.000000,0.000000,0.000000,29.746719,-166.666702,-171.077850,-263.833069,-310.078430,0.000935,4.031820,10.010000,7033,13,33,-4
29.749649,0.008088,-0.260345,-1.030656,0.000100,0.332966,-0.073049,0.000130,1.501236,-0.540991,0.172225,-0.000027,0.000031,10.000000,30.000000,-45.000000,-0.073870,0.000023,0.000000,0.000000,0.000000,-0.117913,1408.000000,0.000000,0.000000,0.000000,0.000000,29.748672,-166.666702,-171.077850,-263.833069,-310.078430,0.000890,4.031676,10.010000,7033,11,33,-4
29.751604,0.008088,-0.259674,-1.030804,0.000100,0.335965,-0.074134,0.000123,1.499298,-0.542696,0.172262,-0.000026,0.000033,10.000000,30.000000,-45.000000,-0.073870,0.000023,0.000000,0.000000,0.000000,-0.117913,1408.000000,0.000000,0.000000,0.000000,0.000000,29.750628,-166.666702,-171.077850,-263.833069,-310.078430,0.000843,4.031532,10.010000,7033,9,33,-4
29.753557,0.008088,-0.258996,-1.030954,0.000100,0.338961,-0.075221,0.000116,1.497345,-0.544137,0.172300,-0.000026,0.000035,10.000000,30.000000,-45.000000,-0.073870,0.000023,0.000000,0.000000,0.000000,-0.117913,1408.000000,0.000000,0.000000,0.000000,0.000000,29.752581,-166.666702,-171.077850,-263.833069,-310.078430,0.000803,4.031406,10.010000,7033,7,33,-5
29.755512,0.008088,-0.258313,-1.031106,0.000101,0.341953,-0.076312,0.000109,1.495382,-0.545336,0.172341,-0.000025,0.000036,10.000000,30.000000,-45.000000,-0.073870,0.000023,0.000000,0.000000,0.000000,-0.117913,1408.000000,0.000000,0.000000,0.000000,0.000000,29.754536,-166.666702,-171.077850,-263.833069,-310.078430,0.000762,4.031276,10.010000,7033,6,33,-5
29.757465,0.008089,-0.257624,-1.031261,0.000101,0.344940,-0.077404,0.000102,1.493408,-0.546316,0.172385,-0.000025,0.000038,10.000000,30.000000,-45.000000,-0.073870,0.000023,0.000000,0.000000,0.000000,-0.117913,1408.000000,0.000000,0.000000,0.000000,0.000000,29.756489,-166.666702,-171.077850,-263.833069,-310.078430,0.000719,4.031142,10.010000,7033,4,33,-6
29.759420,0.008089,-0.256929,-1.031417,0.000101,0.347924,-0.078498,0.000095,1.491428,-0.547098,0.172430,-0.000025,0.000039,10.000000,30.000000,-45.000000,-0.073870,0.000023,0.000000,0.000000,0.000000,-0.117913,1408.000000,0.000000,0.000000,0.000000,0.000000,29.758444,-166.666702,-171.077850,-263.833069,-310.078430,0.000675,4.031003,10.010000,7033,2,33,-6
29.761374,0.008089,-0.256228,-1.031576,0.000101,0.350904,-0.079593,0.000088,1.489441,-0.547701,0.172477,-0.000024,0.000041,10.000000,30.000000,-45.000000,-0.073870,0.000023,0.000000,0.000000,0.000000,-0.117913,1408.000000,0.000000,0.000000,0.000000,0.000000,29.760395,-166.666702,-171.077850,-263.833069,-310.078430,0.000629,4.030859,10.010000,7033,1,33,-7
29.763329,0.008089,-0.255521,-1.031737,0.000101,0.353880,-0.080689,0.000081,1.487451,-0.548140,0.172526,-0.000024,0.000042,10.000000,30.000000,-45.000000,-0.073870,0.000023,0.000000,0.000000,0.000000,-0.117913,1408.000000,0.000000,0.000000,0.000000,0.000000,29.762352,-166.666702,-171.077850,-263.833069,-310.078430,0.000582,4.030711,10.010000,7032,0,33,-7
29.765282,0.008089,-0.254808,-1.031900,0.000101,0.356852,-0.081785,0.000075,1.485438,-0.548329,0.172577,-0.000023,0.000043,10.000000,30.000000,-45.000000,-0.073870,0.000023,0.000000,0.000000,0.000000,-0.117913,1408.000000,0.000000,0.000000,0.000000,0.000000,29.764303,-166.666702,-171.077850,-263.833069,-310.078430,0.000534,4.030559,10.010000,7032,-1,33,-7
29.767237,0.008090,-0.254089,-1.032066,0.000102,0.359820,-0.082882,0.000068,1.483417,-0.548360,0.172629,-0.000023,0.000044,10.000000,30.000000,-45.000000,-0.073870,0.000023,0.000000,0.000000,0.000000,-0.117913,1408.000000,0.000000,0.000000,0.000000,0.000000,29.766260,-166.666702,-171.077850,-263.833069,-310.078430,0.000490,4.030423,10.010000,7032,-3,33,-8
29.769190,0.008090,-0.253365,-1.032233,0.000102,0.362784,-0.083979,0.000061,1.481397,-0.548281,0.172682,-0.000023,0.000045,10.000000,30.000000,-45.000000,-0.073870,0.000023,0.000000,0.000000,0.000000,-0.117913,1408.000000,0.000000,0.000000,0.000000,0.000000,29.768211,-166.666702,-171.077850,-263.833069,-310.078430,0.000445,4.030280,10.010000,7032,-4,33,-8
29.771145,0.008090,-0.252634,-1.032403,0.000102,0.365743,-0.085075,0.000055,1.479376,-0.548105,0.172737,-0.000022,0.000046,10.000000,30.000000,-45.000000,-0.073870,0.000023,0.000000,0.000000,0.000000,-0.117913,1408.000000,0.000000,0.000000,0.000000,0.000000,29.770168,-166.666702,-171.077850,-263.833069,-310.078430,0.000398,4.030132,10.010000,7032,-6,33,-8
29.773098,0.008090,-0.251897,-1.032575,0.000102,0.368699,-0.086171,0.000048,1.477354,-0.547840,0.172792,-0.000022,0.000047,10.000000,30.000000,-45.000000,-0.073870,0.000023,0.000000,0.000000,0.000000,-0.117913,1408.000000,0.000000,0.000000,0.000000,0.000000,29.772120,-166.666702,-171.077850,-263.833069,-310.078430,0.000355,4.029998,10.010000,7032,-7,33,-8
29.775051,0.008090,-0.251155,-1.032749,0.000102,0.371651,-0.087266,0.000042,1.475332,-0.547494,0.172849,-0.000021,0.000047,10.000000,30.000000,-55.000000,-0.073870,0.000023,0.000000,0.000000,0.000000,-0.117913,1368.000000,0.000000,0.000000,0.000000,0.000000,29.774076,-166.666702,-171.077850,-263.833069,-310.078430,0.000317,4.029879,10.010000,7032,-8,33,-9
29.777006,0.008091,-0.250406,-1.032926,0.000102,0.374598,-0.088360,0.000036,1.473311,-0.547076,0.172906,-0.000021,0.000048,10.000000,30.000000,-55.000000,-0.103352,0.000025,0.000000,0.000000,0.067000,-0.216635,1368.000000,0.000000,0.000000,0.000000,0.000000,29.776028,-149.253723,-166.365738,259.895203,-137.073639,0.000276,3.918780,10.010000,7006,-9,33,-9
29.778959,0.008091,-0.249652,-1.033104,0.000102,0.377541,-0.089450,0.000029,1.470813,-0.543881,0.172963,-0.000020,0.000049,10.000000,30.000000,-55.000000,-0.103352,0.000025,0.000000,0.000000,0.000000,-0.216635,1368.000000,0.000000,0.000000,0.000000,0.000000,29.777985,-149.253723,-166.365738,259.895203,-137.073639,0.000232,3.918642,10.010000,7006,-10,33,-9
29.780914,0.008091,-0.248892,-1.033285,0.000102,0.380479,-0.090532,0.000022,1.468204,-0.540010,0.173021,-0.000020,0.000049,10.000000,30.000000,-55.000000,-0.103352,0.000025,0.000000,0.000000,0.000000,-0.216635,1368.000000,0.000000,0.000000,0.000000,0.000000,29.779936,-149.253723,-166.365738,259.895203,-137.073639,0.000193,3.918518,10.010000,7006,-11,33,-9
29.782867,0.008091,-0.248125,-1.033468,0.000102,0.383412,-0.091607,0.000016,1.465648,-0.536402,0.173079,-0.000019,0.000049,10.000000,30.000000,-55.000000,-0.103352,0.000025,0.000000,0.000000,0.000000,-0.216635,1368.000000,0.000000,0.000000,0.000000,0.000000,29.781893,-149.253723,-166.365738,259.895203,-137.073639,0.000157,3.918405,10.010000,7005,-12,33,-10
29.784822,0.008091,-0.247353,-1.033653,0.000102,0.386339,-0.092674,0.000009,1.463122,-0.532930,0.173137,-0.000018,0.000050,10.000000,30.000000,-55.000000,-0.103352,0.000025,0.000000,0.000000,0.000000,-0.216635,1368.000000,0.000000,0.000000,0.000000,0.000000,29.783844,-149.253723,-166.365738,259.895203,-137.073639,0.000117,3.918282,10.010000,7005,-13,33,-10
29.786776,0.008092,-0.246576,-1.033840,0.000102,0.389262,-0.093735,0.000003,1.460631,-0.529651,0.173195,-0.000018,0.000050,10.000000,30.000000,-55.000000,-0.103352,0.000025,0.000000,0.000000,0.000000,-0.216635,1368.000000,0.000000,0.000000,0.000000,0.000000,29.785801,-149.253723,-166.365738,259.895203,-137.073639,0.000075,3.918149,10.010000,7005,-14,33,-10
29.788731,0.008092,-0.245792,-1.034029,0.000102,0.392179,-0.094790,-0.000004,1.458178,-0.526582,0.173253,-0.000017,0.000050,10.000000,30.000000,-55.000000,-0.103352,0.000025,0.000000,0.000000,0.000000,-0.216635,1368.000000,0.000000,0.000000,0.000000,0.000000,29.787752,-149.253723,-166.365738,259.895203,-137.073639,0.000036,3.918027,10.010000,7005,-14,33,-10
29.790684,0.008092,-0.245002,-1.034220,0.000102,0.395092,-0.095839,-0.000010,1.455759,-0.523704,0.173310,-0.000017,0.000050,10.000000,30.000000,-55.000000,-0.103352,0.000025,0.000000,0.000000,0.000000,-0.216635,1368.000000,0.000000,0.000000,0.000000,0.000000,29.789707,-149.253723,-166.365738,259.895203,-137.073639,0.000001,3.917916,10.010000,7005,-15,33,-10
29.792639,0.008092,-0.244207,-1.034414,0.000102,0.398000,-0.096882,-0.000017,1.453368,-0.520999,0.173367,-0.000016,0.000050,10.000000,30.000000,-55.000000,-0.103352,0.000025,0.000000,0.000000,0.000000,-0.216635,1368.000000,0.000000,0.000000,0.000000,0.000000,29.791660,-149.253723,-166.365738,259.895203,-137.073639,-0.000031,3.917815,10.010000,7005,-16,33,-10
29.794592,0.008092,-0.243406,-1.034609,0.000102,0.400903,-0.097920,-0.000024,1.451002,-0.518452,0.173423,-0.000015,0.000050,10.000000,30.000000,-55.000000,-0.103352,0.000025,0.000000,0.000000,0.000000,-0.216635,1368.000000,0.000000,0.000000,0.000000,0.000000,29.793615,-149.253723,-166.365738,259.895203,-137.073639,-0.000061,3.917722,10.010000,7005,-16,33,-10
29.796547,0.008093,-0.242599,-1.034807,0.000102,0.403801,-0.098953,-0.000031,1.448658,-0.516048,0.173479,-0.000015,0.000050,10.000000,30.000000,-55.000000,-0.103352,0.000025,0.000000,0.000000,0.000000,-0.216635,1368.000000,0.000000,0.000000,0.000000,0.000000,29.795568,-149.253723,-166.365738,259.895203,-137.073639,-0.000088,3.917638,10.010000,7005,-16,32,-10
29.798500,0.008093,-0.241786,-1.035007,0.000102,0.406695,-0.099982,-0.000038,1.446331,-0.513776,0.173533,-0.000014,0.000050,10.000000,30.000000,-55.000000,-0.103352,0.000025,0.000000,0.000000,0.000000,-0.216635,1368.000000,0.000000,0.000000,0.000000,0.000000,29.797523,-149.253723,-166.365738,259.895203,-137.073639,-0.000112,3.917561,10.010000,7005,-17,32,-10
29.800453,0.008093,-0.240968,-1.035208,0.000102,0.409584,-0.101006,-0.000045,1.444018,-0.511622,0.173587,-0.000013,0.000050,10.000000,30.000000,-55.000000,-0.103352,0.000025,0.000000,0.000000,0.000000,-0.216635,1368.000000,0.000000,0.000000,0.000000,0.000000,29.799477,-149.253723,-166.365738,259.895203,-137.073639,-0.000134,3.917491,10.010000,7005,-17,32,-11
29.802408,0.008093,-0.240143,-1.035412,0.000102,0.412469,-0.102027,-0.000052,1.441719,-0.509577,0.173639,-0.000013,0.000050,10.000000,30.000000,-55.000000,-0.103352,0.000025,0.000000,0.000000,0.000000,-0.216635,1368.000000,0.000000,0.000000,0.000000,0.000000,29.801432,-149.253723,-166.365738,259.895203,-137.073639,-0.000162,3.917405,10.010000,7005,-17,32,-11
29.804361,0.008093,-0.239313,-1.035618,0.000102,0.415349,-0.103043,-0.000058,1.439426,-0.507630,0.173691,-0.000012,0.000049,10.000000,30.000000,-55.000000,-0.103352,0.000025,0.000000,0.000000,0.000000,-0.216635,1368.000000,0.000000,0.000000,0.000000,0.000000,29.803385,-149.253723,-166.365738,259.895203,-137.073639,-0.000194,3.917305,10.010000,7005,-17,32,-11
29.806316,0.008094,-0.238477,-1.035826,0.000102,0.418224,-0.104055,-0.000065,1.437140,-0.505774,0.173741,-0.000011,0.000049,10.000000,30.000000,-55.000000,-0.103352,0.000025,0.000000,0.000000,0.000000,-0.216635,1368.000000,0.000000,0.000000,0.000000,0.000000,29.805340,-149.253723,-166.365738,259.895203,-137.073639,-0.000223,3.917214,10.010000,7005,-17,32,-11
29.808270,0.008094,-0.237636,-1.036035,0.000101,0.421095,-0.105064,-0.000071,1.434858,-0.504000,0.173790,-0.000010,0.000049,10.000000,30.000000,-55.000000,-0.103352,0.000025,0.000000,0.000000,0.000000,-0.216635,1368.000000,0.000000,0.000000,0.000000,0.000000,29.807293,-149.253723,-166.365738,259.895203,-137.073639,-0.000250,3.917130,10.010000,7005,-17,32,-11
29.810225,0.008094,-0.236788,-1.036247,0.000101,0.423962,-0.106070,-0.000078,1.432577,-0.502301,0.173837,-0.000010,0.000048,10.000000,30.000000,-55.000000,-0.103352,0.000025,0.000000,0.000000,0.000000,-0.216635,1368.000000,0.000000,0.000000,0.000000,0.000000,29.809248,-149.253723,-166.365738,259.895203,-137.073639,-0.000274,3.917052,10.010000,7005,-17,32,-11
29.812178,0.008094,-0.235935,-1.036461,0.000101,0.426823,-0.107072,-0.000084,1.430297,-0.500671,0.173883,-0.000009,0.000048,10.000000,30.000000,-55.000000,-0.103352,0.000025,0.000000,0.000000,0.000000,-0.216635,1368.000000,0.000000,0.000000,0.000000,0.000000,29.811199,-149.253723,-166.365738,259.895203,-137.073639,-0.000297,3.916981,10.010000,7005,-17,32,-11
29.814133,0.008094,-0.235077,-1.036677,0.000101,0.429681,-0.108071,-0.000090,1.428015,-0.499103,0.173927,-0.000008,0.000047,10.000000,30.000000,-55.000000,-0.103352,0.000025,0.000000,0.000000,0.000000,-0.216635,1368.000000,0.000000,0.000000,0.000000,0.000000,29.813156,-149.253723,-166.365738,259.895203,-137.073639,-0.000318,3.916915,10.010000,7005,-17,32,-11
29.816086,0.008095,-0.234212,-1.036895,0.000101,0.432533,-0.109067,-0.000096,1.425730,-0.497594,0.173970,-0.000008,0.000047,10.000000,30.000000,-55.000000,-0.103352,0.000025,0.000000,0.000000,0.000000,-0.216635,1368.000000,0.000000,0.000000,0.000000,0.000000,29.815107,-149.253723,-166.365738,259.895203,-137.073639,-0.000337,3.916855,10.010000,7005,-17,32,-11
29.818041,0.008095,-0.233342,-1.037115,0.000101,0.435381,-0.110060,-0.000101,1.423441,-0.496137,0.174011,-0.000007,0.000046,10.000000,30.000000,-55.000000,-0.103352,0.000025,0.000000,0.000000,0.000000,-0.216635,1368.000000,0.000000,0.000000,0.000000,0.000000,29.817064,-149.253723,-166.365738,259.895203,-137.073639,-0.000355,3.916799,10.010000,7005,-17,32,-10
29.819994,0.008095,-0.232466,-1.037337,0.000100,0.438225,-0.111050,-0.000107,1.421144,-0.494729,0.174050,-0.000006,0.000045,10.000000,30.000000,-55.000000,-0.103352,0.000025,0.000000,0.000000,0.000000,-0.216635,1368.000000,0.000000,0.000000,0.000000,0.000000,29.819016,-149.253723,-166.365738,259.895203,-137.073639,-0.000364,3.916770,10.010000,7005,-16,32,-10
29.821947,0.008095,-0.231584,-1.037560,0.000100,0.441063,-0.112037,-0.000112,1.418843,-0.493366,0.174088,-0.000006,0.000045,10.000000,30.000000,-55.000000,-0.103352,0.000025,0.000000,0.000000,0.000000,-0.216635,1368.000000,0.000000,0.000000,0.000000,0.000000,29.820972,-149.253723,-166.365738,259.895203,-137.073639,-0.000366,3.916764,10.010000,7005,-16,32,-10
29.823902,0.008095,-0.230697,-1.037786,0.000100,0.443898,-0.113022,-0.000116,1.416534,-0.492043,0.174123,-0.000005,0.000044,10.000000,30.000000,-55.000000,-0.103352,0.000025,0.000000,0.000000,0.000000,-0.216635,1368.000000,0.000000,0.000000,0.000000,0.000000,29.822924,-149.253723,-166.365738,259.895203,-137.073639,-0.000367,3.916759,10.010000,7005,-16,32,-10
29.825855,0.008096,-0.229804,-1.038014,0.000100,0.446727,-0.114004,-0.000121,1.414216,-0.490757,0.174158,-0.000005,0.000043,10.000000,30.000000,-55.000000,-0.103352,0.000025,0.000000,0.000000,0.000000,-0.216635,1368.000000,0.000000,0.000000,0.000000,0.000000,29.824881,-149.253723,-166.365738,259.895203,-137.073639,-0.000369,3.916755,10.010000,7005,-15,32,-10
29.827810,0.008096,-0.228906,-1.038244,0.000099,0.449552,-0.114984,-0.000125,1.411890,-0.489506,0.174190,-0.000004,0.000043,10.000000,30.000000,-55.000000,-0.103352,0.000025,0.000000,0.000000,0.000000,-0.216635,1368.000000,0.000000,0.000000,0.000000,0.000000,29.826832,-149.253723,-166.365738,259.895203,-137.073639,-0.000370,3.916753,10.010000,7005,-15,32,-10
29.829763,0.008096,-0.228001,-1.038475,0.000099,0.452372,-0.115961,-0.000128,1.409553,-0.488287,0.174220,-0.000004,0.000042,10.000000,30.000000,-55.000000,-0.103352,0.000025,0.000000,0.000000,0.000000,-0.216635,1368.000000,0.000000,0.000000,0.000000,0.000000,29.828789,-149.253723,-166.365738,259.895203,-137.073639,-0.000370,3.916751,10.010000,7005,-14,32,-10
29.831718,0.008096,-0.227091,-1.038709,0.000099,0.455188,-0.116936,-0.000131,1.407207,-0.487097,0.174249,-0.000003,0.000041,10.000000,30.000000,-55.000000,-0.103352,0.000025,0.000000,0.000000,0.000000,-0.216635,1368.000000,0.000000,0.000000,0.000000,0.000000,29.830740,-149.253723,-166.365738,259.895203,-137.073639,-0.000371,3.916750,10.010000,7005,-14,32,-10
29.833672,0.008096,-0.226176,-1.038944,0.000099,0.457999,-0.117908,-0.000134,1.404850,-0.485933,0.174276,-0.000003,0.000041,10.000000,30.000000,-55.000000,-0.103352,0.000025,0.000000,0.000000,0.000000,-0.216635,1368.000000,0.000000,0.000000,0.000000,0.000000,29.832697,-149.253723,-166.365738,259.895203,-137.073639,-0.000371,3.916750,10.010000,7005,-13,32,-10
29.835627,0.008097,-0.225255,-1.039182,0.000098,0.460805,-0.118878,-0.000136,1.402482,-0.484796,0.174301,-0.000003,0.000040,10.000000,30.000000,-55.000000,-0.103352,0.000025,0.000000,0.000000,0.000000,-0.216635,1368.000000,0.000000,0.000000,0.000000,0.000000,29.834648,-149.253723,-166.365738,259.895203,-137.073639,-0.000370,3.916751,10.010000,7005,-13,32,-10
29.837580,0.008097,-0.224328,-1.039421,0.000098,0.463606,-0.119846,-0.000138,1.400103,-0.483680,0.174324,-0.000002,0.000039,10.000000,30.000000,-55.000000,-0.103352,0.000025,0.000000,0.000000,0.000000,-0.216635,1368.000000,0.000000,0.000000,0.000000,0.000000,29.836603,-149.253723,-166.365738,259.895203,-137.073639,-0.000370,3.916753,10.010000,7005,-12,33,-10
29.839535,0.008097,-0.223396,-1.039663,0.000098,0.466403,-0.120812,-0.000139,1.397714,-0.482586,0.174346,-0.000002,0.000039,10.000000,30.000000,-55.000000,-0.103352,0.000025,0.000000,0.000000,0.000000,-0.216635,1368.000000,0.000000,0.000000,0.000000,0.000000,29.838556,-149.253723,-166.365738,259.895203,-137.073639,-0.000369,3.916756,10.010000,7005,-12,33,-10
29.841488,0.008097,-0.222458,-1.039906,0.000098,0.469195,-0.121775,-0.000140,1.395313,-0.481512,0.174366,-0.000002,0.000038,10.000000,30.000000,-55.000000,-0.103352,0.000025,0.000000,0.000000,0.000000,-0.216635,1368.000000,0.000000,0.000000,0.000000,0.000000,29.840511,-149.253723,-166.365738,259.895203,-137.073639,-0.000367,3.916760,10.010000,7005,-11,33,-10
29.843443,0.008097,-0.221514,-1.040151,0.000097,0.471982,-0.122737,-0.000140,1.392901,-0.480456,0.174384,-0.000002,0.000037,10.000000,30.000000,-55.000000,-0.103352,0.000025,0.000000,0.000000,0.000000,-0.216635,1368.000000,0.000000,0.000000,0.000000,0.000000,29.842464,-149.253723,-166.365738,259.895203,-137.073639,-0.000366,3.916765,10.010000,7005,-11,33,-10
29.845396,0.008098,-0.220565,-1.040398,0.000097,0.474764,-0.123696,-0.000139,1.390478,-0.479417,0.174400,-0.000002,0.000036,10.000000,30.000000,-55.000000,-0.103352,0.000025,0.000000,0.000000,0.000000,-0.216635,1368.000000,0.000000,0.000000,0.000000,0.000000,29.844419,-149.253723,-166.365738,259.895203,-137.073639,-0.000364,3.916771,10.010000,7005,-10,33,-10
29.847349,0.008098,-0.219611,-1.040648,0.000097,0.477541,-0.124654,-0.000139,1.388044,-0.478393,0.174415,-0.000002,0.000036,10.000000,30.000000,-55.000000,-0.103352,0.000025,0.000000,0.000000,0.000000,-0.216635,1368.000000,0.000000,0.000000,0.000000,0.000000,29.846373,-149.253723,-166.365738,259.895203,-137.073639,-0.000362,3.916778,10.010000,7005,-9,33,-10
29.849304,0.008098,-0.218650,-1.040899,0.000096,0.480314,-0.125609,-0.000138,1.385599,-0.477385,0.174429,-0.000002,0.000035,10.000000,30.000000,-55.000000,-0.103352,0.000025,0.000000,0.000000,0.000000,-0.216635,1368.000000,0.000000,0.000000,0.000000,0.000000,29.848328,-149.253723,-166.365738,259.895203,-137.073639,-0.000359,3.916786,10.010000,7005,-9,33,-10
29.851257,0.008098,-0.217685,-1.041152,0.000096,0.483081,-0.126562,-0.000136,1.383145,-0.476391,0.174440,-0.000002,0.000034,10.000000,30.000000,-55.000000,-0.103352,0.000025,0.000000,0.000000,0.000000,-0.216635,1368.000000,0.000000,0.000000,0.000000,0.000000,29.850281,-149.253723,-166.365738,259.895203,-137.073639,-0.000356,3.916795,10.010000,7005,-8,33,-10
29.853212,0.008098,-0.216713,-1.041406,0.000096,0.485844,-0.127513,-0.000135,1.380680,-0.475409,0.174450,-0.000002,0.000034,10.000000,29.000000,-64.000000,-0.103352,0.000025,0.000000,0.000000,0.000000,-0.216635,1312.000000,0.000000,0.000000,0.000000,0.000000,29.852236,-149.253723,-166.365738,259.895203,-137.073639,-0.000353,3.916806,10.010000,7005,-8,33,-10
29.855165,0.008099,-0.215737,-1.041663,0.000096,0.488602,-0.128463,-0.000133,1.378205,-0.474439,0.174459,-0.000002,0.000033,10.000000,29.000000,-64.000000,-0.146196,0.000024,0.000000,0.000000,0.067000,-0.315200,1312.000000,0.000000,0.000000,0.000000,0.000000,29.854189,-134.328354,-152.858124,222.766693,-12.958649,-0.000349,3.598713,10.002015,6927,-7,33,-10
29.857121,0.008099,-0.214754,-1.041922,0.000095,0.491352,-0.129399,-0.000131,1.374288,-0.465347,0.174466,-0.000002,0.000032,10.000000,29.000000,-64.000000,-0.146196,0.000024,0.000000,0.000000,0.000000,-0.315200,1312.000000,0.000000,0.000000,0.000000,0.000000,29.856144,-134.328354,-152.858124,222.766693,-12.958649,-0.000345,3.598724,10.002015,6927,-6,33,-10
29.859074,0.008099,-0.213766,-1.042182,0.000095,0.494095,-0.130314,-0.000129,1.370035,-0.454416,0.174472,-0.000002,0.000031,10.000000,29.000000,-64.000000,-0.146196,0.000024,0.000000,0.000000,0.000000,-0.315200,1312.000000,0.000000,0.000000,0.000000,0.000000,29.858095,-134.328354,-152.858124,222.766693,-12.958649,-0.000342,3.598736,10.002015,6927,-6,33,-10
29.861029,0.008099,-0.212773,-1.042444,0.000095,0.496828,-0.131207,-0.000127,1.365942,-0.444443,0.174477,-0.000002,0.000031,10.000000,29.000000,-64.000000,-0.146196,0.000024,0.000000,0.000000,0.000000,-0.315200,1312.000000,0.000000,0.000000,0.000000,0.000000,29.860052,-134.328354,-152.858124,222.766693,-12.958649,-0.000338,3.598748,10.002015,6927,-5,33,-10
29.862982,0.008099,-0.211774,-1.042708,0.000095,0.499554,-0.132082,-0.000125,1.361992,-0.435341,0.174480,-0.000002,0.000030,10.000000,29.000000,-64.000000,-0.146196,0.000024,0.000000,0.000000,0.000000,-0.315200,1312.000000,0.000000,0.000000,0.000000,0.000000,29.862003,-134.328354,-152.858124,222.766693,-12.958649,-0.000333,3.598763,10.002015,6927,-5,33,-10
29.864937,0.008100,-0.210770,-1.042974,0.000094,0.502273,-0.132941,-0.000123,1.358173,-0.427027,0.174482,-0.000002,0.000029,10.000000,29.000000,-64.000000,-0.146196,0.000024,0.000000,0.000000,0.000000,-0.315200,1312.000000,0.000000,0.000000,0.000000,0.000000,29.863960,-134.328354,-152.858124,222.766693,-12.958649,-0.000328,3.598778,10.002015,6927,-4,33,-10
29.866890,0.008100,-0.209761,-1.043241,0.000094,0.504983,-0.133783,-0.000121,1.354472,-0.419428,0.174483,-0.000002,0.000029,10.000000,29.000000,-64.000000,-0.146196,0.000024,0.000000,0.000000,0.000000,-0.315200,1312.000000,0.000000,0.000000,0.000000,0.000000,29.865911,-134.328354,-152.858124,222.766693,-12.958649,-0.000323,3.598795,10.002015,6927,-3,33,-10
29.868843,0.008100,-0.208746,-1.043510,0.000094,0.507687,-0.134611,-0.000119,1.350877,-0.412479,0.174483,-0.000002,0.000028,10.000000,29.000000,-64.000000,-0.146196,0.000024,0.000000,0.000000,0.000000,-0.315200,1312.000000,0.000000,0.000000,0.000000,0.000000,29.867868,-134.328354,-152.858124,222.766693,-12.958649,-0.000317,3.598813,10.002015,6927,-3,33,-10
29.870798,0.008100,-0.207725,-1.043781,0.000094,0.510383,-0.135427,-0.000117,1.347380,-0.406118,0.174482,-0.000002,0.000028,10.000000,29.000000,-64.000000,-0.146196,0.000024,0.000000,0.000000,0.000000,-0.315200,1312.000000,0.000000,0.000000,0.000000,0.000000,29.869820,-134.328354,-152.858124,222.766693,-12.958649,-0.000311,3.598832,10.002015,6927,-2,33,-10
29.872751,0.008100,-0.206699,-1.044054,0.000093,0.513073,-0.136230,-0.000115,1.343971,-0.400292,0.174480,-0.000002,0.000027,10.000000,29.000000,-64.000000,-0.146196,0.000024,0.000000,0.000000,0.000000,-0.315200,1312.000000,0.000000,0.000000,0.000000,0.000000,29.871777,-134.328354,-152.858124,222.766693,-12.958649,-0.000305,3.598852,10.002015,6927,-2,33,-10
29.874706,0.008100,-0.205668,-1.044327,0.000093,0.515756,-0.137023,-0.000114,1.340642,-0.394951,0.174477,-0.000002,0.000026,10.000000,29.000000,-64.000000,-0.146196,0.000024,0.000000,0.000000,0.000000,-0.315200,1312.000000,0.000000,0.000000,0.000000,0.000000,29.873728,-134.328354,-152.858124,222.766693,-12.958649,-0.000298,3.598874,10.002015,6927,-1,33,-10
29.876659,0.008101,-0.204631,-1.044603,0.000093,0.518432,-0.137805,-0.000113,1.337386,-0.390049,0.174473,-0.000002,0.000026,10.000000,29.000000,-64.000000,-0.146196,0.000024,0.000000,0.000000,0.000000,-0.315200,1312.000000,0.000000,0.000000,0.000000,0.000000,29.875685,-134.328354,-152.858124,222.766693,-12.958649,-0.000290,3.598897,10.002015,6927,-1,33,-10
29.878614,0.008101,-0.203590,-1.044880,0.000093,0.521102,-0.138579,-0.000113,1.334197,-0.385547,0.174469,-0.000002,0.000025,10.000000,29.000000,-64.000000,-0.146196,0.000024,0.000000,0.000000,0.000000,-0.315200,1312.000000,0.000000,0.000000,0.000000,0.000000,29.877636,-134.328354,-152.858124,222.766693,-12.958649,-0.000283,3.598921,10.002015,6927,0,33,-10
29.880568,0.008101,-0.202542,-1.045159,0.000093,0.523766,-0.139343,-0.000112,1.331068,-0.381407,0.174463,-0.000002,0.000025,10.000000,29.000000,-64.000000,-0.146196,0.000024,0.000000,0.000000,0.000000,-0.315200,1312.000000,0.000000,0.000000,0.000000,0.000000,29.879593,-134.328354,-152.858124,222.766693,-12.958649,-0.000275,3.598946,10.002015,6927,0,33,-10
29.882523,0.008101,-0.201490,-1.045439,0.000092,0.526424,-0.140100,-0.000112,1.327994,-0.377595,0.174458,-0.000002,0.000024,10.000000,29.000000,-64.000000,-0.146196,0.000024,0.000000,0.000000,0.000000,-0.315200,1312.000000,0.000000,0.000000,0.000000,0.000000,29.881544,-134.328354,-152.858124,222.766693,-12.958649,-0.000266,3.598973,10.002015,6927,0,33,-10
29.884476,0.008101,-0.200432,-1.045720,0.000092,0.529075,-0.140850,-0.000113,1.324971,-0.374082,0.174451,-0.000001,0.000024,10.000000,29.000000,-64.000000,-0.146196,0.000024,0.000000,0.000000,0.000000,-0.315200,1312.000000,0.000000,0.000000,0.000000,0.000000,29.883499,-134.328354,-152.858124,222.766693,-12.958649,-0.000258,3.599000,10.002015,6927,0,33,-10
29.886431,0.008102,-0.199369,-1.046003,0.000092,0.531721,-0.141594,-0.000114,1.321994,-0.370838,0.174444,-0.000001,0.000023,10.000000,29.000000,-64.000000,-0.146196,0.000024,0.000000,0.000000,0.000000,-0.315200,1312.000000,0.000000,0.000000,0.000000,0.000000,29.885452,-134.328354,-152.858124,222.766693,-12.958649,-0.000248,3.599029,10.002015,6927,0,33,-10
29.888384,0.008102,-0.198300,-1.046288,0.000092,0.534360,-0.142331,-0.000115,1.319060,-0.367840,0.174437,-0.000001,0.000023,10.000000,29.000000,-64.000000,-0.146196,0.000024,0.000000,0.000000,0.000000,-0.315200,1312.000000,0.000000,0.000000,0.000000,0.000000,29.887407,-134.328354,-152.858124,222.766693,-12.958649,-0.000239,3.599059,10.002015,6927,0,33,-10
29.890339,0.008102,-0.197226,-1.046574,0.000091,0.536994,-0.143062,-0.000118,1.316164,-0.365065,0.174429,-0.000001,0.000022,10.000000,29.000000,-64.000000,-0.146196,0.000024,0.000000,0.000000,0.000000,-0.315200,1312.000000,0.000000,0.000000,0.000000,0.000000,29.889360,-134.328354,-152.858124,222.766693,-12.958649,-0.000229,3.599089,10.002015,6927,1,33,-10
29.892292,0.008102,-0.196147,-1.046862,0.000091,0.539622,-0.143788,-0.000120,1.313305,-0.362492,0.174421,-0.000000,0.000022,10.000000,29.000000,-64.000000,-0.146196,0.000024,0.000000,0.000000,0.000000,-0.315200,1312.000000,0.000000,0.000000,0.000000,0.000000,29.891315,-134.328354,-152.858124,222.766693,-12.958649,-0.000219,3.599121,10.002015,6927,1,32,-10
29.894245,0.008102,-0.195063,-1.047150,0.000091,0.542244,-0.144510,-0.000123,1.310478,-0.360102,0.174412,0.000000,0.000022,10.000000,29.000000,-64.000000,-0.146196,0.000024,0.000000,0.000000,0.000000,-0.315200,1312.000000,0.000000,0.000000,0.000000,0.000000,29.893269,-134.328354,-152.858124,222.766693,-12.958649,-0.000209,3.599154,10.002015,6927,1,32,-10
29.896200,0.008102,-0.193974,-1.047441,0.000091,0.544861,-0.145227,-0.000127,1.307682,-0.357879,0.174403,0.000001,0.000021,10.000000,29.000000,-64.000000,-0.146196,0.000024,0.000000,0.000000,0.000000,-0.315200,1312.000000,0.000000,0.000000,0.000000,0.000000,29.895224,-134.328354,-152.858124,222.766693,-12.958649,-0.000198,3.599188,10.002015,6927,2,32,-10
29.898153,0.008103,-0.192879,-1.047733,0.000090,0.547472,-0.145939,-0.000131,1.304914,-0.355807,0.174394,0.000001,0.000021,10.000000,29.000000,-64.000000,-0.146196,0.000024,0.000000,0.000000,0.000000,-0.315200,1312.000000,0.000000,0.000000,0.000000,0.000000,29.897177,-134.328354,-152.858124,222.766693,-12.958649,-0.000187,3.599222,10.002015,6927,2,32,-10
29.900108,0.008103,-0.191779,-1.048026,0.000090,0.550078,-0.146648,-0.000136,1.302172,-0.353870,0.174385,0.000002,0.000021,10.000000,29.000000,-64.000000,-0.146196,0.000024,0.000000,0.000000,0.000000,-0.315200,1312.000000,0.000000,0.000000,0.000000,0.000000,29.899132,-134.328354,-152.858124,222.766693,-12.958649,-0.000175,3.599258,10.002015,6927,2,32,-10
29.902061,0.008103,-0.190674,-1.048321,0.000090,0.552678,-0.147353,-0.000141,1.299455,-0.352059,0.174375,0.000002,0.000021,10.000000,29.000000,-64.000000,-0.146196,0.000024,0.000000,0.000000,0.000000,-0.315200,1312.000000,0.000000,0.000000,0.000000,0.000000,29.901085,-134.328354,-152.858124,222.766693,-12.958649,-0.000164,3.599295,10.002015,6927,2,32,-10
29.904016,0.008103,-0.189563,-1.048617,0.000090,0.555273,-0.148055,-0.000146,1.296760,-0.350360,0.174366,0.000003,0.000020,10.000000,29.000000,-64.000000,-0.146196,0.000024,0.000000,0.000000,0.000000,-0.315200,1312.000000,0.000000,0.000000,0.000000,0.000000,29.903040,-134.328354,-152.858124,222.766693,-12.958649,-0.000152,3.599333,10.002015,6927,2,32,-10
29.905970,0.008103,-0.188448,-1.048914,0.000089,0.557863,-0.148753,-0.000152,1.294088,-0.348764,0.174356,0.000003,0.000020,10.000000,29.000000,-64.000000,-0.146196,0.000024,0.000000,0.000000,0.000000,-0.315200,1312.000000,0.000000,0.000000,0.000000,0.000000,29.904991,-134.328354,-152.858124,222.766693,-12.958649,-0.000139,3.599371,10.002015,6927,3,32,-10
29.907925,0.008104,-0.187327,-1.049213,0.000089,0.560447,-0.149448,-0.000158,1.291435,-0.347260,0.174346,0.000004,0.000020,10.000000,29.000000,-64.000000,-0.146196,0.000024,0.000000,0.000000,0.000000,-0.315200,1312.000000,0.000000,0.000000,0.000000,0.000000,29.906948,-134.328354,-152.858124,222.766693,-12.958649,-0.000127,3.599411,10.002015,6928,3,32,-11
29.909878,0.008104,-0.186201,-1.049513,0.000089,0.563026,-0.150141,-0.000165,1.288821,-0.345945,0.174337,0.000005,0.000020,10.000000,29.000000,-64.000000,-0.146196,0.000024,0.000000,0.000000,0.000000,-0.315200,1312.000000,0.000000,0.000000,0.000000,0.000000,29.908899,-134.328354,-152.858124,222.766693,-12.958649,-0.000121,3.599429,10.002015,6928,3,32,-11
29.911833,0.008104,-0.185070,-1.049815,0.000088,0.565600,-0.150831,-0.000171,1.286228,-0.344730,0.174327,0.000006,0.000020,10.000000,27.000000,-70.000000,-0.146196,0.000024,0.000000,0.000000,0.000000,-0.315200,1278.000000,0.000000,0.000000,0.000000,0.000000,29.910856,-134.328354,-152.858124,222.766693,-12.958649,-0.000121,3.599429,10.002015,6928,3,32,-11
29.913786,0.008104,-0.183934,-1.050118,0.000088,0.568168,-0.151518,-0.000178,1.283650,-0.343571,0.174317,0.000006,0.000020,10.000000,27.000000,-70.000000,-0.156819,0.000022,0.000000,0.000000,0.066000,-0.200224,1278.000000,0.000000,0.000000,0.000000,0.000000,29.912807,-90.909111,-117.980560,657.867493,203.543884,-0.000120,2.778066,9.988939,6757,3,32,-11
29.915741,0.008104,-0.182793,-1.050422,0.000088,0.570727,-0.152180,-0.000185,1.277946,-0.324635,0.174308,0.000007,0.000020,10.000000,27.000000,-70.000000,-0.156819,0.000022,0.000000,0.000000,0.000000,-0.200224,1278.000000,0.000000,0.000000,0.000000,0.000000,29.914764,-90.909111,-117.980560,657.867493,203.543884,-0.000118,2.778070,9.988939,6757,3,32,-11
29.917694,0.008104,-0.181646,-1.050728,0.000087,0.573274,-0.152795,-0.000193,1.271542,-0.301691,0.174298,0.000008,0.000019,10.000000,27.000000,-70.000000,-0.156819,0.000022,0.000000,0.000000,0.000000,-0.200224,1278.000000,0.000000,0.000000,0.000000,0.000000,29.916716,-90.909111,-117.980560,657.867493,203.543884,-0.000117,2.778075,9.988939,6757,3,32,-11
29.919647,0.008105,-0.180495,-1.051034,0.000087,0.575808,-0.153367,-0.000200,1.265518,-0.280870,0.174289,0.000009,0.000019,10.000000,27.000000,-70.000000,-0.156819,0.000022,0.000000,0.000000,0.000000,-0.200224,1278.000000,0.000000,0.000000,0.000000,0.000000,29.918673,-90.909111,-117.980560,657.867493,203.543884,-0.000114,2.778084,9.988939,6757,3,32,-11
29.921602,0.008105,-0.179338,-1.051342,0.000086,0.578330,-0.153900,-0.000208,1.259840,-0.261974,0.174280,0.000010,0.000019,10.000000,27.000000,-70.000000,-0.156819,0.000022,0.000000,0.000000,0.000000,-0.200224,1278.000000,0.000000,0.000000,0.000000,0.000000,29.920624,-90.909111,-117.980560,657.867493,203.543884,-0.000110,2.778095,9.988939,6757,4,32,-11
29.923555,0.008105,-0.178177,-1.051651,0.000086,0.580842,-0.154398,-0.000217,1.254475,-0.244825,0.174271,0.000011,0.000019,10.000000,27.000000,-70.000000,-0.156819,0.000022,0.000000,0.000000,0.000000,-0.200224,1278.000000,0.000000,0.000000,0.000000,0.000000,29.922581,-90.909111,-117.980560,657.867493,203.543884,-0.000106,2.778110,9.988939,6757,4,32,-11
29.925510,0.008105,-0.177010,-1.051961,0.000085,0.583343,-0.154864,-0.000226,1.249396,-0.229259,0.174262,0.000011,0.000019,10.000000,27.000000,-70.000000,-0.156819,0.000022,0.000000,0.000000,0.000000,-0.200224,1278.000000,0.000000,0.000000,0.000000,0.000000,29.924532,-90.909111,-117.980560,657.867493,203.543884,-0.000100,2.778127,9.988939,6757,4,32,-11
29.927464,0.008105,-0.175839,-1.052272,0.000085,0.585834,-0.155301,-0.000235,1.244576,-0.215130,0.174253,0.000013,0.000019,10.000000,27.000000,-70.000000,-0.156819,0.000022,0.000000,0.000000,0.000000,-0.200224,1278.000000,0.000000,0.000000,0.000000,0.000000,29.926489,-90.909111,-117.980560,657.867493,203.543884,-0.000094,2.778147,9.988939,6757,4,31,-11
29.929419,0.008105,-0.174662,-1.052583,0.000085,0.588317,-0.155712,-0.000245,1.239993,-0.202303,0.174245,0.000014,0.000019,10.000000,27.000000,-70.000000,-0.156819,0.000022,0.000000,0.000000,0.000000,-0.200224,1278.000000,0.000000,0.000000,0.000000,0.000000,29.928440,-90.909111,-117.980560,657.867493,203.543884,-0.000087,2.778170,9.988939,6757,4,31,-12
29.931372,0.008106,-0.173480,-1.052895,0.000084,0.590790,-0.156099,-0.000255,1.235627,-0.190658,0.174237,0.000015,0.000019,10.000000,27.000000,-70.000000,-0.156819,0.000022,0.000000,0.000000,0.000000,-0.200224,1278.000000,0.000000,0.000000,0.000000,0.000000,29.930395,-90.909111,-117.980560,657.867493,203.543884,-0.000086,2.778172,9.988939,6757,4,31,-12
29.933327,0.008106,-0.172294,-1.053209,0.000083,0.593255,-0.156464,-0.000266,1.231454,-0.180083,0.174229,0.000016,0.000019,10.000000,27.000000,-70.000000,-0.156819,0.000022,0.000000,0.000000,0.000000,-0.200224,1278.000000,0.000000,0.000000,0.000000,0.000000,29.932348,-90.909111,-117.980560,657.867493,203.543884,-0.000091,2.778157,9.988939,6757,4,31,-12
29.935280,0.008106,-0.171103,-1.053522,0.000083,0.595712,-0.156810,-0.000277,1.227460,-0.170481,0.174222,0.000017,0.000019,10.000000,27.000000,-70.000000,-0.156819,0.000022,0.000000,0.000000,0.000000,-0.200224,1278.000000,0.000000,0.000000,0.000000,0.000000,29.934303,-90.909111,-117.980560,657.867493,203.543884,-0.000094,2.778147,9.988939,6757,4,31,-12
29.937235,0.008106,-0.169906,-1.053837,0.000082,0.598161,-0.157138,-0.000288,1.223629,-0.161759,0.174215,0.000018,0.000019,10.000000,27.000000,-70.000000,-0.156819,0.000022,0.000000,0.000000,0.000000,-0.200224,1278.000000,0.000000,0.000000,0.000000,0.000000,29.936256,-90.909111,-117.980560,657.867493,203.543884,-0.000096,2.778141,9.988939,6757,4,31,-12
29.939188,0.008106,-0.168705,-1.054152,0.000082,0.600603,-0.157449,-0.000299,1.219946,-0.153836,0.174208,0.000019,0.000019,10.000000,27.000000,-70.000000,-0.156819,0.000022,0.000000,0.000000,0.000000,-0.200224,1278.000000,0.000000,0.000000,0.000000,0.000000,29.938211,-90.909111,-117.980560,657.867493,203.543884,-0.000096,2.778140,9.988939,6757,4,31,-12
29.941141,0.008106,-0.167499,-1.054467,0.000081,0.603037,-0.157746,-0.000311,1.216399,-0.146638,0.174201,0.000021,0.000019,10.000000,27.000000,-70.000000,-0.156819,0.000022,0.000000,0.000000,0.000000,-0.200224,1278.000000,0.000000,0.000000,0.000000,0.000000,29.940165,-90.909111,-117.980560,657.867493,203.543884,-0.000096,2.778142,9.988939,6757,4,31,-12
29.943096,0.008107,-0.166288,-1.054784,0.000081,0.605465,-0.158029,-0.000322,1.212975,-0.140097,0.174195,0.000022,0.000019,10.000000,27.000000,-70.000000,-0.156819,0.000022,0.000000,0.000000,0.000000,-0.200224,1278.000000,0.000000,0.000000,0.000000,0.000000,29.942120,-90.909111,-117.980560,657.867493,203.543884,-0.000094,2.778148,9.988939,6757,3,31,-12
29.945049,0.008107,-0.165072,-1.055100,0.000080,0.607886,-0.158301,-0.000334,1.209664,-0.134152,0.174189,0.000023,0.000019,10.000000,27.000000,-70.000000,-0.156819,0.000022,0.000000,0.000000,0.000000,-0.200224,1278.000000,0.000000,0.000000,0.000000,0.000000,29.944073,-90.909111,-117.980560,657.867493,203.543884,-0.000091,2.778157,9.988939,6757,3,31,-12
29.947004,0.008107,-0.163852,-1.055418,0.000079,0.610301,-0.158561,-0.000345,1.206456,-0.128748,0.174184,0.000024,0.000019,10.000000,27.000000,-70.000000,-0.156819,0.000022,0.000000,0.000000,0.000000,-0.200224,1278.000000,0.000000,0.000000,0.000000,0.000000,29.946028,-90.909111,-117.980560,657.867493,203.543884,-0.000087,2.778169,9.988939,6757,3,31,-12
29.948957,0.008107,-0.162626,-1.055736,0.000078,0.612709,-0.158811,-0.000357,1.203342,-0.123833,0.174179,0.000025,0.000019,10.000000,27.000000,-70.000000,-0.156819,0.000022,0.000000,0.000000,0.000000,-0.200224,1278.000000,0.000000,0.000000,0.000000,0.000000,29.947981,-90.909111,-117.980560,657.867493,203.543884,-0.000082,2.778184,9.988939,6757,3,31,-12
29.950912,0.008107,-0.161396,-1.056054,0.000078,0.615111,-0.159052,-0.000368,1.200315,-0.119363,0.174174,0.000027,0.000020,10.000000,27.000000,-70.000000,-0.156819,0.000022,0.000000,0.000000,0.000000,-0.200224,1278.000000,0.000000,0.000000,0.000000,0.000000,29.949936,-90.909111,-117.980560,657.867493,203.543884,-0.000077,2.778202,9.988939,6757,3,31,-12
29.952866,0.008107,-0.160161,-1.056373,0.000077,0.617507,-0.159284,-0.000379,1.197366,-0.115296,0.174170,0.000028,0.000020,10.000000,27.000000,-70.000000,-0.156819,0.000022,0.000000,0.000000,0.000000,-0.200224,1278.000000,0.000000,0.000000,0.000000,0.000000,29.951887,-90.909111,-117.980560,657.867493,203.543884,-0.000070,2.778221,9.988939,6757,3,31,-12
29.954821,0.008108,-0.158921,-1.056692,0.000076,0.619897,-0.159509,-0.000391,1.194490,-0.111595,0.174166,0.000029,0.000020,10.000000,27.000000,-70.000000,-0.156819,0.000022,0.000000,0.000000,0.000000,-0.200224,1278.000000,0.000000,0.000000,0.000000,0.000000,29.953844,-90.909111,-117.980560,657.867493,203.543884,-0.000063,2.778244,9.988939,6757,3,31,-13
29.956774,0.008108,-0.157676,-1.057012,0.000075,0.622282,-0.159727,-0.000402,1.191683,-0.108224,0.174163,0.000030,0.000020,10.000000,27.000000,-70.000000,-0.156819,0.000022,0.000000,0.000000,0.000000,-0.200224,1278.000000,0.000000,0.000000,0.000000,0.000000,29.955795,-90.909111,-117.980560,657.867493,203.543884,-0.000063,2.778245,9.988939,6757,3,31,-13
29.958729,0.008108,-0.156427,-1.057332,0.000075,0.624662,-0.159939,-0.000413,1.188934,-0.105155,0.174160,0.000031,0.000020,10.000000,27.000000,-70.000000,-0.156819,0.000022,0.000000,0.000000,0.000000,-0.200224,1278.000000,0.000000,0.000000,0.000000,0.000000,29.957752,-90.909111,-117.980560,657.867493,203.543884,-0.000068,2.778230,9.988939,6757,3,31,-13
29.960682,0.008108,-0.155173,-1.057652,0.000074,0.627035,-0.160145,-0.000424,1.186242,-0.102357,0.174157,0.000032,0.000020,10.000000,27.000000,-70.000000,-0.156819,0.000022,0.000000,0.000000,0.000000,-0.200224,1278.000000,0.000000,0.000000,0.000000,0.000000,29.959703,-90.909111,-117.980560,657.867493,203.543884,-0.000071,2.778219,9.988939,6757,3,31,-13
29.962635,0.008108,-0.153914,-1.057973,0.000073,0.629404,-0.160346,-0.000435,1.183601,-0.099807,0.174154,0.000034,0.000020,10.000000,27.000000,-70.000000,-0.156819,0.000022,0.000000,0.000000,0.000000,-0.200224,1278.000000,0.000000,0.000000,0.000000,0.000000,29.961660,-90.909111,-117.980560,657.867493,203.543884,-0.000073,2.778212,9.988939,6757,2,30,-13
29.964590,0.008108,-0.152650,-1.058294,0.000072,0.631767,-0.160542,-0.000446,1.181008,-0.097482,0.174152,0.000035,0.000020,10.000000,27.000000,-70.000000,-0.156819,0.000022,0.000000,0.000000,0.000000,-0.200224,1278.000000,0.000000,0.000000,0.000000,0.000000,29.963612,-90.909111,-117.980560,657.867493,203.543884,-0.000074,2.778209,9.988939,6757,2,30,-13
29.966543,0.008108,-0.151382,-1.058616,0.000071,0.634125,-0.160734,-0.000456,1.178458,-0.095360,0.174151,0.000036,0.000020,10.000000,27.000000,-70.000000,-0.156819,0.000022,0.000000,0.000000,0.000000,-0.200224,1278.000000,0.000000,0.000000,0.000000,0.000000,29.965569,-90.909111,-117.980560,657.867493,203.543884,-0.000074,2.778210,9.988939,6757,2,30,-13
29.968498,0.008109,-0.150109,-1.058938,0.000070,0.636478,-0.160922,-0.000466,1.175949,-0.093421,0.174150,0.000037,0.000020,10.000000,27.000000,-70.000000,-0.156819,0.000022,0.000000,0.000000,0.000000,-0.200224,1278.000000,0.000000,0.000000,0.000000,0.000000,29.967520,-90.909111,-117.980560,657.867493,203.543884,-0.000073,2.778214,9.988939,6757,2,30,-13
29.970451,0.008109,-0.148831,-1.059261,0.000069,0.638827,-0.161106,-0.000476,1.173477,-0.091650,0.174149,0.000038,0.000020,10.000000,26.000000,-75.000000,-0.156819,0.000022,0.000000,0.000000,0.000000,-0.200224,1266.000000,0.000000,0.000000,0.000000,0.000000,29.969477,-90.909111,-117.980560,657.867493,203.543884,-0.000070,2.778221,9.988939,6757,2,30,-13
29.972406,0.008109,-0.147549,-1.059583,0.000068,0.641170,-0.161287,-0.000485,1.171039,-0.090031,0.174148,0.000039,0.000020,10.000000,26.000000,-75.000000,-0.139684,0.000017,0.000000,0.000000,0.067000,-0.070569,1266.000000,0.000000,0.000000,0.000000,0.000000,29.971428,-74.626831,-90.283478,243.018997,243.328110,-0.000067,2.125965,9.987015,6654,2,30,-13
29.974360,0.008109,-0.146262,-1.059907,0.000067,0.643506,-0.161450,-0.000494,1.166743,-0.077809,0.174148,0.000040,0.000020,10.000000,26.000000,-75.000000,-0.139684,0.000017,0.000000,0.000000,0.000000,-0.070569,1266.000000,0.000000,0.000000,0.000000,0.000000,29.973385,-74.626831,-90.283478,243.018997,243.328110,-0.000064,2.125976,9.987015,6654,1,30,-13
29.976315,0.008109,-0.144970,-1.060230,0.000066,0.645832,-0.161584,-0.000502,1.162047,-0.063269,0.174148,0.000041,0.000020,10.000000,26.000000,-75.000000,-0.139684,0.000017,0.000000,0.000000,0.000000,-0.070569,1266.000000,0.000000,0.000000,0.000000,0.000000,29.975336,-74.626831,-90.283478,243.018997,243.328110,-0.000060,2.125987,9.987015,6654,1,30,-13
29.978268,0.008109,-0.143674,-1.060554,0.000065,0.648150,-0.161690,-0.000509,1.157598,-0.050096,0.174148,0.000042,0.000020,10.000000,26.000000,-75.000000,-0.139684,0.000017,0.000000,0.000000,0.000000,-0.070569,1266.000000,0.000000,0.000000,0.000000,0.000000,29.977291,-74.626831,-90.283478,243.018997,243.328110,-0.000056,2.126001,9.987015,6654,1,30,-13
29.980223,0.008109,-0.142372,-1.060877,0.000064,0.650459,-0.161773,-0.000516,1.153374,-0.038161,0.174149,0.000043,0.000020,10.000000,26.000000,-75.000000,-0.139684,0.000017,0.000000,0.000000,0.000000,-0.070569,1266.000000,0.000000,0.000000,0.000000,0.000000,29.979244,-74.626831,-90.283478,243.018997,243.328110,-0.000051,2.126017,9.987015,6654,1,30,-13
29.982176,0.008110,-0.141067,-1.061201,0.000063,0.652759,-0.161832,-0.000523,1.149355,-0.027350,0.174150,0.000043,0.000020,10.000000,26.000000,-75.000000,-0.139684,0.000017,0.000000,0.000000,0.000000,-0.070569,1266.000000,0.000000,0.000000,0.000000,0.000000,29.981199,-74.626831,-90.283478,243.018997,243.328110,-0.000045,2.126035,9.987015,6654,1,30,-14
29.984131,0.008110,-0.139757,-1.061525,0.000062,0.655052,-0.161872,-0.000529,1.145523,-0.017557,0.174151,0.000044,0.000020,10.000000,26.000000,-75.000000,-0.139684,0.000017,0.000000,0.000000,0.000000,-0.070569,1266.000000,0.000000,0.000000,0.000000,0.000000,29.983152,-74.626831,-90.283478,243.018997,243.328110,-0.000045,2.126033,9.987015,6654,1,30,-14
29.986084,0.008110,-0.138442,-1.061850,0.000061,0.657338,-0.161894,-0.000535,1.141858,-0.008689,0.174153,0.000045,0.000020,10.000000,26.000000,-75.000000,-0.139684,0.000017,0.000000,0.000000,0.000000,-0.070569,1266.000000,0.000000,0.000000,0.000000,0.000000,29.985107,-74.626831,-90.283478,243.018997,243.328110,-0.000052,2.126013,9.987015,6654,1,30,-14
29.988037,0.008110,-0.137122,-1.062174,0.000060,0.659616,-0.161899,-0.000540,1.138347,-0.000659,0.174154,0.000045,0.000020,10.000000,26.000000,-75.000000,-0.139684,0.000017,0.000000,0.000000,0.000000,-0.070569,1266.000000,0.000000,0.000000,0.000000,0.000000,29.987061,-74.626831,-90.283478,243.018997,243.328110,-0.000057,2.125998,9.987015,6654,0,30,-14
29.989992,0.008110,-0.135798,-1.062498,0.000059,0.661888,-0.161890,-0.000545,1.134976,0.006611,0.174156,0.000046,0.000020,10.000000,26.000000,-75.000000,-0.139684,0.000017,0.000000,0.000000,0.000000,-0.070569,1266.000000,0.000000,0.000000,0.000000,0.000000,29.989016,-74.626831,-90.283478,243.018997,243.328110,-0.000060,2.125988,9.987015,6654,0,30,-14
29.991945,0.008110,-0.134470,-1.062822,0.000058,0.664153,-0.161866,-0.000549,1.131732,0.013192,0.174158,0.000047,0.000020,10.000000,26.000000,-75.000000,-0.139684,0.000017,0.000000,0.000000,0.000000,-0.070569,1266.000000,0.000000,0.000000,0.000000,0.000000,29.990969,-74.626831,-90.283478,243.018997,243.328110,-0.000062,2.125981,9.987015,6654,0,30,-14
29.993900,0.008110,-0.133137,-1.063146,0.000057,0.666412,-0.161831,-0.000553,1.128603,0.019147,0.174160,0.000047,0.000020,10.000000,26.000000,-75.000000,-0.139684,0.000017,0.000000,0.000000,0.000000,-0.070569,1266.000000,0.000000,0.000000,0.000000,0.000000,29.992924,-74.626831,-90.283478,243.018997,243.328110,-0.000063,2.125978,9.987015,6654,0,30,-14
29.995853,0.008110,-0.131799,-1.063470,0.000056,0.668664,-0.161785,-0.000555,1.125580,0.024536,0.174163,0.000047,0.000020,10.000000,26.000000,-75.000000,-0.139684,0.000017,0.000000,0.000000,0.000000,-0.070569,1266.000000,0.000000,0.000000,0.000000,0.000000,29.994877,-74.626831,-90.283478,243.018997,243.328110,-0.000063,2.125978,9.987015,6654,0,30,-14
29.997808,0.008110,-0.130457,-1.063794,0.000054,0.670911,-0.161728,-0.000558,1.122652,0.029411,0.174165,0.000048,0.000020,10.000000,26.000000,-75.000000,-0.139684,0.000017,0.000000,0.000000,0.000000,-0.070569,1266.000000,0.000000,0.000000,0.000000,0.000000,29.996832,-74.626831,-90.283478,243.018997,243.328110,-0.000062,2.125982,9.987015,6654,0,30,-14
29.999762,0.008111,-0.129111,-1.064117,0.000053,0.673152,-0.161663,-0.000560,1.119812,0.033819,0.174168,0.000048,0.000020,10.000000,26.000000,-75.000000,-0.139684,0.000017,0.000000,0.000000,0.000000,-0.070569,1266.000000,0.000000,0.000000,0.000000,0.000000,29.998783,-74.626831,-90.283478,243.018997,243.328110,-0.000060,2.125988,9.987015,6654,0,30,-14
30.001717,0.008111,-0.127760,-1.064441,0.000052,0.675388,-0.161589,-0.000561,1.117051,0.037805,0.174171,0.000048,0.000020,10.000000,26.000000,-75.000000,-0.139684,0.000017,0.000000,0.000000,0.000000,-0.070569,1266.000000,0.000000,0.000000,0.000000,0.000000,30.000740,-74.626831,-90.283478,243.018997,243.328110,-0.000057,2.125997,9.987015,6654,0,30,-14
30.003670,0.008111,-0.126404,-1.064764,0.000051,0.677618,-0.161508,-0.000562,1.114362,0.041407,0.174174,0.000049,0.000020,10.000000,26.000000,-75.000000,-0.139684,0.000017,0.000000,0.000000,0.000000,-0.070569,1266.000000,0.000000,0.000000,0.000000,0.000000,30.002691,-74.626831,-90.283478,243.018997,243.328110,-0.000053,2.126008,9.987015,6654,0,30,-14
30.005625,0.008111,-0.125044,-1.065087,0.000050,0.679842,-0.161420,-0.000562,1.111740,0.044661,0.174176,0.000049,0.000020,10.000000,26.000000,-75.000000,-0.139684,0.000017,0.000000,0.000000,0.000000,-0.070569,1266.000000,0.000000,0.000000,0.000000,0.000000,30.004648,-74.626831,-90.283478,243.018997,243.328110,-0.000049,2.126022,9.987015,6654,0,30,-14
30.007578,0.008111,-0.123680,-1.065410,0.000049,0.682062,-0.161326,-0.000562,1.109177,0.047601,0.174180,0.000049,0.000020,10.000000,26.000000,-75.000000,-0.139684,0.000017,0.000000,0.000000,0.000000,-0.070569,1266.000000,0.000000,0.000000,0.000000,0.000000,30.006599,-74.626831,-90.283478,243.018997,243.328110,-0.000044,2.126038,9.987015,6654,0,30,-14
30.009533,0.008111,-0.122311,-1.065733,0.000048,0.684277,-0.161227,-0.000562,1.106670,0.050254,0.174183,0.000049,0.000020,10.000000,26.000000,-75.000000,-0.139684,0.000017,0.000000,0.000000,0.000000,-0.070569,1266.000000,0.000000,0.000000,0.000000,0.000000,30.008556,-74.626831,-90.283478,243.018997,243.328110,-0.000038,2.126056,9.987015,6654,0,30,-14
30.011486,0.008111,-0.120938,-1.066056,0.000047,0.686486,-0.161123,-0.000560,1.104213,0.052647,0.174186,0.000049,0.000020,10.000000,26.000000,-75.000000,-0.139684,0.000017,0.000000,0.000000,0.000000,-0.070569,1266.000000,0.000000,0.000000,0.000000,0.000000,30.010508,-74.626831,-90.283478,243.018997,243.328110,-0.000032,2.126076,9.987015,6654,0,30,-14
30.013439,0.008111,-0.119560,-1.066378,0.000045,0.688691,-0.161015,-0.000559,1.101801,0.054806,0.174189,0.000049,0.000020,10.000000,26.000000,-75.000000,-0.139684,0.000017,0.000000,0.000000,0.000000,-0.070569,1266.000000,0.000000,0.000000,0.000000,0.000000,30.012465,-74.626831,-90.283478,243.018997,243.328110,-0.000025,2.126098,9.987015,6654,0,30,-15
30.015394,0.008111,-0.118178,-1.066700,0.000044,0.690891,-0.160902,-0.000557,1.099434,0.056750,0.174192,0.000049,0.000020,10.000000,26.000000,-75.000000,-0.139684,0.000017,0.000000,0.000000,0.000000,-0.070569,1266.000000,0.000000,0.000000,0.000000,0.000000,30.014416,-74.626831,-90.283478,243.018997,243.328110,-0.000025,2.126099,9.987015,6654,0,30,-15
30.017347,0.008111,-0.116792,-1.067022,0.000043,0.693086,-0.160786,-0.000554,1.097103,0.058502,0.174196,0.000048,0.000020,10.000000,26.000000,-75.000000,-0.139684,0.000017,0.000000,0.000000,0.000000,-0.070569,1266.000000,0.000000,0.000000,0.000000,0.000000,30.016373,-74.626831,-90.283478,243.018997,243.328110,-0.000030,2.126081,9.987015,6654,0,30,-15
30.019302,0.008112,-0.115401,-1.067344,0.000042,0.695277,-0.160666,-0.000551,1.094806,0.060078,0.174199,0.000048,0.000019,10.000000,26.000000,-75.000000,-0.139684,0.000017,0.000000,0.000000,0.000000,-0.070569,1266.000000,0.000000,0.000000,0.000000,0.000000,30.018324,-74.626831,-90.283478,243.018997,243.328110,-0.000034,2.126068,9.987015,6654,0,30,-15
30.021255,0.008112,-0.114006,-1.067666,0.000041,0.697463,-0.160544,-0.000547,1.092543,0.061495,0.174202,0.000048,0.000019,10.000000,26.000000,-75.000000,-0.139684,0.000017,0.000000,0.000000,0.000000,-0.070569,1266.000000,0.000000,0.000000,0.000000,0.000000,30.020281,-74.626831,-90.283478,243.018997,243.328110,-0.000037,2.126059,9.987015,6654,0,31,-15
30.023211,0.008112,-0.112606,-1.067987,0.000040,0.699645,-0.160419,-0.000543,1.090308,0.062769,0.174206,0.000048,0.000019,10.000000,26.000000,-75.000000,-0.139684,0.000017,0.000000,0.000000,0.000000,-0.070569,1266.000000,0.000000,0.000000,0.000000,0.000000,30.022232,-74.626831,-90.283478,243.018997,243.328110,-0.000039,2.126054,9.987015,6654,0,31,-15
30.025164,0.008112,-0.111202,-1.068308,0.000039,0.701822,-0.160292,-0.000538,1.088100,0.063912,0.174209,0.000047,0.000019,10.000000,26.000000,-75.000000,-0.139684,0.000017,0.000000,0.000000,0.000000,-0.070569,1266.000000,0.000000,0.000000,0.000000,0.000000,30.024187,-74.626831,-90.283478,243.018997,243.328110,-0.000039,2.126052,9.987015,6654,0,31,-15
30.027119,0.008112,-0.109794,-1.068629,0.000038,0.703995,-0.160163,-0.000532,1.085918,0.064936,0.174213,0.000047,0.000019,10.000000,26.000000,-75.000000,-0.139684,0.000017,0.000000,0.000000,0.000000,-0.070569,1266.000000,0.000000,0.000000,0.000000,0.000000,30.026140,-74.626831,-90.283478,243.018997,243.328110,-0.000039,2.126054,9.987015,6654,0,31,-15
30.029072,0.008112,-0.108381,-1.068949,0.000037,0.706164,-0.160031,-0.000526,1.083759,0.065852,0.174217,0.000046,0.000019,10.000000,26.000000,-75.000000,-0.139684,0.000017,0.000000,0.000000,0.000000,-0.070569,1266.000000,0.000000,0.000000,0.000000,0.000000,30.028095,-74.626831,-90.283478,243.018997,243.328110,-0.000037,2.126059,9.987015,6654,0,31,-15
30.031027,0.008112,-0.106964,-1.069269,0.000036,0.708328,-0.159898,-0.000520,1.081620,0.066672,0.174220,0.000046,0.000019,10.000000,26.000000,-75.000000,-0.139684,0.000017,0.000000,0.000000,0.000000,-0.070569,1266.000000,0.000000,0.000000,0.000000,0.000000,30.030048,-74.626831,-90.283478,243.018997,243.328110,-0.000035,2.126066,9.987015,6654,0,31,-15
30.032980,0.008112,-0.105543,-1.069589,0.000035,0.710488,-0.159764,-0.000513,1.079502,0.067402,0.174224,0.000045,0.000018,10.000000,26.000000,-75.000000,-0.139684,0.000017,0.000000,0.000000,0.000000,-0.070569,1266.000000,0.000000,0.000000,0.000000,0.000000,30.032003,-74.626831,-90.283478,243.018997,243.328110,-0.000032,2.126076,9.987015,6654,0,31,-15
30.034933,0.008112,-0.104117,-1.069909,0.000034,0.712644,-0.159628,-0.000506,1.077401,0.068052,0.174227,0.000045,0.000018,10.000000,26.000000,-75.000000,-0.139684,0.000017,0.000000,0.000000,0.000000,-0.070569,1266.000000,0.000000,0.000000,0.000000,0.000000,30.033957,-74.626831,-90.283478,243.018997,243.328110,-0.000028,2.126088,9.987015,6654,0,31,-15
30.036888,0.008112,-0.102687,-1.070228,0.000033,0.714796,-0.159491,-0.000499,1.075317,0.068630,0.174231,0.000044,0.000018,10.000000,26.000000,-75.000000,-0.139684,0.000017,0.000000,0.000000,0.000000,-0.070569,1266.000000,0.000000,0.000000,0.000000,0.000000,30.035912,-74.626831,-90.283478,243.018997,243.328110,-0.000024,2.126102,9.987015,6654,0,31,-15
30.038841,0.008112,-0.101253,-1.070547,0.000032,0.716943,-0.159353,-0.000492,1.073248,0.069141,0.174235,0.000043,0.000018,10.000000,26.000000,-75.000000,-0.139684,0.000017,0.000000,0.000000,0.000000,-0.070569,1266.000000,0.000000,0.000000,0.000000,0.000000,30.037865,-74.626831,-90.283478,243.018997,243.328110,-0.000018,2.126118,9.987015,6654,-1,31,-15
30.040796,0.008112,-0.099814,-1.070866,0.000031,0.719087,-0.159214,-0.000484,1.071194,0.069593,0.174239,0.000043,0.000018,10.000000,26.000000,-75.000000,-0.139684,0.000017,0.000000,0.000000,0.000000,-0.070569,1266.000000,0.000000,0.000000,0.000000,0.000000,30.039820,-74.626831,-90.283478,243.018997,243.328110,-0.000013,2.126137,9.987015,6654,-1,31,-15
30.042749,0.008112,-0.098371,-1.071185,0.000030,0.721226,-0.159074,-0.000476,1.069153,0.069990,0.174242,0.000042,0.000018,10.000000,26.000000,-75.000000,-0.139684,0.000017,0.000000,0.000000,0.000000,-0.070569,1266.000000,0.000000,0.000000,0.000000,0.000000,30.041773,-74.626831,-90.283478,243.018997,243.328110,-0.000006,2.126156,9.987015,6654,-1,31,-15
30.044704,0.008112,-0.096924,-1.071503,0.000029,0.723361,-0.158934,-0.000469,1.067124,0.070339,0.174246,0.000041,0.000018,10.000000,26.000000,-75.000000,-0.139684,0.000017,0.000000,0.000000,0.000000,-0.070569,1266.000000,0.000000,0.000000,0.000000,0.000000,30.043728,-74.626831,-90.283478,243.018997,243.328110,0.000001,2.126178,9.987015,6654,-1,31,-16
30.046658,0.008112,-0.095473,-1.071821,0.000028,0.725493,-0.158793,-0.000461,1.065108,0.070643,0.174250,0.000041,0.000017,10.000000,26.000000,-75.000000,-0.139684,0.000017,0.000000,0.000000,0.000000,-0.070569,1266.000000,0.000000,0.000000,0.000000,0.000000,30.045679,-74.626831,-90.283478,243.018997,243.328110,0.000001,2.126178,9.987015,6654,-1,31,-16
30.048613,0.008113,-0.094017,-1.072138,0.000027,0.727620,-0.158651,-0.000453,1.063101,0.070906,0.174253,0.000040,0.000017,10.000000,23.000000,-76.000000,-0.139684,0.000017,0.000000,0.000000,0.000000,-0.070569,1250.000000,0.000000,0.000000,0.000000,0.000000,30.047636,-74.626831,-90.283478,243.018997,243.328110,-0.000005,2.126160,9.987015,6654,-1,31,-16
30.050566,0.008113,-0.092557,-1.072456,0.000026,0.729743,-0.158509,-0.000445,1.061103,0.071133,0.174257,0.000039,0.000017,10.000000,23.000000,-76.000000,-0.130907,0.000007,0.000000,0.000000,0.067000,-0.095219,1250.000000,0.000000,0.000000,0.000000,0.000000,30.049587,-14.925380,-40.096542,891.066772,450.991516,-0.000009,0.944244,9.966044,6524,-723,31,-16
30.052521,0.008113,-0.091093,-1.072773,0.000025,0.731859,-0.158348,-0.000437,1.056728,0.084881,0.174258,0.000039,0.000017,10.000000,23.000000,-76.000000,-0.130907,0.000007,0.000000,0.000000,0.000000,-0.095219,1250.000000,0.000000,0.000000,0.000000,0.000000,30.051544,-14.925380,-40.096542,891.066772,450.991516,-0.000028,0.944187,9.966044,6524,-723,31,-16
30.054474,0.008113,-0.089625,-1.073090,0.000024,0.733965,-0.158153,-0.000428,1.051753,0.101671,0.174248,0.000038,0.000017,10.000000,23.000000,-76.000000,-0.130907,0.000007,0.000000,0.000000,0.000000,-0.095219,1250.000000,0.000000,0.000000,0.000000,0.000000,30.053495,-14.925380,-40.096542,891.066772,450.991516,-0.000072,0.944048,9.966044,6524,-720,31,-16
30.056429,0.008113,-0.088152,-1.073406,0.000024,0.736061,-0.157927,-0.000420,1.046926,0.116827,0.174221,0.000037,0.000016,10.000000,23.000000,-76.000000,-0.130907,0.000007,0.000000,0.000000,0.000000,-0.095219,1250.000000,0.000000,0.000000,0.000000,0.000000,30.055452,-14.925380,-40.096542,891.066772,450.991516,-0.000129,0.943869,9.966044,6524,-714,31,-16
30.058382,0.008113,-0.086676,-1.073722,0.000023,0.738148,-0.157672,-0.000412,1.042151,0.130487,0.174169,0.000037,0.000016,10.000000,23.000000,-76.000000,-0.130907,0.000007,0.000000,0.000000,0.000000,-0.095219,1250.000000,0.000000,0.000000,0.000000,0.000000,30.057404,-14.925380,-40.096542,891.066772,450.991516,-0.000198,0.943652,9.966044,6524,-706,31,-16
30.060335,0.008113,-0.085195,-1.074037,0.000022,0.740225,-0.157393,-0.000404,1.037343,0.142778,0.174086,0.000036,0.000015,10.000000,23.000000,-76.000000,-0.130907,0.000007,0.000000,0.000000,0.000000,-0.095219,1250.000000,0.000000,0.000000,0.000000,0.000000,30.059361,-14.925380,-40.096542,891.066772,450.991516,-0.000277,0.943403,9.966044,6524,-695,31,-16
30.062290,0.008113,-0.083710,-1.074352,0.000021,0.742292,-0.157091,-0.000397,1.032427,0.153811,0.173968,0.000036,0.000014,10.000000,23.000000,-76.000000,-0.130907,0.000007,0.000000,0.000000,0.000000,-0.095219,1250.000000,0.000000,0.000000,0.000000,0.000000,30.061312,-14.925380,-40.096542,891.066772,450.991516,-0.000365,0.943126,9.966044,6524,-682,31,-16
30.064243,0.008113,-0.082221,-1.074666,0.000020,0.744350,-0.156768,-0.000390,1.027334,0.163692,0.173808,0.000035,0.000013,10.000000,23.000000,-76.000000,-0.130907,0.000007,0.000000,0.000000,0.000000,-0.095219,1250.000000,0.000000,0.000000,0.000000,0.000000,30.063269,-14.925380,-40.096542,891.066772,450.991516,-0.000462,0.942824,9.966044,6524,-666,31,-15
30.066198,0.008113,-0.080727,-1.074979,0.000020,0.746396,-0.156427,-0.000383,1.022005,0.172513,0.173605,0.000035,0.000012,10.000000,23.000000,-76.000000,-0.130907,0.000007,0.000000,0.000000,0.000000,-0.095219,1250.000000,0.000000,0.000000,0.000000,0.000000,30.065220,-14.925380,-40.096542,891.066772,450.991516,-0.000557,0.942524,9.966044,6524,-649,31,-15
30.068151,0.008113,-0.079230,-1.075292,0.000019,0.748432,-0.156070,-0.000377,1.016389,0.180361,0.173352,0.000035,0.000010,10.000000,23.000000,-76.000000,-0.130907,0.000007,0.000000,0.000000,0.000000,-0.095219,1250.000000,0.000000,0.000000,0.000000,0.000000,30.067177,-14.925380,-40.096542,891.066772,450.991516,-0.000652,0.942226,9.966044,6524,-630,31,-15
30.070107,0.008113,-0.077729,-1.075603,0.000018,0.750456,-0.155699,-0.000371,1.010441,0.187315,0.173049,0.000035,0.000009,10.000000,23.000000,-76.000000,-0.130907,0.000007,0.000000,0.000000,0.000000,-0.095219,1250.000000,0.000000,0.000000,0.000000,0.000000,30.069128,-14.925380,-40.096542,891.066772,450.991516,-0.000752,0.941912,9.966044,6524,-613,31,-14
30.072060,0.008113,-0.076223,-1.075915,0.000017,0.752467,-0.155315,-0.000366,1.004120,0.193445,0.172691,0.000034,0.000007,10.000000,23.000000,-76.000000,-0.130907,0.000007,0.000000,0.000000,0.000000,-0.095219,1250.000000,0.000000,0.000000,0.000000,0.000000,30.071083,-14.925380,-40.096542,891.066772,450.991516,-0.000849,0.941606,9.966044,6524,-591,31,-14
30.074015,0.008113,-0.074714,-1.076225,0.000017,0.754465,-0.154920,-0.000361,0.997396,0.198817,0.172278,0.000034,0.000005,10.000000,23.000000,-76.000000,-0.130907,0.000007,0.000000,0.000000,0.000000,-0.095219,1250.000000,0.000000,0.000000,0.000000,0.000000,30.073036,-14.925380,-40.096542,891.066772,450.991516,-0.000944,0.941309,9.966044,6524,-567,30,-13
30.075968,0.008113,-0.073200,-1.076535,0.000016,0.756450,-0.154515,-0.000356,0.990238,0.203490,0.171807,0.000034,0.000003,10.000000,23.000000,-76.000000,-0.130907,0.000007,0.000000,0.000000,0.000000,-0.095219,1250.000000,0.000000,0.000000,0.000000,0.000000,30.074991,-14.925380,-40.096542,891.066772,450.991516,-0.001035,0.941025,9.966044,6524,-541,30,-13
30.077923,0.008113,-0.071683,-1.076843,0.000015,0.758419,-0.154102,-0.000352,0.982628,0.207521,0.171277,0.000035,0.000001,10.000000,23.000000,-76.000000,-0.130907,0.000007,0.000000,0.000000,0.000000,-0.095219,1250.000000,0.000000,0.000000,0.000000,0.000000,30.076944,-14.925380,-40.096542,891.066772,450.991516,-0.001121,0.940754,9.966044,6524,-514,30,-12
30.079876,0.008113,-0.070162,-1.077151,0.000014,0.760372,-0.153682,-0.000349,0.974545,0.210960,0.170688,0.000035,-0.000002,10.000000,23.000000,-76.000000,-0.130907,0.000007,0.000000,0.000000,0.000000,-0.095219,1250.000000,0.000000,0.000000,0.000000,0.000000,30.078899,-14.925380,-40.096542,891.066772,450.991516,-0.001203,0.940497,9.966044,6524,-487,30,-11
30.081829,0.008113,-0.068636,-1.077458,0.000014,0.762308,-0.153256,-0.000346,0.965977,0.213853,0.170039,0.000035,-0.000004,10.000000,23.000000,-76.000000,-0.130907,0.000007,0.000000,0.000000,0.000000,-0.095219,1250.000000,0.000000,0.000000,0.000000,0.000000,30.080853,-14.925380,-40.096542,891.066772,450.991516,-0.001273,0.940278,9.966044,6524,-458,30,-11
30.083784,0.008113,-0.067107,-1.077764,0.000013,0.764227,-0.152824,-0.000342,0.956919,0.216244,0.169330,0.000035,-0.000007,10.000000,23.000000,-76.000000,-0.130907,0.000007,0.000000,0.000000,0.000000,-0.095219,1250.000000,0.000000,0.000000,0.000000,0.000000,30.082808,-14.925380,-40.096542,891.066772,450.991516,-0.001338,0.940074,9.966044,6524,-428,30,-10
30.085737,0.008113,-0.065575,-1.078070,0.000012,0.766126,-0.152389,-0.000340,0.947362,0.218171,0.168562,0.000035,-0.000010,10.000000,23.000000,-76.000000,-0.130907,0.000007,0.000000,0.000000,0.000000,-0.095219,1250.000000,0.000000,0.000000,0.000000,0.000000,30.084761,-14.925380,-40.096542,891.066772,450.991516,-0.001397,0.939887,9.966044,6524,-398,30,-9
30.087692,0.008113,-0.064038,-1.078374,0.000012,0.768006,-0.151950,-0.000337,0.937309,0.219672,0.167734,0.000036,-0.000013,10.000000,23.000000,-76.000000,-0.130907,0.000007,0.000000,0.000000,0.000000,-0.095219,1250.000000,0.000000,0.000000,0.000000,0.000000,30.086716,-14.925380,-40.096542,891.066772,450.991516,-0.001444,0.939741,9.966044,6524,-367,30,-8
30.089645,0.008113,-0.062498,-1.078678,0.000011,0.769865,-0.151509,-0.000334,0.926760,0.220782,0.166849,0.000036,-0.000016,10.000000,23.000000,-76.000000,-0.130907,0.000007,0.000000,0.000000,0.000000,-0.095219,1250.000000,0.000000,0.000000,0.000000,0.000000,30.088669,-14.925380,-40.096542,891.066772,450.991516,-0.001478,0.939634,9.966044,6524,-335,30,-7
30.091600,0.008113,-0.060954,-1.078980,0.000010,0.771702,-0.151067,-0.000332,0.915724,0.221532,0.165907,0.000036,-0.000019,10.000000,23.000000,-76.000000,-0.130907,0.000007,0.000000,0.000000,0.000000,-0.095219,1250.000000,0.000000,0.000000,0.000000,0.000000,30.090624,-14.925380,-40.096542,891.066772,450.991516,-0.001499,0.939568,9.966044,6524,-304,30,-6
30.093554,0.008113,-0.059406,-1.079282,0.000010,0.773516,-0.150623,-0.000329,0.904209,0.221951,0.164909,0.000037,-0.000022,10.000000,23.000000,-76.000000,-0.130907,0.000007,0.000000,0.000000,0.000000,-0.095219,1250.000000,0.000000,0.000000,0.000000,0.000000,30.092575,-14.925380,-40.096542,891.066772,450.991516,-0.001508,0.939540,9.966044,6524,-272,30,-5
30.095509,0.008113,-0.057855,-1.079583,0.000009,0.775307,-0.150179,-0.000327,0.892226,0.222068,0.163858,0.000037,-0.000025,10.000000,23.000000,-76.000000,-0.130907,0.000007,0.000000,0.000000,0.000000,-0.095219,1250.000000,0.000000,0.000000,0.000000,0.000000,30.094532,-14.925380,-40.096542,891.066772,450.991516,-0.001504,0.939551,9.966044,6524,-239,30,-4
30.097462,0.008113,-0.056300,-1.079883,0.000008,0.777072,-0.149735,-0.000325,0.879791,0.221909,0.162756,0.000037,-0.000028,10.000000,23.000000,-76.000000,-0.130907,0.000007,0.000000,0.000000,0.000000,-0.095219,1250.000000,0.000000,0.000000,0.000000,0.000000,30.096483,-14.925380,-40.096542,891.066772,450.991516,-0.001488,0.939601,9.966044,6524,-207,30,-2
30.099417,0.008113,-0.054742,-1.080182,0.000008,0.778813,-0.149292,-0.000322,0.866919,0.221496,0.161603,0.000037,-0.000031,10.000000,23.000000,-76.000000,-0.130907,0.000007,0.000000,0.000000,0.000000,-0.095219,1250.000000,0.000000,0.000000,0.000000,0.000000,30.098440,-14.925380,-40.096542,891.066772,450.991516,-0.001452,0.939714,9.966044,6524,-175,30,-1
30.101370,0.008113,-0.053180,-1.080480,0.000007,0.780527,-0.148849,-0.000320,0.853631,0.220854,0.160403,0.000038,-0.000033,10.000000,23.000000,-76.000000,-0.130907,0.000007,0.000000,0.000000,0.000000,-0.095219,1250.000000,0.000000,0.000000,0.000000,0.000000,30.100391,-14.925380,-40.096542,891.066772,450.991516,-0.001397,0.939886,9.966044,6524,-144,30,0
30.103325,0.008113,-0.051615,-1.080778,0.000006,0.782213,-0.148409,-0.000317,0.839946,0.220003,0.159159,0.000038,-0.000036,10.000000,23.000000,-76.000000,-0.130907,0.000007,0.000000,0.000000,0.000000,-0.095219,1250.000000,0.000000,0.000000,0.000000,0.000000,30.102348,-14.925380,-40.096542,891.066772,450.991516,-0.001332,0.940093,9.966044,6524,-112,30,0
30.105278,0.008113,-0.050046,-1.081074,0.000006,0.783872,-0.147971,-0.000315,0.825890,0.218964,0.157872,0.000038,-0.000039,10.000000,23.000000,-76.000000,-0.130907,0.000007,0.000000,0.000000,0.000000,-0.095219,1250.000000,0.000000,0.000000,0.000000,0.000000,30.104300,-14.925380,-40.096542,891.066772,450.991516,-0.001262,0.940312,9.966044,6524,-81,30,1
30.107231,0.008113,-0.048474,-1.081370,0.000005,0.785502,-0.147534,-0.000312,0.811481,0.217755,0.156546,0.000038,-0.000041,10.000000,19.000000,-75.000000,-0.130907,0.000007,0.000000,0.000000,0.000000,-0.095219,1276.000000,0.000000,0.000000,0.000000,0.000000,30.106256,-14.925380,-40.096542,891.066772,450.991516,-0.001187,0.940548,9.966044,6524,-51,30,2
30.109186,0.008113,-0.046899,-1.081664,0.000005,0.787103,-0.147101,-0.000309,0.796747,0.216395,0.155183,0.000038,-0.000043,10.000000,19.000000,-75.000000,-0.074705,0.000001,0.000000,0.000000,0.066000,0.155159,1276.000000,0.000000,0.000000,0.000000,0.000000,30.108208,15.151519,1.403804,455.710693,478.387817,-0.001099,-0.036511,9.942879,6480,-893,30,2
30.111139,0.008113,-0.045321,-1.081958,0.000004,0.788673,-0.146664,-0.000306,0.780999,0.219501,0.153783,0.000038,-0.000045,10.000000,19.000000,-75.000000,-0.074705,0.000001,0.000000,0.000000,0.000000,0.155159,1276.000000,0.000000,0.000000,0.000000,0.000000,30.110165,15.151519,1.403804,455.710693,478.387817,-0.001024,-0.036275,9.942879,6480,-863,30,3
30.113094,0.008113,-0.043740,-1.082251,0.000003,0.790211,-0.146219,-0.000303,0.764751,0.223525,0.152340,0.000038,-0.000047,10.000000,19.000000,-75.000000,-0.074705,0.000001,0.000000,0.000000,0.000000,0.155159,1276.000000,0.000000,0.000000,0.000000,0.000000,30.112116,15.151519,1.403804,455.710693,478.387817,-0.000975,-0.036120,9.942879,6480,-831,30,4
30.115047,0.008113,-0.042156,-1.082543,0.000003,0.791716,-0.145767,-0.000299,0.748193,0.226883,0.150847,0.000038,-0.000049,10.000000,19.000000,-75.000000,-0.074705,0.000001,0.000000,0.000000,0.000000,0.155159,1276.000000,0.000000,0.000000,0.000000,0.000000,30.114073,15.151519,1.403804,455.710693,478.387817,-0.000929,-0.035977,9.942879,6480,-797,30,5
30.117002,0.008113,-0.040569,-1.082834,0.000002,0.793187,-0.145309,-0.000295,0.731261,0.229629,0.149300,0.000038,-0.000051,10.000000,19.000000,-75.000000,-0.074705,0.000001,0.000000,0.000000,0.000000,0.155159,1276.000000,0.000000,0.000000,0.000000,0.000000,30.116024,15.151519,1.403804,455.710693,478.387817,-0.000886,-0.035842,9.942879,6480,-761,30,6
30.118956,0.008113,-0.038978,-1.083125,0.000002,0.794623,-0.144846,-0.000291,0.713902,0.231809,0.147695,0.000038,-0.000053,10.000000,19.000000,-75.000000,-0.074705,0.000001,0.000000,0.000000,0.000000,0.155159,1276.000000,0.000000,0.000000,0.000000,0.000000,30.117979,15.151519,1.403804,455.710693,478.387817,-0.000844,-0.035711,9.942879,6480,-722,30,6
30.120911,0.008113,-0.037385,-1.083414,0.000001,0.796025,-0.144380,-0.000287,0.696074,0.233469,0.146029,0.000037,-0.000054,10.000000,19.000000,-75.000000,-0.074705,0.000001,0.000000,0.000000,0.000000,0.155159,1276.000000,0.000000,0.000000,0.000000,0.000000,30.119932,15.151519,1.403804,455.710693,478.387817,-0.000809,-0.035601,9.942879,6480,-682,30,7
30.122864,0.008113,-0.035790,-1.083702,0.000000,0.797389,-0.143911,-0.000283,0.677738,0.234651,0.144297,0.000037,-0.000056,10.000000,19.000000,-75.000000,-0.074705,0.000001,0.000000,0.000000,0.000000,0.155159,1276.000000,0.000000,0.000000,0.000000,0.000000,30.121887,15.151519,1.403804,455.710693,478.387817,-0.000779,-0.035505,9.942879,6480,-640,30,8
30.124819,0.008113,-0.034191,-1.083990,-0.000000,0.798716,-0.143441,-0.000279,0.658867,0.235394,0.142500,0.000037,-0.000057,10.000000,19.000000,-75.000000,-0.074705,0.000001,0.000000,0.000000,0.000000,0.155159,1276.000000,0.000000,0.000000,0.000000,0.000000,30.123840,15.151519,1.403804,455.710693,478.387817,-0.000744,-0.035397,9.942879,6480,-597,30,8
30.126772,0.008113,-0.032590,-1.084276,-0.000001,0.800005,-0.142970,-0.000274,0.639444,0.235734,0.140636,0.000036,-0.000059,10.000000,19.000000,-75.000000,-0.074705,0.000001,0.000000,0.000000,0.000000,0.155159,1276.000000,0.000000,0.000000,0.000000,0.000000,30.125795,15.151519,1.403804,455.710693,478.387817,-0.000712,-0.035297,9.942879,6480,-553,30,9
30.128727,0.008113,-0.030987,-1.084562,-0.000001,0.801254,-0.142498,-0.000269,0.619451,0.235707,0.138704,0.000036,-0.000060,10.000000,19.000000,-75.000000,-0.074705,0.000001,0.000000,0.000000,0.000000,0.155159,1276.000000,0.000000,0.000000,0.000000,0.000000,30.127748,15.151519,1.403804,455.710693,478.387817,-0.000681,-0.035198,9.942879,6480,-508,30,9
30.130680,0.008113,-0.029381,-1.084846,-0.000002,0.802462,-0.142027,-0.000263,0.598885,0.235345,0.136704,0.000036,-0.000062,10.000000,19.000000,-75.000000,-0.074705,0.000001,0.000000,0.000000,0.000000,0.155159,1276.000000,0.000000,0.000000,0.000000,0.000000,30.129704,15.151519,1.403804,455.710693,478.387817,-0.000649,-0.035097,9.942879,6480,-462,30,10
30.132633,0.008113,-0.027773,-1.085130,-0.000002,0.803628,-0.141557,-0.000258,0.577740,0.234678,0.134636,0.000035,-0.000063,10.000000,19.000000,-75.000000,-0.074705,0.000001,0.000000,0.000000,0.000000,0.155159,1276.000000,0.000000,0.000000,0.000000,0.000000,30.131657,15.151519,1.403804,455.710693,478.387817,-0.000615,-0.034990,9.942879,6480,-416,30,10
30.134588,0.008113,-0.026162,-1.085413,-0.000003,0.804751,-0.141089,-0.000252,0.556024,0.233737,0.132503,0.000034,-0.000064,10.000000,19.000000,-75.000000,-0.074705,0.000001,0.000000,0.000000,0.000000,0.155159,1276.000000,0.000000,0.000000,0.000000,0.000000,30.133612,15.151519,1.403804,455.710693,478.387817,-0.000578,-0.034875,9.942879,6480,-369,30,11
30.136541,0.008113,-0.024549,-1.085694,-0.000003,0.805830,-0.140624,-0.000245,0.533742,0.232548,0.130304,0.000034,-0.000065,10.000000,19.000000,-75.000000,-0.074705,0.000001,0.000000,0.000000,0.000000,0.155159,1276.000000,0.000000,0.000000,0.000000,0.000000,30.135565,15.151519,1.403804,455.710693,478.387817,-0.000537,-0.034746,9.942879,6480,-322,31,11
30.138496,0.008113,-0.022935,-1.085975,-0.000004,0.806863,-0.140161,-0.000238,0.510912,0.231138,0.128043,0.000033,-0.000066,10.000000,19.000000,-75.000000,-0.074705,0.000001,0.000000,0.000000,0.000000,0.155159,1276.000000,0.000000,0.000000,0.000000,0.000000,30.137520,15.151519,1.403804,455.710693,478.387817,-0.000492,-0.034603,9.942879,6480,-276,31,12
30.140450,0.008113,-0.021318,-1.086255,-0.000004,0.807850,-0.139701,-0.000231,0.487546,0.229530,0.125720,0.000032,-0.000067,10.000000,19.000000,-75.000000,-0.074705,0.000001,0.000000,0.000000,0.000000,0.155159,1276.000000,0.000000,0.000000,0.000000,0.000000,30.139471,15.151519,1.403804,455.710693,478.387817,-0.000440,-0.034442,9.942879,6480,-229,31,12
30.142405,0.008113,-0.019699,-1.086534,-0.000005,0.808789,-0.139244,-0.000223,0.463670,0.227749,0.123340,0.000032,-0.000068,10.000000,19.000000,-75.000000,-0.074705,0.000001,0.000000,0.000000,0.000000,0.155159,1276.000000,0.000000,0.000000,0.000000,0.000000,30.141428,15.151519,1.403804,455.710693,478.387817,-0.000382,-0.034260,9.942879,6480,-182,31,13
30.144358,0.008113,-0.018078,-1.086812,-0.000005,0.809680,-0.138792,-0.000216,0.439304,0.225817,0.120904,0.000031,-0.000069,10.000000,19.000000,-75.000000,-0.074705,0.000001,0.000000,0.000000,0.000000,0.155159,1276.000000,0.000000,0.000000,0.000000,0.000000,30.143379,15.151519,1.403804,455.710693,478.387817,-0.000317,-0.034055,9.942879,6480,-137,31,13
30.146313,0.008113,-0.016456,-1.087089,-0.000005,0.810522,-0.138343,-0.000208,0.414480,0.223754,0.118416,0.000030,-0.000069,10.000000,19.000000,-75.000000,-0.074705,0.000001,0.000000,0.000000,0.000000,0.155159,1276.000000,0.000000,0.000000,0.000000,0.000000,30.145336,15.151519,1.403804,455.710693,478.387817,-0.000244,-0.033825,9.942879,6480,-87,31,14
30.148266,0.008113,-0.014832,-1.087366,-0.000006,0.811313,-0.137899,-0.000199,0.389224,0.221579,0.115880,0.000029,-0.000070,10.000000,19.000000,-75.000000,-0.074705,0.000001,0.000000,0.000000,0.000000,0.155159,1276.000000,0.000000,0.000000,0.000000,0.000000,30.147287,15.151519,1.403804,455.710693,478.387817,-0.000162,-0.033567,9.942879,6480,-42,31,14
30.150221,0.008113,-0.013207,-1.087641,-0.000006,0.812053,-0.137459,-0.000191,0.363572,0.219313,0.113298,0.000028,-0.000070,10.000000,19.000000,-75.000000,-0.074705,0.000001,0.000000,0.000000,0.000000,0.155159,1276.000000,0.000000,0.000000,0.000000,0.000000,30.149244,15.151519,1.403804,455.710693,478.387817,-0.000070,-0.033280,9.942879,6480,1,31,14
30.152174,0.008113,-0.011580,-1.087916,-0.000007,0.812741,-0.137024,-0.000182,0.337558,0.216972,0.110676,0.000027,-0.000070,10.000000,19.000000,-75.000000,-0.074705,0.000001,0.000000,0.000000,0.000000,0.155159,1276.000000,0.000000,0.000000,0.000000,0.000000,30.151196,15.151519,1.403804,455.710693,478.387817,0.000023,-0.032986,9.942879,6480,44,31,15
30.154127,0.008113,-0.009952,-1.088189,-0.000007,0.813377,-0.136594,-0.000174,0.311216,0.214572,0.108015,0.000026,-0.000070,10.000000,19.000000,-75.000000,-0.074705,0.000001,0.000000,0.000000,0.000000,0.155159,1276.000000,0.000000,0.000000,0.000000,0.000000,30.153152,15.151519,1.403804,455.710693,478.387817,0.000127,-0.032660,9.942879,6480,85,31,15
30.156082,0.008113,-0.008323,-1.088462,-0.000007,0.813959,-0.136168,-0.000165,0.284589,0.212129,0.105322,0.000025,-0.000069,10.000000,19.000000,-75.000000,-0.074705,0.000001,0.000000,0.000000,0.000000,0.155159,1276.000000,0.000000,0.000000,0.000000,0.000000,30.155104,15.151519,1.403804,455.710693,478.387817,0.000242,-0.032300,9.942879,6480,126,31,15
30.158035,0.008113,-0.006693,-1.088734,-0.000008,0.814488,-0.135748,-0.000156,0.257714,0.209658,0.102600,0.000023,-0.000069,10.000000,19.000000,-75.000000,-0.074705,0.000001,0.000000,0.000000,0.000000,0.155159,1276.000000,0.000000,0.000000,0.000000,0.000000,30.157061,15.151519,1.403804,455.710693,478.387817,0.000360,-0.031929,9.942879,6480,165,31,15
30.159990,0.008113,-0.005061,-1.089005,-0.000008,0.814963,-0.135332,-0.000148,0.230632,0.207171,0.099853,0.000022,-0.000068,10.000000,19.000000,-75.000000,-0.074705,0.000001,0.000000,0.000000,0.000000,0.155159,1276.000000,0.000000,0.000000,0.000000,0.000000,30.159012,15.151519,1.403804,455.710693,478.387817,0.000483,-0.031544,9.942879,6480,203,31,15
30.161943,0.008113,-0.003429,-1.089275,-0.000008,0.815383,-0.134922,-0.000139,0.203382,0.204681,0.097086,0.000021,-0.000067,10.000000,19.000000,-75.000000,-0.074705,0.000001,0.000000,0.000000,0.000000,0.155159,1276.000000,0.000000,0.000000,0.000000,0.000000,30.160969,15.151519,1.403804,455.710693,478.387817,0.000610,-0.031144,9.942879,6480,240,31,15
30.163898,0.008113,-0.001796,-1.089545,-0.000008,0.815749,-0.134516,-0.000130,0.176008,0.202199,0.094303,0.000020,-0.000065,10.000000,19.000000,-75.000000,-0.074705,0.000001,0.000000,0.000000,0.000000,0.155159,1276.000000,0.000000,0.000000,0.000000,0.000000,30.162920,15.151519,1.403804,455.710693,478.387817,0.000743,-0.030727,9.942879,6480,275,31,14
30.165852,0.008113,-0.000162,-1.089814,-0.000009,0.816060,-0.134115,-0.000121,0.148553,0.199736,0.091508,0.000019,-0.000063,10.000000,12.000000,-71.000000,-0.074705,0.000001,0.000000,0.000000,0.000000,0.155159,1280.000000,0.000000,0.000000,0.000000,0.000000,30.164877,15.151519,1.403804,455.710693,478.387817,0.000874,-0.030315,9.942879,6480,308,31,14
30.167807,0.008113,0.001472,-1.090082,-0.000009,0.816316,-0.133719,-0.000111,0.121056,0.197301,0.088706,0.000017,-0.000061,10.000000,12.000000,-71.000000,-0.055120,-0.000002,0.000000,0.000000,0.067000,0.023340,1280.000000,0.000000,0.000000,0.000000,0.000000,30.166828,59.701466,47.448830,664.924255,547.788147,0.001005,-1.114265,9.899104,6492,-638,31,14
30.169760,0.008113,0.003106,-1.090349,-0.000009,0.816517,-0.133330,-0.000102,0.093669,0.193637,0.085897,0.000016,-0.000059,10.000000,12.000000,-71.000000,-0.055120,-0.000002,0.000000,0.000000,0.000000,0.023340,1280.000000,0.000000,0.000000,0.000000,0.000000,30.168783,59.701466,47.448830,664.924255,547.788147,0.001123,-1.113895,9.899104,6492,-608,31,13
30.171715,0.008113,0.004741,-1.090615,-0.000009,0.816663,-0.132949,-0.000092,0.066258,0.189721,0.083076,0.000015,-0.000057,10.000000,12.000000,-71.000000,-0.055120,-0.000002,0.000000,0.000000,0.000000,0.023340,1280.000000,0.000000,0.000000,0.000000,0.000000,30.170736,59.701466,47.448830,664.924255,547.788147,0.001205,-1.113636,9.899104,6492,-576,31,13
30.173668,0.008113,0.006376,-1.090881,-0.000010,0.816754,-0.132575,-0.000083,0.038721,0.185989,0.080237,0.000013,-0.000054,10.000000,12.000000,-71.000000,-0.055120,-0.000002,0.000000,0.000000,0.000000,0.023340,1280.000000,0.000000,0.000000,0.000000,0.000000,30.172691,59.701466,47.448830,664.924255,547.788147,0.001269,-1.113434,9.899104,6492,-542,31,12
30.175623,0.008113,0.008011,-1.091146,-0.000010,0.816790,-0.132208,-0.000073,0.011013,0.182426,0.077375,0.000012,-0.000052,10.000000,12.000000,-71.000000,-0.055120,-0.000002,0.000000,0.000000,0.000000,0.023340,1280.000000,0.000000,0.000000,0.000000,0.000000,30.174644,59.701466,47.448830,664.924255,547.788147,0.001317,-1.113283,9.899104,6492,-506,31,12
30.177576,0.008113,0.009647,-1.091410,-0.000010,0.816770,-0.131849,-0.000063,-0.016911,0.179021,0.074485,0.000011,-0.000049,10.000000,12.000000,-71.000000,-0.055120,-0.000002,0.000000,0.000000,0.000000,0.023340,1280.000000,0.000000,0.000000,0.000000,0.000000,30.176600,59.701466,47.448830,664.924255,547.788147,0.001352,-1.113176,9.899104,6492,-468,31,11
30.179529,0.008113,0.011282,-1.091673,-0.000010,0.816694,-0.131495,-0.000053,-0.045082,0.175765,0.071564,0.000009,-0.000047,10.000000,12.000000,-71.000000,-0.055120,-0.000002,0.000000,0.000000,0.000000,0.023340,1280.000000,0.000000,0.000000,0.000000,0.000000,30.178553,59.701466,47.448830,664.924255,547.788147,0.001374,-1.113105,9.899104,6492,-430,31,10
30.181484,0.008113,0.012917,-1.091936,-0.000010,0.816561,-0.131149,-0.000043,-0.073528,0.172652,0.068611,0.000008,-0.000044,10.000000,12.000000,-71.000000,-0.055120,-0.000002,0.000000,0.000000,0.000000,0.023340,1280.000000,0.000000,0.000000,0.000000,0.000000,30.180508,59.701466,47.448830,664.924255,547.788147,0.001380,-1.113087,9.899104,6492,-390,31,10
30.183437,0.008113,0.014551,-1.092198,-0.000010,0.816371,-0.130808,-0.000033,-0.102270,0.169674,0.065622,0.000007,-0.000041,10.000000,12.000000,-71.000000,-0.055120,-0.000002,0.000000,0.000000,0.000000,0.023340,1280.000000,0.000000,0.000000,0.000000,0.000000,30.182461,59.701466,47.448830,664.924255,547.788147,0.001378,-1.113092,9.899104,6492,-350,31,9
30.185392,0.008113,0.016185,-1.092459,-0.000010,0.816123,-0.130473,-0.000023,-0.131316,0.166828,0.062598,0.000005,-0.000039,10.000000,12.000000,-71.000000,-0.055120,-0.000002,0.000000,0.000000,0.000000,0.023340,1280.000000,0.000000,0.000000,0.000000,0.000000,30.184416,59.701466,47.448830,664.924255,547.788147,0.001371,-1.113116,9.899104,6492,-308,31,8
30.187346,0.008113,0.017818,-1.092720,-0.000010,0.815817,-0.130143,-0.000012,-0.160676,0.164109,0.059537,0.000004,-0.000036,10.000000,12.000000,-71.000000,-0.055120,-0.000002,0.000000,0.000000,0.000000,0.023340,1280.000000,0.000000,0.000000,0.000000,0.000000,30.186369,59.701466,47.448830,664.924255,547.788147,0.001351,-1.113177,9.899104,6492,-267,31,7
30.189301,0.008113,0.019451,-1.092980,-0.000010,0.815451,-0.129819,-0.000001,-0.190352,0.161517,0.056439,0.000002,-0.000033,10.000000,12.000000,-71.000000,-0.055120,-0.000002,0.000000,0.000000,0.000000,0.023340,1280.000000,0.000000,0.000000,0.000000,0.000000,30.188324,59.701466,47.448830,664.924255,547.788147,0.001322,-1.113269,9.899104,6492,-225,31,7
30.191254,0.008113,0.021083,-1.093239,-0.000010,0.815025,-0.129500,0.000010,-0.220343,0.159047,0.053305,0.000001,-0.000031,10.000000,12.000000,-71.000000,-0.055120,-0.000002,0.000000,0.000000,0.000000,0.023340,1280.000000,0.000000,0.000000,0.000000,0.000000,30.190275,59.701466,47.448830,664.924255,547.788147,0.001292,-1.113363,9.899104,6492,-183,32,6
30.193209,0.008113,0.022714,-1.093498,-0.000010,0.814539,-0.129185,0.000022,-0.250636,0.156702,0.050136,-0.000000,-0.000029,10.000000,12.000000,-71.000000,-0.055120,-0.000002,0.000000,0.000000,0.000000,0.023340,1280.000000,0.000000,0.000000,0.000000,0.000000,30.192232,59.701466,47.448830,664.924255,547.788147,0.001261,-1.113459,9.899104,6492,-140,32,5
30.195162,0.008113,0.024344,-1.093756,-0.000010,0.813992,-0.128875,0.000033,-0.281222,0.154479,0.046932,-0.000002,-0.000026,10.000000,12.000000,-71.000000,-0.055120,-0.000002,0.000000,0.000000,0.000000,0.023340,1280.000000,0.000000,0.000000,0.000000,0.000000,30.194183,59.701466,47.448830,664.924255,547.788147,0.001225,-1.113575,9.899104,6492,-98,32,5
30.197117,0.008113,0.025973,-1.094014,-0.000010,0.813383,-0.128569,0.000045,-0.312087,0.152379,0.043696,-0.000003,-0.000024,10.000000,12.000000,-71.000000,-0.055120,-0.000002,0.000000,0.000000,0.000000,0.023340,1280.000000,0.000000,0.000000,0.000000,0.000000,30.196140,59.701466,47.448830,664.924255,547.788147,0.001190,-1.113683,9.899104,6492,-56,32,4
30.199070,0.008113,0.027600,-1.094271,-0.000010,0.812712,-0.128267,0.000057,-0.343208,0.150404,0.040430,-0.000005,-0.000022,10.000000,12.000000,-71.000000,-0.055120,-0.000002,0.000000,0.000000,0.000000,0.023340,1280.000000,0.000000,0.000000,0.000000,0.000000,30.198092,59.701466,47.448830,664.924255,547.788147,0.001159,-1.113781,9.899104,6492,-15,32,4
30.201023,0.008113,0.029226,-1.094527,-0.000010,0.811979,-0.127969,0.000069,-0.374567,0.148553,0.037135,-0.000006,-0.000019,10.000000,12.000000,-71.000000,-0.055120,-0.000002,0.000000,0.000000,0.000000,0.023340,1280.000000,0.000000,0.000000,0.000000,0.000000,30.200048,59.701466,47.448830,664.924255,547.788147,0.001131,-1.113869,9.899104,6492,26,32,3
30.202978,0.008113,0.030850,-1.094783,-0.000010,0.811183,-0.127675,0.000081,-0.406136,0.146826,0.033815,-0.000007,-0.000017,10.000000,12.000000,-71.000000,-0.055120,-0.000002,0.000000,0.000000,0.000000,0.023340,1280.000000,0.000000,0.000000,0.000000,0.000000,30.202000,59.701466,47.448830,664.924255,547.788147,0.001107,-1.113943,9.899104,6492,66,32,2
30.204931,0.008113,0.032473,-1.095038,-0.000009,0.810323,-0.127384,0.000092,-0.437888,0.145225,0.030472,-0.000009,-0.000015,10.000000,12.000000,-71.000000,-0.055120,-0.000002,0.000000,0.000000,0.000000,0.023340,1280.000000,0.000000,0.000000,0.000000,0.000000,30.203957,59.701466,47.448830,664.924255,547.788147,0.001081,-1.114026,9.899104,6492,106,32,2
30.206886,0.008113,0.034094,-1.095293,-0.000009,0.809399,-0.127095,0.000104,-0.469797,0.143750,0.027109,-0.000010,-0.000013,10.000000,12.000000,-71.000000,-0.055120,-0.000002,0.000000,0.000000,0.000000,0.023340,1280.000000,0.000000,0.000000,0.000000,0.000000,30.205908,59.701466,47.448830,664.924255,547.788147,0.001060,-1.114090,9.899104,6492,145,32,1
30.208839,0.008113,0.035713,-1.095547,-0.000009,0.808411,-0.126810,0.000115,-0.501827,0.142403,0.023730,-0.000011,-0.000011,10.000000,12.000000,-71.000000,-0.055120,-0.000002,0.000000,0.000000,0.000000,0.023340,1280.000000,0.000000,0.000000,0.000000,0.000000,30.207865,59.701466,47.448830,664.924255,547.788147,0.001045,-1.114137,9.899104,6492,183,32,1
30.210794,0.008113,0.037330,-1.095800,-0.000009,0.807360,-0.126527,0.000127,-0.533950,0.141184,0.020337,-0.000013,-0.000009,10.000000,12.000000,-71.000000,-0.055120,-0.000002,0.000000,0.000000,0.000000,0.023340,1280.000000,0.000000,0.000000,0.000000,0.000000,30.209816,59.701466,47.448830,664.924255,547.788147,0.001037,-1.114165,9.899104,6492,220,32,1
30.212748,0.008113,0.038944,-1.096053,-0.000008,0.806243,-0.126246,0.000138,-0.566130,0.140093,0.016935,-0.000014,-0.000007,10.000000,12.000000,-71.000000,-0.055120,-0.000002,0.000000,0.000000,0.000000,0.023340,1280.000000,0.000000,0.000000,0.000000,0.000000,30.211773,59.701466,47.448830,664.924255,547.788147,0.001041,-1.114151,9.899104,6492,256,32,0
30.214703,0.008113,0.040557,-1.096305,-0.000008,0.805063,-0.125968,0.000149,-0.598329,0.139129,0.013527,-0.000015,-0.000005,10.000000,12.000000,-71.000000,-0.055120,-0.000002,0.000000,0.000000,0.000000,0.023340,1280.000000,0.000000,0.000000,0.000000,0.000000,30.213724,59.701466,47.448830,664.924255,547.788147,0.001051,-1.114118,9.899104,6492,290,32,0
30.216656,0.008113,0.042167,-1.096557,-0.000008,0.803818,-0.125691,0.000160,-0.630516,0.138293,0.010116,-0.000016,-0.000003,10.000000,12.000000,-71.000000,-0.055120,-0.000002,0.000000,0.000000,0.000000,0.023340,1280.000000,0.000000,0.000000,0.000000,0.000000,30.215679,59.701466,47.448830,664.924255,547.788147,0.001068,-1.114067,9.899104,6492,324,32,0
30.218611,0.008113,0.043774,-1.096808,-0.000008,0.802509,-0.125415,0.000170,-0.662652,0.137584,0.006706,-0.000017,-0.000000,10.000000,12.000000,-71.000000,-0.055120,-0.000002,0.000000,0.000000,0.000000,0.023340,1280.000000,0.000000,0.000000,0.000000,0.000000,30.217632,59.701466,47.448830,664.924255,547.788147,0.001097,-1.113974,9.899104,6492,355,32,0
30.220564,0.008113,0.045379,-1.097059,-0.000007,0.801135,-0.125141,0.000181,-0.694699,0.137001,0.003301,-0.000018,0.000002,10.000000,12.000000,-71.000000,-0.055120,-0.000002,0.000000,0.000000,0.000000,0.023340,1280.000000,0.000000,0.000000,0.000000,0.000000,30.219587,59.701466,47.448830,664.924255,547.788147,0.001140,-1.113842,9.899104,6492,386,32,-1
30.222519,0.008113,0.046980,-1.097309,-0.000007,0.799698,-0.124867,0.000191,-0.726620,0.136542,-0.000095,-0.000019,0.000004,10.000000,12.000000,-71.000000,-0.055120,-0.000002,0.000000,0.000000,0.000000,0.023340,1280.000000,0.000000,0.000000,0.000000,0.000000,30.221540,59.701466,47.448830,664.924255,547.788147,0.001187,-1.113693,9.899104,6492,415,32,-1
30.224472,0.008113,0.048579,-1.097559,-0.000006,0.798197,-0.124595,0.000202,-0.758381,0.136206,-0.003478,-0.000021,0.000007,10.000000,12.000000,-71.000000,-0.055120,-0.000002,0.000000,0.000000,0.000000,0.023340,1280.000000,0.000000,0.000000,0.000000,0.000000,30.223495,59.701466,47.448830,664.924255,547.788147,0.001240,-1.113528,9.899104,6492,443,32,-2
30.226425,0.008113,0.050175,-1.097808,-0.000006,0.796633,-0.124323,0.000212,-0.789941,0.135990,-0.006846,-0.000022,0.000009,10.000000,12.000000,-71.000000,-0.055120,-0.000002,0.000000,0.000000,0.000000,0.023340,1280.000000,0.000000,0.000000,0.000000,0.000000,30.225449,59.701466,47.448830,664.924255,547.788147,0.001297,-1.113346,9.899104,6492,469,32,-3
30.228380,0.008113,0.051767,-1.098056,-0.000006,0.795006,-0.124051,0.000221,-0.821265,0.135891,-0.010193,-0.000023,0.000012,10.000000,12.000000,-71.000000,-0.055120,-0.000002,0.000000,0.000000,0.000000,0.023340,1280.000000,0.000000,0.000000,0.000000,0.000000,30.227404,59.701466,47.448830,664.924255,547.788147,0.001354,-1.113170,9.899104,6492,493,32,-3
30.230333,0.008113,0.053356,-1.098304,-0.000005,0.793317,-0.123779,0.000231,-0.852319,0.135907,-0.013517,-0.000023,0.000015,10.000000,12.000000,-71.000000,-0.055120,-0.000002,0.000000,0.000000,0.000000,0.023340,1280.000000,0.000000,0.000000,0.000000,0.000000,30.229357,59.701466,47.448830,664.924255,547.788147,0.001415,-1.112975,9.899104,6492,515,32,-4
30.232288,0.008113,0.054942,-1.098552,-0.000005,0.791566,-0.123507,0.000241,-0.883064,0.136034,-0.016813,-0.000024,0.000018,10.000000,12.000000,-71.000000,-0.055120,-0.000002,0.000000,0.000000,0.000000,0.023340,1280.000000,0.000000,0.000000,0.000000,0.000000,30.231312,59.701466,47.448830,664.924255,547.788147,0.001483,-1.112764,9.899104,6492,536,32,-5
30.234241,0.008113,0.056524,-1.098798,-0.000004,0.789754,-0.123235,0.000250,-0.913467,0.136268,-0.020078,-0.000025,0.000021,10.000000,12.000000,-71.000000,-0.055120,-0.000002,0.000000,0.000000,0.000000,0.023340,1280.000000,0.000000,0.000000,0.000000,0.000000,30.233265,59.701466,47.448830,664.924255,547.788147,0.001548,-1.112558,9.899104,6492,556,32,-6
30.236197,0.008113,0.058102,-1.099045,-0.000004,0.787882,-0.122962,0.000259,-0.943494,0.136604,-0.023310,-0.000026,0.000024,10.000000,12.000000,-71.000000,-0.055120,-0.000002,0.000000,0.000000,0.000000,0.023340,1280.000000,0.000000,0.000000,0.000000,0.000000,30.235220,59.701466,47.448830,664.924255,547.788147,0.001613,-1.112356,9.899104,6492,573,32,-7
30.238150,0.008113,0.059677,-1.099290,-0.000003,0.785951,-0.122688,0.000268,-0.973112,0.137038,-0.026503,-0.000027,0.000028,10.000000,12.000000,-71.000000,-0.055120,-0.000002,0.000000,0.000000,0.000000,0.023340,1280.000000,0.000000,0.000000,0.000000,0.000000,30.237171,59.701466,47.448830,664.924255,547.788147,0.001676,-1.112158,9.899104,6492,589,32,-8
30.240105,0.008113,0.061247,-1.099536,-0.000003,0.783961,-0.122413,0.000276,-1.002290,0.137566,-0.029656,-0.000028,0.000031,10.000000,12.000000,-71.000000,-0.055120,-0.000002,0.000000,0.000000,0.000000,0.023340,1280.000000,0.000000,0.000000,0.000000,0.000000,30.239128,59.701466,47.448830,664.924255,547.788147,0.001738,-1.111963,9.899104,6492,603,32,-9
30.242058,0.008113,0.062813,-1.099780,-0.000002,0.781913,-0.122137,0.000285,-1.030998,0.138182,-0.032765,-0.000028,0.000035,10.000000,12.000000,-71.000000,-0.055120,-0.000002,0.000000,0.000000,0.000000,0.023340,1280.000000,0.000000,0.000000,0.000000,0.000000,30.241079,59.701466,47.448830,664.924255,547.788147,0.001799,-1.111770,9.899104,6492,615,32,-10
30.244013,0.008113,0.064376,-1.100024,-0.000001,0.779809,-0.121860,0.000292,-1.059206,0.138880,-0.035827,-0.000029,0.000039,10.000000,4.000000,-63.000000,-0.055120,-0.000002,0.000000,0.000000,0.000000,0.023340,1342.000000,0.000000,0.000000,0.000000,0.000000,30.243036,59.701466,47.448830,664.924255,547.788147,0.001860,-1.111581,9.899104,6492,626,32,-11
30.245966,0.008113,0.065934,-1.100268,-0.000001,0.777649,-0.121581,0.000300,-1.086887,0.139656,-0.038839,-0.000029,0.000043,10.000000,4.000000,-63.000000,0.027507,-0.000000,0.000000,0.000000,0.067000,0.348851,1342.000000,0.000000,0.000000,0.000000,0.000000,30.244987,119.403038,103.926155,891.068604,661.956543,0.001919,-2.441435,9.856119,6617,72,32,-12
30.247919,0.008113,0.067487,-1.100511,-0.000000,0.775433,-0.121318,0.000308,-1.114548,0.127279,-0.041801,-0.000030,0.000047,10.000000,4.000000,-63.000000,0.027507,-0.000000,0.000000,0.000000,0.000000,0.348851,1342.000000,0.000000,0.000000,0.000000,0.000000,30.246944,119.403038,103.926155,891.068604,661.956543,0.001966,-2.441287,9.856119,6617,79,32,-14
30.249874,0.008113,0.069036,-1.100754,0.000000,0.773163,-0.121086,0.000315,-1.141887,0.111966,-0.044716,-0.000030,0.000051,10.000000,4.000000,-63.000000,0.027507,-0.000000,0.000000,0.000000,0.000000,0.348851,1342.000000,0.000000,0.000000,0.000000,0.000000,30.248896,119.403038,103.926155,891.068604,661.956543,0.001985,-2.441229,9.856119,6617,87,32,-15
30.251827,0.008113,0.070581,-1.100996,0.000001,0.770839,-0.120883,0.000322,-1.168757,0.098264,-0.047587,-0.000031,0.000055,10.000000,4.000000,-63.000000,0.027507,-0.000000,0.000000,0.000000,0.000000,0.348851,1342.000000,0.000000,0.000000,0.000000,0.000000,30.250853,119.403038,103.926155,891.068604,661.956543,0.001985,-2.441227,9.856119,6617,95,32,-16
30.253782,0.008113,0.072120,-1.101237,0.000002,0.768462,-0.120705,0.000329,-1.195180,0.086027,-0.050418,-0.000031,0.000059,10.000000,4.000000,-63.000000,0.027507,-0.000000,0.000000,0.000000,0.000000,0.348851,1342.000000,0.000000,0.000000,0.000000,0.000000,30.252804,119.403038,103.926155,891.068604,661.956543,0.001976,-2.441257,9.856119,6617,104,32,-18
30.255735,0.008113,0.073655,-1.101479,0.000002,0.766033,-0.120550,0.000336,-1.221175,0.075121,-0.053211,-0.000031,0.000063,10.000000,4.000000,-63.000000,0.027507,-0.000000,0.000000,0.000000,0.000000,0.348851,1342.000000,0.000000,0.000000,0.000000,0.000000,30.254761,119.403038,103.926155,891.068604,661.956543,0.001950,-2.441337,9.856119,6617,113,32,-19
30.257690,0.008113,0.075185,-1.101720,0.000003,0.763552,-0.120414,0.000343,-1.246766,0.065426,-0.055968,-0.000032,0.000066,10.000000,4.000000,-63.000000,0.027507,-0.000000,0.000000,0.000000,0.000000,0.348851,1342.000000,0.000000,0.000000,0.000000,0.000000,30.256712,119.403038,103.926155,891.068604,661.956543,0.001910,-2.441462,9.856119,6617,122,32,-20
30.259644,0.008113,0.076710,-1.101961,0.000004,0.761020,-0.120296,0.000349,-1.271967,0.056833,-0.058692,-0.000032,0.000070,10.000000,4.000000,-63.000000,0.027507,-0.000000,0.000000,0.000000,0.000000,0.348851,1342.000000,0.000000,0.000000,0.000000,0.000000,30.258669,119.403038,103.926155,891.068604,661.956543,0.001864,-2.441609,9.856119,6617,132,32,-22
30.261599,0.008113,0.078229,-1.102201,0.000005,0.758439,-0.120194,0.000355,-1.296792,0.049242,-0.061384,-0.000032,0.000074,10.000000,4.000000,-63.000000,0.027507,-0.000000,0.000000,0.000000,0.000000,0.348851,1342.000000,0.000000,0.000000,0.000000,0.000000,30.260620,119.403038,103.926155,891.068604,661.956543,0.001803,-2.441798,9.856119,6617,142,32,-23
30.263552,0.008113,0.079744,-1.102442,0.000005,0.755809,-0.120106,0.000360,-1.321258,0.042563,-0.064045,-0.000032,0.000077,10.000000,4.000000,-63.000000,0.027507,-0.000000,0.000000,0.000000,0.000000,0.348851,1342.000000,0.000000,0.000000,0.000000,0.000000,30.262575,119.403038,103.926155,891.068604,661.956543,0.001731,-2.442025,9.856119,6617,152,32,-24
30.265507,0.008113,0.081253,-1.102682,0.000006,0.753130,-0.120030,0.000366,-1.345372,0.036715,-0.066677,-0.000033,0.000080,10.000000,4.000000,-63.000000,0.027507,-0.000000,0.000000,0.000000,0.000000,0.348851,1342.000000,0.000000,0.000000,0.000000,0.000000,30.264528,119.403038,103.926155,891.068604,661.956543,0.001655,-2.442264,9.856119,6617,162,32,-26
30.267460,0.008113,0.082757,-1.102923,0.000007,0.750404,-0.119964,0.000371,-1.369142,0.031622,-0.069280,-0.000033,0.000083,10.000000,4.000000,-63.000000,0.027507,-0.000000,0.000000,0.000000,0.000000,0.348851,1342.000000,0.000000,0.000000,0.000000,0.000000,30.266483,119.403038,103.926155,891.068604,661.956543,0.001568,-2.442538,9.856119,6617,172,32,-27
30.269415,0.008113,0.084255,-1.103163,0.000007,0.747630,-0.119907,0.000376,-1.392580,0.027217,-0.071856,-0.000033,0.000086,10.000000,4.000000,-63.000000,0.027507,-0.000000,0.000000,0.000000,0.000000,0.348851,1342.000000,0.000000,0.000000,0.000000,0.000000,30.268436,119.403038,103.926155,891.068604,661.956543,0.001471,-2.442843,9.856119,6618,182,32,-28
30.271368,0.008113,0.085747,-1.103403,0.000008,0.744810,-0.119859,0.000381,-1.415697,0.023331,-0.074404,-0.000033,0.000089,10.000000,4.000000,-63.000000,0.027507,-0.000000,0.000000,0.000000,0.000000,0.348851,1342.000000,0.000000,0.000000,0.000000,0.000000,30.270391,119.403038,103.926155,891.068604,661.956543,0.001371,-2.443156,9.856119,6618,191,32,-29
30.273321,0.008113,0.087234,-1.103642,0.000009,0.741945,-0.119817,0.000385,-1.438491,0.019992,-0.076926,-0.000033,0.000092,10.000000,4.000000,-63.000000,0.027507,-0.000000,0.000000,0.000000,0.000000,0.348851,1342.000000,0.000000,0.000000,0.000000,0.000000,30.272345,119.403038,103.926155,891.068604,661.956543,0.001269,-2.443476,9.856119,6618,201,32,-30
30.275276,0.008113,0.088715,-1.103882,0.000010,0.739034,-0.119781,0.000389,-1.460963,0.017184,-0.079421,-0.000033,0.000094,10.000000,4.000000,-63.000000,0.027507,-0.000000,0.000000,0.000000,0.000000,0.348851,1342.000000,0.000000,0.000000,0.000000,0.000000,30.274300,119.403038,103.926155,891.068604,661.956543,0.001165,-2.443802,9.856119,6618,211,32,-31
30.277229,0.008113,0.090190,-1.104122,0.000011,0.736079,-0.119751,0.000393,-1.483116,0.014859,-0.081890,-0.000033,0.000096,10.000000,4.000000,-63.000000,0.027507,-0.000000,0.000000,0.000000,0.000000,0.348851,1342.000000,0.000000,0.000000,0.000000,0.000000,30.276253,119.403038,103.926155,891.068604,661.956543,0.001059,-2.444135,9.856119,6618,221,32,-32
30.279184,0.008113,0.091659,-1.104362,0.000011,0.733080,-0.119724,0.000397,-1.504948,0.012974,-0.084332,-0.000033,0.000098,10.000000,4.000000,-63.000000,0.027507,-0.000000,0.000000,0.000000,0.000000,0.348851,1342.000000,0.000000,0.000000,0.000000,0.000000,30.278208,119.403038,103.926155,891.068604,661.956543,0.000951,-2.444474,9.856119,6618,230,32,-33
30.281137,0.008113,0.093123,-1.104601,0.000012,0.730038,-0.119700,0.000400,-1.526462,0.011490,-0.086748,-0.000033,0.000099,10.000000,4.000000,-63.000000,0.027507,-0.000000,0.000000,0.000000,0.000000,0.348851,1342.000000,0.000000,0.000000,0.000000,0.000000,30.280161,119.403038,103.926155,891.068604,661.956543,0.000842,-2.444818,9.856119,6618,239,32,-34
30.283092,0.008113,0.094579,-1.104841,0.000013,0.726953,-0.119679,0.000403,-1.547654,0.010370,-0.089137,-0.000033,0.000101,10.000000,4.000000,-63.000000,0.027507,-0.000000,0.000000,0.000000,0.000000,0.348851,1342.000000,0.000000,0.000000,0.000000,0.000000,30.282116,119.403038,103.926155,891.068604,661.956543,0.000730,-2.445168,9.856119,6618,248,32,-35
30.285046,0.008113,0.096030,-1.105081,0.000014,0.723826,-0.119659,0.000406,-1.568524,0.009580,-0.091498,-0.000033,0.000102,10.000000,4.000000,-63.000000,0.027507,-0.000000,0.000000,0.000000,0.000000,0.348851,1342.000000,0.000000,0.000000,0.000000,0.000000,30.284067,119.403038,103.926155,891.068604,661.956543,0.000617,-2.445524,9.856119,6618,257,32,-35
30.287001,0.008113,0.097474,-1.105320,0.000015,0.720658,-0.119641,0.000409,-1.589069,0.009090,-0.093832,-0.000033,0.000103,10.000000,4.000000,-63.000000,0.027507,-0.000000,0.000000,0.000000,0.000000,0.348851,1342.000000,0.000000,0.000000,0.000000,0.000000,30.286024,119.403038,103.926155,891.068604,661.956543,0.000509,-2.445862,9.856119,6618,265,32,-36
30.288954,0.008113,0.098912,-1.105560,0.000015,0.717450,-0.119623,0.000412,-1.609285,0.008873,-0.096138,-0.000033,0.000104,10.000000,4.000000,-63.000000,0.027507,-0.000000,0.000000,0.000000,0.000000,0.348851,1342.000000,0.000000,0.000000,0.000000,0.000000,30.287975,119.403038,103.926155,891.068604,661.956543,0.000406,-2.446185,9.856119,6618,273,32,-36
30.290909,0.008113,0.100344,-1.105799,0.000016,0.714201,-0.119605,0.000414,-1.629169,0.008902,-0.098415,-0.000033,0.000104,10.000000,4.000000,-63.000000,0.027507,-0.000000,0.000000,0.000000,0.000000,0.348851,1342.000000,0.000000,0.000000,0.000000,0.000000,30.289932,119.403038,103.926155,891.068604,661.956543,0.000308,-2.446494,9.856119,6618,281,32,-37
30.292862,0.008113,0.101769,-1.106038,0.000017,0.710914,-0.119587,0.000416,-1.648715,0.009155,-0.100664,-0.000033,0.000105,10.000000,4.000000,-63.000000,0.027507,-0.000000,0.000000,0.000000,0.000000,0.348851,1342.000000,0.000000,0.000000,0.000000,0.000000,30.291883,119.403038,103.926155,891.068604,661.956543,0.000214,-2.446790,9.856119,6618,288,32,-37
30.294815,0.008113,0.103187,-1.106278,0.000018,0.707587,-0.119568,0.000418,-1.667922,0.009610,-0.102883,-0.000033,0.000105,10.000000,4.000000,-63.000000,0.027507,-0.000000,0.000000,0.000000,0.000000,0.348851,1342.000000,0.000000,0.000000,0.000000,0.000000,30.293840,119.403038,103.926155,891.068604,661.956543,0.000123,-2.447075,9.856119,6618,295,33,-38
30.296770,0.008113,0.104599,-1.106517,0.000019,0.704223,-0.119548,0.000420,-1.686781,0.010247,-0.105071,-0.000033,0.000105,10.000000,4.000000,-63.000000,0.027507,-0.000000,0.000000,0.000000,0.000000,0.348851,1342.000000,0.000000,0.000000,0.000000,0.000000,30.295792,119.403038,103.926155,891.068604,661.956543,0.000036,-2.447349,9.856119,6618,302,33,-38
30.298723,0.008113,0.106003,-1.106757,0.000020,0.700822,-0.119526,0.000421,-1.705290,0.011048,-0.107229,-0.000033,0.000105,10.000000,4.000000,-63.000000,0.027507,-0.000000,0.000000,0.000000,0.000000,0.348851,1342.000000,0.000000,0.000000,0.000000,0.000000,30.297749,119.403038,103.926155,891.068604,661.956543,-0.000048,-2.447613,9.856119,6618,308,33,-38
30.300678,0.008113,0.107401,-1.106996,0.000020,0.697384,-0.119503,0.000422,-1.723443,0.011996,-0.109354,-0.000033,0.000105,10.000000,4.000000,-63.000000,0.027507,-0.000000,0.000000,0.000000,0.000000,0.348851,1342.000000,0.000000,0.000000,0.000000,0.000000,30.299700,119.403038,103.926155,891.068604,661.956543,-0.000123,-2.447846,9.856119,6618,313,33,-38
30.302631,0.008113,0.108792,-1.107235,0.000021,0.693910,-0.119477,0.000423,-1.741233,0.013075,-0.111448,-0.000033,0.000104,10.000000,-2.000000,-51.000000,0.027507,-0.000000,0.000000,0.000000,0.000000,0.348851,1398.000000,0.000000,0.000000,0.000000,0.000000,30.301657,119.403038,103.926155,891.068604,661.956543,-0.000188,-2.448051,9.856119,6618,319,33,-38
30.304586,0.008113,0.110176,-1.107474,0.000022,0.690402,-0.119449,0.000423,-1.758656,0.014270,-0.113509,-0.000033,0.000104,10.000000,-2.000000,-51.000000,0.027507,-0.000000,0.000000,0.000000,-0.933999,0.348851,1398.000000,0.000000,0.000000,0.000000,0.000000,30.303608,119.403038,103.926155,891.068604,661.956543,-0.000245,-2.448231,9.826119,6599,323,33,-39
30.306540,0.008113,0.111553,-1.107713,0.000023,0.686859,-0.119416,0.000423,-1.775475,0.017568,-0.115536,-0.000033,0.000103,10.000000,-2.000000,-51.000000,0.027507,-0.000000,0.000000,0.000000,0.000000,0.348851,1398.000000,0.000000,0.000000,0.000000,0.000000,30.305565,119.403038,103.926155,891.068604,661.956543,-0.000302,-2.448411,9.826119,6599,328,33,-39
30.308495,0.008113,0.112923,-1.107952,0.000024,0.683284,-0.119375,0.000422,-1.791856,0.021409,-0.117529,-0.000033,0.000102,10.000000,-2.000000,-51.000000,0.027507,-0.000000,0.000000,0.000000,0.000000,0.348851,1398.000000,0.000000,0.000000,0.000000,0.000000,30.307516,119.403038,103.926155,891.068604,661.956543,-0.000360,-2.448590,9.826119,6599,331,32,-39
30.310448,0.008113,0.114285,-1.108191,0.000025,0.679676,-0.119327,0.000420,-1.807872,0.025096,-0.119487,-0.000033,0.000101,10.000000,-2.000000,-51.000000,0.027507,-0.000000,0.000000,0.000000,0.000000,0.348851,1398.000000,0.000000,0.000000,0.000000,0.000000,30.309471,119.403038,103.926155,891.068604,661.956543,-0.000409,-2.448747,9.826119,6599,334,32,-39
30.312403,0.008113,0.115640,-1.108430,0.000025,0.676036,-0.119271,0.000418,-1.823517,0.028639,-0.121410,-0.000032,0.000100,10.000000,-2.000000,-51.000000,0.027507,-0.000000,0.000000,0.000000,0.000000,0.348851,1398.000000,0.000000,0.000000,0.000000,0.000000,30.311424,119.403038,103.926155,891.068604,661.956543,-0.000453,-2.448883,9.826119,6599,337,32,-39
30.314356,0.008113,0.116988,-1.108669,0.000026,0.672366,-0.119209,0.000415,-1.838784,0.032049,-0.123296,-0.000032,0.000099,10.000000,-2.000000,-51.000000,0.027507,-0.000000,0.000000,0.000000,0.000000,0.348851,1398.000000,0.000000,0.000000,0.000000,0.000000,30.313379,119.403038,103.926155,891.068604,661.956543,-0.000490,-2.449000,9.826119,6600,339,32,-39
30.316311,0.008114,0.118329,-1.108907,0.000027,0.668667,-0.119140,0.000411,-1.853682,0.035229,-0.125146,-0.000032,0.000098,10.000000,-2.000000,-51.000000,0.027507,-0.000000,0.000000,0.000000,0.000000,0.348851,1398.000000,0.000000,0.000000,0.000000,0.000000,30.315332,119.403038,103.926155,891.068604,661.956543,-0.000522,-2.449100,9.826119,6600,341,32,-39
30.318264,0.008114,0.119662,-1.109146,0.000028,0.664937,-0.119065,0.000407,-1.868196,0.038268,-0.126958,-0.000031,0.000097,10.000000,-2.000000,-51.000000,0.027507,-0.000000,0.000000,0.000000,0.000000,0.348851,1398.000000,0.000000,0.000000,0.000000,0.000000,30.317287,119.403038,103.926155,891.068604,661.956543,-0.000549,-2.449184,9.826119,6600,342,32,-39
30.320217,0.008114,0.120988,-1.109384,0.000029,0.661180,-0.118984,0.000402,-1.882316,0.041209,-0.128733,-0.000031,0.000096,10.000000,-2.000000,-51.000000,0.027507,-0.000000,0.000000,0.000000,0.000000,0.348851,1398.000000,0.000000,0.000000,0.000000,0.000000,30.319241,119.403038,103.926155,891.068604,661.956543,-0.000571,-2.449253,9.826119,6600,343,32,-39
30.322172,0.008114,0.122306,-1.109622,0.000030,0.657394,-0.118897,0.000396,-1.896037,0.044057,-0.130470,-0.000030,0.000095,10.000000,-2.000000,-51.000000,0.027507,-0.000000,0.000000,0.000000,0.000000,0.348851,1398.000000,0.000000,0.000000,0.000000,0.000000,30.321196,119.403038,103.926155,891.068604,661.956543,-0.000589,-2.449310,9.826119,6600,343,32,-39
30.324125,0.008114,0.123616,-1.109860,0.000030,0.653582,-0.118805,0.000390,-1.909357,0.046816,-0.132167,-0.000030,0.000093,10.000000,-2.000000,-51.000000,0.027507,-0.000000,0.000000,0.000000,0.000000,0.348851,1398.000000,0.000000,0.000000,0.000000,0.000000,30.323149,119.403038,103.926155,891.068604,661.956543,-0.000603,-2.449356,9.826119,6600,342,32,-39
30.326080,0.008114,0.124919,-1.110098,0.000031,0.649744,-0.118708,0.000383,-1.922271,0.049490,-0.133826,-0.000029,0.000092,10.000000,-2.000000,-51.000000,0.027507,-0.000000,0.000000,0.000000,0.000000,0.348851,1398.000000,0.000000,0.000000,0.000000,0.000000,30.325104,119.403038,103.926155,891.068604,661.956543,-0.000614,-2.449390,9.826119,6600,341,32,-39
30.328033,0.008114,0.126214,-1.110335,0.000032,0.645881,-0.118605,0.000376,-1.934776,0.052082,-0.135446,-0.000028,0.000091,10.000000,-2.000000,-51.000000,0.027507,-0.000000,0.000000,0.000000,0.000000,0.348851,1398.000000,0.000000,0.000000,0.000000,0.000000,30.327057,119.403038,103.926155,891.068604,661.956543,-0.000623,-2.449416,9.826119,6600,340,32,-39
30.329988,0.008114,0.127501,-1.110572,0.000033,0.641993,-0.118497,0.000368,-1.946870,0.054594,-0.137025,-0.000028,0.000089,10.000000,-2.000000,-51.000000,0.027507,-0.000000,0.000000,0.000000,0.000000,0.348851,1398.000000,0.000000,0.000000,0.000000,0.000000,30.329012,119.403038,103.926155,891.068604,661.956543,-0.000628,-2.449433,9.826119,6600,338,32,-39
30.331942,0.008114,0.128780,-1.110809,0.000033,0.638082,-0.118384,0.000360,-1.958551,0.057028,-0.138565,-0.000027,0.000088,10.000000,-2.000000,-51.000000,0.027507,-0.000000,0.000000,0.000000,0.000000,0.348851,1398.000000,0.000000,0.000000,0.000000,0.000000,30.330963,119.403038,103.926155,891.068604,661.956543,-0.000631,-2.449443,9.826119,6600,336,32,-39
30.333897,0.008114,0.130052,-1.111046,0.000034,0.634148,-0.118266,0.000351,-1.969816,0.059388,-0.140065,-0.000026,0.000086,10.000000,-2.000000,-51.000000,0.027507,-0.000000,0.000000,0.000000,0.000000,0.348851,1398.000000,0.000000,0.000000,0.000000,0.000000,30.332920,119.403038,103.926155,891.068604,661.956543,-0.000633,-2.449447,9.826119,6600,333,32,-38
30.335850,0.008114,0.131315,-1.111283,0.000035,0.630192,-0.118144,0.000342,-1.980666,0.061675,-0.141524,-0.000025,0.000085,10.000000,-2.000000,-51.000000,0.027507,-0.000000,0.000000,0.000000,0.000000,0.348851,1398.000000,0.000000,0.000000,0.000000,0.000000,30.334871,119.403038,103.926155,891.068604,661.956543,-0.000625,-2.449424,9.826119,6600,329,32,-38
30.337805,0.008114,0.132571,-1.111519,0.000035,0.626215,-0.118017,0.000332,-1.991098,0.063890,-0.142942,-0.000024,0.000084,10.000000,-2.000000,-51.000000,0.027507,-0.000000,0.000000,0.000000,0.000000,0.348851,1398.000000,0.000000,0.000000,0.000000,0.000000,30.336828,119.403038,103.926155,891.068604,661.956543,-0.000610,-2.449375,9.826119,6600,326,32,-38
30.339758,0.008114,0.133819,-1.111755,0.000036,0.622217,-0.117886,0.000321,-2.001112,0.066034,-0.144320,-0.000023,0.000082,10.000000,-2.000000,-51.000000,0.027507,-0.000000,0.000000,0.000000,0.000000,0.348851,1398.000000,0.000000,0.000000,0.000000,0.000000,30.338779,119.403038,103.926155,891.068604,661.956543,-0.000594,-2.449326,9.826119,6600,321,32,-38
30.341713,0.008114,0.135058,-1.111991,0.000037,0.618201,-0.117751,0.000310,-2.010710,0.068108,-0.145658,-0.000022,0.000081,10.000000,-2.000000,-51.000000,0.027507,-0.000000,0.000000,0.000000,0.000000,0.348851,1398.000000,0.000000,0.000000,0.000000,0.000000,30.340736,119.403038,103.926155,891.068604,661.956543,-0.000578,-2.449277,9.826119,6600,317,32,-39
30.343666,0.008114,0.136290,-1.112227,0.000037,0.614166,-0.117612,0.000298,-2.019890,0.070114,-0.146955,-0.000021,0.000080,10.000000,-2.000000,-51.000000,0.027507,-0.000000,0.000000,0.000000,0.000000,0.348851,1398.000000,0.000000,0.000000,0.000000,0.000000,30.342688,119.403038,103.926155,891.068604,661.956543,-0.000570,-2.449252,9.826119,6600,312,32,-39
30.345619,0.008115,0.137514,-1.112462,0.000038,0.610113,-0.117469,0.000285,-2.028658,0.072052,-0.148212,-0.000020,0.000078,10.000000,-2.000000,-51.000000,0.027507,-0.000000,0.000000,0.000000,0.000000,0.348851,1398.000000,0.000000,0.000000,0.000000,0.000000,30.344645,119.403038,103.926155,891.068604,661.956543,-0.000569,-2.449248,9.826119,6600,306,32,-39
30.347574,0.008115,0.138729,-1.112697,0.000038,0.606043,-0.117322,0.000272,-2.037013,0.073923,-0.149428,-0.000019,0.000077,10.000000,-2.000000,-51.000000,0.027507,-0.000000,0.000000,0.000000,0.000000,0.348851,1398.000000,0.000000,0.000000,0.000000,0.000000,30.346596,119.403038,103.926155,891.068604,661.956543,-0.000567,-2.449241,9.826119,6600,301,31,-39
30.349527,0.008115,0.139936,-1.112931,0.000039,0.601957,-0.117171,0.000258,-2.044957,0.075728,-0.150604,-0.000018,0.000076,10.000000,-2.000000,-51.000000,0.027507,-0.000000,0.000000,0.000000,0.000000,0.348851,1398.000000,0.000000,0.000000,0.000000,0.000000,30.348553,119.403038,103.926155,891.068604,661.956543,-0.000565,-2.449234,9.826119,6600,295,31,-39
30.351482,0.008115,0.141135,-1.113166,0.000039,0.597855,-0.117017,0.000244,-2.052495,0.077467,-0.151741,-0.000016,0.000074,10.000000,-2.000000,-51.000000,0.027507,-0.000000,0.000000,0.000000,0.000000,0.348851,1398.000000,0.000000,0.000000,0.000000,0.000000,30.350504,119.403038,103.926155,891.068604,661.956543,-0.000563,-2.449228,9.826119,6600,288,31,-39
30.353436,0.008115,0.142326,-1.113400,0.000040,0.593740,-0.116860,0.000229,-2.059628,0.079142,-0.152838,-0.000015,0.000073,10.000000,-2.000000,-51.000000,0.027507,-0.000000,0.000000,0.000000,0.000000,0.348851,1398.000000,0.000000,0.000000,0.000000,0.000000,30.352461,119.403038,103.926155,891.068604,661.956543,-0.000561,-2.449222,9.826119,6600,282,31,-39
30.355391,0.008115,0.143508,-1.113634,0.000040,0.589610,-0.116699,0.000214,-2.066362,0.080753,-0.153895,-0.000014,0.000072,10.000000,-2.000000,-51.000000,0.027507,-0.000000,0.000000,0.000000,0.000000,0.348851,1398.000000,0.000000,0.000000,0.000000,0.000000,30.354412,119.403038,103.926155,891.068604,661.956543,-0.000559,-2.449216,9.826119,6600,275,31,-39
30.357344,0.008115,0.144682,-1.113867,0.000041,0.585468,-0.116535,0.000199,-2.072700,0.082301,-0.154914,-0.000012,0.000070,10.000000,-2.000000,-51.000000,0.027507,-0.000000,0.000000,0.000000,0.000000,0.348851,1398.000000,0.000000,0.000000,0.000000,0.000000,30.356367,119.403038,103.926155,891.068604,661.956543,-0.000558,-2.449212,9.826119,6600,267,31,-39
30.359299,0.008115,0.145848,-1.114100,0.000041,0.581314,-0.116368,0.000183,-2.078647,0.083786,-0.155894,-0.000011,0.000069,10.000000,-2.000000,-51.000000,0.027507,-0.000000,0.000000,0.000000,0.000000,0.348851,1398.000000,0.000000,0.000000,0.000000,0.000000,30.358320,119.403038,103.926155,891.068604,661.956543,-0.000557,-2.449210,9.826119,6600,260,31,-39
30.361252,0.008115,0.147006,-1.114333,0.000041,0.577148,-0.116199,0.000168,-2.084208,0.085210,-0.156837,-0.000009,0.000068,10.000000,-5.000000,-37.000000,0.027507,-0.000000,0.000000,0.000000,0.000000,0.348851,1446.000000,0.000000,0.000000,0.000000,0.000000,30.360275,119.403038,103.926155,891.068604,661.956543,-0.000557,-2.449210,9.826119,6600,253,31,-39
30.363207,0.008115,0.148155,-1.114565,0.000042,0.572972,-0.116026,0.000152,-2.089389,0.086571,-0.157742,-0.000008,0.000066,10.000000,-5.000000,-37.000000,0.074706,0.000010,0.000000,0.000000,0.067000,0.249814,1446.000000,0.000000,0.000000,0.000000,0.000000,30.362228,388.059692,293.356079,4009.800537,1666.952148,-0.000558,-6.910288,9.808134,7819,245,31,-39
30.365160,0.008115,0.149296,-1.114797,0.000042,0.568758,-0.116022,0.000138,-2.114531,-0.039571,-0.158610,-0.000007,0.000065,10.000000,-5.000000,-37.000000,0.074706,0.000010,0.000000,0.000000,0.000000,0.249814,1446.000000,0.000000,0.000000,0.000000,0.000000,30.364183,388.059692,293.356079,4009.800537,1666.952148,-0.000536,-6.910219,9.808134,7819,237,31,-39
30.367113,0.008115,0.150428,-1.115030,0.000042,0.564485,-0.116336,0.000126,-2.144165,-0.194724,-0.159442,-0.000005,0.000064,10.000000,-5.000000,-37.000000,0.074706,0.000010,0.000000,0.000000,0.000000,0.249814,1446.000000,0.000000,0.000000,0.000000,0.000000,30.366137,388.059692,293.356079,4009.800537,1666.952148,-0.000496,-6.910092,9.808134,7819,229,31,-39
30.369068,0.008116,0.151552,-1.115264,0.000042,0.560155,-0.116937,0.000113,-2.171291,-0.335030,-0.160238,-0.000004,0.000063,10.000000,-5.000000,-37.000000,0.074706,0.000010,0.000000,0.000000,0.000000,0.249814,1446.000000,0.000000,0.000000,0.000000,0.000000,30.368092,388.059692,293.356079,4009.800537,1666.952148,-0.000461,-6.909985,9.808134,7819,221,31,-40
30.371021,0.008116,0.152666,-1.115499,0.000043,0.555775,-0.117799,0.000101,-2.196090,-0.461880,-0.161000,-0.000003,0.000062,10.000000,-5.000000,-37.000000,0.074706,0.000010,0.000000,0.000000,0.000000,0.249814,1446.000000,0.000000,0.000000,0.000000,0.000000,30.370045,388.059692,293.356079,4009.800537,1666.952148,-0.000440,-6.909916,9.808134,7819,213,31,-40
30.372976,0.008116,0.153772,-1.115737,0.000043,0.551349,-0.118896,0.000090,-2.218731,-0.576535,-0.161727,-0.000002,0.000061,10.000000,-5.000000,-37.000000,0.074706,0.000010,0.000000,0.000000,0.000000,0.249814,1446.000000,0.000000,0.000000,0.000000,0.000000,30.372000,388.059692,293.356079,4009.800537,1666.952148,-0.000429,-6.909883,9.808134,7819,204,31,-40
30.374929,0.008116,0.154870,-1.115977,0.000043,0.546880,-0.120206,0.000081,-2.239367,-0.680138,-0.162420,-0.000001,0.000060,10.000000,-5.000000,-37.000000,0.074706,0.000010,0.000000,0.000000,0.000000,0.249814,1446.000000,0.000000,0.000000,0.000000,0.000000,30.373953,388.059692,293.356079,4009.800537,1666.952148,-0.000423,-6.909863,9.808134,7819,196,31,-40
30.376884,0.008116,0.155958,-1.116219,0.000043,0.542373,-0.121708,0.000075,-2.258143,-0.773724,-0.163081,-0.000001,0.000059,10.000000,-5.000000,-37.000000,0.074706,0.000010,0.000000,0.000000,0.000000,0.249814,1446.000000,0.000000,0.000000,0.000000,0.000000,30.375908,388.059692,293.356079,4009.800537,1666.952148,-0.000420,-6.909853,9.808134,7819,188,31,-40
30.378838,0.008116,0.157037,-1.116466,0.000043,0.537831,-0.123383,0.000071,-2.275191,-0.858235,-0.163710,-0.000001,0.000058,10.000000,-5.000000,-37.000000,0.074706,0.000010,0.000000,0.000000,0.000000,0.249814,1446.000000,0.000000,0.000000,0.000000,0.000000,30.377859,388.059692,293.356079,4009.800537,1666.952148,-0.000420,-6.909855,9.808134,7819,180,32,-40
30.380793,0.008116,0.158107,-1.116715,0.000043,0.533257,-0.125215,0.000070,-2.290636,-0.934519,-0.164307,-0.000001,0.000057,10.000000,-5.000000,-37.000000,0.074706,0.000010,0.000000,0.000000,0.000000,0.249814,1446.000000,0.000000,0.000000,0.000000,0.000000,30.379816,388.059692,293.356079,4009.800537,1666.952148,-0.000424,-6.909867,9.808134,7819,171,32,-40
30.382746,0.008116,0.159167,-1.116969,0.000044,0.528655,-0.127188,0.000072,-2.304593,-1.003350,-0.164875,-0.000001,0.000056,10.000000,-5.000000,-37.000000,0.074706,0.000010,0.000000,0.000000,0.000000,0.249814,1446.000000,0.000000,0.000000,0.000000,0.000000,30.381767,388.059692,293.356079,4009.800537,1666.952148,-0.000431,-6.909890,9.808134,7819,163,32,-41
30.384701,0.008116,0.160219,-1.117227,0.000044,0.524027,-0.129289,0.000078,-2.317166,-1.065428,-0.165412,-0.000002,0.000055,10.000000,-5.000000,-37.000000,0.074706,0.000010,0.000000,0.000000,0.000000,0.249814,1446.000000,0.000000,0.000000,0.000000,0.000000,30.383724,388.059692,293.356079,4009.800537,1666.952148,-0.000448,-6.909943,9.808134,7819,155,32,-41
30.386654,0.008116,0.161261,-1.117489,0.000044,0.519375,-0.131504,0.000088,-2.328458,-1.121386,-0.165922,-0.000003,0.000055,10.000000,-5.000000,-37.000000,0.074706,0.000010,0.000000,0.000000,0.000000,0.249814,1446.000000,0.000000,0.000000,0.000000,0.000000,30.385675,388.059692,293.356079,4009.800537,1666.952148,-0.000474,-6.910026,9.808134,7819,147,33,-41
30.388609,0.008116,0.162294,-1.117756,0.000044,0.514703,-0.133824,0.000102,-2.338558,-1.171800,-0.166403,-0.000005,0.000054,10.000000,-5.000000,-37.000000,0.074706,0.000010,0.000000,0.000000,0.000000,0.249814,1446.000000,0.000000,0.000000,0.000000,0.000000,30.387632,388.059692,293.356079,4009.800537,1666.952148,-0.000503,-6.910114,9.808134,7819,139,33,-41
30.390562,0.008116,0.163317,-1.118027,0.000044,0.510012,-0.136236,0.000120,-2.347552,-1.217190,-0.166858,-0.000006,0.000053,10.000000,-5.000000,-37.000000,0.074706,0.000010,0.000000,0.000000,0.000000,0.249814,1446.000000,0.000000,0.000000,0.000000,0.000000,30.389584,388.059692,293.356079,4009.800537,1666.952148,-0.000533,-6.910209,9.808134,7819,131,33,-41
30.392515,0.008117,0.164331,-1.118304,0.000045,0.505305,-0.138732,0.000142,-2.355519,-1.258028,-0.167286,-0.000009,0.000052,10.000000,-5.000000,-37.000000,0.074706,0.000010,0.000000,0.000000,0.000000,0.249814,1446.000000,0.000000,0.000000,0.000000,0.000000,30.391541,388.059692,293.356079,4009.800537,1666.952148,-0.000565,-6.910311,9.808134,7819,124,34,-41
30.394470,0.008117,0.165335,-1.118585,0.000045,0.500583,-0.141304,0.000168,-2.362533,-1.294743,-0.167690,-0.000011,0.000052,10.000000,-5.000000,-37.000000,0.074706,0.000010,0.000000,0.000000,0.000000,0.249814,1446.000000,0.000000,0.000000,0.000000,0.000000,30.393492,388.059692,293.356079,4009.800537,1666.952148,-0.000600,-6.910420,9.808134,7819,116,34,-41
30.396423,0.008117,0.166331,-1.118872,0.000045,0.495849,-0.143943,0.000198,-2.368662,-1.327723,-0.168069,-0.000014,0.000051,10.000000,-5.000000,-37.000000,0.074706,0.000010,0.000000,0.000000,0.000000,0.249814,1446.000000,0.000000,0.000000,0.000000,0.000000,30.395449,388.059692,293.356079,4009.800537,1666.952148,-0.000637,-6.910536,9.808134,7819,109,35,-41
30.398378,0.008117,0.167316,-1.119164,0.000046,0.491104,-0.146643,0.000232,-2.373969,-1.357318,-0.168425,-0.000017,0.000050,10.000000,-5.000000,-37.000000,0.074706,0.000010,0.000000,0.000000,0.000000,0.249814,1446.000000,0.000000,0.000000,0.000000,0.000000,30.397400,388.059692,293.356079,4009.800537,1666.952148,-0.000676,-6.910658,9.808134,7819,102,35,-41
30.400331,0.008117,0.168292,-1.119462,0.000046,0.486349,-0.149398,0.000270,-2.378514,-1.383849,-0.168759,-0.000021,0.000049,10.000000,-5.000000,-37.000000,0.074706,0.000010,0.000000,0.000000,0.000000,0.249814,1446.000000,0.000000,0.000000,0.000000,0.000000,30.399357,388.059692,293.356079,4009.800537,1666.952148,-0.000717,-6.910788,9.808134,7819,95,35,-41
30.402287,0.008117,0.169259,-1.119765,0.000047,0.481586,-0.152202,0.000312,-2.382352,-1.407603,-0.169072,-0.000025,0.000048,10.000000,-5.000000,-37.000000,0.074706,0.000010,0.000000,0.000000,0.000000,0.249814,1446.000000,0.000000,0.000000,0.000000,0.000000,30.401308,388.059692,293.356079,4009.800537,1666.952148,-0.000761,-6.910924,9.808134,7819,88,36,-41
30.404240,0.008117,0.170216,-1.120074,0.000048,0.476816,-0.155049,0.000357,-2.385533,-1.428843,-0.169364,-0.000029,0.000047,10.000000,-5.000000,-37.000000,0.074706,0.000010,0.000000,0.000000,0.000000,0.249814,1446.000000,0.000000,0.000000,0.000000,0.000000,30.403263,388.059692,293.356079,4009.800537,1666.952148,-0.000806,-6.911068,9.808134,7819,81,36,-41
30.406195,0.008117,0.171163,-1.120389,0.000048,0.472041,-0.157935,0.000405,-2.388105,-1.447805,-0.169636,-0.000034,0.000046,10.000000,-5.000000,-37.000000,0.074706,0.000010,0.000000,0.000000,0.000000,0.249814,1446.000000,0.000000,0.000000,0.000000,0.000000,30.405216,388.059692,293.356079,4009.800537,1666.952148,-0.000854,-6.911219,9.808134,7819,75,36,-41
30.408148,0.008117,0.172101,-1.120710,0.000049,0.467262,-0.160857,0.000457,-2.390114,-1.464704,-0.169890,-0.000039,0.000045,10.000000,-5.000000,-37.000000,0.074706,0.000010,0.000000,0.000000,0.000000,0.249814,1446.000000,0.000000,0.000000,0.000000,0.000000,30.407171,388.059692,293.356079,4009.800537,1666.952148,-0.000905,-6.911377,9.808134,7820,69,37,-40
30.410103,0.008117,0.173029,-1.121036,0.000050,0.462480,-0.163809,0.000511,-2.391619,-1.479840,-0.170125,-0.000044,0.000044,10.000000,-5.000000,-37.000000,0.074706,0.000010,0.000000,0.000000,0.000000,0.249814,1446.000000,0.000000,0.000000,0.000000,0.000000,30.409124,388.059692,293.356079,4009.800537,1666.952148,-0.000951,-6.911521,9.808134,7820,63,37,-40
30.412056,0.008118,0.173948,-1.121368,0.000051,0.457695,-0.166789,0.000568,-2.392642,-1.493307,-0.170344,-0.000049,0.000043,10.000000,-5.000000,-37.000000,0.074706,0.000010,0.000000,0.000000,0.000000,0.249814,1446.000000,0.000000,0.000000,0.000000,0.000000,30.411079,388.059692,293.356079,4009.800537,1666.952148,-0.000993,-6.911653,9.808134,7820,57,38,-40
30.414009,0.008118,0.174857,-1.121707,0.000053,0.452909,-0.169794,0.000627,-2.393215,-1.505229,-0.170547,-0.000054,0.000042,10.000000,-5.000000,-37.000000,0.074706,0.000010,0.000000,0.000000,0.000000,0.249814,1446.000000,0.000000,0.000000,0.000000,0.000000,30.413033,388.059692,293.356079,4009.800537,1666.952148,-0.001038,-6.911795,9.808134,7820,51,38,-39
30.415964,0.008118,0.175757,-1.122051,0.000054,0.448122,-0.172820,0.000688,-2.393374,-1.515753,-0.170735,-0.000060,0.000041,10.000000,-5.000000,-37.000000,0.074706,0.000010,0.000000,0.000000,0.000000,0.249814,1446.000000,0.000000,0.000000,0.000000,0.000000,30.414988,388.059692,293.356079,4009.800537,1666.952148,-0.001079,-6.911925,9.808134,7820,46,38,-39
30.417917,0.008118,0.176647,-1.122402,0.000055,0.443335,-0.175866,0.000751,-2.393145,-1.525011,-0.170908,-0.000066,0.000039,10.000000,-5.000000,-37.000000,0.074706,0.000010,0.000000,0.000000,0.000000,0.249814,1446.000000,0.000000,0.000000,0.000000,0.000000,30.416941,388.059692,293.356079,4009.800537,1666.952148,-0.001118,-6.912045,9.808134,7820,41,39,-38
30.419872,0.008118,0.177527,-1.122759,0.000057,0.438550,-0.178928,0.000816,-2.392563,-1.533121,-0.171067,-0.000072,0.000038,10.000000,-5.000000,-37.000000,0.074706,0.000010,0.000000,0.000000,0.000000,0.249814,1446.000000,0.000000,0.000000,0.000000,0.000000,30.418896,388.059692,293.356079,4009.800537,1666.952148,-0.001153,-6.912157,9.808134,7820,36,39,-38
30.421825,0.008118,0.178398,-1.123121,0.000059,0.433766,-0.182005,0.000881,-2.391651,-1.540193,-0.171214,-0.000078,0.000037,10.000000,-5.000000,-37.000000,0.074706,0.000010,0.000000,0.000000,0.000000,0.249814,1446.000000,0.000000,0.000000,0.000000,0.000000,30.420849,388.059692,293.356079,4009.800537,1666.952148,-0.001186,-6.912260,9.808134,7820,32,39,-38
30.423780,0.008118,0.179259,-1.123490,0.000061,0.428985,-0.185095,0.000948,-2.390437,-1.546325,-0.171349,-0.000084,0.000035,10.000000,-5.000000,-37.000000,0.074706,0.000010,0.000000,0.000000,0.000000,0.249814,1446.000000,0.000000,0.000000,0.000000,0.000000,30.422804,388.059692,293.356079,4009.800537,1666.952148,-0.001223,-6.912376,9.808134,7820,27,40,-37
30.425734,0.008118,0.180111,-1.123866,0.000063,0.424206,-0.188195,0.001015,-2.388946,-1.551605,-0.171473,-0.000090,0.000034,10.000000,-5.000000,-37.000000,0.074706,0.000010,0.000000,0.000000,0.000000,0.249814,1446.000000,0.000000,0.000000,0.000000,0.000000,30.424755,388.059692,293.356079,4009.800537,1666.952148,-0.001257,-6.912484,9.808134,7820,23,40,-36
30.427689,0.008118,0.180953,-1.124247,0.000065,0.419431,-0.191305,0.001082,-2.387199,-1.556114,-0.171586,-0.000096,0.000032,10.000000,-5.000000,-37.000000,0.074706,0.000010,0.000000,0.000000,0.000000,0.249814,1446.000000,0.000000,0.000000,0.000000,0.000000,30.426712,388.059692,293.356079,4009.800537,1666.952148,-0.001283,-6.912564,9.808134,7820,19,40,-36
30.429642,0.008119,0.181785,-1.124635,0.000067,0.414659,-0.194423,0.001149,-2.385216,-1.559926,-0.171689,-0.000103,0.000030,10.000000,-5.000000,-37.000000,0.074706,0.000010,0.000000,0.000000,0.000000,0.249814,1446.000000,0.000000,0.000000,0.000000,0.000000,30.428663,388.059692,293.356079,4009.800537,1666.952148,-0.001307,-6.912640,9.808134,7820,16,40,-35
30.431597,0.008119,0.182608,-1.125029,0.000069,0.409892,-0.197548,0.001215,-2.383019,-1.563106,-0.171783,-0.000109,0.000029,10.000000,-5.000000,-37.000000,0.074706,0.000010,0.000000,0.000000,0.000000,0.249814,1446.000000,0.000000,0.000000,0.000000,0.000000,30.430620,388.059692,293.356079,4009.800537,1666.952148,-0.001329,-6.912710,9.808134,7820,12,40,-35
30.433550,0.008119,0.183422,-1.125429,0.000072,0.405130,-0.200678,0.001281,-2.380624,-1.565714,-0.171869,-0.000115,0.000027,10.000000,-5.000000,-37.000000,0.074706,0.000010,0.000000,0.000000,0.000000,0.249814,1446.000000,0.000000,0.000000,0.000000,0.000000,30.432571,388.059692,293.356079,4009.800537,1666.952148,-0.001350,-6.912776,9.808134,7820,9,41,-34
30.435505,0.008119,0.184226,-1.125835,0.000075,0.400372,-0.203813,0.001345,-2.378051,-1.567804,-0.171947,-0.000121,0.000025,10.000000,-5.000000,-37.000000,0.074706,0.000010,0.000000,0.000000,0.000000,0.249814,1446.000000,0.000000,0.000000,0.000000,0.000000,30.434528,388.059692,293.356079,4009.800537,1666.952148,-0.001370,-6.912837,9.808134,7820,6,41,-33
30.437458,0.008119,0.185020,-1.126248,0.000077,0.395620,-0.206951,0.001408,-2.375314,-1.569423,-0.172018,-0.000127,0.000024,10.000000,-5.000000,-37.000000,0.074706,0.000010,0.000000,0.000000,0.000000,0.249814,1446.000000,0.000000,0.000000,0.000000,0.000000,30.436480,388.059692,293.356079,4009.800537,1666.952148,-0.001381,-6.912874,9.808134,7820,4,41,-32
30.439411,0.008119,0.185805,-1.126667,0.000080,0.390874,-0.210092,0.001470,-2.372428,-1.570619,-0.172082,-0.000132,0.000022,10.000000,-5.000000,-23.000000,0.074706,0.000010,0.000000,0.000000,0.000000,0.249814,1482.000000,0.000000,0.000000,0.000000,0.000000,30.438437,388.059692,293.356079,4009.800537,1666.952148,-0.001386,-6.912888,9.808134,7820,1,41,-32
30.441366,0.008119,0.186580,-1.127092,0.000083,0.386133,-0.213234,0.001529,-2.369406,-1.571430,-0.172141,-0.000138,0.000020,10.000000,-5.000000,-23.000000,0.097852,0.000020,0.000000,0.000000,0.067000,0.182395,1482.000000,0.000000,0.000000,0.000000,0.000000,30.440388,208.955246,269.736511,-2673.200928,483.644836,-0.001390,-6.356661,9.835000,7632,0,41,-31
30.443319,0.008120,0.187346,-1.127524,0.000086,0.381404,-0.216352,0.001584,-2.362852,-1.552284,-0.172194,-0.000143,0.000018,10.000000,-5.000000,-23.000000,0.097852,0.000020,0.000000,0.000000,0.000000,0.182395,1482.000000,0.000000,0.000000,0.000000,0.000000,30.442345,208.955246,269.736511,-2673.200928,483.644836,-0.001397,-6.356682,9.835000,7632,-2,41,-30
30.445274,0.008120,0.188103,-1.127962,0.000090,0.376689,-0.219420,0.001635,-2.355412,-1.528363,-0.172242,-0.000149,0.000016,10.000000,-5.000000,-23.000000,0.097852,0.000020,0.000000,0.000000,0.000000,0.182395,1482.000000,0.000000,0.000000,0.000000,0.000000,30.444296,208.955246,269.736511,-2673.200928,483.644836,-0.001400,-6.356689,9.835000,7632,-4,41,-29
30.447227,0.008120,0.188850,-1.128406,0.000093,0.371989,-0.222444,0.001683,-2.348270,-1.506444,-0.172285,-0.000154,0.000014,10.000000,-5.000000,-23.000000,0.097852,0.000020,0.000000,0.000000,0.000000,0.182395,1482.000000,0.000000,0.000000,0.000000,0.000000,30.446253,208.955246,269.736511,-2673.200928,483.644836,-0.001395,-6.356675,9.835000,7632,-6,41,-29
30.449183,0.008120,0.189587,-1.128855,0.000096,0.367303,-0.225426,0.001729,-2.341397,-1.486342,-0.172325,-0.000158,0.000012,10.000000,-5.000000,-23.000000,0.097852,0.000020,0.000000,0.000000,0.000000,0.182395,1482.000000,0.000000,0.000000,0.000000,0.000000,30.448204,208.955246,269.736511,-2673.200928,483.644836,-0.001390,-6.356659,9.835000,7632,-7,41,-28
30.451136,0.008120,0.190316,-1.129311,0.000100,0.362630,-0.228371,0.001771,-2.334773,-1.467889,-0.172361,-0.000163,0.000010,10.000000,-5.000000,-23.000000,0.097852,0.000020,0.000000,0.000000,0.000000,0.182395,1482.000000,0.000000,0.000000,0.000000,0.000000,30.450159,208.955246,269.736511,-2673.200928,483.644836,-0.001385,-6.356644,9.835000,7632,-9,41,-27
30.453091,0.008121,0.191035,-1.129773,0.000104,0.357970,-0.231281,0.001811,-2.328375,-1.450930,-0.172394,-0.000167,0.000008,10.000000,-5.000000,-23.000000,0.097852,0.000020,0.000000,0.000000,0.000000,0.182395,1482.000000,0.000000,0.000000,0.000000,0.000000,30.452112,208.955246,269.736511,-2673.200928,483.644836,-0.001373,-6.356606,9.835000,7632,-10,41,-26
30.455044,0.008121,0.191744,-1.130240,0.000107,0.353323,-0.234159,0.001846,-2.322185,-1.435326,-0.172425,-0.000171,0.000006,10.000000,-5.000000,-23.000000,0.097852,0.000020,0.000000,0.000000,0.000000,0.182395,1482.000000,0.000000,0.000000,0.000000,0.000000,30.454067,208.955246,269.736511,-2673.200928,483.644836,-0.001355,-6.356549,9.835000,7632,-11,41,-25
30.456999,0.008121,0.192445,-1.130713,0.000111,0.348688,-0.237008,0.001878,-2.316184,-1.420953,-0.172453,-0.000174,0.000004,10.000000,-5.000000,-23.000000,0.097852,0.000020,0.000000,0.000000,0.000000,0.182395,1482.000000,0.000000,0.000000,0.000000,0.000000,30.456020,208.955246,269.736511,-2673.200928,483.644836,-0.001331,-6.356473,9.835000,7632,-11,41,-25
30.458952,0.008121,0.193136,-1.131192,0.000115,0.344064,-0.239830,0.001906,-2.310357,-1.407695,-0.172479,-0.000177,0.000002,10.000000,-5.000000,-23.000000,0.097852,0.000020,0.000000,0.000000,0.000000,0.182395,1482.000000,0.000000,0.000000,0.000000,0.000000,30.457975,208.955246,269.736511,-2673.200928,483.644836,-0.001307,-6.356400,9.835000,7632,-12,41,-24
30.460905,0.008122,0.193818,-1.131676,0.000119,0.339452,-0.242627,0.001930,-2.304692,-1.395449,-0.172503,-0.000180,-0.000000,10.000000,-5.000000,-23.000000,0.097852,0.000020,0.000000,0.000000,0.000000,0.182395,1482.000000,0.000000,0.000000,0.000000,0.000000,30.459929,208.955246,269.736511,-2673.200928,483.644836,-0.001284,-6.356328,9.835000,7632,-13,41,-23
30.462860,0.008122,0.194491,-1.132166,0.000123,0.334851,-0.245401,0.001950,-2.299175,-1.384121,-0.172526,-0.000182,-0.000003,10.000000,-5.000000,-23.000000,0.097852,0.000020,0.000000,0.000000,0.000000,0.182395,1482.000000,0.000000,0.000000,0.000000,0.000000,30.461884,208.955246,269.736511,-2673.200928,483.644836,-0.001256,-6.356237,9.835000,7632,-13,40,-22
30.464813,0.008122,0.195154,-1.132662,0.000126,0.330260,-0.248153,0.001966,-2.293796,-1.373626,-0.172548,-0.000184,-0.000005,10.000000,-5.000000,-23.000000,0.097852,0.000020,0.000000,0.000000,0.000000,0.182395,1482.000000,0.000000,0.000000,0.000000,0.000000,30.463837,208.955246,269.736511,-2673.200928,483.644836,-0.001221,-6.356129,9.835000,7632,-13,40,-22
30.466768,0.008122,0.195808,-1.133162,0.000130,0.325681,-0.250886,0.001978,-2.288541,-1.363886,-0.172569,-0.000186,-0.000007,10.000000,-5.000000,-23.000000,0.097852,0.000020,0.000000,0.000000,0.000000,0.182395,1482.000000,0.000000,0.000000,0.000000,0.000000,30.465792,208.955246,269.736511,-2673.200928,483.644836,-0.001187,-6.356023,9.835000,7631,-13,40,-21
30.468721,0.008123,0.196453,-1.133669,0.000134,0.321111,-0.253600,0.001985,-2.283386,-1.354727,-0.172590,-0.000187,-0.000009,10.000000,-5.000000,-23.000000,0.097852,0.000020,0.000000,0.000000,0.000000,0.182395,1482.000000,0.000000,0.000000,0.000000,0.000000,30.467745,208.955246,269.736511,-2673.200928,483.644836,-0.001155,-6.355920,9.835000,7631,-13,40,-20
30.470676,0.008123,0.197089,-1.134181,0.000138,0.316552,-0.256296,0.001988,-2.278337,-1.346165,-0.172610,-0.000188,-0.000011,10.000000,-5.000000,-23.000000,0.097852,0.000020,0.000000,0.000000,0.000000,0.182395,1482.000000,0.000000,0.000000,0.000000,0.000000,30.469700,208.955246,269.736511,-2673.200928,483.644836,-0.001116,-6.355799,9.835000,7631,-13,40,-19
30.472630,0.008123,0.197716,-1.134698,0.000142,0.312003,-0.258977,0.001987,-2.273390,-1.338179,-0.172630,-0.000188,-0.000013,10.000000,-5.000000,-23.000000,0.097852,0.000020,0.000000,0.000000,0.000000,0.182395,1482.000000,0.000000,0.000000,0.000000,0.000000,30.471651,208.955246,269.736511,-2673.200928,483.644836,-0.001072,-6.355659,9.835000,7631,-13,39,-19
30.474585,0.008123,0.198334,-1.135220,0.000146,0.307463,-0.261642,0.001981,-2.268537,-1.330716,-0.172649,-0.000189,-0.000015,10.000000,-5.000000,-23.000000,0.097852,0.000020,0.000000,0.000000,0.000000,0.182395,1482.000000,0.000000,0.000000,0.000000,0.000000,30.473608,208.955246,269.736511,-2673.200928,483.644836,-0.001029,-6.355525,9.835000,7631,-13,39,-18
30.476538,0.008124,0.198943,-1.135748,0.000150,0.302934,-0.264293,0.001971,-2.263776,-1.323727,-0.172669,-0.000188,-0.000017,10.000000,-5.000000,-23.000000,0.097852,0.000020,0.000000,0.000000,0.000000,0.182395,1482.000000,0.000000,0.000000,0.000000,0.000000,30.475559,208.955246,269.736511,-2673.200928,483.644836,-0.000986,-6.355392,9.835000,7631,-13,39,-17
30.478493,0.008124,0.199543,-1.136281,0.000154,0.298413,-0.266930,0.001957,-2.259098,-1.317168,-0.172689,-0.000188,-0.000019,10.000000,-5.000000,-23.000000,0.097852,0.000020,0.000000,0.000000,0.000000,0.182395,1482.000000,0.000000,0.000000,0.000000,0.000000,30.477516,208.955246,269.736511,-2673.200928,483.644836,-0.000938,-6.355242,9.835000,7631,-12,39,-17
30.480446,0.008124,0.200133,-1.136819,0.000158,0.293902,-0.269555,0.001939,-2.254496,-1.310998,-0.172710,-0.000187,-0.000021,10.000000,-5.000000,-23.000000,0.097852,0.000020,0.000000,0.000000,0.000000,0.182395,1482.000000,0.000000,0.000000,0.000000,0.000000,30.479467,208.955246,269.736511,-2673.200928,483.644836,-0.000892,-6.355094,9.835000,7631,-12,39,-16
30.482401,0.008125,0.200715,-1.137363,0.000162,0.289400,-0.272169,0.001917,-2.249969,-1.305182,-0.172731,-0.000185,-0.000023,10.000000,-5.000000,-23.000000,0.097852,0.000020,0.000000,0.000000,0.000000,0.182395,1482.000000,0.000000,0.000000,0.000000,0.000000,30.481424,208.955246,269.736511,-2673.200928,483.644836,-0.000845,-6.354949,9.835000,7631,-11,38,-15
30.484354,0.008125,0.201288,-1.137912,0.000166,0.284906,-0.274771,0.001892,-2.245511,-1.299688,-0.172752,-0.000183,-0.000025,10.000000,-5.000000,-23.000000,0.097852,0.000020,0.000000,0.000000,0.000000,0.182395,1482.000000,0.000000,0.000000,0.000000,0.000000,30.483376,208.955246,269.736511,-2673.200928,483.644836,-0.000793,-6.354786,9.835000,7631,-11,38,-15
30.486307,0.008125,0.201851,-1.138466,0.000169,0.280422,-0.277362,0.001862,-2.241115,-1.294484,-0.172775,-0.000181,-0.000027,10.000000,-5.000000,-23.000000,0.097852,0.000020,0.000000,0.000000,0.000000,0.182395,1482.000000,0.000000,0.000000,0.000000,0.000000,30.485332,208.955246,269.736511,-2673.200928,483.644836,-0.000742,-6.354625,9.835000,7631,-10,38,-14
30.488262,0.008126,0.202406,-1.139025,0.000173,0.275946,-0.279944,0.001829,-2.236782,-1.289546,-0.172798,-0.000179,-0.000029,10.000000,-5.000000,-23.000000,0.097852,0.000020,0.000000,0.000000,0.000000,0.182395,1482.000000,0.000000,0.000000,0.000000,0.000000,30.487284,208.955246,269.736511,-2673.200928,483.644836,-0.000692,-6.354466,9.835000,7631,-9,37,-14
30.490215,0.008126,0.202952,-1.139589,0.000177,0.271479,-0.282516,0.001792,-2.232504,-1.284847,-0.172821,-0.000176,-0.000030,10.000000,-5.000000,-23.000000,0.097852,0.000020,0.000000,0.000000,0.000000,0.182395,1482.000000,0.000000,0.000000,0.000000,0.000000,30.489241,208.955246,269.736511,-2673.200928,483.644836,-0.000641,-6.354309,9.835000,7631,-9,37,-13
30.492170,0.008126,0.203488,-1.140159,0.000180,0.267020,-0.285079,0.001751,-2.228281,-1.280366,-0.172846,-0.000173,-0.000032,10.000000,-5.000000,-23.000000,0.097852,0.000020,0.000000,0.000000,0.000000,0.182395,1482.000000,0.000000,0.000000,0.000000,0.000000,30.491192,208.955246,269.736511,-2673.200928,483.644836,-0.000592,-6.354153,9.835000,7631,-8,37,-13
30.494123,0.008127,0.204016,-1.140733,0.000184,0.262570,-0.287633,0.001708,-2.224107,-1.276083,-0.172871,-0.000170,-0.000034,10.000000,-5.000000,-23.000000,0.097852,0.000020,0.000000,0.000000,0.000000,0.182395,1482.000000,0.000000,0.000000,0.000000,0.000000,30.493149,208.955246,269.736511,-2673.200928,483.644836,-0.000542,-6.353996,9.835000,7631,-7,37,-12
30.496078,0.008127,0.204535,-1.141313,0.000187,0.258128,-0.290179,0.001661,-2.219982,-1.271979,-0.172897,-0.000166,-0.000035,10.000000,-5.000000,-23.000000,0.097852,0.000020,0.000000,0.000000,0.000000,0.182395,1482.000000,0.000000,0.000000,0.000000,0.000000,30.495100,208.955246,269.736511,-2673.200928,483.644836,-0.000492,-6.353840,9.835000,7631,-6,36,-12
30.498032,0.008127,0.205045,-1.141898,0.000190,0.253694,-0.292717,0.001612,-2.215900,-1.268039,-0.172924,-0.000162,-0.000037,10.000000,-6.000000,-8.000000,0.097852,0.000020,0.000000,0.000000,0.000000,0.182395,1496.000000,0.000000,0.000000,0.000000,0.000000,30.497055,208.955246,269.736511,-2673.200928,483.644836,-0.000442,-6.353683,9.835000,7631,-6,36,-12
30.499987,0.008128,0.205547,-1.142487,0.000193,0.249268,-0.295247,0.001560,-2.211859,-1.264247,-0.172952,-0.000158,-0.000038,10.000000,-6.000000,-8.000000,0.092153,0.000048,0.000000,0.000000,0.066000,0.071062,1496.000000,0.000000,0.000000,0.000000,0.000000,30.499008,227.272736,265.413269,277.537720,360.243988,-0.000398,-6.251734,9.826970,7590,-5,36,-11
30.501940,0.008128,0.206039,-1.143082,0.000196,0.244852,-0.297765,0.001504,-2.207113,-1.256314,-0.172981,-0.000153,-0.000040,10.000000,-6.000000,-8.000000,0.092153,0.000048,0.000000,0.000000,0.000000,0.071062,1496.000000,0.000000,0.000000,0.000000,0.000000,30.500963,227.272736,265.413269,277.537720,360.243988,-0.000354,-6.251595,9.826970,7590,-4,36,-11
30.503895,0.008129,0.206523,-1.143682,0.000199,0.240445,-0.300264,0.001447,-2.202232,-1.247530,-0.173010,-0.000149,-0.000041,10.000000,-6.000000,-8.000000,0.092153,0.000048,0.000000,0.000000,0.000000,0.071062,1496.000000,0.000000,0.000000,0.000000,0.000000,30.502916,227.272736,265.413269,277.537720,360.243988,-0.000309,-6.251453,9.826970,7590,-3,35,-10
30.505848,0.008129,0.206997,-1.144287,0.000202,0.236048,-0.302747,0.001387,-2.197474,-1.239357,-0.173041,-0.000144,-0.000043,10.000000,-6.000000,-8.000000,0.092153,0.000048,0.000000,0.000000,0.000000,0.071062,1496.000000,0.000000,0.000000,0.000000,0.000000,30.504871,227.272736,265.413269,277.537720,360.243988,-0.000263,-6.251308,9.826970,7590,-2,35,-10
30.507801,0.008129,0.207463,-1.144897,0.000205,0.231660,-0.305214,0.001325,-2.192825,-1.231737,-0.173071,-0.000139,-0.000044,10.000000,-6.000000,-8.000000,0.092153,0.000048,0.000000,0.000000,0.000000,0.071062,1496.000000,0.000000,0.000000,0.000000,0.000000,30.506824,227.272736,265.413269,277.537720,360.243988,-0.000216,-6.251161,9.826970,7590,-2,35,-10
30.509756,0.008130,0.207921,-1.145512,0.000207,0.227281,-0.307667,0.001262,-2.188278,-1.224620,-0.173103,-0.000134,-0.000045,10.000000,-6.000000,-8.000000,0.092153,0.000048,0.000000,0.000000,0.000000,0.071062,1496.000000,0.000000,0.000000,0.000000,0.000000,30.508780,227.272736,265.413269,277.537720,360.243988,-0.000174,-6.251030,9.826970,7590,-1,35,-10
30.511709,0.008130,0.208369,-1.146131,0.000210,0.222911,-0.310106,0.001197,-2.183825,-1.217959,-0.173135,-0.000128,-0.000046,10.000000,-6.000000,-8.000000,0.092153,0.000048,0.000000,0.000000,0.000000,0.071062,1496.000000,0.000000,0.000000,0.000000,0.000000,30.510733,227.272736,265.413269,277.537720,360.243988,-0.000138,-6.250915,9.826970,7590,0,35,-9
30.513664,0.008131,0.208809,-1.146756,0.000212,0.218550,-0.312532,0.001131,-2.179459,-1.211711,-0.173168,-0.000123,-0.000047,10.000000,-6.000000,-8.000000,0.092153,0.000048,0.000000,0.000000,0.000000,0.071062,1496.000000,0.000000,0.000000,0.000000,0.000000,30.512688,227.272736,265.413269,277.537720,360.243988,-0.000099,-6.250793,9.826970,7590,0,34,-9
30.515617,0.008131,0.209240,-1.147385,0.000214,0.214197,-0.314947,0.001064,-2.175168,-1.205840,-0.173201,-0.000117,-0.000049,10.000000,-6.000000,-8.000000,0.092153,0.000048,0.000000,0.000000,0.000000,0.071062,1496.000000,0.000000,0.000000,0.000000,0.000000,30.514641,227.272736,265.413269,277.537720,360.243988,-0.000058,-6.250665,9.826970,7590,0,34,-9
30.517572,0.008132,0.209662,-1.148019,0.000216,0.209853,-0.317350,0.000996,-2.170949,-1.200309,-0.173235,-0.000112,-0.000050,10.000000,-6.000000,-8.000000,0.092153,0.000048,0.000000,0.000000,0.000000,0.071062,1496.000000,0.000000,0.000000,0.000000,0.000000,30.516596,227.272736,265.413269,277.537720,360.243988,-0.000022,-6.250551,9.826970,7590,1,34,-9
30.519526,0.008132,0.210076,-1.148658,0.000218,0.205518,-0.319743,0.000927,-2.166796,-1.195090,-0.173270,-0.000106,-0.000051,10.000000,-6.000000,-8.000000,0.092153,0.000048,0.000000,0.000000,0.000000,0.071062,1496.000000,0.000000,0.000000,0.000000,0.000000,30.518547,227.272736,265.413269,277.537720,360.243988,0.000010,-6.250451,9.826970,7590,2,34,-8
30.521481,0.008132,0.210481,-1.149302,0.000220,0.201190,-0.322126,0.000858,-2.162704,-1.190151,-0.173304,-0.000100,-0.000051,10.000000,-6.000000,-8.000000,0.092153,0.000048,0.000000,0.000000,0.000000,0.071062,1496.000000,0.000000,0.000000,0.000000,0.000000,30.520504,227.272736,265.413269,277.537720,360.243988,0.000045,-6.250342,9.826970,7590,2,34,-8
30.523434,0.008133,0.210877,-1.149950,0.000222,0.196871,-0.324499,0.000788,-2.158665,-1.185468,-0.173339,-0.000094,-0.000052,10.000000,-6.000000,-8.000000,0.092153,0.000048,0.000000,0.000000,0.000000,0.071062,1496.000000,0.000000,0.000000,0.000000,0.000000,30.522455,227.272736,265.413269,277.537720,360.243988,0.000082,-6.250225,9.826970,7590,3,34,-8
30.525389,0.008133,0.211265,-1.150603,0.000223,0.192560,-0.326863,0.000718,-2.154675,-1.181017,-0.173374,-0.000088,-0.000053,10.000000,-6.000000,-8.000000,0.092153,0.000048,0.000000,0.000000,0.000000,0.071062,1496.000000,0.000000,0.000000,0.000000,0.000000,30.524412,227.272736,265.413269,277.537720,360.243988,0.000115,-6.250121,9.826970,7590,4,33,-8
30.527342,0.008134,0.211644,-1.151261,0.000224,0.188256,-0.329219,0.000648,-2.150732,-1.176778,-0.173410,-0.000082,-0.000054,10.000000,-6.000000,-8.000000,0.092153,0.000048,0.000000,0.000000,0.000000,0.071062,1496.000000,0.000000,0.000000,0.000000,0.000000,30.526363,227.272736,265.413269,277.537720,360.243988,0.000145,-6.250028,9.826970,7590,4,33,-8
30.529297,0.008134,0.212014,-1.151924,0.000226,0.183961,-0.331566,0.000578,-2.146829,-1.172730,-0.173445,-0.000076,-0.000055,10.000000,-6.000000,-8.000000,0.092153,0.000048,0.000000,0.000000,0.000000,0.071062,1496.000000,0.000000,0.000000,0.000000,0.000000,30.528320,227.272736,265.413269,277.537720,360.243988,0.000171,-6.249946,9.826970,7590,5,33,-8
30.531250,0.008135,0.212376,-1.152591,0.000227,0.179673,-0.333906,0.000509,-2.142963,-1.168857,-0.173481,-0.000070,-0.000055,10.000000,-6.000000,-8.000000,0.092153,0.000048,0.000000,0.000000,0.000000,0.071062,1496.000000,0.000000,0.000000,0.000000,0.000000,30.530272,227.272736,265.413269,277.537720,360.243988,0.000194,-6.249874,9.826970,7590,5,33,-8
30.533203,0.008135,0.212729,-1.153263,0.000228,0.175393,-0.336238,0.000440,-2.139132,-1.165143,-0.173516,-0.000065,-0.000056,10.000000,-6.000000,-8.000000,0.092153,0.000048,0.000000,0.000000,0.000000,0.071062,1496.000000,0.000000,0.000000,0.000000,0.000000,30.532228,227.272736,265.413269,277.537720,360.243988,0.000214,-6.249810,9.826970,7590,6,33,-7
30.535158,0.008136,0.213074,-1.153940,0.000228,0.171120,-0.338563,0.000372,-2.135333,-1.161573,-0.173552,-0.000059,-0.000056,10.000000,-6.000000,-8.000000,0.092153,0.000048,0.000000,0.000000,0.000000,0.071062,1496.000000,0.000000,0.000000,0.000000,0.000000,30.534180,227.272736,265.413269,277.537720,360.243988,0.000239,-6.249733,9.826970,7590,6,33,-7
30.537111,0.008136,0.213410,-1.154621,0.000229,0.166855,-0.340881,0.000305,-2.131560,-1.158135,-0.173587,-0.000053,-0.000057,10.000000,-6.000000,-8.000000,0.092153,0.000048,0.000000,0.000000,0.000000,0.071062,1496.000000,0.000000,0.000000,0.000000,0.000000,30.536137,227.272736,265.413269,277.537720,360.243988,0.000267,-6.249646,9.826970,7590,7,33,-7
30.539066,0.008137,0.213738,-1.155307,0.000230,0.162597,-0.343192,0.000239,-2.127812,-1.154816,-0.173622,-0.000047,-0.000057,10.000000,-6.000000,-8.000000,0.092153,0.000048,0.000000,0.000000,0.000000,0.071062,1496.000000,0.000000,0.000000,0.000000,0.000000,30.538088,227.272736,265.413269,277.537720,360.243988,0.000292,-6.249567,9.826970,7590,7,33,-7
30.541019,0.008137,0.214057,-1.155998,0.000230,0.158347,-0.345497,0.000174,-2.124086,-1.151608,-0.173657,-0.000042,-0.000057,10.000000,-6.000000,-8.000000,0.092153,0.000048,0.000000,0.000000,0.000000,0.071062,1496.000000,0.000000,0.000000,0.000000,0.000000,30.540045,227.272736,265.413269,277.537720,360.243988,0.000314,-6.249497,9.826970,7590,7,33,-7
30.542974,0.008137,0.214368,-1.156693,0.000230,0.154105,-0.347796,0.000111,-2.120380,-1.148498,-0.173692,-0.000036,-0.000058,10.000000,-6.000000,-8.000000,0.092153,0.000048,0.000000,0.000000,0.000000,0.071062,1496.000000,0.000000,0.000000,0.000000,0.000000,30.541996,227.272736,265.413269,277.537720,360.243988,0.000333,-6.249435,9.826970,7590,8,33,-7
30.544928,0.008138,0.214670,-1.157393,0.000230,0.149870,-0.350088,0.000049,-2.116691,-1.145478,-0.173726,-0.000031,-0.000058,10.000000,-6.000000,-8.000000,0.092153,0.000048,0.000000,0.000000,0.000000,0.071062,1496.000000,0.000000,0.000000,0.000000,0.000000,30.543953,227.272736,265.413269,277.537720,360.243988,0.000351,-6.249381,9.826970,7590,8,33,-7
30.546883,0.008138,0.214963,-1.158097,0.000230,0.145642,-0.352375,-0.000012,-2.113019,-1.142542,-0.173760,-0.000025,-0.000058,10.000000,-6.000000,-8.000000,0.092153,0.000048,0.000000,0.000000,0.000000,0.071062,1496.000000,0.000000,0.000000,0.000000,0.000000,30.545904,227.272736,265.413269,277.537720,360.243988,0.000366,-6.249333,9.826970,7590,8,33,-7
30.548836,0.008139,0.215249,-1.158806,0.000230,0.141421,-0.354655,-0.000071,-2.109360,-1.139681,-0.173793,-0.000020,-0.000058,10.000000,-6.000000,-8.000000,0.092153,0.000048,0.000000,0.000000,0.000000,0.071062,1496.000000,0.000000,0.000000,0.000000,0.000000,30.547859,227.272736,265.413269,277.537720,360.243988,0.000379,-6.249291,9.826970,7590,9,33,-7
30.550791,0.008139,0.215525,-1.159519,0.000230,0.137208,-0.356931,-0.000128,-2.105713,-1.136890,-0.173826,-0.000015,-0.000058,10.000000,-6.000000,-8.000000,0.092153,0.000048,0.000000,0.000000,0.000000,0.071062,1496.000000,0.000000,0.000000,0.000000,0.000000,30.549812,227.272736,265.413269,277.537720,360.243988,0.000391,-6.249255,9.826970,7590,9,32,-7
30.552744,0.008140,0.215794,-1.160237,0.000230,0.133002,-0.359200,-0.000183,-2.102077,-1.134163,-0.173858,-0.000010,-0.000058,10.000000,-6.000000,-8.000000,0.092153,0.000048,0.000000,0.000000,0.000000,0.071062,1496.000000,0.000000,0.000000,0.000000,0.000000,30.551767,227.272736,265.413269,277.537720,360.243988,0.000401,-6.249224,9.826970,7589,9,32,-7
30.554699,0.008140,0.216054,-1.160960,0.000229,0.128803,-0.361464,-0.000237,-2.098431,-1.131389,-0.173889,-0.000006,-0.000058,10.000000,-6.000000,-8.000000,0.092153,0.000048,0.000000,0.000000,0.000000,0.071062,1496.000000,0.000000,0.000000,0.000000,0.000000,30.553720,227.272736,265.413269,277.537720,360.243988,0.000409,-6.249198,9.826970,7589,9,32,-7
30.556652,0.008141,0.216305,-1.161687,0.000229,0.124612,-0.363723,-0.000289,-2.094789,-1.128645,-0.173920,-0.000001,-0.000058,10.000000,-9.000000,8.000000,0.092153,0.000048,0.000000,0.000000,0.000000,0.071062,1492.000000,0.000000,0.000000,0.000000,0.000000,30.555676,227.272736,265.413269,277.537720,360.243988,0.000416,-6.249177,9.826970,7589,9,32,-7
30.558605,0.008141,0.216549,-1.162418,0.000228,0.120428,-0.365976,-0.000339,-2.091155,-1.125962,-0.173950,0.000003,-0.000058,10.000000,-9.000000,8.000000,0.067967,0.000057,0.000000,0.000000,0.067000,-0.019993,1492.000000,0.000000,0.000000,0.000000,0.000000,30.557629,238.805969,264.288177,172.137817,265.058899,0.000422,-6.222662,9.806045,7569,9,32,-7
30.560560,0.008142,0.216783,-1.163154,0.000227,0.116251,-0.368221,-0.000386,-2.087161,-1.121249,-0.173980,0.000007,-0.000058,10.000000,-9.000000,8.000000,0.067967,0.000057,0.000000,0.000000,0.000000,-0.019993,1492.000000,0.000000,0.000000,0.000000,0.000000,30.559584,238.805969,264.288177,172.137817,265.058899,0.000426,-6.222649,9.806045,7569,9,33,-7
30.562513,0.008142,0.217010,-1.163895,0.000226,0.112083,-0.370456,-0.000431,-2.083089,-1.116113,-0.174008,0.000011,-0.000058,10.000000,-9.000000,8.000000,0.067967,0.000057,0.000000,0.000000,0.000000,-0.019993,1492.000000,0.000000,0.000000,0.000000,0.000000,30.561537,238.805969,264.288177,172.137817,265.058899,0.000429,-6.222639,9.806045,7569,9,33,-7
30.564468,0.008142,0.217228,-1.164640,0.000225,0.107923,-0.372681,-0.000474,-2.079065,-1.111267,-0.174036,0.000015,-0.000058,10.000000,-9.000000,8.000000,0.067967,0.000057,0.000000,0.000000,0.000000,-0.019993,1492.000000,0.000000,0.000000,0.000000,0.000000,30.563492,238.805969,264.288177,172.137817,265.058899,0.000431,-6.222632,9.806045,7569,9,33,-7
30.566422,0.008143,0.217438,-1.165389,0.000224,0.103771,-0.374897,-0.000514,-2.075083,-1.106685,-0.174063,0.000019,-0.000057,10.000000,-9.000000,8.000000,0.067967,0.000057,0.000000,0.000000,0.000000,-0.019993,1492.000000,0.000000,0.000000,0.000000,0.000000,30.565445,238.805969,264.288177,172.137817,265.058899,0.000433,-6.222628,9.806045,7569,9,33,-7
30.568377,0.008143,0.217639,-1.166143,0.000223,0.099627,-0.377104,-0.000553,-2.071138,-1.102342,-0.174088,0.000022,-0.000057,10.000000,-9.000000,8.000000,0.067967,0.000057,0.000000,0.000000,0.000000,-0.019993,1492.000000,0.000000,0.000000,0.000000,0.000000,30.567400,238.805969,264.288177,172.137817,265.058899,0.000433,-6.222628,9.806045,7569,9,33,-7
30.570330,0.008144,0.217833,-1.166901,0.000222,0.095490,-0.379302,-0.000589,-2.067228,-1.098218,-0.174113,0.000026,-0.000057,10.000000,-9.000000,8.000000,0.067967,0.000057,0.000000,0.000000,0.000000,-0.019993,1492.000000,0.000000,0.000000,0.000000,0.000000,30.569351,238.805969,264.288177,172.137817,265.058899,0.000432,-6.222629,9.806045,7569,9,33,-7
30.572285,0.008144,0.218018,-1.167664,0.000221,0.091362,-0.381493,-0.000622,-2.063347,-1.094292,-0.174137,0.000029,-0.000057,10.000000,-9.000000,8.000000,0.067967,0.000057,0.000000,0.000000,0.000000,-0.019993,1492.000000,0.000000,0.000000,0.000000,0.000000,30.571308,238.805969,264.288177,172.137817,265.058899,0.000431,-6.222633,9.806045,7569,9,33,-7
30.574238,0.008145,0.218194,-1.168431,0.000220,0.087241,-0.383676,-0.000654,-2.059493,-1.090548,-0.174161,0.000032,-0.000056,10.000000,-9.000000,8.000000,0.067967,0.000057,0.000000,0.000000,0.000000,-0.019993,1492.000000,0.000000,0.000000,0.000000,0.000000,30.573259,238.805969,264.288177,172.137817,265.058899,0.000429,-6.222640,9.806045,7569,9,33,-7
30.576193,0.008145,0.218363,-1.169202,0.000218,0.083127,-0.385851,-0.000684,-2.055662,-1.086966,-0.174183,0.000034,-0.000056,10.000000,-9.000000,8.000000,0.067967,0.000057,0.000000,0.000000,0.000000,-0.019993,1492.000000,0.000000,0.000000,0.000000,0.000000,30.575216,238.805969,264.288177,172.137817,265.058899,0.000426,-6.222649,9.806045,7569,9,33,-7
30.578146,0.008146,0.218523,-1.169978,0.000217,0.079022,-0.388020,-0.000712,-2.051852,-1.083535,-0.174204,0.000037,-0.000055,10.000000,-9.000000,8.000000,0.067967,0.000057,0.000000,0.000000,0.000000,-0.019993,1492.000000,0.000000,0.000000,0.000000,0.000000,30.577168,238.805969,264.288177,172.137817,265.058899,0.000422,-6.222660,9.806045,7569,8,33,-7
30.580099,0.008146,0.218675,-1.170758,0.000215,0.074924,-0.390182,-0.000737,-2.048061,-1.080240,-0.174224,0.000039,-0.000055,10.000000,-9.000000,8.000000,0.067967,0.000057,0.000000,0.000000,0.000000,-0.019993,1492.000000,0.000000,0.000000,0.000000,0.000000,30.579124,238.805969,264.288177,172.137817,265.058899,0.000418,-6.222673,9.806045,7569,8,33,-7
30.582054,0.008146,0.218819,-1.171543,0.000214,0.070833,-0.392338,-0.000761,-2.044285,-1.077068,-0.174243,0.000041,-0.000055,10.000000,-9.000000,8.000000,0.067967,0.000057,0.000000,0.000000,0.000000,-0.019993,1492.000000,0.000000,0.000000,0.000000,0.000000,30.581076,238.805969,264.288177,172.137817,265.058899,0.000413,-6.222689,9.806045,7569,8,33,-7
30.584007,0.008147,0.218955,-1.172331,0.000212,0.066750,-0.394487,-0.000783,-2.040524,-1.074009,-0.174261,0.000044,-0.000054,10.000000,-9.000000,8.000000,0.067967,0.000057,0.000000,0.000000,0.000000,-0.019993,1492.000000,0.000000,0.000000,0.000000,0.000000,30.583033,238.805969,264.288177,172.137817,265.058899,0.000408,-6.222706,9.806045,7569,8,33,-7
30.585962,0.008147,0.219082,-1.173124,0.000211,0.062675,-0.396631,-0.000802,-2.036775,-1.071054,-0.174278,0.000045,-0.000054,10.000000,-9.000000,8.000000,0.067967,0.000057,0.000000,0.000000,0.000000,-0.019993,1492.000000,0.000000,0.000000,0.000000,0.000000,30.584984,238.805969,264.288177,172.137817,265.058899,0.000402,-6.222724,9.806045,7569,8,33,-7
30.587915,0.008148,0.219201,-1.173922,0.000209,0.058607,-0.398769,-0.000820,-2.033037,-1.068192,-0.174294,0.000047,-0.000053,10.000000,-9.000000,8.000000,0.067967,0.000057,0.000000,0.000000,0.000000,-0.019993,1492.000000,0.000000,0.000000,0.000000,0.000000,30.586941,238.805969,264.288177,172.137817,265.058899,0.000395,-6.222745,9.806045,7569,7,33,-6
30.589870,0.008148,0.219313,-1.174723,0.000207,0.054547,-0.400901,-0.000836,-2.029310,-1.065416,-0.174310,0.000049,-0.000053,10.000000,-9.000000,8.000000,0.067967,0.000057,0.000000,0.000000,0.000000,-0.019993,1492.000000,0.000000,0.000000,0.000000,0.000000,30.588892,238.805969,264.288177,172.137817,265.058899,0.000395,-6.222747,9.806045,7569,7,33,-6
30.591824,0.008149,0.219416,-1.175529,0.000206,0.050494,-0.403028,-0.000850,-2.025590,-1.062718,-0.174324,0.000050,-0.000052,10.000000,-9.000000,8.000000,0.067967,0.000057,0.000000,0.000000,0.000000,-0.019993,1492.000000,0.000000,0.000000,0.000000,0.000000,30.590849,238.805969,264.288177,172.137817,265.058899,0.000400,-6.222731,9.806045,7569,7,33,-6
30.593779,0.008149,0.219511,-1.176339,0.000204,0.046448,-0.405149,-0.000862,-2.021878,-1.060093,-0.174337,0.000051,-0.000051,10.000000,-9.000000,8.000000,0.067967,0.000057,0.000000,0.000000,0.000000,-0.019993,1492.000000,0.000000,0.000000,0.000000,0.000000,30.592800,238.805969,264.288177,172.137817,265.058899,0.000403,-6.222720,9.806045,7569,6,33,-6
30.595732,0.008149,0.219598,-1.177153,0.000202,0.042410,-0.407266,-0.000873,-2.018171,-1.057533,-0.174349,0.000052,-0.000051,10.000000,-9.000000,8.000000,0.067967,0.000057,0.000000,0.000000,0.000000,-0.019993,1492.000000,0.000000,0.000000,0.000000,0.000000,30.594755,238.805969,264.288177,172.137817,265.058899,0.000406,-6.222713,9.806045,7569,6,33,-6
30.597687,0.008150,0.219677,-1.177972,0.000201,0.038379,-0.409377,-0.000881,-2.014471,-1.055032,-0.174360,0.000053,-0.000050,10.000000,-9.000000,8.000000,0.067967,0.000057,0.000000,0.000000,0.000000,-0.019993,1492.000000,0.000000,0.000000,0.000000,0.000000,30.596708,238.805969,264.288177,172.137817,265.058899,0.000407,-6.222710,9.806045,7569,6,34,-6
30.599640,0.008150,0.219747,-1.178795,0.000199,0.034356,-0.411483,-0.000888,-2.010775,-1.052586,-0.174371,0.000054,-0.000049,10.000000,-9.000000,8.000000,0.067967,0.000057,0.000000,0.000000,0.000000,-0.019993,1492.000000,0.000000,0.000000,0.000000,0.000000,30.598663,238.805969,264.288177,172.137817,265.058899,0.000407,-6.222710,9.806045,7569,6,34,-6
30.601593,0.008151,0.219810,-1.179621,0.000197,0.030340,-0.413585,-0.000893,-2.007083,-1.050189,-0.174380,0.000055,-0.000049,10.000000,-9.000000,8.000000,0.067967,0.000057,0.000000,0.000000,0.000000,-0.019993,1492.000000,0.000000,0.000000,0.000000,0.000000,30.600616,238.805969,264.288177,172.137817,265.058899,0.000405,-6.222713,9.806045,7569,5,34,-6
30.603548,0.008151,0.219865,-1.180453,0.000195,0.026331,-0.415682,-0.000896,-2.003395,-1.047838,-0.174389,0.000055,-0.000048,10.000000,-9.000000,8.000000,0.067967,0.000057,0.000000,0.000000,0.000000,-0.019993,1492.000000,0.000000,0.000000,0.000000,0.000000,30.602571,238.805969,264.288177,172.137817,265.058899,0.000403,-6.222720,9.806045,7569,5,34,-6
30.605501,0.008151,0.219912,-1.181288,0.000193,0.022330,-0.417774,-0.000898,-1.999711,-1.045529,-0.174396,0.000056,-0.000047,10.000000,-9.000000,8.000000,0.067967,0.000057,0.000000,0.000000,0.000000,-0.019993,1492.000000,0.000000,0.000000,0.000000,0.000000,30.604525,238.805969,264.288177,172.137817,265.058899,0.000400,-6.222730,9.806045,7569,5,34,-6
30.607456,0.008152,0.219950,-1.182127,0.000192,0.018336,-0.419862,-0.000898,-1.996029,-1.043258,-0.174403,0.000056,-0.000047,10.000000,-9.000000,8.000000,0.067967,0.000057,0.000000,0.000000,0.000000,-0.019993,1492.000000,0.000000,0.000000,0.000000,0.000000,30.606480,238.805969,264.288177,172.137817,265.058899,0.000396,-6.222743,9.806045,7569,4,34,-6
30.609409,0.008152,0.219981,-1.182971,0.000190,0.014349,-0.421945,-0.000897,-1.992350,-1.041023,-0.174409,0.000056,-0.000046,10.000000,-9.000000,8.000000,0.067967,0.000057,0.000000,0.000000,0.000000,-0.019993,1492.000000,0.000000,0.000000,0.000000,0.000000,30.608433,238.805969,264.288177,172.137817,265.058899,0.000391,-6.222757,9.806045,7569,4,34,-6
30.611364,0.008152,0.220004,-1.183819,0.000188,0.010370,-0.424023,-0.000894,-1.988674,-1.038821,-0.174415,0.000056,-0.000045,10.000000,-9.000000,8.000000,0.067967,0.000057,0.000000,0.000000,0.000000,-0.019993,1492.000000,0.000000,0.000000,0.000000,0.000000,30.610388,238.805969,264.288177,172.137817,265.058899,0.000386,-6.222775,9.806045,7569,4,34,-6
30.613317,0.008153,0.220019,-1.184671,0.000186,0.006398,-0.426098,-0.000891,-1.985000,-1.036650,-0.174419,0.000056,-0.000044,10.000000,-9.000000,8.000000,0.067967,0.000057,0.000000,0.000000,0.000000,-0.019993,1492.000000,0.000000,0.000000,0.000000,0.000000,30.612341,238.805969,264.288177,172.137817,265.058899,0.000379,-6.222795,9.806045,7569,3,34,-6
30.615273,0.008153,0.220025,-1.185527,0.000184,0.002434,-0.428168,-0.000885,-1.981329,-1.034505,-0.174423,0.000056,-0.000043,10.000000,-9.000000,8.000000,0.067967,0.000057,0.000000,0.000000,0.000000,-0.019993,1492.000000,0.000000,0.000000,0.000000,0.000000,30.614296,238.805969,264.288177,172.137817,265.058899,0.000372,-6.222818,9.806045,7569,3,34,-6
30.617226,0.008154,0.220024,-1.186387,0.000183,-0.001523,-0.430234,-0.000879,-1.977660,-1.032385,-0.174426,0.000055,-0.000043,10.000000,-9.000000,8.000000,0.067967,0.000057,0.000000,0.000000,0.000000,-0.019993,1492.000000,0.000000,0.000000,0.000000,0.000000,30.616247,238.805969,264.288177,172.137817,265.058899,0.000364,-6.222843,9.806045,7569,3,34,-6
30.619181,0.008154,0.220015,-1.187252,0.000181,-0.005473,-0.432295,-0.000871,-1.973993,-1.030290,-0.174428,0.000055,-0.000042,10.000000,-9.000000,8.000000,0.067967,0.000057,0.000000,0.000000,0.000000,-0.019993,1492.000000,0.000000,0.000000,0.000000,0.000000,30.618204,238.805969,264.288177,172.137817,265.058899,0.000356,-6.222869,9.806045,7569,2,34,-6
30.621134,0.008154,0.219998,-1.188120,0.000179,-0.009416,-0.434353,-0.000862,-1.970329,-1.028215,-0.174430,0.000054,-0.000041,10.000000,-9.000000,8.000000,0.067967,0.000057,0.000000,0.000000,0.000000,-0.019993,1492.000000,0.000000,0.000000,0.000000,0.000000,30.620155,238.805969,264.288177,172.137817,265.058899,0.000347,-6.222898,9.806045,7569,2,34,-6
30.623089,0.008155,0.219974,-1.188993,0.000178,-0.013351,-0.436406,-0.000852,-1.966666,-1.026160,-0.174431,0.000054,-0.000040,10.000000,-9.000000,8.000000,0.067967,0.000057,0.000000,0.000000,0.000000,-0.019993,1492.000000,0.000000,0.000000,0.000000,0.000000,30.622112,238.805969,264.288177,172.137817,265.058899,0.000337,-6.222929,9.806045,7569,2,34,-6
30.625042,0.008155,0.219941,-1.189870,0.000176,-0.017279,-0.438455,-0.000841,-1.963007,-1.024124,-0.174432,0.000053,-0.000039,10.000000,-9.000000,8.000000,0.067967,0.000057,0.000000,0.000000,0.000000,-0.019993,1492.000000,0.000000,0.000000,0.000000,0.000000,30.624063,238.805969,264.288177,172.137817,265.058899,0.000327,-6.222961,9.806045,7569,2,34,-6
30.626995,0.008155,0.219901,-1.190751,0.000174,-0.021199,-0.440501,-0.000829,-1.959350,-1.022106,-0.174432,0.000052,-0.000039,10.000000,-9.000000,8.000000,0.067967,0.000057,0.000000,0.000000,0.000000,-0.019993,1492.000000,0.000000,0.000000,0.000000,0.000000,30.626020,238.805969,264.288177,172.137817,265.058899,0.000316,-6.222995,9.806045,7569,1,34,-6
30.628950,0.008156,0.219852,-1.191636,0.000173,-0.025113,-0.442542,-0.000816,-1.955696,-1.020103,-0.174431,0.000051,-0.000038,10.000000,-9.000000,8.000000,0.067967,0.000057,0.000000,0.000000,0.000000,-0.019993,1492.000000,0.000000,0.000000,0.000000,0.000000,30.627972,238.805969,264.288177,172.137817,265.058899,0.000304,-6.223031,9.806045,7569,1,35,-6
30.630903,0.008156,0.219796,-1.192525,0.000171,-0.029018,-0.444579,-0.000802,-1.952044,-1.018114,-0.174430,0.000050,-0.000037,10.000000,-9.000000,8.000000,0.067967,0.000057,0.000000,0.000000,0.000000,-0.019993,1492.000000,0.000000,0.000000,0.000000,0.000000,30.629929,238.805969,264.288177,172.137817,265.058899,0.000292,-6.223069,9.806045,7569,1,35,-6
30.632858,0.008156,0.219732,-1.193418,0.000169,-0.032917,-0.446612,-0.000787,-1.948396,-1.016139,-0.174429,0.000049,-0.000036,10.000000,-9.000000,8.000000,0.067967,0.000057,0.000000,0.000000,0.000000,-0.019993,1492.000000,0.000000,0.000000,0.000000,0.000000,30.631880,238.805969,264.288177,172.137817,265.058899,0.000280,-6.223108,9.806045,7569,1,35,-6
30.634811,0.008157,0.219660,-1.194315,0.000168,-0.036808,-0.448642,-0.000771,-1.944751,-1.014178,-0.174427,0.000048,-0.000036,10.000000,-13.000000,23.000000,0.067967,0.000057,0.000000,0.000000,0.000000,-0.019993,1472.000000,0.000000,0.000000,0.000000,0.000000,30.633837,238.805969,264.288177,172.137817,265.058899,0.000267,-6.223149,9.806045,7569,0,35,-6
30.636766,0.008157,0.219581,-1.195216,0.000166,-0.040692,-0.450667,-0.000755,-1.941110,-1.012228,-0.174425,0.000047,-0.000035,10.000000,-13.000000,23.000000,0.031761,0.000041,0.000000,0.000000,0.067000,-0.101052,1472.000000,0.000000,0.000000,0.000000,0.000000,30.635788,223.880585,250.235931,-222.766922,94.434456,0.000253,-5.892262,9.783060,7443,0,35,-6
30.638720,0.008157,0.219494,-1.196121,0.000165,-0.044566,-0.452671,-0.000737,-1.935158,-0.997152,-0.174422,0.000045,-0.000034,10.000000,-13.000000,23.000000,0.031761,0.000041,0.000000,0.000000,0.000000,-0.101052,1472.000000,0.000000,0.000000,0.000000,0.000000,30.637745,223.880585,250.235931,-222.766922,94.434456,0.000239,-5.892306,9.783060,7443,0,35,-6
30.640675,0.008158,0.219399,-1.197031,0.000163,-0.048427,-0.454638,-0.000719,-1.928684,-0.979099,-0.174419,0.000044,-0.000033,10.000000,-13.000000,23.000000,0.031761,0.000041,0.000000,0.000000,0.000000,-0.101052,1472.000000,0.000000,0.000000,0.000000,0.000000,30.639696,223.880585,250.235931,-222.766922,94.434456,0.000224,-5.892354,9.783060,7443,0,35,-5
30.642628,0.008158,0.219296,-1.197944,0.000162,-0.052275,-0.456571,-0.000701,-1.922486,-0.962588,-0.174416,0.000043,-0.000033,10.000000,-13.000000,23.000000,0.031761,0.000041,0.000000,0.000000,0.000000,-0.101052,1472.000000,0.000000,0.000000,0.000000,0.000000,30.641651,223.880585,250.235931,-222.766922,94.434456,0.000215,-5.892382,9.783060,7443,0,35,-5
30.644583,0.008158,0.219185,-1.198861,0.000161,-0.056111,-0.458474,-0.000682,-1.916536,-0.947477,-0.174413,0.000041,-0.000032,10.000000,-13.000000,23.000000,0.031761,0.000041,0.000000,0.000000,0.000000,-0.101052,1472.000000,0.000000,0.000000,0.000000,0.000000,30.643604,223.880585,250.235931,-222.766922,94.434456,0.000212,-5.892391,9.783060,7443,0,35,-5
30.646536,0.008159,0.219067,-1.199781,0.000159,-0.059935,-0.460348,-0.000664,-1.910812,-0.933634,-0.174409,0.000040,-0.000031,10.000000,-13.000000,23.000000,0.031761,0.000041,0.000000,0.000000,0.000000,-0.101052,1472.000000,0.000000,0.000000,0.000000,0.000000,30.645559,223.880585,250.235931,-222.766922,94.434456,0.000207,-5.892405,9.783060,7443,0,35,-5
30.648491,0.008159,0.218942,-1.200706,0.000158,-0.063749,-0.462196,-0.000646,-1.905296,-0.920942,-0.174405,0.000039,-0.000031,10.000000,-13.000000,23.000000,0.031761,0.000041,0.000000,0.000000,0.000000,-0.101052,1472.000000,0.000000,0.000000,0.000000,0.000000,30.647512,223.880585,250.235931,-222.766922,94.434456,0.000202,-5.892423,9.783060,7443,0,35,-5
30.650444,0.008159,0.218808,-1.201634,0.000157,-0.067551,-0.464020,-0.000628,-1.899967,-0.909295,-0.174401,0.000037,-0.000030,10.000000,-13.000000,23.000000,0.031761,0.000041,0.000000,0.000000,0.000000,-0.101052,1472.000000,0.000000,0.000000,0.000000,0.000000,30.649467,223.880585,250.235931,-222.766922,94.434456,0.000195,-5.892444,9.783060,7443,0,35,-5
30.652397,0.008160,0.218667,-1.202565,0.000155,-0.071343,-0.465823,-0.000610,-1.894809,-0.898596,-0.174397,0.000036,-0.000030,10.000000,-13.000000,23.000000,0.031761,0.000041,0.000000,0.000000,0.000000,-0.101052,1472.000000,0.000000,0.000000,0.000000,0.000000,30.651421,223.880585,250.235931,-222.766922,94.434456,0.000188,-5.892467,9.783060,7443,0,35,-5
30.654352,0.008160,0.218519,-1.203501,0.000154,-0.075125,-0.467605,-0.000593,-1.889807,-0.888755,-0.174393,0.000035,-0.000029,10.000000,-13.000000,23.000000,0.031761,0.000041,0.000000,0.000000,0.000000,-0.101052,1472.000000,0.000000,0.000000,0.000000,0.000000,30.653376,223.880585,250.235931,-222.766922,94.434456,0.000179,-5.892495,9.783060,7443,0,35,-5
30.656305,0.008160,0.218363,-1.204440,0.000153,-0.078898,-0.469369,-0.000577,-1.884947,-0.879696,-0.174388,0.000033,-0.000028,10.000000,-13.000000,23.000000,0.031761,0.000041,0.000000,0.000000,0.000000,-0.101052,1472.000000,0.000000,0.000000,0.000000,0.000000,30.655329,223.880585,250.235931,-222.766922,94.434456,0.000169,-5.892524,9.783060,7443,0,35,-5
30.658260,0.008161,0.218199,-1.205382,0.000152,-0.082660,-0.471115,-0.000561,-1.880216,-0.871344,-0.174384,0.000032,-0.000028,10.000000,-13.000000,23.000000,0.031761,0.000041,0.000000,0.000000,0.000000,-0.101052,1472.000000,0.000000,0.000000,0.000000,0.000000,30.657284,223.880585,250.235931,-222.766922,94.434456,0.000159,-5.892557,9.783060,7443,-1,35,-5
30.660213,0.008161,0.218028,-1.206328,0.000151,-0.086414,-0.472846,-0.000546,-1.875603,-0.863634,-0.174379,0.000031,-0.000027,10.000000,-13.000000,23.000000,0.031761,0.000041,0.000000,0.000000,0.000000,-0.101052,1472.000000,0.000000,0.000000,0.000000,0.000000,30.659237,223.880585,250.235931,-222.766922,94.434456,0.000148,-5.892591,9.783060,7443,-1,35,-5
30.662169,0.008161,0.217849,-1.207277,0.000150,-0.090158,-0.474563,-0.000531,-1.871097,-0.856508,-0.174374,0.000030,-0.000027,10.000000,-13.000000,23.000000,0.031761,0.000041,0.000000,0.000000,0.000000,-0.101052,1472.000000,0.000000,0.000000,0.000000,0.000000,30.661192,223.880585,250.235931,-222.766922,94.434456,0.000136,-5.892628,9.783060,7443,-1,35,-4
30.664122,0.008161,0.217663,-1.208229,0.000149,-0.093894,-0.476266,-0.000518,-1.866691,-0.849908,-0.174369,0.000029,-0.000027,10.000000,-13.000000,23.000000,0.031761,0.000041,0.000000,0.000000,0.000000,-0.101052,1472.000000,0.000000,0.000000,0.000000,0.000000,30.663143,223.880585,250.235931,-222.766922,94.434456,0.000131,-5.892647,9.783060,7443,-1,35,-4
30.666077,0.008162,0.217470,-1.209185,0.000148,-0.097621,-0.477957,-0.000505,-1.862373,-0.843789,-0.174364,0.000028,-0.000026,10.000000,-13.000000,23.000000,0.031761,0.000041,0.000000,0.000000,0.000000,-0.101052,1472.000000,0.000000,0.000000,0.000000,0.000000,30.665100,223.880585,250.235931,-222.766922,94.434456,0.000130,-5.892648,9.783060,7443,-1,35,-4
30.668030,0.008162,0.217269,-1.210145,0.000147,-0.101339,-0.479636,-0.000492,-1.858137,-0.838104,-0.174359,0.000027,-0.000026,10.000000,-13.000000,23.000000,0.031761,0.000041,0.000000,0.000000,0.000000,-0.101052,1472.000000,0.000000,0.000000,0.000000,0.000000,30.667051,223.880585,250.235931,-222.766922,94.434456,0.000128,-5.892654,9.783060,7443,-1,35,-4
30.669985,0.008162,0.217060,-1.211108,0.000146,-0.105049,-0.481304,-0.000481,-1.853977,-0.832814,-0.174354,0.000026,-0.000025,10.000000,-13.000000,23.000000,0.031761,0.000041,0.000000,0.000000,0.000000,-0.101052,1472.000000,0.000000,0.000000,0.000000,0.000000,30.669008,223.880585,250.235931,-222.766922,94.434456,0.000125,-5.892665,9.783060,7443,-1,35,-4
30.671938,0.008163,0.216844,-1.212074,0.000145,-0.108751,-0.482962,-0.000471,-1.849885,-0.827883,-0.174349,0.000026,-0.000025,10.000000,-13.000000,23.000000,0.031761,0.000041,0.000000,0.000000,0.000000,-0.101052,1472.000000,0.000000,0.000000,0.000000,0.000000,30.670959,223.880585,250.235931,-222.766922,94.434456,0.000120,-5.892679,9.783060,7443,-1,35,-4
30.673893,0.008163,0.216621,-1.213043,0.000144,-0.112445,-0.484611,-0.000461,-1.845856,-0.823277,-0.174344,0.000025,-0.000025,10.000000,-13.000000,23.000000,0.031761,0.000041,0.000000,0.000000,0.000000,-0.101052,1472.000000,0.000000,0.000000,0.000000,0.000000,30.672916,223.880585,250.235931,-222.766922,94.434456,0.000114,-5.892698,9.783060,7443,-1,35,-4
30.675846,0.008163,0.216391,-1.214016,0.000143,-0.116131,-0.486251,-0.000453,-1.841885,-0.818966,-0.174339,0.000024,-0.000024,10.000000,-13.000000,23.000000,0.031761,0.000041,0.000000,0.000000,0.000000,-0.101052,1472.000000,0.000000,0.000000,0.000000,0.000000,30.674868,223.880585,250.235931,-222.766922,94.434456,0.000107,-5.892720,9.783060,7443,-2,34,-4
30.677799,0.008163,0.216153,-1.214992,0.000142,-0.119808,-0.487883,-0.000446,-1.837968,-0.814924,-0.174333,0.000024,-0.000024,10.000000,-13.000000,23.000000,0.031761,0.000041,0.000000,0.000000,0.000000,-0.101052,1472.000000,0.000000,0.000000,0.000000,0.000000,30.676825,223.880585,250.235931,-222.766922,94.434456,0.000099,-5.892745,9.783060,7443,-2,34,-4
30.679754,0.008164,0.215907,-1.215971,0.000141,-0.123479,-0.489507,-0.000439,-1.834099,-0.811126,-0.174328,0.000023,-0.000024,10.000000,-13.000000,23.000000,0.031761,0.000041,0.000000,0.000000,0.000000,-0.101052,1472.000000,0.000000,0.000000,0.000000,0.000000,30.678776,223.880585,250.235931,-222.766922,94.434456,0.000090,-5.892773,9.783060,7443,-2,34,-3
30.681707,0.008164,0.215654,-1.216953,0.000140,-0.127141,-0.491124,-0.000434,-1.830278,-0.807548,-0.174323,0.000023,-0.000023,10.000000,-13.000000,23.000000,0.031761,0.000041,0.000000,0.000000,0.000000,-0.101052,1472.000000,0.000000,0.000000,0.000000,0.000000,30.680733,223.880585,250.235931,-222.766922,94.434456,0.000087,-5.892784,9.783060,7443,-2,34,-3
30.683662,0.008164,0.215394,-1.217939,0.000139,-0.130796,-0.492734,-0.000429,-1.826497,-0.804171,-0.174318,0.000023,-0.000023,10.000000,-13.000000,23.000000,0.031761,0.000041,0.000000,0.000000,0.000000,-0.101052,1472.000000,0.000000,0.000000,0.000000,0.000000,30.682684,223.880585,250.235931,-222.766922,94.434456,0.000089,-5.892777,9.783060,7443,-2,34,-3
30.685616,0.008165,0.215127,-1.218928,0.000139,-0.134443,-0.494337,-0.000425,-1.822754,-0.800975,-0.174313,0.000023,-0.000023,10.000000,-13.000000,23.000000,0.031761,0.000041,0.000000,0.000000,0.000000,-0.101052,1472.000000,0.000000,0.000000,0.000000,0.000000,30.684641,223.880585,250.235931,-222.766922,94.434456,0.000089,-5.892776,9.783060,7443,-2,34,-3
30.687571,0.008165,0.214852,-1.219920,0.000138,-0.138083,-0.495935,-0.000422,-1.819048,-0.797945,-0.174309,0.000023,-0.000023,10.000000,-13.000000,23.000000,0.031761,0.000041,0.000000,0.000000,0.000000,-0.101052,1472.000000,0.000000,0.000000,0.000000,0.000000,30.686592,223.880585,250.235931,-222.766922,94.434456,0.000088,-5.892781,9.783060,7443,-2,34,-3
30.689524,0.008165,0.214571,-1.220915,0.000137,-0.141716,-0.497526,-0.000419,-1.815374,-0.795066,-0.174304,0.000022,-0.000023,10.000000,-13.000000,23.000000,0.031761,0.000041,0.000000,0.000000,0.000000,-0.101052,1472.000000,0.000000,0.000000,0.000000,0.000000,30.688547,223.880585,250.235931,-222.766922,94.434456,0.000085,-5.892790,9.783060,7443,-2,34,-3
30.691479,0.008165,0.214281,-1.221913,0.000136,-0.145341,-0.499112,-0.000417,-1.811732,-0.792322,-0.174299,0.000022,-0.000022,10.000000,-13.000000,23.000000,0.031761,0.000041,0.000000,0.000000,0.000000,-0.101052,1472.000000,0.000000,0.000000,0.000000,0.000000,30.690500,223.880585,250.235931,-222.766922,94.434456,0.000081,-5.892803,9.783060,7443,-2,34,-3
30.693432,0.008166,0.213985,-1.222915,0.000135,-0.148959,-0.500693,-0.000416,-1.808119,-0.789703,-0.174295,0.000022,-0.000022,10.000000,-19.000000,38.000000,0.031761,0.000041,0.000000,0.000000,0.000000,-0.101052,1428.000000,0.000000,0.000000,0.000000,0.000000,30.692455,223.880585,250.235931,-222.766922,94.434456,0.000076,-5.892819,9.783060,7443,-2,34,-3
30.695387,0.008166,0.213681,-1.223920,0.000134,-0.152570,-0.502269,-0.000415,-1.804532,-0.787196,-0.174290,0.000022,-0.000022,10.000000,-19.000000,38.000000,-0.022987,0.000033,0.000000,0.000000,0.066000,-0.231656,1428.000000,0.000000,0.000000,0.000000,0.000000,30.694408,227.272675,242.635071,51.395290,54.542439,0.000069,-5.713839,9.746819,7363,-2,34,-2
30.697340,0.008166,0.213370,-1.224928,0.000134,-0.156172,-0.503828,-0.000414,-1.799504,-0.776449,-0.174286,0.000022,-0.000022,10.000000,-19.000000,38.000000,-0.022987,0.000033,0.000000,0.000000,0.000000,-0.231656,1428.000000,0.000000,0.000000,0.000000,0.000000,30.696363,227.272675,242.635071,51.395290,54.542439,0.000068,-5.713842,9.746819,7363,-2,34,-2
30.699293,0.008166,0.213052,-1.225939,0.000133,-0.159763,-0.505362,-0.000413,-1.794164,-0.763898,-0.174282,0.000022,-0.000022,10.000000,-19.000000,38.000000,-0.022987,0.000033,0.000000,0.000000,0.000000,-0.231656,1428.000000,0.000000,0.000000,0.000000,0.000000,30.698317,227.272675,242.635071,51.395290,54.542439,0.000072,-5.713830,9.746819,7363,-2,34,-2
30.701248,0.008167,0.212727,-1.226953,0.000132,-0.163343,-0.506873,-0.000413,-1.789017,-0.752405,-0.174278,0.000023,-0.000022,10.000000,-19.000000,38.000000,-0.022987,0.000033,0.000000,0.000000,0.000000,-0.231656,1428.000000,0.000000,0.000000,0.000000,0.000000,30.700272,227.272675,242.635071,51.395290,54.542439,0.000074,-5.713823,9.746819,7363,-2,34,-2
30.703201,0.008167,0.212395,-1.227970,0.000131,-0.166914,-0.508361,-0.000413,-1.784047,-0.741872,-0.174274,0.000023,-0.000022,10.000000,-19.000000,38.000000,-0.022987,0.000033,0.000000,0.000000,0.000000,-0.231656,1428.000000,0.000000,0.000000,0.000000,0.000000,30.702225,227.272675,242.635071,51.395290,54.542439,0.000075,-5.713821,9.746819,7363,-2,34,-2
30.705156,0.008167,0.212055,-1.228990,0.000130,-0.170475,-0.509831,-0.000414,-1.779238,-0.732209,-0.174271,0.000023,-0.000022,10.000000,-19.000000,38.000000,-0.022987,0.000033,0.000000,0.000000,0.000000,-0.231656,1428.000000,0.000000,0.000000,0.000000,0.000000,30.704180,227.272675,242.635071,51.395290,54.542439,0.000074,-5.713824,9.746819,7363,-2,34,-2
30.707109,0.008168,0.211709,-1.230013,0.000129,-0.174026,-0.511282,-0.000415,-1.774576,-0.723335,-0.174267,0.000023,-0.000021,10.000000,-19.000000,38.000000,-0.022987,0.000033,0.000000,0.000000,0.000000,-0.231656,1428.000000,0.000000,0.000000,0.000000,0.000000,30.706133,227.272675,242.635071,51.395290,54.542439,0.000071,-5.713832,9.746819,7363,-2,34,-2
30.709064,0.008168,0.211355,-1.231038,0.000129,-0.177568,-0.512716,-0.000417,-1.770047,-0.715177,-0.174264,0.000023,-0.000021,10.000000,-19.000000,38.000000,-0.022987,0.000033,0.000000,0.000000,0.000000,-0.231656,1428.000000,0.000000,0.000000,0.000000,0.000000,30.708088,227.272675,242.635071,51.395290,54.542439,0.000067,-5.713844,9.746819,7363,-2,34,-2
30.711018,0.008168,0.210994,-1.232067,0.000128,-0.181102,-0.514135,-0.000419,-1.765641,-0.707670,-0.174261,0.000024,-0.000021,10.000000,-19.000000,38.000000,-0.022987,0.000033,0.000000,0.000000,0.000000,-0.231656,1428.000000,0.000000,0.000000,0.000000,0.000000,30.710039,227.272675,242.635071,51.395290,54.542439,0.000062,-5.713860,9.746819,7363,-2,33,-2
30.712973,0.008168,0.210626,-1.233098,0.000127,-0.184627,-0.515540,-0.000422,-1.761347,-0.700752,-0.174258,0.000024,-0.000021,10.000000,-19.000000,38.000000,-0.022987,0.000033,0.000000,0.000000,0.000000,-0.231656,1428.000000,0.000000,0.000000,0.000000,0.000000,30.711996,227.272675,242.635071,51.395290,54.542439,0.000056,-5.713879,9.746819,7363,-2,33,-2
30.714926,0.008169,0.210251,-1.234132,0.000126,-0.188143,-0.516932,-0.000425,-1.757155,-0.694370,-0.174255,0.000024,-0.000021,10.000000,-19.000000,38.000000,-0.022987,0.000033,0.000000,0.000000,0.000000,-0.231656,1428.000000,0.000000,0.000000,0.000000,0.000000,30.713947,227.272675,242.635071,51.395290,54.542439,0.000049,-5.713901,9.746819,7363,-2,33,-1
30.716881,0.008169,0.209869,-1.235169,0.000125,-0.191651,-0.518312,-0.000428,-1.753058,-0.688472,-0.174253,0.000025,-0.000021,10.000000,-19.000000,38.000000,-0.022987,0.000033,0.000000,0.000000,0.000000,-0.231656,1428.000000,0.000000,0.000000,0.000000,0.000000,30.715904,227.272675,242.635071,51.395290,54.542439,0.000048,-5.713905,9.746819,7363,-2,33,-1
30.718834,0.008169,0.209481,-1.236209,0.000124,-0.195151,-0.519680,-0.000431,-1.749045,-0.683013,-0.174250,0.000025,-0.000021,10.000000,-19.000000,38.000000,-0.022987,0.000033,0.000000,0.000000,0.000000,-0.231656,1428.000000,0.000000,0.000000,0.000000,0.000000,30.717855,227.272675,242.635071,51.395290,54.542439,0.000052,-5.713893,9.746819,7363,-2,33,-1
30.720787,0.008169,0.209085,-1.237252,0.000124,-0.198644,-0.521039,-0.000435,-1.745111,-0.677954,-0.174248,0.000026,-0.000021,10.000000,-19.000000,38.000000,-0.022987,0.000033,0.000000,0.000000,0.000000,-0.231656,1428.000000,0.000000,0.000000,0.000000,0.000000,30.719812,227.272675,242.635071,51.395290,54.542439,0.000054,-5.713887,9.746819,7363,-2,33,-1
30.722742,0.008170,0.208682,-1.238297,0.000123,-0.202128,-0.522387,-0.000438,-1.741248,-0.673257,-0.174246,0.000026,-0.000021,10.000000,-19.000000,38.000000,-0.022987,0.000033,0.000000,0.000000,0.000000,-0.231656,1428.000000,0.000000,0.000000,0.000000,0.000000,30.721764,227.272675,242.635071,51.395290,54.542439,0.000054,-5.713886,9.746819,7363,-2,33,-1
30.724695,0.008170,0.208272,-1.239345,0.000122,-0.205605,-0.523727,-0.000442,-1.737451,-0.668889,-0.174245,0.000027,-0.000021,10.000000,-19.000000,38.000000,-0.022987,0.000033,0.000000,0.000000,0.000000,-0.231656,1428.000000,0.000000,0.000000,0.000000,0.000000,30.723721,227.272675,242.635071,51.395290,54.542439,0.000053,-5.713889,9.746819,7363,-2,33,-1
30.726650,0.008170,0.207855,-1.240395,0.000121,-0.209074,-0.525059,-0.000446,-1.733715,-0.664819,-0.174243,0.000027,-0.000021,10.000000,-19.000000,38.000000,-0.022987,0.000033,0.000000,0.000000,0.000000,-0.231656,1428.000000,0.000000,0.000000,0.000000,0.000000,30.725672,227.272675,242.635071,51.395290,54.542439,0.000051,-5.713897,9.746819,7363,-2,33,-1
30.728603,0.008170,0.207431,-1.241448,0.000120,-0.212536,-0.526383,-0.000449,-1.730035,-0.661020,-0.174242,0.000027,-0.000021,10.000000,-19.000000,38.000000,-0.022987,0.000033,0.000000,0.000000,0.000000,-0.231656,1428.000000,0.000000,0.000000,0.000000,0.000000,30.727629,227.272675,242.635071,51.395290,54.542439,0.000047,-5.713908,9.746819,7363,-2,33,-1
30.730558,0.008171,0.207001,-1.242504,0.000119,-0.215991,-0.527700,-0.000453,-1.726407,-0.657468,-0.174241,0.000028,-0.000021,10.000000,-19.000000,38.000000,-0.022987,0.000033,0.000000,0.000000,0.000000,-0.231656,1428.000000,0.000000,0.000000,0.000000,0.000000,30.729580,227.272675,242.635071,51.395290,54.542439,0.000042,-5.713923,9.746819,7363,-1,33,-1
30.732512,0.008171,0.206563,-1.243562,0.000118,-0.219438,-0.529010,-0.000457,-1.722826,-0.654137,-0.174241,0.000028,-0.000021,10.000000,-19.000000,38.000000,-0.022987,0.000033,0.000000,0.000000,0.000000,-0.231656,1428.000000,0.000000,0.000000,0.000000,0.000000,30.731537,227.272675,242.635071,51.395290,54.542439,0.000036,-5.713942,9.746819,7363,-1,33,-1
30.734467,0.008171,0.206118,-1.244623,0.000117,-0.222878,-0.530313,-0.000460,-1.719289,-0.651009,-0.174240,0.000029,-0.000021,10.000000,-19.000000,38.000000,-0.022987,0.000033,0.000000,0.000000,0.000000,-0.231656,1428.000000,0.000000,0.000000,0.000000,0.000000,30.733488,227.272675,242.635071,51.395290,54.542439,0.000029,-5.713964,9.746819,7363,-1,33,0
30.736420,0.008171,0.205667,-1.245687,0.000116,-0.226312,-0.531611,-0.000464,-1.715794,-0.648064,-0.174240,0.000029,-0.000021,10.000000,-19.000000,38.000000,-0.022987,0.000033,0.000000,0.000000,0.000000,-0.231656,1428.000000,0.000000,0.000000,0.000000,0.000000,30.735443,227.272675,242.635071,51.395290,54.542439,0.000028,-5.713967,9.746819,7363,-1,33,0
30.738375,0.008171,0.205209,-1.246753,0.000115,-0.229738,-0.532903,-0.000468,-1.712334,-0.645287,-0.174240,0.000029,-0.000021,10.000000,-19.000000,38.000000,-0.022987,0.000033,0.000000,0.000000,0.000000,-0.231656,1428.000000,0.000000,0.000000,0.000000,0.000000,30.737396,227.272675,242.635071,51.395290,54.542439,0.000032,-5.713954,9.746819,7363,-1,33,0
30.740328,0.008172,0.204744,-1.247822,0.000114,-0.233158,-0.534189,-0.000471,-1.708909,-0.642661,-0.174240,0.000030,-0.000021,10.000000,-19.000000,38.000000,-0.022987,0.000033,0.000000,0.000000,0.000000,-0.231656,1428.000000,0.000000,0.000000,0.000000,0.000000,30.739351,227.272675,242.635071,51.395290,54.542439,0.000035,-5.713947,9.746819,7363,-1,33,0
30.742283,0.008172,0.204272,-1.248893,0.000114,-0.236570,-0.535471,-0.000475,-1.705516,-0.640172,-0.174241,0.000030,-0.000021,10.000000,-19.000000,38.000000,-0.022987,0.000033,0.000000,0.000000,0.000000,-0.231656,1428.000000,0.000000,0.000000,0.000000,0.000000,30.741304,227.272675,242.635071,51.395290,54.542439,0.000036,-5.713944,9.746819,7363,-1,33,0
30.744236,0.008172,0.203793,-1.249967,0.000113,-0.239976,-0.536748,-0.000478,-1.702152,-0.637808,-0.174241,0.000031,-0.000021,10.000000,-19.000000,38.000000,-0.022987,0.000033,0.000000,0.000000,0.000000,-0.231656,1428.000000,0.000000,0.000000,0.000000,0.000000,30.743259,227.272675,242.635071,51.395290,54.542439,0.000035,-5.713946,9.746819,7363,-1,33,0
30.746189,0.008172,0.203308,-1.251044,0.000112,-0.243376,-0.538020,-0.000482,-1.698817,-0.635557,-0.174242,0.000031,-0.000021,10.000000,-19.000000,38.000000,-0.022987,0.000033,0.000000,0.000000,0.000000,-0.231656,1428.000000,0.000000,0.000000,0.000000,0.000000,30.745213,227.272675,242.635071,51.395290,54.542439,0.000033,-5.713952,9.746819,7363,-1,33,0
30.748144,0.008173,0.202815,-1.252123,0.000111,-0.246768,-0.539288,-0.000485,-1.695507,-0.633410,-0.174243,0.000031,-0.000021,10.000000,-19.000000,38.000000,-0.022987,0.000033,0.000000,0.000000,0.000000,-0.231656,1428.000000,0.000000,0.000000,0.000000,0.000000,30.747168,227.272675,242.635071,51.395290,54.542439,0.000030,-5.713962,9.746819,7363,-1,33,0
30.750097,0.008173,0.202316,-1.253204,0.000110,-0.250154,-0.540551,-0.000488,-1.692221,-0.631356,-0.174244,0.000032,-0.000021,10.000000,-19.000000,38.000000,-0.022987,0.000033,0.000000,0.000000,0.000000,-0.231656,1428.000000,0.000000,0.000000,0.000000,0.000000,30.749121,227.272675,242.635071,51.395290,54.542439,0.000025,-5.713976,9.746819,7363,0,33,0
30.752052,0.008173,0.201810,-1.254289,0.000109,-0.253534,-0.541811,-0.000491,-1.688958,-0.629388,-0.174246,0.000032,-0.000021,10.000000,-26.000000,51.000000,-0.022987,0.000033,0.000000,0.000000,0.000000,-0.231656,1354.000000,0.000000,0.000000,0.000000,0.000000,30.751076,227.272675,242.635071,51.395290,54.542439,0.000020,-5.713993,9.746819,7363,0,33,0
30.754005,0.008173,0.201298,-1.255375,0.000108,-0.256907,-0.543067,-0.000494,-1.685716,-0.627497,-0.174247,0.000033,-0.000021,10.000000,-26.000000,51.000000,-0.100944,0.000027,0.000000,0.000000,0.067000,-0.402432,1354.000000,0.000000,0.000000,0.000000,0.000000,30.753029,194.029846,216.565002,-496.161591,-124.143394,0.000014,-5.100064,9.709105,7147,0,33,0
30.755960,0.008173,0.200778,-1.256464,0.000107,-0.260268,-0.544289,-0.000496,-1.678529,-0.603154,-0.174249,0.000033,-0.000021,10.000000,-26.000000,51.000000,-0.100944,0.000027,0.000000,0.000000,0.000000,-0.402432,1354.000000,0.000000,0.000000,0.000000,0.000000,30.754984,194.029846,216.565002,-496.161591,-124.143394,0.000006,-5.100087,9.709105,7147,0,33,0
30.757914,0.008174,0.200252,-1.257556,0.000106,-0.263613,-0.545451,-0.000498,-1.670458,-0.573754,-0.174251,0.000033,-0.000021,10.000000,-26.000000,51.000000,-0.100944,0.000027,0.000000,0.000000,0.000000,-0.402432,1354.000000,0.000000,0.000000,0.000000,0.000000,30.756935,194.029846,216.565002,-496.161591,-124.143394,-0.000002,-5.100112,9.709105,7147,0,33,0
30.759869,0.008174,0.199719,-1.258649,0.000105,-0.266943,-0.546558,-0.000500,-1.662867,-0.547038,-0.174253,0.000034,-0.000021,10.000000,-26.000000,51.000000,-0.100944,0.000027,0.000000,0.000000,0.000000,-0.402432,1354.000000,0.000000,0.000000,0.000000,0.000000,30.758892,194.029846,216.565002,-496.161591,-124.143394,-0.000011,-5.100141,9.709105,7147,0,33,0
30.761822,0.008174,0.199180,-1.259745,0.000104,-0.270258,-0.547616,-0.000502,-1.655712,-0.522759,-0.174255,0.000034,-0.000021,10.000000,-26.000000,51.000000,-0.100944,0.000027,0.000000,0.000000,0.000000,-0.402432,1354.000000,0.000000,0.000000,0.000000,0.000000,30.760843,194.029846,216.565002,-496.161591,-124.143394,-0.000021,-5.100171,9.709105,7147,0,33,0
30.763777,0.008174,0.198634,-1.260843,0.000103,-0.273559,-0.548628,-0.000505,-1.648952,-0.500689,-0.174257,0.000034,-0.000022,10.000000,-26.000000,51.000000,-0.100944,0.000027,0.000000,0.000000,0.000000,-0.402432,1354.000000,0.000000,0.000000,0.000000,0.000000,30.762800,194.029846,216.565002,-496.161591,-124.143394,-0.000031,-5.100203,9.709105,7147,0,33,0
30.765730,0.008175,0.198081,-1.261943,0.000102,-0.276847,-0.549599,-0.000507,-1.642551,-0.480623,-0.174259,0.000035,-0.000022,10.000000,-26.000000,51.000000,-0.100944,0.000027,0.000000,0.000000,0.000000,-0.402432,1354.000000,0.000000,0.000000,0.000000,0.000000,30.764751,194.029846,216.565002,-496.161591,-124.143394,-0.000042,-5.100238,9.709105,7147,0,33,0
30.767685,0.008175,0.197522,-1.263044,0.000101,-0.280123,-0.550532,-0.000511,-1.636476,-0.462376,-0.174262,0.000035,-0.000022,10.000000,-26.000000,51.000000,-0.100944,0.000027,0.000000,0.000000,0.000000,-0.402432,1354.000000,0.000000,0.000000,0.000000,0.000000,30.766708,194.029846,216.565002,-496.161591,-124.143394,-0.000053,-5.100274,9.709105,7147,0,33,0
30.769638,0.008175,0.196957,-1.264148,0.000100,-0.283387,-0.551432,-0.000514,-1.630698,-0.445776,-0.174264,0.000036,-0.000022,10.000000,-26.000000,51.000000,-0.100944,0.000027,0.000000,0.000000,0.000000,-0.402432,1354.000000,0.000000,0.000000,0.000000,0.000000,30.768660,194.029846,216.565002,-496.161591,-124.143394,-0.000066,-5.100312,9.709105,7147,0,33,1
30.771591,0.008175,0.196384,-1.265253,0.000099,-0.286640,-0.552301,-0.000518,-1.625190,-0.430671,-0.174267,0.000036,-0.000022,10.000000,-26.000000,51.000000,-0.100944,0.000027,0.000000,0.000000,0.000000,-0.402432,1354.000000,0.000000,0.000000,0.000000,0.000000,30.770617,194.029846,216.565002,-496.161591,-124.143394,-0.000071,-5.100331,9.709105,7147,0,33,1
30.773546,0.008175,0.195806,-1.266360,0.000098,-0.289883,-0.553141,-0.000523,-1.619926,-0.416923,-0.174269,0.000037,-0.000023,10.000000,-26.000000,51.000000,-0.100944,0.000027,0.000000,0.000000,0.000000,-0.402432,1354.000000,0.000000,0.000000,0.000000,0.000000,30.772568,194.029846,216.565002,-496.161591,-124.143394,-0.000072,-5.100332,9.709105,7147,0,32,1
30.775499,0.008175,0.195220,-1.267469,0.000096,-0.293115,-0.553956,-0.000528,-1.614884,-0.404404,-0.174272,0.000037,-0.000023,10.000000,-26.000000,51.000000,-0.100944,0.000027,0.000000,0.000000,0.000000,-0.402432,1354.000000,0.000000,0.000000,0.000000,0.000000,30.774525,194.029846,216.565002,-496.161591,-124.143394,-0.000073,-5.100337,9.709105,7147,0,32,1
30.777454,0.008176,0.194629,-1.268579,0.000095,-0.296338,-0.554748,-0.000534,-1.610044,-0.393002,-0.174275,0.000038,-0.000023,10.000000,-26.000000,51.000000,-0.100944,0.000027,0.000000,0.000000,0.000000,-0.402432,1354.000000,0.000000,0.000000,0.000000,0.000000,30.776476,194.029846,216.565002,-496.161591,-124.143394,-0.000076,-5.100346,9.709105,7147,0,32,1
30.779408,0.008176,0.194031,-1.269691,0.000094,-0.299551,-0.555518,-0.000540,-1.605388,-0.382611,-0.174278,0.000038,-0.000023,10.000000,-26.000000,51.000000,-0.100944,0.000027,0.000000,0.000000,0.000000,-0.402432,1354.000000,0.000000,0.000000,0.000000,0.000000,30.778433,194.029846,216.565002,-496.161591,-124.143394,-0.000081,-5.100359,9.709105,7147,0,32,1
30.781363,0.008176,0.193426,-1.270804,0.000093,-0.302755,-0.556269,-0.000546,-1.600900,-0.373138,-0.174280,0.000039,-0.000024,10.000000,-26.000000,51.000000,-0.100944,0.000027,0.000000,0.000000,0.000000,-0.402432,1354.000000,0.000000,0.000000,0.000000,0.000000,30.780384,194.029846,216.565002,-496.161591,-124.143394,-0.000086,-5.100376,9.709105,7147,0,32,2
30.783316,0.008176,0.192815,-1.271919,0.000092,-0.305950,-0.557002,-0.000552,-1.596565,-0.364498,-0.174283,0.000040,-0.000024,10.000000,-26.000000,51.000000,-0.100944,0.000027,0.000000,0.000000,0.000000,-0.402432,1354.000000,0.000000,0.000000,0.000000,0.000000,30.782339,194.029846,216.565002,-496.161591,-124.143394,-0.000085,-5.100374,9.709105,7147,0,32,2
30.785271,0.008176,0.192198,-1.273035,0.000091,-0.309137,-0.557719,-0.000559,-1.592367,-0.356613,-0.174286,0.000041,-0.000024,10.000000,-26.000000,51.000000,-0.100944,0.000027,0.000000,0.000000,0.000000,-0.402432,1354.000000,0.000000,0.000000,0.000000,0.000000,30.784292,194.029846,216.565002,-496.161591,-124.143394,-0.000080,-5.100356,9.709105,7147,0,32,2
30.787224,0.008177,0.191574,-1.274153,0.000090,-0.312315,-0.558422,-0.000567,-1.588296,-0.349413,-0.174289,0.000041,-0.000025,10.000000,-26.000000,51.000000,-0.100944,0.000027,0.000000,0.000000,0.000000,-0.402432,1354.000000,0.000000,0.000000,0.000000,0.000000,30.786247,194.029846,216.565002,-496.161591,-124.143394,-0.000076,-5.100344,9.709105,7147,0,32,2
30.789179,0.008177,0.190944,-1.275272,0.000089,-0.315486,-0.559111,-0.000574,-1.584339,-0.342834,-0.174292,0.000042,-0.000025,10.000000,-26.000000,51.000000,-0.100944,0.000027,0.000000,0.000000,0.000000,-0.402432,1354.000000,0.000000,0.000000,0.000000,0.000000,30.788200,194.029846,216.565002,-496.161591,-124.143394,-0.000073,-5.100337,9.709105,7147,0,32,2
30.791132,0.008177,0.190308,-1.276392,0.000088,-0.318649,-0.559787,-0.000582,-1.580487,-0.336819,-0.174295,0.000043,-0.000025,10.000000,-26.000000,51.000000,-0.100944,0.000027,0.000000,0.000000,0.000000,-0.402432,1354.000000,0.000000,0.000000,0.000000,0.000000,30.790155,194.029846,216.565002,-496.161591,-124.143394,-0.000073,-5.100335,9.709105,7147,0,32,2
30.793085,0.008177,0.189665,-1.277514,0.000086,-0.321804,-0.560452,-0.000589,-1.576730,-0.331315,-0.174298,0.000044,-0.000025,10.000000,-26.000000,51.000000,-0.100944,0.000027,0.000000,0.000000,0.000000,-0.402432,1354.000000,0.000000,0.000000,0.000000,0.000000,30.792109,194.029846,216.565002,-496.161591,-124.143394,-0.000073,-5.100337,9.709105,7147,0,32,3
30.795040,0.008177,0.189016,-1.278637,0.000085,-0.324952,-0.561107,-0.000597,-1.573062,-0.326274,-0.174301,0.000045,-0.000026,10.000000,-26.000000,51.000000,-0.100944,0.000027,0.000000,0.000000,0.000000,-0.402432,1354.000000,0.000000,0.000000,0.000000,0.000000,30.794064,194.029846,216.565002,-496.161591,-124.143394,-0.000068,-5.100321,9.709105,7147,0,32,3
30.796993,0.008177,0.188361,-1.279761,0.000084,-0.328093,-0.561753,-0.000604,-1.569472,-0.321654,-0.174304,0.000045,-0.000026,10.000000,-26.000000,51.000000,-0.100944,0.000027,0.000000,0.000000,0.000000,-0.402432,1354.000000,0.000000,0.000000,0.000000,0.000000,30.796017,194.029846,216.565002,-496.161591,-124.143394,-0.000059,-5.100291,9.709105,7147,0,32,3
30.798948,0.008178,0.187699,-1.280887,0.000083,-0.331227,-0.562390,-0.000612,-1.565954,-0.317416,-0.174307,0.000046,-0.000026,10.000000,-26.000000,51.000000,-0.100944,0.000027,0.000000,0.000000,0.000000,-0.402432,1354.000000,0.000000,0.000000,0.000000,0.000000,30.797972,194.029846,216.565002,-496.161591,-124.143394,-0.000051,-5.100266,9.709105,7147,0,32,3
30.800901,0.008178,0.187032,-1.282014,0.000082,-0.334353,-0.563019,-0.000620,-1.562503,-0.313523,-0.174310,0.000047,-0.000026,10.000000,-26.000000,51.000000,-0.100944,0.000027,0.000000,0.000000,0.000000,-0.402432,1354.000000,0.000000,0.000000,0.000000,0.000000,30.799925,194.029846,216.565002,-496.161591,-124.143394,-0.000045,-5.100247,9.709105,7147,1,32,3
30.802856,0.008178,0.186358,-1.283142,0.000080,-0.337473,-0.563640,-0.000628,-1.559112,-0.309946,-0.174313,0.000048,-0.000027,10.000000,-26.000000,51.000000,-0.100944,0.000027,0.000000,0.000000,0.000000,-0.402432,1354.000000,0.000000,0.000000,0.000000,0.000000,30.801880,194.029846,216.565002,-496.161591,-124.143394,-0.000041,-5.100235,9.709105,7147,1,32,3
30.804810,0.008178,0.185677,-1.284271,0.000079,-0.340586,-0.564255,-0.000636,-1.555776,-0.306653,-0.174316,0.000049,-0.000027,10.000000,-26.000000,51.000000,-0.100944,0.000027,0.000000,0.000000,0.000000,-0.402432,1354.000000,0.000000,0.000000,0.000000,0.000000,30.803831,194.029846,216.565002,-496.161591,-124.143394,-0.000038,-5.100226,9.709105,7147,1,31,3
30.806765,0.008178,0.184991,-1.285401,0.000078,-0.343693,-0.564864,-0.000644,-1.552492,-0.303619,-0.174319,0.000049,-0.000027,10.000000,-26.000000,51.000000,-0.100944,0.000027,0.000000,0.000000,0.000000,-0.402432,1354.000000,0.000000,0.000000,0.000000,0.000000,30.805788,194.029846,216.565002,-496.161591,-124.143394,-0.000037,-5.100222,9.709105,7147,1,31,4
30.808718,0.008178,0.184298,-1.286533,0.000076,-0.346793,-0.565467,-0.000652,-1.549255,-0.300819,-0.174322,0.000050,-0.000027,10.000000,-26.000000,51.000000,-0.100944,0.000027,0.000000,0.000000,0.000000,-0.402432,1354.000000,0.000000,0.000000,0.000000,0.000000,30.807739,194.029846,216.565002,-496.161591,-124.143394,-0.000030,-5.100201,9.709105,7147,1,31,4
30.810673,0.008179,0.183599,-1.287666,0.000075,-0.349887,-0.566065,-0.000659,-1.546058,-0.298233,-0.174325,0.000051,-0.000028,10.000000,-26.000000,51.000000,-0.100944,0.000027,0.000000,0.000000,0.000000,-0.402432,1354.000000,0.000000,0.000000,0.000000,0.000000,30.809696,194.029846,216.565002,-496.161591,-124.143394,-0.000018,-5.100164,9.709105,7147,1,31,4
30.812626,0.008179,0.182894,-1.288800,0.000074,-0.352974,-0.566658,-0.000667,-1.542901,-0.295839,-0.174328,0.000052,-0.000028,10.000000,-26.000000,51.000000,-0.100944,0.000027,0.000000,0.000000,0.000000,-0.402432,1354.000000,0.000000,0.000000,0.000000,0.000000,30.811647,194.029846,216.565002,-496.161591,-124.143394,-0.000009,-5.100134,9.709105,7147,1,31,4
30.814581,0.008179,0.182183,-1.289936,0.000072,-0.356055,-0.567246,-0.000674,-1.539779,-0.293620,-0.174331,0.000053,-0.000028,10.000000,-26.000000,51.000000,-0.100944,0.000027,0.000000,0.000000,0.000000,-0.402432,1354.000000,0.000000,0.000000,0.000000,0.000000,30.813604,194.029846,216.565002,-496.161591,-124.143394,-0.000001,-5.100110,9.709105,7147,1,31,4
30.816534,0.008179,0.181465,-1.291072,0.000071,-0.359130,-0.567830,-0.000681,-1.536689,-0.291561,-0.174334,0.000053,-0.000028,10.000000,-26.000000,51.000000,-0.100944,0.000027,0.000000,0.000000,0.000000,-0.402432,1354.000000,0.000000,0.000000,0.000000,0.000000,30.815556,194.029846,216.565002,-496.161591,-124.143394,0.000005,-5.100091,9.709105,7147,1,31,4
30.818487,0.008179,0.180742,-1.292210,0.000070,-0.362199,-0.568410,-0.000687,-1.533630,-0.289646,-0.174337,0.000054,-0.000028,10.000000,-26.000000,51.000000,-0.100944,0.000027,0.000000,0.000000,0.000000,-0.402432,1354.000000,0.000000,0.000000,0.000000,0.000000,30.817513,194.029846,216.565002,-496.161591,-124.143394,0.000009,-5.100077,9.709105,7147,1,31,4
30.820442,0.008179,0.180012,-1.293349,0.000068,-0.365262,-0.568987,-0.000693,-1.530598,-0.287863,-0.174340,0.000055,-0.000028,10.000000,-26.000000,51.000000,-0.100944,0.000027,0.000000,0.000000,0.000000,-0.402432,1354.000000,0.000000,0.000000,0.000000,0.000000,30.819464,194.029846,216.565002,-496.161591,-124.143394,0.000012,-5.100068,9.709105,7147,1,31,4
30.822395,0.008179,0.179276,-1.294489,0.000067,-0.368318,-0.569560,-0.000698,-1.527592,-0.286198,-0.174343,0.000055,-0.000028,10.000000,-26.000000,51.000000,-0.100944,0.000027,0.000000,0.000000,0.000000,-0.402432,1354.000000,0.000000,0.000000,0.000000,0.000000,30.821421,194.029846,216.565002,-496.161591,-124.143394,0.000014,-5.100063,9.709105,7147,1,31,4
30.824350,0.008180,0.178534,-1.295630,0.000066,-0.371369,-0.570130,-0.000703,-1.524609,-0.284641,-0.174345,0.000056,-0.000028,10.000000,-26.000000,51.000000,-0.100944,0.000027,0.000000,0.000000,0.000000,-0.402432,1354.000000,0.000000,0.000000,0.000000,0.000000,30.823372,194.029846,216.565002,-496.161591,-124.143394,0.000014,-5.100062,9.709105,7147,1,31,5
30.826303,0.008180,0.177786,-1.296772,0.000064,-0.374414,-0.570697,-0.000707,-1.521649,-0.283182,-0.174348,0.000056,-0.000028,10.000000,-26.000000,51.000000,-0.100944,0.000027,0.000000,0.000000,0.000000,-0.402432,1354.000000,0.000000,0.000000,0.000000,0.000000,30.825329,194.029846,216.565002,-496.161591,-124.143394,0.000020,-5.100043,9.709105,7147,1,31,5
30.828259,0.008180,0.177032,-1.297915,0.000063,-0.377453,-0.571262,-0.000710,-1.518708,-0.281812,-0.174351,0.000057,-0.000028,10.000000,-26.000000,51.000000,-0.100944,0.000027,0.000000,0.000000,0.000000,-0.402432,1354.000000,0.000000,0.000000,0.000000,0.000000,30.827280,194.029846,216.565002,-496.161591,-124.143394,0.000031,-5.100008,9.709105,7147,1,31,5
30.830212,0.008180,0.176272,-1.299060,0.000061,-0.380486,-0.571823,-0.000712,-1.515785,-0.280524,-0.174353,0.000057,-0.000028,10.000000,-34.000000,62.000000,-0.100944,0.000027,0.000000,0.000000,0.000000,-0.402432,1286.000000,0.000000,0.000000,0.000000,0.000000,30.829235,194.029846,216.565002,-496.161591,-124.143394,0.000041,-5.099979,9.709105,7147,1,31,5
30.832167,0.008180,0.175505,-1.300206,0.000060,-0.383513,-0.572383,-0.000714,-1.512879,-0.279308,-0.174355,0.000057,-0.000028,10.000000,-34.000000,62.000000,-0.158724,0.000015,0.000000,0.000000,0.067000,-0.389521,1286.000000,0.000000,0.000000,0.000000,0.000000,30.831188,164.179108,184.647018,-445.533386,-242.538208,0.000048,-4.348286,9.666120,6907,1,31,5
30.834120,0.008180,0.174733,-1.301352,0.000058,-0.386529,-0.572906,-0.000714,-1.505581,-0.253137,-0.174358,0.000057,-0.000028,10.000000,-34.000000,62.000000,-0.158724,0.000015,0.000000,0.000000,0.000000,-0.389521,1286.000000,0.000000,0.000000,0.000000,0.000000,30.833143,164.179108,184.647018,-445.533386,-242.538208,0.000054,-4.348266,9.666120,6907,1,31,5
30.836075,0.008180,0.173955,-1.302500,0.000057,-0.389527,-0.573364,-0.000712,-1.497294,-0.221333,-0.174360,0.000058,-0.000028,10.000000,-34.000000,62.000000,-0.158724,0.000015,0.000000,0.000000,0.000000,-0.389521,1286.000000,0.000000,0.000000,0.000000,0.000000,30.835096,164.179108,184.647018,-445.533386,-242.538208,0.000060,-4.348250,9.666120,6907,1,31,5
30.838028,0.008180,0.173170,-1.303648,0.000056,-0.392510,-0.573763,-0.000710,-1.489536,-0.192504,-0.174362,0.000058,-0.000028,10.000000,-34.000000,62.000000,-0.158724,0.000015,0.000000,0.000000,0.000000,-0.389521,1286.000000,0.000000,0.000000,0.000000,0.000000,30.837051,164.179108,184.647018,-445.533386,-242.538208,0.000064,-4.348238,9.666120,6907,1,31,5
30.839981,0.008181,0.172380,-1.304798,0.000054,-0.395478,-0.574109,-0.000707,-1.482256,-0.166373,-0.174364,0.000058,-0.000028,10.000000,-34.000000,62.000000,-0.158724,0.000015,0.000000,0.000000,0.000000,-0.389521,1286.000000,0.000000,0.000000,0.000000,0.000000,30.839005,164.179108,184.647018,-445.533386,-242.538208,0.000066,-4.348229,9.666120,6907,1,31,5
30.841936,0.008181,0.171584,-1.305947,0.000053,-0.398432,-0.574406,-0.000705,-1.475410,-0.142688,-0.174366,0.000058,-0.000028,10.000000,-34.000000,62.000000,-0.158724,0.000015,0.000000,0.000000,0.000000,-0.389521,1286.000000,0.000000,0.000000,0.000000,0.000000,30.840960,164.179108,184.647018,-445.533386,-242.538208,0.000068,-4.348225,9.666120,6907,1,31,5
30.843889,0.008181,0.170782,-1.307098,0.000051,-0.401374,-0.574659,-0.000701,-1.468959,-0.121223,-0.174367,0.000058,-0.000027,10.000000,-34.000000,62.000000,-0.158724,0.000015,0.000000,0.000000,0.000000,-0.389521,1286.000000,0.000000,0.000000,0.000000,0.000000,30.842913,164.179108,184.647018,-445.533386,-242.538208,0.000068,-4.348224,9.666120,6907,1,31,5
30.845844,0.008181,0.169974,-1.308249,0.000050,-0.404302,-0.574872,-0.000698,-1.462867,-0.101771,-0.174369,0.000058,-0.000027,10.000000,-34.000000,62.000000,-0.158724,0.000015,0.000000,0.000000,0.000000,-0.389521,1286.000000,0.000000,0.000000,0.000000,0.000000,30.844868,164.179108,184.647018,-445.533386,-242.538208,0.000067,-4.348227,9.666120,6907,1,31,5
30.847797,0.008181,0.169160,-1.309400,0.000049,-0.407219,-0.575048,-0.000694,-1.457099,-0.084144,-0.174370,0.000057,-0.000027,10.000000,-34.000000,62.000000,-0.158724,0.000015,0.000000,0.000000,0.000000,-0.389521,1286.000000,0.000000,0.000000,0.000000,0.000000,30.846821,164.179108,184.647018,-445.533386,-242.538208,0.000065,-4.348232,9.666120,6907,1,31,5
30.849752,0.008181,0.168341,-1.310551,0.000047,-0.410125,-0.575193,-0.000690,-1.451626,-0.068172,-0.174372,0.000057,-0.000027,10.000000,-34.000000,62.000000,-0.158724,0.000015,0.000000,0.000000,0.000000,-0.389521,1286.000000,0.000000,0.000000,0.000000,0.000000,30.848776,164.179108,184.647018,-445.533386,-242.538208,0.000063,-4.348240,9.666120,6907,1,31,5
30.851706,0.008181,0.167515,-1.311703,0.000046,-0.413021,-0.575307,-0.000686,-1.446421,-0.053702,-0.174373,0.000057,-0.000027,10.000000,-34.000000,62.000000,-0.158724,0.000015,0.000000,0.000000,0.000000,-0.389521,1286.000000,0.000000,0.000000,0.000000,0.000000,30.850727,164.179108,184.647018,-445.533386,-242.538208,0.000059,-4.348251,9.666120,6907,1,31,6
30.853661,0.008181,0.166684,-1.312855,0.000044,-0.415906,-0.575395,-0.000682,-1.441461,-0.040593,-0.174374,0.000057,-0.000027,10.000000,-34.000000,62.000000,-0.158724,0.000015,0.000000,0.000000,0.000000,-0.389521,1286.000000,0.000000,0.000000,0.000000,0.000000,30.852684,164.179108,184.647018,-445.533386,-242.538208,0.000062,-4.348243,9.666120,6907,1,31,6
30.855614,0.008181,0.165847,-1.314007,0.000043,-0.418782,-0.575458,-0.000678,-1.436720,-0.028720,-0.174375,0.000057,-0.000027,10.000000,-34.000000,62.000000,-0.158724,0.000015,0.000000,0.000000,0.000000,-0.389521,1286.000000,0.000000,0.000000,0.000000,0.000000,30.854635,164.179108,184.647018,-445.533386,-242.538208,0.000070,-4.348218,9.666120,6907,1,31,6
30.857569,0.008181,0.165004,-1.315159,0.000042,-0.421648,-0.575499,-0.000673,-1.432180,-0.017966,-0.174375,0.000057,-0.000026,10.000000,-34.000000,62.000000,-0.158724,0.000015,0.000000,0.000000,0.000000,-0.389521,1286.000000,0.000000,0.000000,0.000000,0.000000,30.856592,164.179108,184.647018,-445.533386,-242.538208,0.000076,-4.348197,9.666120,6907,1,31,6
30.859522,0.008181,0.164156,-1.316311,0.000040,-0.424506,-0.575520,-0.000669,-1.427822,-0.008229,-0.174376,0.000056,-0.000026,10.000000,-34.000000,62.000000,-0.158724,0.000015,0.000000,0.000000,0.000000,-0.389521,1286.000000,0.000000,0.000000,0.000000,0.000000,30.858543,164.179108,184.647018,-445.533386,-242.538208,0.000081,-4.348182,9.666120,6907,1,31,6
30.861477,0.008182,0.163302,-1.317463,0.000039,-0.427356,-0.575523,-0.000664,-1.423630,0.000588,-0.174376,0.000056,-0.000026,10.000000,-34.000000,62.000000,-0.158724,0.000015,0.000000,0.000000,0.000000,-0.389521,1286.000000,0.000000,0.000000,0.000000,0.000000,30.860500,164.179108,184.647018,-445.533386,-242.538208,0.000085,-4.348171,9.666120,6907,1,31,6
30.863430,0.008182,0.162442,-1.318616,0.000038,-0.430197,-0.575510,-0.000659,-1.419588,0.008569,-0.174377,0.000056,-0.000026,10.000000,-34.000000,62.000000,-0.158724,0.000015,0.000000,0.000000,0.000000,-0.389521,1286.000000,0.000000,0.000000,0.000000,0.000000,30.862452,164.179108,184.647018,-445.533386,-242.538208,0.000087,-4.348164,9.666120,6907,1,31,6
30.865383,0.008182,0.161576,-1.319768,0.000036,-0.433030,-0.575482,-0.000655,-1.415684,0.015792,-0.174377,0.000056,-0.000025,10.000000,-34.000000,62.000000,-0.158724,0.000015,0.000000,0.000000,0.000000,-0.389521,1286.000000,0.000000,0.000000,0.000000,0.000000,30.864408,164.179108,184.647018,-445.533386,-242.538208,0.000088,-4.348160,9.666120,6907,1,31,6
30.867338,0.008182,0.160705,-1.320920,0.000035,-0.435856,-0.575441,-0.000650,-1.411905,0.022328,-0.174377,0.000055,-0.000025,10.000000,-34.000000,62.000000,-0.158724,0.000015,0.000000,0.000000,0.000000,-0.389521,1286.000000,0.000000,0.000000,0.000000,0.000000,30.866360,164.179108,184.647018,-445.533386,-242.538208,0.000088,-4.348160,9.666120,6907,1,31,6
30.869291,0.008182,0.159828,-1.322072,0.000034,-0.438674,-0.575387,-0.000645,-1.408239,0.028241,-0.174377,0.000055,-0.000025,10.000000,-34.000000,62.000000,-0.158724,0.000015,0.000000,0.000000,0.000000,-0.389521,1286.000000,0.000000,0.000000,0.000000,0.000000,30.868317,164.179108,184.647018,-445.533386,-242.538208,0.000087,-4.348163,9.666120,6907,1,31,6
30.871246,0.008182,0.158946,-1.323224,0.000033,-0.441485,-0.575322,-0.000640,-1.404676,0.033588,-0.174377,0.000055,-0.000025,10.000000,-34.000000,62.000000,-0.158724,0.000015,0.000000,0.000000,0.000000,-0.389521,1286.000000,0.000000,0.000000,0.000000,0.000000,30.870268,164.179108,184.647018,-445.533386,-242.538208,0.000085,-4.348169,9.666120,6907,0,31,6
30.873199,0.008182,0.158058,-1.324375,0.000031,-0.444289,-0.575248,-0.000636,-1.401207,0.038423,-0.174377,0.000054,-0.000025,10.000000,-34.000000,62.000000,-0.158724,0.000015,0.000000,0.000000,0.000000,-0.389521,1286.000000,0.000000,0.000000,0.000000,0.000000,30.872225,164.179108,184.647018,-445.533386,-242.538208,0.000082,-4.348178,9.666120,6907,0,31,6
30.875154,0.008182,0.157164,-1.325527,0.000030,-0.447087,-0.575164,-0.000631,-1.397824,0.042792,-0.174376,0.000054,-0.000024,10.000000,-34.000000,62.000000,-0.158724,0.000015,0.000000,0.000000,0.000000,-0.389521,1286.000000,0.000000,0.000000,0.000000,0.000000,30.874176,164.179108,184.647018,-445.533386,-242.538208,0.000079,-4.348190,9.666120,6907,0,31,6
30.877108,0.008182,0.156265,-1.326678,0.000029,-0.449877,-0.575073,-0.000626,-1.394519,0.046741,-0.174376,0.000054,-0.000024,10.000000,-34.000000,62.000000,-0.158724,0.000015,0.000000,0.000000,0.000000,-0.389521,1286.000000,0.000000,0.000000,0.000000,0.000000,30.876131,164.179108,184.647018,-445.533386,-242.538208,0.000074,-4.348204,9.666120,6907,0,31,6
30.879063,0.008182,0.155360,-1.327829,0.000028,-0.452662,-0.574974,-0.000621,-1.391285,0.050306,-0.174375,0.000053,-0.000024,10.000000,-34.000000,62.000000,-0.158724,0.000015,0.000000,0.000000,0.000000,-0.389521,1286.000000,0.000000,0.000000,0.000000,0.000000,30.878084,164.179108,184.647018,-445.533386,-242.538208,0.000069,-4.348220,9.666120,6907,0,31,6
30.881016,0.008182,0.154450,-1.328980,0.000026,-0.455439,-0.574869,-0.000616,-1.388117,0.053526,-0.174375,0.000053,-0.000024,10.000000,-34.000000,62.000000,-0.158724,0.000015,0.000000,0.000000,0.000000,-0.389521,1286.000000,0.000000,0.000000,0.000000,0.000000,30.880039,164.179108,184.647018,-445.533386,-242.538208,0.000063,-4.348239,9.666120,6907,0,31,6
30.882971,0.008182,0.153534,-1.330131,0.000025,-0.458211,-0.574757,-0.000610,-1.385008,0.056430,-0.174374,0.000053,-0.000024,10.000000,-34.000000,62.000000,-0.158724,0.000015,0.000000,0.000000,0.000000,-0.389521,1286.000000,0.000000,0.000000,0.000000,0.000000,30.881992,164.179108,184.647018,-445.533386,-242.538208,0.000057,-4.348259,9.666120,6907,0,31,6
30.884924,0.008182,0.152612,-1.331281,0.000024,-0.460976,-0.574640,-0.000605,-1.381953,0.059050,-0.174373,0.000052,-0.000023,10.000000,-34.000000,62.000000,-0.158724,0.000015,0.000000,0.000000,0.000000,-0.389521,1286.000000,0.000000,0.000000,0.000000,0.000000,30.883947,164.179108,184.647018,-445.533386,-242.538208,0.000050,-4.348282,9.666120,6907,0,31,6
30.886879,0.008182,0.151685,-1.332432,0.000023,-0.463736,-0.574519,-0.000599,-1.378948,0.061411,-0.174373,0.000052,-0.000023,10.000000,-34.000000,62.000000,-0.158724,0.000015,0.000000,0.000000,0.000000,-0.389521,1286.000000,0.000000,0.000000,0.000000,0.000000,30.885900,164.179108,184.647018,-445.533386,-242.538208,0.000042,-4.348306,9.666120,6907,0,31,6
30.888832,0.008182,0.150753,-1.333582,0.000021,-0.466489,-0.574393,-0.000593,-1.375989,0.063538,-0.174372,0.000051,-0.000023,10.000000,-42.000000,71.000000,-0.158724,0.000015,0.000000,0.000000,0.000000,-0.389521,1238.000000,0.000000,0.000000,0.000000,0.000000,30.887856,164.179108,184.647018,-445.533386,-242.538208,0.000034,-4.348332,9.666120,6907,0,31,7
30.890785,0.008182,0.149815,-1.334731,0.000020,-0.469237,-0.574263,-0.000586,-1.373073,0.065452,-0.174371,0.000051,-0.000023,10.000000,-42.000000,71.000000,-0.184309,0.000005,0.000000,0.000000,0.066000,-0.290937,1238.000000,0.000000,0.000000,0.000000,0.000000,30.889809,136.363663,151.989487,-421.446228,-316.321167,0.000032,-3.579253,9.625757,6693,0,31,7
30.892740,0.008182,0.148871,-1.335881,0.000019,-0.471973,-0.574099,-0.000578,-1.366263,0.089486,-0.174370,0.000050,-0.000023,10.000000,-42.000000,71.000000,-0.184309,0.000005,0.000000,0.000000,0.000000,-0.290937,1238.000000,0.000000,0.000000,0.000000,0.000000,30.891764,136.363663,151.989487,-421.446228,-316.321167,0.000036,-3.579238,9.625757,6693,0,31,7
30.894693,0.008182,0.147922,-1.337030,0.000018,-0.474694,-0.573876,-0.000570,-1.358594,0.118421,-0.174369,0.000050,-0.000023,10.000000,-42.000000,71.000000,-0.184309,0.000005,0.000000,0.000000,0.000000,-0.290937,1238.000000,0.000000,0.000000,0.000000,0.000000,30.893717,136.363663,151.989487,-421.446228,-316.321167,0.000040,-3.579226,9.625757,6693,0,31,7
30.896648,0.008183,0.146968,-1.338178,0.000017,-0.477401,-0.573600,-0.000561,-1.351416,0.144593,-0.174368,0.000049,-0.000022,10.000000,-42.000000,71.000000,-0.184309,0.000005,0.000000,0.000000,0.000000,-0.290937,1238.000000,0.000000,0.000000,0.000000,0.000000,30.895672,136.363663,151.989487,-421.446228,-316.321167,0.000043,-3.579218,9.625757,6693,0,31,7
30.898602,0.008183,0.146008,-1.339326,0.000016,-0.480093,-0.573275,-0.000553,-1.344684,0.168261,-0.174367,0.000049,-0.000022,10.000000,-42.000000,71.000000,-0.184309,0.000005,0.000000,0.000000,0.000000,-0.290937,1238.000000,0.000000,0.000000,0.000000,0.000000,30.897623,136.363663,151.989487,-421.446228,-316.321167,0.000044,-3.579215,9.625757,6693,0,31,7
30.900557,0.008183,0.145043,-1.340473,0.000015,-0.482773,-0.572906,-0.000545,-1.338357,0.189658,-0.174366,0.000048,-0.000022,10.000000,-42.000000,71.000000,-0.184309,0.000005,0.000000,0.000000,0.000000,-0.290937,1238.000000,0.000000,0.000000,0.000000,0.000000,30.899580,136.363663,151.989487,-421.446228,-316.321167,0.000044,-3.579215,9.625757,6693,0,31,7
30.902510,0.008183,0.144072,-1.341620,0.000014,-0.485441,-0.572498,-0.000538,-1.332397,0.208994,-0.174365,0.000048,-0.000022,10.000000,-42.000000,71.000000,-0.184309,0.000005,0.000000,0.000000,0.000000,-0.290937,1238.000000,0.000000,0.000000,0.000000,0.000000,30.901531,136.363663,151.989487,-421.446228,-316.321167,0.000043,-3.579218,9.625757,6693,0,31,7
30.904465,0.008183,0.143096,-1.342765,0.000013,-0.488097,-0.572053,-0.000531,-1.326770,0.226462,-0.174364,0.000047,-0.000022,10.000000,-42.000000,71.000000,-0.184309,0.000005,0.000000,0.000000,0.000000,-0.290937,1238.000000,0.000000,0.000000,0.000000,0.000000,30.903488,136.363663,151.989487,-421.446228,-316.321167,0.000041,-3.579224,9.625757,6693,0,31,7
30.906418,0.008183,0.142115,-1.343910,0.000011,-0.490743,-0.571576,-0.000524,-1.321446,0.242236,-0.174363,0.000047,-0.000022,10.000000,-42.000000,71.000000,-0.184309,0.000005,0.000000,0.000000,0.000000,-0.290937,1238.000000,0.000000,0.000000,0.000000,0.000000,30.905439,136.363663,151.989487,-421.446228,-316.321167,0.000038,-3.579234,9.625757,6693,0,31,7
30.908373,0.008183,0.141129,-1.345053,0.000010,-0.493378,-0.571070,-0.000518,-1.316398,0.256474,-0.174362,0.000046,-0.000021,10.000000,-42.000000,71.000000,-0.184309,0.000005,0.000000,0.000000,0.000000,-0.290937,1238.000000,0.000000,0.000000,0.000000,0.000000,30.907396,136.363663,151.989487,-421.446228,-316.321167,0.000034,-3.579246,9.625757,6693,0,31,7
30.910326,0.008183,0.140137,-1.346196,0.000009,-0.496004,-0.570538,-0.000512,-1.311600,0.269318,-0.174361,0.000046,-0.000021,10.000000,-42.000000,71.000000,-0.184309,0.000005,0.000000,0.000000,0.000000,-0.290937,1238.000000,0.000000,0.000000,0.000000,0.000000,30.909348,136.363663,151.989487,-421.446228,-316.321167,0.000029,-3.579261,9.625757,6693,0,31,7
30.912279,0.008183,0.139140,-1.347337,0.000008,-0.498620,-0.569982,-0.000507,-1.307029,0.280899,-0.174360,0.000046,-0.000021,10.000000,-42.000000,71.000000,-0.184309,0.000005,0.000000,0.000000,0.000000,-0.290937,1238.000000,0.000000,0.000000,0.000000,0.000000,30.911304,136.363663,151.989487,-421.446228,-316.321167,0.000024,-3.579278,9.625757,6693,0,31,7
30.914234,0.008183,0.138138,-1.348477,0.000007,-0.501227,-0.569404,-0.000503,-1.302664,0.291334,-0.174359,0.000046,-0.000021,10.000000,-42.000000,71.000000,-0.184309,0.000005,0.000000,0.000000,0.000000,-0.290937,1238.000000,0.000000,0.000000,0.000000,0.000000,30.913256,136.363663,151.989487,-421.446228,-316.321167,0.000018,-3.579297,9.625757,6693,0,31,8
30.916187,0.008183,0.137131,-1.349616,0.000006,-0.503826,-0.568807,-0.000499,-1.298488,0.300730,-0.174357,0.000045,-0.000021,10.000000,-42.000000,71.000000,-0.184309,0.000005,0.000000,0.000000,0.000000,-0.290937,1238.000000,0.000000,0.000000,0.000000,0.000000,30.915213,136.363663,151.989487,-421.446228,-316.321167,0.000018,-3.579297,9.625757,6693,0,31,8
30.918142,0.008183,0.136118,-1.350754,0.000005,-0.506417,-0.568193,-0.000496,-1.294482,0.309183,-0.174356,0.000045,-0.000021,10.000000,-42.000000,71.000000,-0.184309,0.000005,0.000000,0.000000,0.000000,-0.290937,1238.000000,0.000000,0.000000,0.000000,0.000000,30.917164,136.363663,151.989487,-421.446228,-316.321167,0.000024,-3.579278,9.625757,6693,0,31,8
30.920095,0.008183,0.135100,-1.351891,0.000004,-0.509001,-0.567563,-0.000494,-1.290630,0.316782,-0.174355,0.000045,-0.000021,10.000000,-42.000000,71.000000,-0.184309,0.000005,0.000000,0.000000,0.000000,-0.290937,1238.000000,0.000000,0.000000,0.000000,0.000000,30.919121,136.363663,151.989487,-421.446228,-316.321167,0.000028,-3.579264,9.625757,6693,0,31,8
30.922050,0.008183,0.134078,-1.353026,0.000003,-0.511576,-0.566919,-0.000492,-1.286920,0.323607,-0.174354,0.000045,-0.000021,10.000000,-42.000000,71.000000,-0.184309,0.000005,0.000000,0.000000,0.000000,-0.290937,1238.000000,0.000000,0.000000,0.000000,0.000000,30.921072,136.363663,151.989487,-421.446228,-316.321167,0.000031,-3.579255,9.625757,6693,0,31,8
30.924004,0.008183,0.133049,-1.354160,0.000002,-0.514145,-0.566263,-0.000490,-1.283337,0.329729,-0.174353,0.000045,-0.000021,10.000000,-42.000000,71.000000,-0.184309,0.000005,0.000000,0.000000,0.000000,-0.290937,1238.000000,0.000000,0.000000,0.000000,0.000000,30.923029,136.363663,151.989487,-421.446228,-316.321167,0.000033,-3.579250,9.625757,6693,0,31,8
30.925959,0.008183,0.132016,-1.355293,0.000001,-0.516706,-0.565595,-0.000490,-1.279872,0.335214,-0.174351,0.000045,-0.000021,10.000000,-42.000000,71.000000,-0.184309,0.000005,0.000000,0.000000,0.000000,-0.290937,1238.000000,0.000000,0.000000,0.000000,0.000000,30.924980,136.363663,151.989487,-421.446228,-316.321167,0.000033,-3.579249,9.625757,6693,0,31,8
30.927912,0.008183,0.130978,-1.356424,0.000000,-0.519261,-0.564917,-0.000490,-1.276513,0.340121,-0.174350,0.000045,-0.000021,10.000000,-42.000000,71.000000,-0.184309,0.000005,0.000000,0.000000,0.000000,-0.290937,1238.000000,0.000000,0.000000,0.000000,0.000000,30.926935,136.363663,151.989487,-421.446228,-316.321167,0.000032,-3.579251,9.625757,6693,0,30,8
30.929867,0.008183,0.129935,-1.357554,-0.000000,-0.521809,-0.564230,-0.000490,-1.273251,0.344504,-0.174349,0.000046,-0.000021,10.000000,-42.000000,71.000000,-0.184309,0.000005,0.000000,0.000000,0.000000,-0.290937,1238.000000,0.000000,0.000000,0.000000,0.000000,30.928888,136.363663,151.989487,-421.446228,-316.321167,0.000031,-3.579256,9.625757,6693,0,30,8
30.931820,0.008183,0.128886,-1.358683,-0.000001,-0.524351,-0.563535,-0.000491,-1.270077,0.348412,-0.174348,0.000046,-0.000021,10.000000,-42.000000,71.000000,-0.184309,0.000005,0.000000,0.000000,0.000000,-0.290937,1238.000000,0.000000,0.000000,0.000000,0.000000,30.930843,136.363663,151.989487,-421.446228,-316.321167,0.000028,-3.579264,9.625757,6693,0,30,8
30.933773,0.008183,0.127833,-1.359810,-0.000002,-0.526886,-0.562833,-0.000492,-1.266983,0.351890,-0.174346,0.000046,-0.000021,10.000000,-42.000000,71.000000,-0.184309,0.000005,0.000000,0.000000,0.000000,-0.290937,1238.000000,0.000000,0.000000,0.000000,0.000000,30.932796,136.363663,151.989487,-421.446228,-316.321167,0.000024,-3.579276,9.625757,6693,0,30,8
30.935728,0.008183,0.126774,-1.360935,-0.000003,-0.529416,-0.562125,-0.000494,-1.263963,0.354977,-0.174345,0.000046,-0.000021,10.000000,-42.000000,71.000000,-0.184309,0.000005,0.000000,0.000000,0.000000,-0.290937,1238.000000,0.000000,0.000000,0.000000,0.000000,30.934752,136.363663,151.989487,-421.446228,-316.321167,0.000020,-3.579289,9.625757,6693,0,30,8
30.937681,0.008183,0.125710,-1.362060,-0.000004,-0.531939,-0.561411,-0.000496,-1.261009,0.357711,-0.174344,0.000047,-0.000021,10.000000,-42.000000,71.000000,-0.184309,0.000005,0.000000,0.000000,0.000000,-0.290937,1238.000000,0.000000,0.000000,0.000000,0.000000,30.936705,136.363663,151.989487,-421.446228,-316.321167,0.000015,-3.579305,9.625757,6693,0,30,8
30.939636,0.008183,0.124642,-1.363183,-0.000005,-0.534457,-0.560692,-0.000499,-1.258117,0.360123,-0.174343,0.000047,-0.000021,10.000000,-42.000000,71.000000,-0.184309,0.000005,0.000000,0.000000,0.000000,-0.290937,1238.000000,0.000000,0.000000,0.000000,0.000000,30.938660,136.363663,151.989487,-421.446228,-316.321167,0.000009,-3.579324,9.625757,6693,0,30,8
30.941589,0.008183,0.123568,-1.364304,-0.000006,-0.536969,-0.559968,-0.000502,-1.255280,0.362244,-0.174341,0.000048,-0.000021,10.000000,-42.000000,71.000000,-0.184309,0.000005,0.000000,0.000000,0.000000,-0.290937,1238.000000,0.000000,0.000000,0.000000,0.000000,30.940613,136.363663,151.989487,-421.446228,-316.321167,0.000002,-3.579345,9.625757,6693,0,30,9
30.943544,0.008183,0.122489,-1.365424,-0.000007,-0.539475,-0.559241,-0.000506,-1.252497,0.364102,-0.174340,0.000048,-0.000021,10.000000,-42.000000,71.000000,-0.184309,0.000005,0.000000,0.000000,0.000000,-0.290937,1238.000000,0.000000,0.000000,0.000000,0.000000,30.942568,136.363663,151.989487,-421.446228,-316.321167,0.000002,-3.579345,9.625757,6693,0,30,9
30.945498,0.008183,0.121405,-1.366542,-0.000008,-0.541976,-0.558510,-0.000510,-1.249758,0.365721,-0.174339,0.000049,-0.000021,10.000000,-42.000000,71.000000,-0.184309,0.000005,0.000000,0.000000,0.000000,-0.290937,1238.000000,0.000000,0.000000,0.000000,0.000000,30.944521,136.363663,151.989487,-421.446228,-316.321167,0.000008,-3.579327,9.625757,6693,0,30,9
30.947453,0.008183,0.120316,-1.367660,-0.000009,-0.544471,-0.557777,-0.000514,-1.247061,0.367123,-0.174338,0.000049,-0.000021,10.000000,-50.000000,77.000000,-0.184309,0.000005,0.000000,0.000000,0.000000,-0.290937,1166.000000,0.000000,0.000000,0.000000,0.000000,30.946476,136.363663,151.989487,-421.446228,-316.321167,0.000012,-3.579314,9.625757,6693,0,30,9
30.949406,0.008183,0.119223,-1.368775,-0.000011,-0.546962,-0.557041,-0.000518,-1.244404,0.368328,-0.174336,0.000050,-0.000021,10.000000,-50.000000,77.000000,-0.235710,-0.000002,0.000000,0.000000,0.067000,-0.453914,1166.000000,0.000000,0.000000,0.000000,0.000000,30.948427,89.552277,107.879875,-698.677673,-445.535980,0.000015,-2.540524,9.586120,6463,0,30,9
30.951361,0.008183,0.118124,-1.369889,-0.000012,-0.549441,-0.556270,-0.000522,-1.237560,0.393337,-0.174335,0.000050,-0.000021,10.000000,-50.000000,77.000000,-0.235710,-0.000002,0.000000,0.000000,0.000000,-0.453914,1166.000000,0.000000,0.000000,0.000000,0.000000,30.950384,89.552277,107.879875,-698.677673,-445.535980,0.000017,-2.540517,9.586120,6463,0,30,9
30.953314,0.008183,0.117020,-1.371002,-0.000013,-0.551904,-0.555438,-0.000525,-1.229787,0.423639,-0.174334,0.000051,-0.000021,10.000000,-50.000000,77.000000,-0.235710,-0.000002,0.000000,0.000000,0.000000,-0.453914,1166.000000,0.000000,0.000000,0.000000,0.000000,30.952335,89.552277,107.879875,-698.677673,-445.535980,0.000020,-2.540510,9.586120,6463,0,30,9
30.955269,0.008183,0.115912,-1.372112,-0.000014,-0.554353,-0.554549,-0.000529,-1.222538,0.450997,-0.174333,0.000051,-0.000021,10.000000,-50.000000,77.000000,-0.235710,-0.000002,0.000000,0.000000,0.000000,-0.453914,1166.000000,0.000000,0.000000,0.000000,0.000000,30.954292,89.552277,107.879875,-698.677673,-445.535980,0.000020,-2.540507,9.586120,6463,0,29,9
30.957222,0.008183,0.114798,-1.373221,-0.000015,-0.556788,-0.553610,-0.000533,-1.215763,0.475685,-0.174331,0.000052,-0.000021,10.000000,-50.000000,77.000000,-0.235710,-0.000002,0.000000,0.000000,0.000000,-0.453914,1166.000000,0.000000,0.000000,0.000000,0.000000,30.956244,89.552277,107.879875,-698.677673,-445.535980,0.000020,-2.540508,9.586120,6463,0,29,9
30.959175,0.008183,0.113680,-1.374328,-0.000016,-0.559210,-0.552625,-0.000538,-1.209419,0.497952,-0.174330,0.000053,-0.000022,10.000000,-50.000000,77.000000,-0.235710,-0.000002,0.000000,0.000000,0.000000,-0.453914,1166.000000,0.000000,0.000000,0.000000,0.000000,30.958200,89.552277,107.879875,-698.677673,-445.535980,0.000019,-2.540512,9.586120,6463,0,29,9
30.961130,0.008183,0.112557,-1.375433,-0.000017,-0.561620,-0.551598,-0.000543,-1.203467,0.518023,-0.174329,0.000054,-0.000022,10.000000,-50.000000,77.000000,-0.235710,-0.000002,0.000000,0.000000,0.000000,-0.453914,1166.000000,0.000000,0.000000,0.000000,0.000000,30.960152,89.552277,107.879875,-698.677673,-445.535980,0.000017,-2.540519,9.586120,6463,0,29,9
30.963083,0.008182,0.111429,-1.376535,-0.000018,-0.564018,-0.550535,-0.000548,-1.197869,0.536103,-0.174327,0.000054,-0.000022,10.000000,-50.000000,77.000000,-0.235710,-0.000002,0.000000,0.000000,0.000000,-0.453914,1166.000000,0.000000,0.000000,0.000000,0.000000,30.962109,89.552277,107.879875,-698.677673,-445.535980,0.000014,-2.540529,9.586120,6463,0,29,9
30.965038,0.008182,0.110296,-1.377636,-0.000019,-0.566406,-0.549438,-0.000555,-1.192594,0.552378,-0.174326,0.000055,-0.000022,10.000000,-50.000000,77.000000,-0.235710,-0.000002,0.000000,0.000000,0.000000,-0.453914,1166.000000,0.000000,0.000000,0.000000,0.000000,30.964060,89.552277,107.879875,-698.677673,-445.535980,0.000009,-2.540541,9.586120,6463,0,29,9
30.966991,0.008182,0.109158,-1.378734,-0.000020,-0.568783,-0.548311,-0.000561,-1.187612,0.567015,-0.174325,0.000056,-0.000022,10.000000,-50.000000,77.000000,-0.235710,-0.000002,0.000000,0.000000,0.000000,-0.453914,1166.000000,0.000000,0.000000,0.000000,0.000000,30.966017,89.552277,107.879875,-698.677673,-445.535980,0.000005,-2.540557,9.586120,6463,0,29,10
30.968946,0.008182,0.108016,-1.379830,-0.000021,-0.571152,-0.547157,-0.000568,-1.182898,0.580168,-0.174324,0.000057,-0.000022,10.000000,-50.000000,77.000000,-0.235710,-0.000002,0.000000,0.000000,0.000000,-0.453914,1166.000000,0.000000,0.000000,0.000000,0.000000,30.967968,89.552277,107.879875,-698.677673,-445.535980,0.000006,-2.540552,9.586120,6463,0,29,10
30.970900,0.008182,0.106869,-1.380924,-0.000022,-0.573511,-0.545979,-0.000576,-1.178424,0.591974,-0.174322,0.000058,-0.000022,10.000000,-50.000000,77.000000,-0.235710,-0.000002,0.000000,0.000000,0.000000,-0.453914,1166.000000,0.000000,0.000000,0.000000,0.000000,30.969925,89.552277,107.879875,-698.677673,-445.535980,0.000014,-2.540529,9.586120,6463,0,29,10
30.972855,0.008182,0.105718,-1.382015,-0.000024,-0.575861,-0.544779,-0.000584,-1.174169,0.602559,-0.174321,0.000059,-0.000022,10.000000,-50.000000,77.000000,-0.235710,-0.000002,0.000000,0.000000,0.000000,-0.453914,1166.000000,0.000000,0.000000,0.000000,0.000000,30.971876,89.552277,107.879875,-698.677673,-445.535980,0.000019,-2.540511,9.586120,6463,0,29,10
30.974808,0.008182,0.104561,-1.383104,-0.000025,-0.578203,-0.543560,-0.000592,-1.170113,0.612038,-0.174320,0.000060,-0.000023,10.000000,-50.000000,77.000000,-0.235710,-0.000002,0.000000,0.000000,0.000000,-0.453914,1166.000000,0.000000,0.000000,0.000000,0.000000,30.973831,89.552277,107.879875,-698.677673,-445.535980,0.000023,-2.540498,9.586120,6463,0,29,10
30.976763,0.008182,0.103400,-1.384190,-0.000026,-0.580538,-0.542323,-0.000601,-1.166239,0.620512,-0.174319,0.000061,-0.000023,10.000000,-50.000000,77.000000,-0.235710,-0.000002,0.000000,0.000000,0.000000,-0.453914,1166.000000,0.000000,0.000000,0.000000,0.000000,30.975784,89.552277,107.879875,-698.677673,-445.535980,0.000026,-2.540489,9.586120,6463,0,29,10
30.978716,0.008182,0.102234,-1.385274,-0.000027,-0.582865,-0.541070,-0.000610,-1.162529,0.628077,-0.174317,0.000062,-0.000023,10.000000,-50.000000,77.000000,-0.235710,-0.000002,0.000000,0.000000,0.000000,-0.453914,1166.000000,0.000000,0.000000,0.000000,0.000000,30.977739,89.552277,107.879875,-698.677673,-445.535980,0.000028,-2.540484,9.586120,6463,0,28,10
30.980671,0.008182,0.101064,-1.386356,-0.000028,-0.585184,-0.539804,-0.000619,-1.158969,0.634815,-0.174316,0.000063,-0.000023,10.000000,-50.000000,77.000000,-0.235710,-0.000002,0.000000,0.000000,0.000000,-0.453914,1166.000000,0.000000,0.000000,0.000000,0.000000,30.979692,89.552277,107.879875,-698.677673,-445.535980,0.000028,-2.540482,9.586120,6463,0,28,10
30.982624,0.008182,0.099889,-1.387434,-0.000030,-0.587497,-0.538525,-0.000629,-1.155546,0.640806,-0.174315,0.000064,-0.000023,10.000000,-50.000000,77.000000,-0.235710,-0.000002,0.000000,0.000000,0.000000,-0.453914,1166.000000,0.000000,0.000000,0.000000,0.000000,30.981647,89.552277,107.879875,-698.677673,-445.535980,0.000028,-2.540484,9.586120,6463,0,28,10
30.984577,0.008182,0.098709,-1.388510,-0.000031,-0.589803,-0.537236,-0.000639,-1.152246,0.646118,-0.174313,0.000066,-0.000023,10.000000,-50.000000,77.000000,-0.235710,-0.000002,0.000000,0.000000,0.000000,-0.453914,1166.000000,0.000000,0.000000,0.000000,0.000000,30.983601,89.552277,107.879875,-698.677673,-445.535980,0.000026,-2.540489,9.586120,6463,0,28,10
30.986532,0.008182,0.097525,-1.389584,-0.000032,-0.592103,-0.535936,-0.000648,-1.149059,0.650815,-0.174312,0.000067,-0.000023,10.000000,-50.000000,77.000000,-0.235710,-0.000002,0.000000,0.000000,0.000000,-0.453914,1166.000000,0.000000,0.000000,0.000000,0.000000,30.985556,89.552277,107.879875,-698.677673,-445.535980,0.000023,-2.540498,9.586120,6463,0,28,10
30.988485,0.008182,0.096336,-1.390655,-0.000034,-0.594396,-0.534628,-0.000658,-1.145975,0.654955,-0.174311,0.000068,-0.000024,10.000000,-50.000000,77.000000,-0.235710,-0.000002,0.000000,0.000000,0.000000,-0.453914,1166.000000,0.000000,0.000000,0.000000,0.000000,30.987509,89.552277,107.879875,-698.677673,-445.535980,0.000020,-2.540509,9.586120,6463,0,28,10
30.990440,0.008182,0.095143,-1.391723,-0.000035,-0.596684,-0.533313,-0.000667,-1.142983,0.658589,-0.174310,0.000069,-0.000024,10.000000,-50.000000,77.000000,-0.235710,-0.000002,0.000000,0.000000,0.000000,-0.453914,1166.000000,0.000000,0.000000,0.000000,0.000000,30.989464,89.552277,107.879875,-698.677673,-445.535980,0.000016,-2.540522,9.586120,6463,0,28,10
30.992393,0.008182,0.093945,-1.392789,-0.000036,-0.598965,-0.531991,-0.000676,-1.140077,0.661765,-0.174308,0.000070,-0.000024,10.000000,-50.000000,77.000000,-0.235710,-0.000002,0.000000,0.000000,0.000000,-0.453914,1166.000000,0.000000,0.000000,0.000000,0.000000,30.991417,89.552277,107.879875,-698.677673,-445.535980,0.000011,-2.540537,9.586120,6463,0,28,10
30.994349,0.008182,0.092742,-1.393852,-0.000038,-0.601241,-0.530663,-0.000684,-1.137249,0.664526,-0.174307,0.000071,-0.000024,10.000000,-50.000000,77.000000,-0.235710,-0.000002,0.000000,0.000000,0.000000,-0.453914,1166.000000,0.000000,0.000000,0.000000,0.000000,30.993372,89.552277,107.879875,-698.677673,-445.535980,0.000005,-2.540555,9.586120,6463,0,28,10
30.996302,0.008182,0.091535,-1.394912,-0.000039,-0.603512,-0.529331,-0.000692,-1.134491,0.666910,-0.174306,0.000072,-0.000024,10.000000,-50.000000,77.000000,-0.235710,-0.000002,0.000000,0.000000,0.000000,-0.453914,1166.000000,0.000000,0.000000,0.000000,0.000000,30.995323,89.552277,107.879875,-698.677673,-445.535980,-0.000001,-2.540575,9.586120,6463,0,28,10
30.998257,0.008181,0.090324,-1.395970,-0.000040,-0.605777,-0.527994,-0.000699,-1.131798,0.668953,-0.174304,0.000073,-0.000024,10.000000,-50.000000,77.000000,-0.235710,-0.000002,0.000000,0.000000,0.000000,-0.453914,1166.000000,0.000000,0.000000,0.000000,0.000000,30.997280,89.552277,107.879875,-698.677673,-445.535980,-0.000008,-2.540597,9.586120,6463,0,28,11
31.000210,0.008181,0.089107,-1.397025,-0.000042,-0.608036,-0.526653,-0.000705,-1.129165,0.670688,-0.174303,0.000073,-0.000025,10.000000,-50.000000,77.000000,-0.235710,-0.000002,0.000000,0.000000,0.000000,-0.453914,1166.000000,0.000000,0.000000,0.000000,0.000000,30.999231,89.552277,107.879875,-698.677673,-445.535980,-0.000008,-2.540598,9.586120,6463,0,28,11
31.002165,0.008181,0.087887,-1.398078,-0.000043,-0.610291,-0.525310,-0.000711,-1.126583,0.672142,-0.174302,0.000074,-0.000025,10.000000,-50.000000,77.000000,-0.235710,-0.000002,0.000000,0.000000,0.000000,-0.453914,1166.000000,0.000000,0.000000,0.000000,0.000000,31.001188,89.552277,107.879875,-698.677673,-445.535980,-0.000003,-2.540580,9.586120,6463,0,28,11
31.004118,0.008181,0.086662,-1.399127,-0.000045,-0.612540,-0.523963,-0.000717,-1.124051,0.673343,-0.174301,0.000075,-0.000025,10.000000,-50.000000,77.000000,-0.235710,-0.000002,0.000000,0.000000,0.000000,-0.453914,1166.000000,0.000000,0.000000,0.000000,0.000000,31.003139,89.552277,107.879875,-698.677673,-445.535980,0.000001,-2.540567,9.586120,6463,0,28,11
31.006071,0.008181,0.085432,-1.400174,-0.000046,-0.614784,-0.522615,-0.000721,-1.121564,0.674313,-0.174299,0.000075,-0.000025,10.000000,-50.000000,77.000000,-0.235710,-0.000002,0.000000,0.000000,0.000000,-0.453914,1166.000000,0.000000,0.000000,0.000000,0.000000,31.005096,89.552277,107.879875,-698.677673,-445.535980,0.000004,-2.540559,9.586120,6463,0,28,11
31.008026,0.008181,0.084198,-1.401218,-0.000048,-0.617024,-0.521265,-0.000725,-1.119117,0.675074,-0.174298,0.000076,-0.000025,10.000000,-50.000000,77.000000,-0.235710,-0.000002,0.000000,0.000000,0.000000,-0.453914,1166.000000,0.000000,0.000000,0.000000,0.000000,31.007048,89.552277,107.879875,-698.677673,-445.535980,0.000005,-2.540554,9.586120,6463,0,28,11
31.009979,0.008181,0.082959,-1.402260,-0.000049,-0.619259,-0.519914,-0.000728,-1.116709,0.675647,-0.174297,0.000076,-0.000025,10.000000,-50.000000,77.000000,-0.235710,-0.000002,0.000000,0.000000,0.000000,-0.453914,1166.000000,0.000000,0.000000,0.000000,0.000000,31.009005,89.552277,107.879875,-698.677673,-445.535980,0.000006,-2.540553,9.586120,6463,0,28,11
31.011934,0.008181,0.081716,-1.403299,-0.000050,-0.621488,-0.518562,-0.000731,-1.114334,0.676049,-0.174295,0.000077,-0.000025,10.000000,-50.000000,77.000000,-0.235710,-0.000002,0.000000,0.000000,0.000000,-0.453914,1166.000000,0.000000,0.000000,0.000000,0.000000,31.010956,89.552277,107.879875,-698.677673,-445.535980,0.000005,-2.540555,9.586120,6463,0,28,11
31.013887,0.008181,0.080468,-1.404335,-0.000052,-0.623714,-0.517210,-0.000733,-1.111992,0.676296,-0.174294,0.000077,-0.000025,10.000000,-50.000000,77.000000,-0.235710,-0.000002,0.000000,0.000000,0.000000,-0.453914,1166.000000,0.000000,0.000000,0.000000,0.000000,31.012913,89.552277,107.879875,-698.677673,-445.535980,0.000003,-2.540561,9.586120,6463,0,28,11
31.015842,0.008181,0.079216,-1.405368,-0.000053,-0.625934,-0.515857,-0.000734,-1.109678,0.676402,-0.174293,0.000077,-0.000025,10.000000,-50.000000,77.000000,-0.235710,-0.000002,0.000000,0.000000,0.000000,-0.453914,1166.000000,0.000000,0.000000,0.000000,0.000000,31.014864,89.552277,107.879875,-698.677673,-445.535980,0.000001,-2.540569,9.586120,6463,-1,28,11
31.017796,0.008180,0.077960,-1.406399,-0.000055,-0.628150,-0.514504,-0.000735,-1.107391,0.676382,-0.174291,0.000078,-0.000025,10.000000,-50.000000,77.000000,-0.235710,-0.000002,0.000000,0.000000,0.000000,-0.453914,1166.000000,0.000000,0.000000,0.000000,0.000000,31.016821,89.552277,107.879875,-698.677673,-445.535980,-0.000003,-2.540580,9.586120,6463,-1,28,11
31.019751,0.008180,0.076699,-1.407427,-0.000056,-0.630361,-0.513152,-0.000735,-1.105128,0.676247,-0.174290,0.000078,-0.000025,10.000000,-50.000000,77.000000,-0.235710,-0.000002,0.000000,0.000000,0.000000,-0.453914,1166.000000,0.000000,0.000000,0.000000,0.000000,31.018772,89.552277,107.879875,-698.677673,-445.535980,-0.000007,-2.540594,9.586120,6463,-1,28,11
31.021704,0.008180,0.075434,-1.408452,-0.000058,-0.632568,-0.511800,-0.000735,-1.102888,0.676008,-0.174289,0.000078,-0.000025,10.000000,-50.000000,77.000000,-0.235710,-0.000002,0.000000,0.000000,0.000000,-0.453914,1166.000000,0.000000,0.000000,0.000000,0.000000,31.020727,89.552277,107.879875,-698.677673,-445.535980,-0.000012,-2.540610,9.586120,6463,-1,28,11
31.023659,0.008180,0.074164,-1.409475,-0.000059,-0.634771,-0.510448,-0.000733,-1.100670,0.675675,-0.174288,0.000078,-0.000025,10.000000,-50.000000,77.000000,-0.235710,-0.000002,0.000000,0.000000,0.000000,-0.453914,1166.000000,0.000000,0.000000,0.000000,0.000000,31.022680,89.552277,107.879875,-698.677673,-445.535980,-0.000018,-2.540628,9.586120,6463,-1,28,12
31.025612,0.008180,0.072890,-1.410495,-0.000061,-0.636969,-0.509097,-0.000732,-1.098473,0.675257,-0.174287,0.000078,-0.000025,10.000000,-58.000000,81.000000,-0.235710,-0.000002,0.000000,0.000000,0.000000,-0.453914,1116.000000,0.000000,0.000000,0.000000,0.000000,31.024635,89.552277,107.879875,-698.677673,-445.535980,-0.000017,-2.540626,9.586120,6463,-1,28,12
31.027567,0.008180,0.071611,-1.411512,-0.000062,-0.639162,-0.507748,-0.000729,-1.096292,0.674762,-0.174286,0.000077,-0.000025,10.000000,-58.000000,81.000000,-0.253425,-0.000015,0.000000,0.000000,0.067000,-0.330687,1116.000000,0.000000,0.000000,0.000000,0.000000,31.026588,59.701466,69.603958,-445.534271,-464.597046,-0.000011,-1.639207,9.546120,6312,38,28,12
31.029520,0.008180,0.070329,-1.412527,-0.000064,-0.641348,-0.506378,-0.000725,-1.091357,0.689941,-0.174284,0.000077,-0.000025,10.000000,-58.000000,81.000000,-0.253425,-0.000015,0.000000,0.000000,0.000000,-0.330687,1116.000000,0.000000,0.000000,0.000000,0.000000,31.028543,59.701466,69.603958,-445.534271,-464.597046,-0.000004,-1.639186,9.546120,6312,38,28,12
31.031473,0.008180,0.069041,-1.413538,-0.000065,-0.643522,-0.504970,-0.000719,-1.085803,0.708637,-0.174283,0.000077,-0.000025,10.000000,-58.000000,81.000000,-0.253425,-0.000015,0.000000,0.000000,0.000000,-0.330687,1116.000000,0.000000,0.000000,0.000000,0.000000,31.030497,59.701466,69.603958,-445.534271,-464.597046,0.000003,-1.639162,9.546120,6312,38,28,12
31.033428,0.008179,0.067750,-1.414547,-0.000067,-0.645686,-0.503527,-0.000714,-1.080581,0.725439,-0.174280,0.000077,-0.000025,10.000000,-58.000000,81.000000,-0.253425,-0.000015,0.000000,0.000000,0.000000,-0.330687,1116.000000,0.000000,0.000000,0.000000,0.000000,31.032452,59.701466,69.603958,-445.534271,-464.597046,0.000010,-1.639141,9.546120,6312,38,28,12
31.035381,0.008179,0.066454,-1.415553,-0.000068,-0.647840,-0.502053,-0.000707,-1.075654,0.740522,-0.174277,0.000076,-0.000025,10.000000,-58.000000,81.000000,-0.253425,-0.000015,0.000000,0.000000,0.000000,-0.330687,1116.000000,0.000000,0.000000,0.000000,0.000000,31.034405,59.701466,69.603958,-445.534271,-464.597046,0.000016,-1.639121,9.546120,6312,37,28,12
31.037336,0.008179,0.065154,-1.416556,-0.000069,-0.649984,-0.500552,-0.000700,-1.070993,0.754046,-0.174271,0.000076,-0.000025,10.000000,-58.000000,81.000000,-0.253425,-0.000015,0.000000,0.000000,0.000000,-0.330687,1116.000000,0.000000,0.000000,0.000000,0.000000,31.036360,59.701466,69.603958,-445.534271,-464.597046,0.000022,-1.639104,9.546120,6312,37,28,12
31.039289,0.008179,0.063849,-1.417556,-0.000071,-0.652119,-0.499025,-0.000693,-1.066568,0.766155,-0.174264,0.000075,-0.000025,10.000000,-58.000000,81.000000,-0.253425,-0.000015,0.000000,0.000000,0.000000,-0.330687,1116.000000,0.000000,0.000000,0.000000,0.000000,31.038313,59.701466,69.603958,-445.534271,-464.597046,0.000027,-1.639088,9.546120,6312,36,28,12
31.041245,0.008179,0.062540,-1.418552,-0.000072,-0.654246,-0.497477,-0.000685,-1.062355,0.776980,-0.174255,0.000075,-0.000025,10.000000,-58.000000,81.000000,-0.253425,-0.000015,0.000000,0.000000,0.000000,-0.330687,1116.000000,0.000000,0.000000,0.000000,0.000000,31.040268,59.701466,69.603958,-445.534271,-464.597046,0.000031,-1.639074,9.546120,6312,35,28,12
31.043198,0.008179,0.061227,-1.419546,-0.000073,-0.656365,-0.495908,-0.000677,-1.058329,0.786641,-0.174243,0.000074,-0.000024,10.000000,-58.000000,81.000000,-0.253425,-0.000015,0.000000,0.000000,0.000000,-0.330687,1116.000000,0.000000,0.000000,0.000000,0.000000,31.042219,59.701466,69.603958,-445.534271,-464.597046,0.000035,-1.639062,9.546120,6312,34,28,12
31.045153,0.008179,0.059910,-1.420536,-0.000075,-0.658476,-0.494322,-0.000668,-1.054470,0.795245,-0.174229,0.000073,-0.000024,10.000000,-58.000000,81.000000,-0.253425,-0.000015,0.000000,0.000000,0.000000,-0.330687,1116.000000,0.000000,0.000000,0.000000,0.000000,31.044176,59.701466,69.603958,-445.534271,-464.597046,0.000039,-1.639052,9.546120,6312,33,28,12
31.047106,0.008178,0.058589,-1.421524,-0.000076,-0.660579,-0.492720,-0.000659,-1.050759,0.802891,-0.174212,0.000073,-0.000024,10.000000,-58.000000,81.000000,-0.253425,-0.000015,0.000000,0.000000,0.000000,-0.330687,1116.000000,0.000000,0.000000,0.000000,0.000000,31.046127,59.701466,69.603958,-445.534271,-464.597046,0.000041,-1.639044,9.546120,6312,32,28,12
31.049061,0.008178,0.057263,-1.422508,-0.000077,-0.662675,-0.491104,-0.000649,-1.047179,0.809667,-0.174192,0.000072,-0.000024,10.000000,-58.000000,81.000000,-0.253425,-0.000015,0.000000,0.000000,0.000000,-0.330687,1116.000000,0.000000,0.000000,0.000000,0.000000,31.048084,59.701466,69.603958,-445.534271,-464.597046,0.000043,-1.639037,9.546120,6312,31,28,12
31.051014,0.008178,0.055933,-1.423488,-0.000079,-0.664764,-0.489475,-0.000639,-1.043715,0.815653,-0.174170,0.000071,-0.000024,10.000000,-58.000000,81.000000,-0.253425,-0.000015,0.000000,0.000000,0.000000,-0.330687,1116.000000,0.000000,0.000000,0.000000,0.000000,31.050035,59.701466,69.603958,-445.534271,-464.597046,0.000045,-1.639032,9.546120,6312,30,28,12
31.052967,0.008178,0.054599,-1.424466,-0.000080,-0.666847,-0.487836,-0.000629,-1.040353,0.820923,-0.174144,0.000070,-0.000023,10.000000,-58.000000,81.000000,-0.253425,-0.000015,0.000000,0.000000,0.000000,-0.330687,1116.000000,0.000000,0.000000,0.000000,0.000000,31.051992,59.701466,69.603958,-445.534271,-464.597046,0.000046,-1.639028,9.546120,6312,28,28,12
31.054922,0.008178,0.053261,-1.425440,-0.000081,-0.668923,-0.486187,-0.000618,-1.037086,0.825518,-0.174115,0.000069,-0.000023,10.000000,-58.000000,81.000000,-0.253425,-0.000015,0.000000,0.000000,0.000000,-0.330687,1116.000000,0.000000,0.000000,0.000000,0.000000,31.053944,59.701466,69.603958,-445.534271,-464.597046,0.000050,-1.639015,9.546120,6312,27,28,13
31.056875,0.008178,0.051919,-1.426411,-0.000082,-0.670992,-0.484530,-0.000607,-1.033893,0.829544,-0.174084,0.000068,-0.000023,10.000000,-58.000000,81.000000,-0.253425,-0.000015,0.000000,0.000000,0.000000,-0.330687,1116.000000,0.000000,0.000000,0.000000,0.000000,31.055901,59.701466,69.603958,-445.534271,-464.597046,0.000061,-1.638982,9.546120,6312,26,29,13
31.058830,0.008178,0.050572,-1.427378,-0.000084,-0.673055,-0.482866,-0.000596,-1.030767,0.833044,-0.174049,0.000067,-0.000022,10.000000,-58.000000,81.000000,-0.253425,-0.000015,0.000000,0.000000,0.000000,-0.330687,1116.000000,0.000000,0.000000,0.000000,0.000000,31.057852,59.701466,69.603958,-445.534271,-464.597046,0.000074,-1.638942,9.546120,6312,24,29,13
31.060783,0.008177,0.049222,-1.428342,-0.000085,-0.675112,-0.481195,-0.000584,-1.027701,0.836059,-0.174011,0.000066,-0.000022,10.000000,-58.000000,81.000000,-0.253425,-0.000015,0.000000,0.000000,0.000000,-0.330687,1116.000000,0.000000,0.000000,0.000000,0.000000,31.059809,59.701466,69.603958,-445.534271,-464.597046,0.000085,-1.638907,9.546120,6312,23,29,13
31.062738,0.008177,0.047867,-1.429303,-0.000086,-0.677163,-0.479519,-0.000572,-1.024687,0.838632,-0.173970,0.000065,-0.000022,10.000000,-58.000000,81.000000,-0.253425,-0.000015,0.000000,0.000000,0.000000,-0.330687,1116.000000,0.000000,0.000000,0.000000,0.000000,31.061760,59.701466,69.603958,-445.534271,-464.597046,0.000095,-1.638876,9.546120,6312,21,29,13
31.064692,0.008177,0.046509,-1.430261,-0.000087,-0.679208,-0.477838,-0.000560,-1.021719,0.840807,-0.173925,0.000064,-0.000021,10.000000,-58.000000,81.000000,-0.253425,-0.000015,0.000000,0.000000,0.000000,-0.330687,1116.000000,0.000000,0.000000,0.000000,0.000000,31.063717,59.701466,69.603958,-445.534271,-464.597046,0.000103,-1.638849,9.546120,6312,19,29,13
31.066647,0.008177,0.045146,-1.431215,-0.000088,-0.681247,-0.476154,-0.000548,-1.018789,0.842619,-0.173878,0.000063,-0.000021,10.000000,-58.000000,81.000000,-0.253425,-0.000015,0.000000,0.000000,0.000000,-0.330687,1116.000000,0.000000,0.000000,0.000000,0.000000,31.065668,59.701466,69.603958,-445.534271,-464.597046,0.000110,-1.638827,9.546120,6312,18,29,13
31.068600,0.008177,0.043779,-1.432166,-0.000089,-0.683280,-0.474466,-0.000535,-1.015893,0.844102,-0.173828,0.000062,-0.000020,10.000000,-58.000000,81.000000,-0.253425,-0.000015,0.000000,0.000000,0.000000,-0.330687,1116.000000,0.000000,0.000000,0.000000,0.000000,31.067623,59.701466,69.603958,-445.534271,-464.597046,0.000116,-1.638808,9.546120,6312,16,29,13
31.070555,0.008176,0.042408,-1.433113,-0.000090,-0.685308,-0.472776,-0.000523,-1.013027,0.845287,-0.173775,0.000061,-0.000020,10.000000,-58.000000,81.000000,-0.253425,-0.000015,0.000000,0.000000,0.000000,-0.330687,1116.000000,0.000000,0.000000,0.000000,0.000000,31.069576,59.701466,69.603958,-445.534271,-464.597046,0.000121,-1.638793,9.546120,6312,14,29,13
31.072508,0.008176,0.041033,-1.434057,-0.000091,-0.687329,-0.471084,-0.000511,-1.010185,0.846200,-0.173719,0.000059,-0.000019,10.000000,-58.000000,81.000000,-0.253425,-0.000015,0.000000,0.000000,0.000000,-0.330687,1116.000000,0.000000,0.000000,0.000000,0.000000,31.071531,59.701466,69.603958,-445.534271,-464.597046,0.000125,-1.638781,9.546120,6312,13,29,13
31.074463,0.008176,0.039654,-1.434998,-0.000092,-0.689345,-0.469391,-0.000499,-1.007366,0.846869,-0.173660,0.000058,-0.000019,10.000000,-58.000000,81.000000,-0.253425,-0.000015,0.000000,0.000000,0.000000,-0.330687,1116.000000,0.000000,0.000000,0.000000,0.000000,31.073484,59.701466,69.603958,-445.534271,-464.597046,0.000127,-1.638773,9.546120,6312,11,29,13
31.076416,0.008176,0.038271,-1.435935,-0.000093,-0.691356,-0.467697,-0.000487,-1.004565,0.847314,-0.173599,0.000057,-0.000019,10.000000,-58.000000,81.000000,-0.253425,-0.000015,0.000000,0.000000,0.000000,-0.330687,1116.000000,0.000000,0.000000,0.000000,0.000000,31.075439,59.701466,69.603958,-445.534271,-464.597046,0.000129,-1.638768,9.546120,6312,10,29,13
31.078369,0.008176,0.036883,-1.436868,-0.000094,-0.693361,-0.466002,-0.000476,-1.001780,0.847559,-0.173535,0.000056,-0.000018,10.000000,-58.000000,81.000000,-0.253425,-0.000015,0.000000,0.000000,0.000000,-0.330687,1116.000000,0.000000,0.000000,0.000000,0.000000,31.077393,59.701466,69.603958,-445.534271,-464.597046,0.000130,-1.638766,9.546120,6312,8,29,12
31.080324,0.008176,0.035492,-1.437799,-0.000095,-0.695360,-0.464306,-0.000465,-0.999007,0.847620,-0.173469,0.000055,-0.000018,10.000000,-58.000000,81.000000,-0.253425,-0.000015,0.000000,0.000000,0.000000,-0.330687,1116.000000,0.000000,0.000000,0.000000,0.000000,31.079348,59.701466,69.603958,-445.534271,-464.597046,0.000122,-1.638790,9.546120,6312,6,29,12
31.082277,0.008175,0.034097,-1.438726,-0.000096,-0.697354,-0.462611,-0.000453,-0.996248,0.847516,-0.173400,0.000054,-0.000017,10.000000,-58.000000,81.000000,-0.253425,-0.000015,0.000000,0.000000,0.000000,-0.330687,1116.000000,0.000000,0.000000,0.000000,0.000000,31.081301,59.701466,69.603958,-445.534271,-464.597046,0.000107,-1.638838,9.546120,6312,5,29,12
31.084232,0.008175,0.032698,-1.439649,-0.000097,-0.699343,-0.460917,-0.000443,-0.993500,0.847261,-0.173330,0.000053,-0.000017,10.000000,-65.000000,80.000000,-0.253425,-0.000015,0.000000,0.000000,0.000000,-0.330687,1076.000000,0.000000,0.000000,0.000000,0.000000,31.083256,59.701466,69.603958,-445.534271,-464.597046,0.000092,-1.638885,9.546120,6312,3,29,12
31.086185,0.008175,0.031295,-1.440570,-0.000098,-0.701325,-0.459223,-0.000432,-0.990762,0.846871,-0.173257,0.000052,-0.000017,10.000000,-65.000000,80.000000,-0.258049,-0.000024,0.000000,0.000000,0.066000,-0.279056,1076.000000,0.000000,0.000000,0.000000,0.000000,31.085209,-15.151519,7.216341,-1134.136353,-671.806885,0.000077,-0.169704,9.513788,6201,1374,29,12
31.088140,0.008175,0.029888,-1.441486,-0.000099,-0.703300,-0.457514,-0.000421,-0.986006,0.857933,-0.173178,0.000051,-0.000016,10.000000,-65.000000,80.000000,-0.258049,-0.000024,0.000000,0.000000,0.000000,-0.279056,1076.000000,0.000000,0.000000,0.000000,0.000000,31.087164,-15.151519,7.216341,-1134.136353,-671.806885,0.000090,-0.169663,9.513788,6201,1371,29,12
31.090094,0.008175,0.028477,-1.442400,-0.000100,-0.705264,-0.455778,-0.000411,-0.980682,0.871497,-0.173077,0.000051,-0.000016,10.000000,-65.000000,80.000000,-0.258049,-0.000024,0.000000,0.000000,0.000000,-0.279056,1076.000000,0.000000,0.000000,0.000000,0.000000,31.089115,-15.151519,7.216341,-1134.136353,-671.806885,0.000153,-0.169465,9.513788,6201,1364,28,12
31.092049,0.008174,0.027062,-1.443310,-0.000100,-0.707218,-0.454016,-0.000400,-0.975354,0.883566,-0.172942,0.000050,-0.000015,10.000000,-65.000000,80.000000,-0.258049,-0.000024,0.000000,0.000000,0.000000,-0.279056,1076.000000,0.000000,0.000000,0.000000,0.000000,31.091072,-15.151519,7.216341,-1134.136353,-671.806885,0.000243,-0.169182,9.513788,6201,1352,28,12
31.094002,0.008174,0.025644,-1.444216,-0.000101,-0.709160,-0.452233,-0.000391,-0.969876,0.894254,-0.172758,0.000049,-0.000014,10.000000,-65.000000,80.000000,-0.258049,-0.000024,0.000000,0.000000,0.000000,-0.279056,1076.000000,0.000000,0.000000,0.000000,0.000000,31.093023,-15.151519,7.216341,-1134.136353,-671.806885,0.000357,-0.168824,9.513788,6201,1334,28,12
31.095957,0.008174,0.024221,-1.445119,-0.000102,-0.711091,-0.450430,-0.000382,-0.964117,0.903665,-0.172515,0.000048,-0.000013,10.000000,-65.000000,80.000000,-0.258049,-0.000024,0.000000,0.000000,0.000000,-0.279056,1076.000000,0.000000,0.000000,0.000000,0.000000,31.094980,-15.151519,7.216341,-1134.136353,-671.806885,0.000492,-0.168400,9.513788,6201,1313,28,12
31.097910,0.008174,0.022794,-1.446018,-0.000103,-0.713010,-0.448611,-0.000373,-0.957961,0.911894,-0.172203,0.000048,-0.000012,10.000000,-65.000000,80.000000,-0.258049,-0.000024,0.000000,0.000000,0.000000,-0.279056,1076.000000,0.000000,0.000000,0.000000,0.000000,31.096931,-15.151519,7.216341,-1134.136353,-671.806885,0.000646,-0.167918,9.513788,6201,1286,28,12
31.099863,0.008174,0.021364,-1.446913,-0.000103,-0.714916,-0.446776,-0.000364,-0.951306,0.919028,-0.171813,0.000047,-0.000010,10.000000,-65.000000,80.000000,-0.258049,-0.000024,0.000000,0.000000,0.000000,-0.279056,1076.000000,0.000000,0.000000,0.000000,0.000000,31.098888,-15.151519,7.216341,-1134.136353,-671.806885,0.000816,-0.167383,9.513788,6201,1256,28,11
31.101818,0.008173,0.019930,-1.447805,-0.000104,-0.716808,-0.444929,-0.000356,-0.944059,0.925144,-0.171338,0.000047,-0.000008,10.000000,-65.000000,80.000000,-0.258049,-0.000024,0.000000,0.000000,0.000000,-0.279056,1076.000000,0.000000,0.000000,0.000000,0.000000,31.100840,-15.151519,7.216341,-1134.136353,-671.806885,0.000992,-0.166829,9.513788,6201,1226,28,11
31.103771,0.008173,0.018492,-1.448693,-0.000105,-0.718684,-0.443070,-0.000348,-0.936148,0.930318,-0.170771,0.000047,-0.000005,10.000000,-65.000000,80.000000,-0.258049,-0.000024,0.000000,0.000000,0.000000,-0.279056,1076.000000,0.000000,0.000000,0.000000,0.000000,31.102797,-15.151519,7.216341,-1134.136353,-671.806885,0.001174,-0.166259,9.513788,6201,1189,28,10
31.105726,0.008173,0.017050,-1.449577,-0.000106,-0.720544,-0.441203,-0.000341,-0.927499,0.934615,-0.170105,0.000047,-0.000002,10.000000,-65.000000,80.000000,-0.258049,-0.000024,0.000000,0.000000,0.000000,-0.279056,1076.000000,0.000000,0.000000,0.000000,0.000000,31.104748,-15.151519,7.216341,-1134.136353,-671.806885,0.001359,-0.165678,9.513788,6201,1148,28,9
31.107679,0.008173,0.015605,-1.450457,-0.000106,-0.722385,-0.439329,-0.000334,-0.918059,0.938098,-0.169338,0.000047,0.000001,10.000000,-65.000000,80.000000,-0.258049,-0.000024,0.000000,0.000000,0.000000,-0.279056,1076.000000,0.000000,0.000000,0.000000,0.000000,31.106705,-15.151519,7.216341,-1134.136353,-671.806885,0.001538,-0.165116,9.513788,6201,1104,28,8
31.109634,0.008172,0.014156,-1.451334,-0.000107,-0.724206,-0.437448,-0.000327,-0.907780,0.940824,-0.168464,0.000046,0.000005,10.000000,-65.000000,80.000000,-0.258049,-0.000024,0.000000,0.000000,0.000000,-0.279056,1076.000000,0.000000,0.000000,0.000000,0.000000,31.108656,-15.151519,7.216341,-1134.136353,-671.806885,0.001711,-0.164574,9.513788,6201,1057,28,7
31.111588,0.008172,0.012704,-1.452207,-0.000108,-0.726005,-0.435564,-0.000320,-0.896624,0.942848,-0.167481,0.000047,0.000009,10.000000,-65.000000,80.000000,-0.258049,-0.000024,0.000000,0.000000,0.000000,-0.279056,1076.000000,0.000000,0.000000,0.000000,0.000000,31.110613,-15.151519,7.216341,-1134.136353,-671.806885,0.001876,-0.164055,9.513788,6201,1008,28,6
31.113543,0.008172,0.011248,-1.453076,-0.000108,-0.727780,-0.433676,-0.000314,-0.884561,0.944220,-0.166388,0.000047,0.000013,10.000000,-65.000000,80.000000,-0.258049,-0.000024,0.000000,0.000000,0.000000,-0.279056,1076.000000,0.000000,0.000000,0.000000,0.000000,31.112564,-15.151519,7.216341,-1134.136353,-671.806885,0.002033,-0.163562,9.513788,6201,957,28,5
31.115496,0.008172,0.009788,-1.453941,-0.000109,-0.729530,-0.431786,-0.000308,-0.871570,0.944986,-0.165182,0.000047,0.000017,10.000000,-65.000000,80.000000,-0.258049,-0.000024,0.000000,0.000000,0.000000,-0.279056,1076.000000,0.000000,0.000000,0.000000,0.000000,31.114519,-15.151519,7.216341,-1134.136353,-671.806885,0.002181,-0.163098,9.513788,6201,903,28,3
31.117451,0.008172,0.008325,-1.454803,-0.000109,-0.731252,-0.429896,-0.000302,-0.857634,0.945191,-0.163863,0.000047,0.000022,10.000000,-65.000000,80.000000,-0.258049,-0.000024,0.000000,0.000000,0.000000,-0.279056,1076.000000,0.000000,0.000000,0.000000,0.000000,31.116472,-15.151519,7.216341,-1134.136353,-671.806885,0.002311,-0.162690,9.513788,6201,848,28,2
31.119404,0.008171,0.006858,-1.455661,-0.000110,-0.732945,-0.428006,-0.000296,-0.842751,0.944878,-0.162431,0.000047,0.000027,10.000000,-65.000000,80.000000,-0.258049,-0.000024,0.000000,0.000000,0.000000,-0.279056,1076.000000,0.000000,0.000000,0.000000,0.000000,31.118427,-15.151519,7.216341,-1134.136353,-671.806885,0.002424,-0.162334,9.513788,6201,795,28,0
31.121359,0.008171,0.005388,-1.456515,-0.000111,-0.734607,-0.426117,-0.000290,-0.826915,0.944085,-0.160888,0.000047,0.000032,10.000000,-65.000000,80.000000,-0.258049,-0.000024,0.000000,0.000000,0.000000,-0.279056,1076.000000,0.000000,0.000000,0.000000,0.000000,31.120380,-15.151519,7.216341,-1134.136353,-671.806885,0.002519,-0.162035,9.513788,6201,737,28,0
31.123312,0.008171,0.003915,-1.457365,-0.000111,-0.736236,-0.424231,-0.000285,-0.810139,0.942851,-0.159234,0.000048,0.000037,10.000000,-65.000000,80.000000,-0.258049,-0.000024,0.000000,0.000000,0.000000,-0.279056,1076.000000,0.000000,0.000000,0.000000,0.000000,31.122335,-15.151519,7.216341,-1134.136353,-671.806885,0.002604,-0.161769,9.513788,6201,678,28,-2
31.125265,0.008171,0.002439,-1.458212,-0.000112,-0.737829,-0.422347,-0.000279,-0.792425,0.941210,-0.157471,0.000048,0.000043,10.000000,-65.000000,80.000000,-0.258049,-0.000024,0.000000,0.000000,0.000000,-0.279056,1076.000000,0.000000,0.000000,0.000000,0.000000,31.124289,-15.151519,7.216341,-1134.136353,-671.806885,0.002677,-0.161539,9.513788,6201,618,28,-4
31.127220,0.008171,0.000959,-1.459054,-0.000112,-0.739386,-0.420468,-0.000274,-0.773794,0.939198,-0.155602,0.000048,0.000048,10.000000,-65.000000,80.000000,-0.258049,-0.000024,0.000000,0.000000,0.000000,-0.279056,1076.000000,0.000000,0.000000,0.000000,0.000000,31.126244,-15.151519,7.216341,-1134.136353,-671.806885,0.002724,-0.161393,9.513788,6201,558,28,-6
31.129173,0.008170,-0.000523,-1.459893,-0.000113,-0.740905,-0.418593,-0.000268,-0.754266,0.936848,-0.153629,0.000048,0.000054,10.000000,-65.000000,80.000000,-0.258049,-0.000024,0.000000,0.000000,0.000000,-0.279056,1076.000000,0.000000,0.000000,0.000000,0.000000,31.128197,-15.151519,7.216341,-1134.136353,-671.806885,0.002744,-0.161329,9.513788,6201,497,28,-8
31.131128,0.008170,-0.002009,-1.460729,-0.000113,-0.742383,-0.416723,-0.000263,-0.733867,0.934190,-0.151556,0.000049,0.000059,10.000000,-65.000000,80.000000,-0.258049,-0.000024,0.000000,0.000000,0.000000,-0.279056,1076.000000,0.000000,0.000000,0.000000,0.000000,31.130152,-15.151519,7.216341,-1134.136353,-671.806885,0.002738,-0.161346,9.513788,6201,436,28,-10
31.133081,0.008170,-0.003497,-1.461560,-0.000114,-0.743819,-0.414859,-0.000257,-0.712627,0.931254,-0.149387,0.000049,0.000065,10.000000,-65.000000,80.000000,-0.258049,-0.000024,0.000000,0.000000,0.000000,-0.279056,1076.000000,0.000000,0.000000,0.000000,0.000000,31.132105,-15.151519,7.216341,-1134.136353,-671.806885,0.002707,-0.161444,9.513788,6201,375,28,-12
31.135036,0.008170,-0.004988,-1.462388,-0.000114,-0.745211,-0.413002,-0.000252,-0.690580,0.928069,-0.147125,0.000049,0.000070,10.000000,-65.000000,80.000000,-0.258049,-0.000024,0.000000,0.000000,0.000000,-0.279056,1076.000000,0.000000,0.000000,0.000000,0.000000,31.134060,-15.151519,7.216341,-1134.136353,-671.806885,0.002651,-0.161622,9.513788,6201,314,28,-14
31.136990,0.008169,-0.006482,-1.463212,-0.000115,-0.746558,-0.411150,-0.000246,-0.667762,0.924663,-0.144775,0.000049,0.000075,10.000000,-65.000000,80.000000,-0.258049,-0.000024,0.000000,0.000000,0.000000,-0.279056,1076.000000,0.000000,0.000000,0.000000,0.000000,31.136011,-15.151519,7.216341,-1134.136353,-671.806885,0.002568,-0.161880,9.513788,6201,254,28,-16
31.138945,0.008169,-0.007979,-1.464032,-0.000115,-0.747858,-0.409307,-0.000241,-0.644214,0.921061,-0.142342,0.000049,0.000080,10.000000,-65.000000,80.000000,-0.258049,-0.000024,0.000000,0.000000,0.000000,-0.279056,1076.000000,0.000000,0.000000,0.000000,0.000000,31.137968,-15.151519,7.216341,-1134.136353,-671.806885,0.002462,-0.162216,9.513788,6201,194,28,-18
31.140898,0.008169,-0.009478,-1.464849,-0.000116,-0.749111,-0.407470,-0.000235,-0.619979,0.917289,-0.139831,0.000049,0.000085,10.000000,-65.000000,80.000000,-0.258049,-0.000024,0.000000,0.000000,0.000000,-0.279056,1076.000000,0.000000,0.000000,0.000000,0.000000,31.139919,-15.151519,7.216341,-1134.136353,-671.806885,0.002330,-0.162628,9.513788,6201,131,28,-20
31.142853,0.008169,-0.010979,-1.465662,-0.000116,-0.750313,-0.405641,-0.000229,-0.595102,0.913371,-0.137247,0.000048,0.000089,10.000000,-75.000000,74.000000,-0.258049,-0.000024,0.000000,0.000000,0.000000,-0.279056,1056.000000,0.000000,0.000000,0.000000,0.000000,31.141876,-15.151519,7.216341,-1134.136353,-671.806885,0.002174,-0.163118,9.513788,6201,74,28,-22
31.144806,0.008168,-0.012483,-1.466471,-0.000117,-0.751465,-0.403821,-0.000222,-0.569631,0.909330,-0.134595,0.000048,0.000093,10.000000,-75.000000,74.000000,-0.236754,-0.000029,0.000000,0.000000,0.067000,-0.140676,1056.000000,0.000000,0.000000,0.000000,0.000000,31.143827,-89.552200,-66.124878,-1110.457397,-824.659302,0.001994,1.563503,9.455150,6246,1634,28,-23
31.146761,0.008168,-0.013989,-1.467277,-0.000117,-0.752567,-0.402014,-0.000216,-0.544250,0.900465,-0.131874,0.000047,0.000097,10.000000,-75.000000,74.000000,-0.236754,-0.000029,0.000000,0.000000,0.000000,-0.140676,1056.000000,0.000000,0.000000,0.000000,0.000000,31.145784,-89.552200,-66.124878,-1110.457397,-824.659302,0.001829,1.562985,9.455150,6245,1579,28,-25
31.148714,0.008168,-0.015498,-1.468079,-0.000118,-0.753616,-0.400229,-0.000209,-0.518338,0.890528,-0.129075,0.000047,0.000100,10.000000,-75.000000,74.000000,-0.236754,-0.000029,0.000000,0.000000,0.000000,-0.140676,1056.000000,0.000000,0.000000,0.000000,0.000000,31.147736,-89.552200,-66.124878,-1110.457397,-824.659302,0.001704,1.562593,9.455150,6245,1519,28,-26
31.150667,0.008168,-0.017008,-1.468878,-0.000118,-0.754613,-0.398462,-0.000202,-0.491588,0.881063,-0.126185,0.000046,0.000103,10.000000,-75.000000,74.000000,-0.236754,-0.000029,0.000000,0.000000,0.000000,-0.140676,1056.000000,0.000000,0.000000,0.000000,0.000000,31.149693,-89.552200,-66.124878,-1110.457397,-824.659302,0.001594,1.562246,9.455150,6245,1454,28,-28
31.152622,0.008168,-0.018520,-1.469673,-0.000118,-0.755555,-0.396713,-0.000195,-0.463916,0.871985,-0.123196,0.000046,0.000106,10.000000,-75.000000,74.000000,-0.236754,-0.000029,0.000000,0.000000,0.000000,-0.140676,1056.000000,0.000000,0.000000,0.000000,0.000000,31.151644,-89.552200,-66.124878,-1110.457397,-824.659302,0.001494,1.561932,9.455150,6245,1386,28,-29
31.154575,0.008167,-0.020034,-1.470464,-0.000119,-0.756440,-0.394982,-0.000187,-0.435259,0.863255,-0.120100,0.000045,0.000109,10.000000,-75.000000,74.000000,-0.236754,-0.000029,0.000000,0.000000,0.000000,-0.140676,1056.000000,0.000000,0.000000,0.000000,0.000000,31.153601,-89.552200,-66.124878,-1110.457397,-824.659302,0.001402,1.561645,9.455150,6245,1314,28,-30
31.156530,0.008167,-0.021550,-1.471253,-0.000119,-0.757266,-0.393269,-0.000178,-0.405559,0.854839,-0.116891,0.000044,0.000112,10.000000,-75.000000,74.000000,-0.236754,-0.000029,0.000000,0.000000,0.000000,-0.140676,1056.000000,0.000000,0.000000,0.000000,0.000000,31.155552,-89.552200,-66.124878,-1110.457397,-824.659302,0.001323,1.561395,9.455150,6245,1239,28,-32
31.158484,0.008167,-0.023067,-1.472037,-0.000119,-0.758031,-0.391571,-0.000169,-0.374771,0.846710,-0.113564,0.000043,0.000115,10.000000,-75.000000,74.000000,-0.236754,-0.000029,0.000000,0.000000,0.000000,-0.140676,1056.000000,0.000000,0.000000,0.000000,0.000000,31.157509,-89.552200,-66.124878,-1110.457397,-824.659302,0.001244,1.561148,9.455150,6245,1161,29,-33
31.160439,0.008167,-0.024585,-1.472819,-0.000120,-0.758733,-0.389890,-0.000159,-0.342869,0.838846,-0.110117,0.000041,0.000117,10.000000,-75.000000,74.000000,-0.236754,-0.000029,0.000000,0.000000,0.000000,-0.140676,1056.000000,0.000000,0.000000,0.000000,0.000000,31.159460,-89.552200,-66.124878,-1110.457397,-824.659302,0.001166,1.560901,9.455150,6245,1081,29,-34
31.162392,0.008166,-0.026105,-1.473597,-0.000120,-0.759369,-0.388223,-0.000149,-0.309832,0.831229,-0.106547,0.000040,0.000119,10.000000,-75.000000,74.000000,-0.236754,-0.000029,0.000000,0.000000,0.000000,-0.140676,1056.000000,0.000000,0.000000,0.000000,0.000000,31.161415,-89.552200,-66.124878,-1110.457397,-824.659302,0.001092,1.560669,9.455150,6245,999,29,-35
31.164347,0.008166,-0.027626,-1.474372,-0.000120,-0.759938,-0.386572,-0.000137,-0.275652,0.823845,-0.102853,0.000039,0.000122,10.000000,-75.000000,74.000000,-0.236754,-0.000029,0.000000,0.000000,0.000000,-0.140676,1056.000000,0.000000,0.000000,0.000000,0.000000,31.163368,-89.552200,-66.124878,-1110.457397,-824.659302,0.001019,1.560440,9.455150,6245,911,29,-36
31.166300,0.008166,-0.029149,-1.475143,-0.000121,-0.760436,-0.384935,-0.000125,-0.240330,0.816688,-0.099036,0.000037,0.000124,10.000000,-75.000000,74.000000,-0.236754,-0.000029,0.000000,0.000000,0.000000,-0.140676,1056.000000,0.000000,0.000000,0.000000,0.000000,31.165323,-89.552200,-66.124878,-1110.457397,-824.659302,0.000945,1.560207,9.455150,6245,827,29,-37
31.168255,0.008166,-0.030672,-1.475911,-0.000121,-0.760862,-0.383312,-0.000112,-0.203878,0.809748,-0.095096,0.000035,0.000125,10.000000,-75.000000,74.000000,-0.236754,-0.000029,0.000000,0.000000,0.000000,-0.140676,1056.000000,0.000000,0.000000,0.000000,0.000000,31.167276,-89.552200,-66.124878,-1110.457397,-824.659302,0.000867,1.559962,9.455150,6245,741,29,-38
31.170208,0.008165,-0.032195,-1.476676,-0.000121,-0.761214,-0.381703,-0.000099,-0.166313,0.803025,-0.091036,0.000033,0.000127,10.000000,-75.000000,74.000000,-0.236754,-0.000029,0.000000,0.000000,0.000000,-0.140676,1056.000000,0.000000,0.000000,0.000000,0.000000,31.169231,-89.552200,-66.124878,-1110.457397,-824.659302,0.000783,1.559699,9.455150,6245,655,29,-38
31.172161,0.008165,-0.033720,-1.477438,-0.000121,-0.761488,-0.380106,-0.000085,-0.127666,0.796518,-0.086858,0.000031,0.000129,10.000000,-75.000000,74.000000,-0.236754,-0.000029,0.000000,0.000000,0.000000,-0.140676,1056.000000,0.000000,0.000000,0.000000,0.000000,31.171185,-89.552200,-66.124878,-1110.457397,-824.659302,0.000699,1.559435,9.455150,6245,568,29,-39
31.174116,0.008165,-0.035245,-1.478197,-0.000121,-0.761684,-0.378523,-0.000070,-0.087965,0.790229,-0.082566,0.000029,0.000130,10.000000,-75.000000,74.000000,-0.236754,-0.000029,0.000000,0.000000,0.000000,-0.140676,1056.000000,0.000000,0.000000,0.000000,0.000000,31.173140,-89.552200,-66.124878,-1110.457397,-824.659302,0.000612,1.559162,9.455150,6245,482,29,-40
31.176069,0.008165,-0.036770,-1.478952,-0.000121,-0.761799,-0.376952,-0.000054,-0.047255,0.784160,-0.078164,0.000027,0.000131,10.000000,-75.000000,74.000000,-0.236754,-0.000029,0.000000,0.000000,0.000000,-0.140676,1056.000000,0.000000,0.000000,0.000000,0.000000,31.175093,-89.552200,-66.124878,-1110.457397,-824.659302,0.000513,1.558851,9.455150,6245,396,30,-41
31.178024,0.008164,-0.038295,-1.479704,-0.000122,-0.761832,-0.375392,-0.000037,-0.005580,0.778318,-0.073657,0.000025,0.000132,10.000000,-75.000000,74.000000,-0.236754,-0.000029,0.000000,0.000000,0.000000,-0.140676,1056.000000,0.000000,0.000000,0.000000,0.000000,31.177048,-89.552200,-66.124878,-1110.457397,-824.659302,0.000401,1.558499,9.455150,6245,310,30,-41
31.179977,0.008164,-0.039820,-1.480454,-0.000122,-0.761779,-0.373844,-0.000019,0.037005,0.772708,-0.069051,0.000022,0.000133,10.000000,-75.000000,74.000000,-0.236754,-0.000029,0.000000,0.000000,0.000000,-0.140676,1056.000000,0.000000,0.000000,0.000000,0.000000,31.179001,-89.552200,-66.124878,-1110.457397,-824.659302,0.000282,1.558126,9.455150,6245,226,30,-42
31.181932,0.008164,-0.041345,-1.481200,-0.000122,-0.761640,-0.372307,-0.000000,0.080448,0.767310,-0.064350,0.000020,0.000133,10.000000,-75.000000,74.000000,-0.236754,-0.000029,0.000000,0.000000,0.000000,-0.140676,1056.000000,0.000000,0.000000,0.000000,0.000000,31.180956,-89.552200,-66.124878,-1110.457397,-824.659302,0.000150,1.557712,9.455150,6245,142,30,-42
31.183886,0.008164,-0.042869,-1.481943,-0.000122,-0.761413,-0.370780,0.000019,0.124683,0.762179,-0.059563,0.000017,0.000133,10.000000,-75.000000,74.000000,-0.236754,-0.000029,0.000000,0.000000,0.000000,-0.140676,1056.000000,0.000000,0.000000,0.000000,0.000000,31.182907,-89.552200,-66.124878,-1110.457397,-824.659302,0.000008,1.557267,9.455150,6245,60,30,-43
31.185841,0.008163,-0.044393,-1.482683,-0.000121,-0.761096,-0.369263,0.000040,0.169653,0.757309,-0.054695,0.000014,0.000133,10.000000,-75.000000,74.000000,-0.236754,-0.000029,0.000000,0.000000,0.000000,-0.140676,1056.000000,0.000000,0.000000,0.000000,0.000000,31.184864,-89.552200,-66.124878,-1110.457397,-824.659302,-0.000141,1.556797,9.455150,6245,-20,30,-43
31.187794,0.008163,-0.045916,-1.483420,-0.000121,-0.760688,-0.367755,0.000061,0.215285,0.752699,-0.049753,0.000011,0.000133,10.000000,-75.000000,74.000000,-0.236754,-0.000029,0.000000,0.000000,0.000000,-0.140676,1056.000000,0.000000,0.000000,0.000000,0.000000,31.186815,-89.552200,-66.124878,-1110.457397,-824.659302,-0.000304,1.556287,9.455150,6245,-98,31,-44
31.189749,0.008163,-0.047439,-1.484154,-0.000121,-0.760188,-0.366256,0.000084,0.261511,0.748357,-0.044745,0.000008,0.000132,10.000000,-75.000000,74.000000,-0.236754,-0.000029,0.000000,0.000000,0.000000,-0.140676,1056.000000,0.000000,0.000000,0.000000,0.000000,31.188772,-89.552200,-66.124878,-1110.457397,-824.659302,-0.000480,1.555733,9.455150,6245,-180,31,-44
31.191702,0.008163,-0.048960,-1.484885,-0.000121,-0.759595,-0.364766,0.000107,0.308257,0.744289,-0.039679,0.000004,0.000130,10.000000,-75.000000,74.000000,-0.236754,-0.000029,0.000000,0.000000,0.000000,-0.140676,1056.000000,0.000000,0.000000,0.000000,0.000000,31.190723,-89.552200,-66.124878,-1110.457397,-824.659302,-0.000671,1.555134,9.455150,6245,-254,31,-44
31.193657,0.008162,-0.050479,-1.485613,-0.000121,-0.758908,-0.363283,0.000131,0.355448,0.740499,-0.034561,0.000001,0.000129,10.000000,-75.000000,74.000000,-0.236754,-0.000029,0.000000,0.000000,0.000000,-0.140676,1056.000000,0.000000,0.000000,0.000000,0.000000,31.192680,-89.552200,-66.124878,-1110.457397,-824.659302,-0.000870,1.554509,9.455150,6245,-326,31,-44
31.195610,0.008162,-0.051997,-1.486338,-0.000120,-0.758126,-0.361807,0.000156,0.403008,0.736993,-0.029401,-0.000002,0.000127,10.000000,-75.000000,74.000000,-0.236754,-0.000029,0.000000,0.000000,0.000000,-0.140676,1056.000000,0.000000,0.000000,0.000000,0.000000,31.194632,-89.552200,-66.124878,-1110.457397,-824.659302,-0.001079,1.553854,9.455150,6244,-396,31,-44
31.197563,0.008162,-0.053514,-1.487060,-0.000120,-0.757248,-0.360338,0.000182,0.450863,0.733881,-0.024205,-0.000006,0.000124,10.000000,-75.000000,74.000000,-0.236754,-0.000029,0.000000,0.000000,0.000000,-0.140676,1056.000000,0.000000,0.000000,0.000000,0.000000,31.196589,-89.552200,-66.124878,-1110.457397,-824.659302,-0.001298,1.553166,9.455150,6244,-463,31,-43
31.199518,0.008162,-0.055028,-1.487779,-0.000120,-0.756274,-0.358874,0.000209,0.498930,0.731083,-0.018983,-0.000010,0.000121,10.000000,-75.000000,74.000000,-0.236754,-0.000029,0.000000,0.000000,0.000000,-0.140676,1056.000000,0.000000,0.000000,0.000000,0.000000,31.198540,-89.552200,-66.124878,-1110.457397,-824.659302,-0.001520,1.552467,9.455150,6244,-527,32,-43
31.201471,0.008161,-0.056541,-1.488496,-0.000119,-0.755204,-0.357416,0.000236,0.547133,0.728566,-0.013742,-0.000013,0.000117,10.000000,-75.000000,74.000000,-0.236754,-0.000029,0.000000,0.000000,0.000000,-0.140676,1056.000000,0.000000,0.000000,0.000000,0.000000,31.200497,-89.552200,-66.124878,-1110.457397,-824.659302,-0.001748,1.551752,9.455150,6244,-588,32,-42
31.203426,0.008161,-0.058051,-1.489209,-0.000119,-0.754038,-0.355962,0.000264,0.595391,0.726331,-0.008490,-0.000017,0.000113,10.000000,-75.000000,74.000000,-0.236754,-0.000029,0.000000,0.000000,0.000000,-0.140676,1056.000000,0.000000,0.000000,0.000000,0.000000,31.202448,-89.552200,-66.124878,-1110.457397,-824.659302,-0.001981,1.551019,9.455150,6244,-650,32,-41
31.205379,0.008161,-0.059559,-1.489919,-0.000118,-0.752774,-0.354512,0.000293,0.643627,0.724377,-0.003235,-0.000021,0.000109,10.000000,-75.000000,74.000000,-0.236754,-0.000029,0.000000,0.000000,0.000000,-0.140676,1056.000000,0.000000,0.000000,0.000000,0.000000,31.204405,-89.552200,-66.124878,-1110.457397,-824.659302,-0.002214,1.550288,9.455150,6244,-705,32,-41
31.207335,0.008161,-0.061064,-1.490627,-0.000118,-0.751415,-0.353066,0.000322,0.691768,0.722704,0.002015,-0.000025,0.000104,10.000000,-75.000000,74.000000,-0.236754,-0.000029,0.000000,0.000000,0.000000,-0.140676,1056.000000,0.000000,0.000000,0.000000,0.000000,31.206356,-89.552200,-66.124878,-1110.457397,-824.659302,-0.002455,1.549531,9.455150,6244,-757,32,-39
31.209288,0.008161,-0.062566,-1.491332,-0.000117,-0.749959,-0.351623,0.000352,0.739731,0.721309,0.007251,-0.000028,0.000098,10.000000,-75.000000,74.000000,-0.236754,-0.000029,0.000000,0.000000,0.000000,-0.140676,1056.000000,0.000000,0.000000,0.000000,0.000000,31.208311,-89.552200,-66.124878,-1110.457397,-824.659302,-0.002697,1.548772,9.455150,6244,-805,32,-38
31.211243,0.008160,-0.064065,-1.492033,-0.000116,-0.748408,-0.350182,0.000383,0.787447,0.720187,0.012466,-0.000032,0.000092,10.000000,-75.000000,74.000000,-0.236754,-0.000029,0.000000,0.000000,0.000000,-0.140676,1056.000000,0.000000,0.000000,0.000000,0.000000,31.210264,-89.552200,-66.124878,-1110.457397,-824.659302,-0.002934,1.548028,9.455150,6244,-850,33,-37
31.213196,0.008160,-0.065561,-1.492732,-0.000115,-0.746762,-0.348743,0.000414,0.834841,0.719335,0.017653,-0.000036,0.000086,10.000000,-75.000000,74.000000,-0.236754,-0.000029,0.000000,0.000000,0.000000,-0.140676,1056.000000,0.000000,0.000000,0.000000,0.000000,31.212219,-89.552200,-66.124878,-1110.457397,-824.659302,-0.003174,1.547276,9.455150,6244,-891,33,-35
31.215151,0.008160,-0.067053,-1.493428,-0.000114,-0.745022,-0.347305,0.000445,0.881840,0.718743,0.022804,-0.000040,0.000079,10.000000,-75.000000,74.000000,-0.236754,-0.000029,0.000000,0.000000,0.000000,-0.140676,1056.000000,0.000000,0.000000,0.000000,0.000000,31.214172,-89.552200,-66.124878,-1110.457397,-824.659302,-0.003409,1.546535,9.455150,6244,-929,33,-33
31.217104,0.008160,-0.068542,-1.494121,-0.000113,-0.743189,-0.345868,0.000476,0.928379,0.718379,0.027912,-0.000043,0.000071,10.000000,-75.000000,74.000000,-0.236754,-0.000029,0.000000,0.000000,0.000000,-0.140676,1056.000000,0.000000,0.000000,0.000000,0.000000,31.216127,-89.552200,-66.124878,-1110.457397,-824.659302,-0.003639,1.545815,9.455150,6244,-968,33,-32
31.219057,0.008159,-0.070027,-1.494812,-0.000112,-0.741263,-0.344432,0.000508,0.974390,0.718279,0.032970,-0.000047,0.000063,10.000000,-75.000000,74.000000,-0.236754,-0.000029,0.000000,0.000000,0.000000,-0.140676,1056.000000,0.000000,0.000000,0.000000,0.000000,31.218081,-89.552200,-66.124878,-1110.457397,-824.659302,-0.003866,1.545101,9.455150,6244,-998,33,-29
31.221012,0.008159,-0.071508,-1.495499,-0.000111,-0.739246,-0.342995,0.000540,1.019804,0.718422,0.037972,-0.000050,0.000055,10.000000,-89.000000,56.000000,-0.236754,-0.000029,0.000000,0.000000,0.000000,-0.140676,1050.000000,0.000000,0.000000,0.000000,0.000000,31.220036,-89.552200,-66.124878,-1110.457397,-824.659302,-0.004081,1.544426,9.455150,6243,-1026,33,-27
31.222965,0.008159,-0.072985,-1.496184,-0.000110,-0.737139,-0.341557,0.000571,1.064561,0.718894,0.042910,-0.000054,0.000046,10.000000,-89.000000,56.000000,-0.201624,-0.000027,0.000000,0.000000,0.067000,-0.042585,1050.000000,0.000000,0.000000,0.000000,0.000000,31.221989,-268.656830,-208.306137,-2673.204590,-1395.192871,-0.004281,4.892166,9.373209,6890,-935,33,-25
31.224920,0.008159,-0.074457,-1.496865,-0.000109,-0.734940,-0.340210,0.000606,1.111705,0.651171,0.047779,-0.000057,0.000037,10.000000,-89.000000,56.000000,-0.201624,-0.000027,0.000000,0.000000,0.000000,-0.042585,1050.000000,0.000000,0.000000,0.000000,0.000000,31.223944,-268.656830,-208.306137,-2673.204590,-1395.192871,-0.004457,4.891614,9.373209,6890,-956,33,-22
31.226873,0.008158,-0.075925,-1.497545,-0.000108,-0.732644,-0.339034,0.000643,1.159534,0.568104,0.052575,-0.000060,0.000027,10.000000,-89.000000,56.000000,-0.201624,-0.000027,0.000000,0.000000,0.000000,-0.042585,1050.000000,0.000000,0.000000,0.000000,0.000000,31.225897,-268.656830,-208.306137,-2673.204590,-1395.192871,-0.004603,4.891156,9.373209,6890,-973,33,-20
31.228828,0.008158,-0.077389,-1.498222,-0.000106,-0.730254,-0.338011,0.000679,1.206921,0.493233,0.057293,-0.000063,0.000018,10.000000,-89.000000,56.000000,-0.201624,-0.000027,0.000000,0.000000,0.000000,-0.042585,1050.000000,0.000000,0.000000,0.000000,0.000000,31.227852,-268.656830,-208.306137,-2673.204590,-1395.192871,-0.004739,4.890730,9.373209,6890,-988,34,-17
31.230782,0.008158,-0.078847,-1.498897,-0.000105,-0.727770,-0.337126,0.000715,1.253733,0.425802,0.061929,-0.000066,0.000008,10.000000,-89.000000,56.000000,-0.201624,-0.000027,0.000000,0.000000,0.000000,-0.042585,1050.000000,0.000000,0.000000,0.000000,0.000000,31.229803,-268.656830,-208.306137,-2673.204590,-1395.192871,-0.004865,4.890335,9.373209,6890,-1000,34,-14
31.232737,0.008158,-0.080300,-1.499571,-0.000104,-0.725193,-0.336366,0.000752,1.299860,0.365121,0.066479,-0.000069,-0.000003,10.000000,-89.000000,56.000000,-0.201624,-0.000027,0.000000,0.000000,0.000000,-0.042585,1050.000000,0.000000,0.000000,0.000000,0.000000,31.231760,-268.656830,-208.306137,-2673.204590,-1395.192871,-0.004974,4.889990,9.373209,6890,-1009,34,-11
31.234690,0.008158,-0.081748,-1.500243,-0.000102,-0.722525,-0.335719,0.000788,1.345204,0.310564,0.070939,-0.000072,-0.000013,10.000000,-89.000000,56.000000,-0.201624,-0.000027,0.000000,0.000000,0.000000,-0.042585,1050.000000,0.000000,0.000000,0.000000,0.000000,31.233711,-268.656830,-208.306137,-2673.204590,-1395.192871,-0.005068,4.889695,9.373209,6890,-1016,34,-8
31.236645,0.008157,-0.083190,-1.500915,-0.000100,-0.719768,-0.335172,0.000825,1.389675,0.261560,0.075306,-0.000074,-0.000024,10.000000,-89.000000,56.000000,-0.201624,-0.000027,0.000000,0.000000,0.000000,-0.042585,1050.000000,0.000000,0.000000,0.000000,0.000000,31.235668,-268.656830,-208.306137,-2673.204590,-1395.192871,-0.005147,4.889448,9.373209,6890,-1019,34,-5
31.238598,0.008157,-0.084627,-1.501585,-0.000099,-0.716923,-0.334715,0.000861,1.433197,0.217590,0.079577,-0.000077,-0.000034,10.000000,-89.000000,56.000000,-0.201624,-0.000027,0.000000,0.000000,0.000000,-0.042585,1050.000000,0.000000,0.000000,0.000000,0.000000,31.237619,-268.656830,-208.306137,-2673.204590,-1395.192871,-0.005212,4.889245,9.373209,6890,-1021,34,-1
31.240553,0.008157,-0.086058,-1.502255,-0.000097,-0.713993,-0.334340,0.000897,1.475700,0.178180,0.083749,-0.000079,-0.000045,10.000000,-89.000000,56.000000,-0.201624,-0.000027,0.000000,0.000000,0.000000,-0.042585,1050.000000,0.000000,0.000000,0.000000,0.000000,31.239576,-268.656830,-208.306137,-2673.204590,-1395.192871,-0.005255,4.889108,9.373209,6890,-1019,34,1
31.242506,0.008157,-0.087483,-1.502923,-0.000095,-0.710979,-0.334037,0.000933,1.517131,0.142901,0.087819,-0.000082,-0.000056,10.000000,-89.000000,56.000000,-0.201624,-0.000027,0.000000,0.000000,0.000000,-0.042585,1050.000000,0.000000,0.000000,0.000000,0.000000,31.241528,-268.656830,-208.306137,-2673.204590,-1395.192871,-0.005286,4.889012,9.373209,6889,-1015,34,4
31.244459,0.008157,-0.088901,-1.503592,-0.000093,-0.707885,-0.333799,0.000968,1.557424,0.111467,0.091785,-0.000084,-0.000067,10.000000,-89.000000,56.000000,-0.201624,-0.000027,0.000000,0.000000,0.000000,-0.042585,1050.000000,0.000000,0.000000,0.000000,0.000000,31.243484,-268.656830,-208.306137,-2673.204590,-1395.192871,-0.005311,4.888934,9.373209,6889,-1009,34,8
31.246414,0.008156,-0.090314,-1.504260,-0.000091,-0.704711,-0.333618,0.001003,1.596543,0.083439,0.095644,-0.000086,-0.000078,10.000000,-89.000000,56.000000,-0.201624,-0.000027,0.000000,0.000000,0.000000,-0.042585,1050.000000,0.000000,0.000000,0.000000,0.000000,31.245436,-268.656830,-208.306137,-2673.204590,-1395.192871,-0.005315,4.888922,9.373209,6889,-1001,34,11
31.248367,0.008156,-0.091720,-1.504928,-0.000089,-0.701461,-0.333489,0.001038,1.634460,0.058457,0.099395,-0.000088,-0.000088,10.000000,-89.000000,56.000000,-0.201624,-0.000027,0.000000,0.000000,0.000000,-0.042585,1050.000000,0.000000,0.000000,0.000000,0.000000,31.247393,-268.656830,-208.306137,-2673.204590,-1395.192871,-0.005299,4.888971,9.373209,6889,-991,34,14
31.250322,0.008156,-0.093119,-1.505595,-0.000087,-0.698137,-0.333406,0.001071,1.671143,0.036225,0.103037,-0.000090,-0.000099,10.000000,-89.000000,56.000000,-0.201624,-0.000027,0.000000,0.000000,0.000000,-0.042585,1050.000000,0.000000,0.000000,0.000000,0.000000,31.249344,-268.656830,-208.306137,-2673.204590,-1395.192871,-0.005271,4.889058,9.373209,6890,-978,35,18
31.252275,0.008156,-0.094512,-1.506262,-0.000085,-0.694741,-0.333363,0.001105,1.706578,0.016371,0.106567,-0.000092,-0.000110,10.000000,-89.000000,56.000000,-0.201624,-0.000027,0.000000,0.000000,0.000000,-0.042585,1050.000000,0.000000,0.000000,0.000000,0.000000,31.251301,-268.656830,-208.306137,-2673.204590,-1395.192871,-0.005225,4.889205,9.373209,6890,-964,35,21
31.254230,0.008156,-0.095897,-1.506930,-0.000083,-0.691277,-0.333357,0.001137,1.740742,-0.001268,0.109985,-0.000093,-0.000120,10.000000,-89.000000,56.000000,-0.201624,-0.000027,0.000000,0.000000,0.000000,-0.042585,1050.000000,0.000000,0.000000,0.000000,0.000000,31.253252,-268.656830,-208.306137,-2673.204590,-1395.192871,-0.005159,4.889409,9.373209,6890,-948,35,25
31.256184,0.008156,-0.097276,-1.507597,-0.000080,-0.687746,-0.333384,0.001169,1.773616,-0.016878,0.113290,-0.000095,-0.000131,10.000000,-89.000000,56.000000,-0.201624,-0.000027,0.000000,0.000000,0.000000,-0.042585,1050.000000,0.000000,0.000000,0.000000,0.000000,31.255207,-268.656830,-208.306137,-2673.204590,-1395.192871,-0.005075,4.889674,9.373209,6890,-931,35,28
31.258139,0.008155,-0.098647,-1.508265,-0.000078,-0.684151,-0.333438,0.001199,1.805194,-0.030662,0.116482,-0.000096,-0.000141,10.000000,-89.000000,56.000000,-0.201624,-0.000027,0.000000,0.000000,0.000000,-0.042585,1050.000000,0.000000,0.000000,0.000000,0.000000,31.257160,-268.656830,-208.306137,-2673.204590,-1395.192871,-0.004972,4.889996,9.373209,6890,-911,35,31
31.260092,0.008155,-0.100012,-1.508932,-0.000075,-0.680495,-0.333518,0.001229,1.835472,-0.042804,0.119560,-0.000098,-0.000151,10.000000,-89.000000,56.000000,-0.201624,-0.000027,0.000000,0.000000,0.000000,-0.042585,1050.000000,0.000000,0.000000,0.000000,0.000000,31.259115,-268.656830,-208.306137,-2673.204590,-1395.192871,-0.004859,4.890353,9.373209,6890,-891,35,35
31.262047,0.008155,-0.101368,-1.509600,-0.000073,-0.676780,-0.333620,0.001257,1.864445,-0.053471,0.122525,-0.000099,-0.000160,10.000000,-89.000000,56.000000,-0.201624,-0.000027,0.000000,0.000000,0.000000,-0.042585,1050.000000,0.000000,0.000000,0.000000,0.000000,31.261068,-268.656830,-208.306137,-2673.204590,-1395.192871,-0.004727,4.890768,9.373209,6890,-869,35,38
31.264000,0.008155,-0.102718,-1.510268,-0.000070,-0.673010,-0.333741,0.001284,1.892122,-0.062818,0.125376,-0.000100,-0.000170,10.000000,-89.000000,56.000000,-0.201624,-0.000027,0.000000,0.000000,0.000000,-0.042585,1050.000000,0.000000,0.000000,0.000000,0.000000,31.263023,-268.656830,-208.306137,-2673.204590,-1395.192871,-0.004576,4.891241,9.373209,6890,-846,35,41
31.265953,0.008155,-0.104059,-1.510937,-0.000068,-0.669186,-0.333879,0.001309,1.918507,-0.070981,0.128115,-0.000101,-0.000179,10.000000,-89.000000,56.000000,-0.201624,-0.000027,0.000000,0.000000,0.000000,-0.042585,1050.000000,0.000000,0.000000,0.000000,0.000000,31.264977,-268.656830,-208.306137,-2673.204590,-1395.192871,-0.004414,4.891750,9.373209,6890,-822,35,44
31.267908,0.008155,-0.105393,-1.511605,-0.000065,-0.665311,-0.334032,0.001332,1.943612,-0.078088,0.130741,-0.000101,-0.000187,10.000000,-89.000000,56.000000,-0.201624,-0.000027,0.000000,0.000000,0.000000,-0.042585,1050.000000,0.000000,0.000000,0.000000,0.000000,31.266932,-268.656830,-208.306137,-2673.204590,-1395.192871,-0.004239,4.892299,9.373209,6890,-797,35,47
31.269861,0.008155,-0.106719,-1.512274,-0.000062,-0.661388,-0.334197,0.001353,1.967447,-0.084252,0.133256,-0.000102,-0.000195,10.000000,-89.000000,56.000000,-0.201624,-0.000027,0.000000,0.000000,0.000000,-0.042585,1050.000000,0.000000,0.000000,0.000000,0.000000,31.268885,-268.656830,-208.306137,-2673.204590,-1395.192871,-0.004052,4.892887,9.373209,6891,-771,35,50
31.271816,0.008155,-0.108037,-1.512944,-0.000060,-0.657419,-0.334374,0.001373,1.990044,-0.089683,0.135661,-0.000102,-0.000203,10.000000,-89.000000,56.000000,-0.201624,-0.000027,0.000000,0.000000,0.000000,-0.042585,1050.000000,0.000000,0.000000,0.000000,0.000000,31.270840,-268.656830,-208.306137,-2673.204590,-1395.192871,-0.003851,4.893516,9.373209,6891,-744,35,53
31.273769,0.008154,-0.109348,-1.513613,-0.000057,-0.653407,-0.334560,0.001390,2.011409,-0.094391,0.137957,-0.000103,-0.000210,10.000000,-89.000000,56.000000,-0.201624,-0.000027,0.000000,0.000000,0.000000,-0.042585,1050.000000,0.000000,0.000000,0.000000,0.000000,31.272793,-268.656830,-208.306137,-2673.204590,-1395.192871,-0.003638,4.894186,9.373209,6891,-717,35,56
31.275724,0.008154,-0.110650,-1.514283,-0.000054,-0.649353,-0.334755,0.001406,2.031558,-0.098426,0.140146,-0.000103,-0.000217,10.000000,-89.000000,56.000000,-0.201624,-0.000027,0.000000,0.000000,0.000000,-0.042585,1050.000000,0.000000,0.000000,0.000000,0.000000,31.274748,-268.656830,-208.306137,-2673.204590,-1395.192871,-0.003411,4.894897,9.373209,6891,-689,35,58
31.277678,0.008154,-0.111944,-1.514954,-0.000051,-0.645262,-0.334957,0.001419,2.050514,-0.101864,0.142230,-0.000103,-0.000223,10.000000,-89.000000,56.000000,-0.201624,-0.000027,0.000000,0.000000,0.000000,-0.042585,1050.000000,0.000000,0.000000,0.000000,0.000000,31.276699,-268.656830,-208.306137,-2673.204590,-1395.192871,-0.003177,4.895633,9.373209,6891,-661,35,61
31.279633,0.008154,-0.113229,-1.515625,-0.000048,-0.641134,-0.335166,0.001430,2.068299,-0.104777,0.144210,-0.000103,-0.000229,10.000000,-99.000000,32.000000,-0.201624,-0.000027,0.000000,0.000000,0.000000,-0.042585,1068.000000,0.000000,0.000000,0.000000,0.000000,31.278656,-268.656830,-208.306137,-2673.204590,-1395.192871,-0.002935,4.896393,9.373209,6892,-632,35,63
31.281586,0.008154,-0.114506,-1.516296,-0.000046,-0.636972,-0.335379,0.001439,2.084955,-0.107332,0.146088,-0.000103,-0.000234,10.000000,-99.000000,32.000000,-0.201624,-0.000027,0.000000,0.000000,-0.933999,-0.042585,1068.000000,0.000000,0.000000,0.000000,0.000000,31.280607,-268.656830,-208.306137,-2673.204590,-1395.192871,-0.002685,4.897178,9.323209,6863,-604,35,65
31.283541,0.008154,-0.115775,-1.516968,-0.000043,-0.632779,-0.335593,0.001445,2.100049,-0.106469,0.147866,-0.000102,-0.000239,10.000000,-99.000000,32.000000,-0.201624,-0.000027,0.000000,0.000000,0.000000,-0.042585,1068.000000,0.000000,0.000000,0.000000,0.000000,31.282564,-268.656830,-208.306137,-2673.204590,-1395.192871,-0.002432,4.897973,9.323209,6863,-575,34,67
31.285494,0.008154,-0.117036,-1.517640,-0.000040,-0.628558,-0.335803,0.001449,2.113938,-0.104550,0.149548,-0.000102,-0.000243,10.000000,-99.000000,32.000000,-0.201624,-0.000027,0.000000,0.000000,0.000000,-0.042585,1068.000000,0.000000,0.000000,0.000000,0.000000,31.284515,-268.656830,-208.306137,-2673.204590,-1395.192871,-0.002175,4.898781,9.323209,6864,-546,34,69
31.287449,0.008154,-0.118288,-1.518313,-0.000037,-0.624311,-0.336009,0.001450,2.126824,-0.102773,0.151135,-0.000101,-0.000247,10.000000,-99.000000,32.000000,-0.201624,-0.000027,0.000000,0.000000,0.000000,-0.042585,1068.000000,0.000000,0.000000,0.000000,0.000000,31.286472,-268.656830,-208.306137,-2673.204590,-1395.192871,-0.001912,4.899606,9.323209,6864,-518,34,71
31.289402,0.008154,-0.119531,-1.518986,-0.000034,-0.620039,-0.336212,0.001449,2.138723,-0.101065,0.152629,-0.000100,-0.000250,10.000000,-99.000000,32.000000,-0.201624,-0.000027,0.000000,0.000000,0.000000,-0.042585,1068.000000,0.000000,0.000000,0.000000,0.000000,31.288424,-268.656830,-208.306137,-2673.204590,-1395.192871,-0.001644,4.900448,9.323209,6864,-489,34,72
31.291355,0.008154,-0.120766,-1.519659,-0.000031,-0.615745,-0.336412,0.001445,2.149662,-0.099398,0.154034,-0.000099,-0.000253,10.000000,-99.000000,32.000000,-0.201624,-0.000027,0.000000,0.000000,0.000000,-0.042585,1068.000000,0.000000,0.000000,0.000000,0.000000,31.290380,-268.656830,-208.306137,-2673.204590,-1395.192871,-0.001377,4.901287,9.323209,6864,-461,34,74
31.293310,0.008154,-0.121992,-1.520333,-0.000028,-0.611431,-0.336608,0.001440,2.159666,-0.097778,0.155352,-0.000098,-0.000255,10.000000,-99.000000,32.000000,-0.201624,-0.000027,0.000000,0.000000,0.000000,-0.042585,1068.000000,0.000000,0.000000,0.000000,0.000000,31.292332,-268.656830,-208.306137,-2673.204590,-1395.192871,-0.001108,4.902129,9.323209,6865,-433,34,75
31.295263,0.008154,-0.123210,-1.521007,-0.000025,-0.607098,-0.336802,0.001432,2.168787,-0.096317,0.156586,-0.000097,-0.000256,10.000000,-99.000000,32.000000,-0.201624,-0.000027,0.000000,0.000000,0.000000,-0.042585,1068.000000,0.000000,0.000000,0.000000,0.000000,31.294289,-268.656830,-208.306137,-2673.204590,-1395.192871,-0.000839,4.902976,9.323209,6865,-405,34,76
31.297218,0.008153,-0.124419,-1.521682,-0.000022,-0.602748,-0.336992,0.001421,2.177042,-0.094938,0.157739,-0.000096,-0.000257,10.000000,-99.000000,32.000000,-0.201624,-0.000027,0.000000,0.000000,0.000000,-0.042585,1068.000000,0.000000,0.000000,0.000000,0.000000,31.296240,-268.656830,-208.306137,-2673.204590,-1395.192871,-0.000573,4.903810,9.323209,6865,-378,34,77
31.299171,0.008153,-0.125619,-1.522357,-0.000020,-0.598382,-0.337180,0.001409,2.184457,-0.093610,0.158814,-0.000095,-0.000257,10.000000,-99.000000,32.000000,-0.201624,-0.000027,0.000000,0.000000,0.000000,-0.042585,1068.000000,0.000000,0.000000,0.000000,0.000000,31.298197,-268.656830,-208.306137,-2673.204590,-1395.192871,-0.000310,4.904635,9.323209,6865,-352,34,78
31.301126,0.008153,-0.126810,-1.523032,-0.000017,-0.594004,-0.337365,0.001394,2.191065,-0.092337,0.159813,-0.000093,-0.000257,10.000000,-99.000000,32.000000,-0.201624,-0.000027,0.000000,0.000000,0.000000,-0.042585,1068.000000,0.000000,0.000000,0.000000,0.000000,31.300148,-268.656830,-208.306137,-2673.204590,-1395.192871,-0.000049,4.905456,9.323209,6866,-326,33,79
31.303080,0.008153,-0.127993,-1.523708,-0.000014,-0.589613,-0.337548,0.001377,2.196916,-0.091226,0.160740,-0.000091,-0.000256,10.000000,-99.000000,32.000000,-0.201624,-0.000027,0.000000,0.000000,0.000000,-0.042585,1068.000000,0.000000,0.000000,0.000000,0.000000,31.302105,-268.656830,-208.306137,-2673.204590,-1395.192871,0.000212,4.906275,9.323209,6866,-300,33,79
31.305035,0.008153,-0.129167,-1.524384,-0.000011,-0.585211,-0.337729,0.001358,2.202032,-0.090199,0.161597,-0.000090,-0.000255,10.000000,-99.000000,32.000000,-0.201624,-0.000027,0.000000,0.000000,0.000000,-0.042585,1068.000000,0.000000,0.000000,0.000000,0.000000,31.304056,-268.656830,-208.306137,-2673.204590,-1395.192871,0.000467,4.907076,9.323209,6866,-276,33,79
31.306988,0.008153,-0.130332,-1.525060,-0.000009,-0.580800,-0.337908,0.001337,2.206437,-0.089222,0.162389,-0.000088,-0.000253,10.000000,-99.000000,32.000000,-0.201624,-0.000027,0.000000,0.000000,0.000000,-0.042585,1068.000000,0.000000,0.000000,0.000000,0.000000,31.306011,-268.656830,-208.306137,-2673.204590,-1395.192871,0.000710,4.907840,9.323209,6866,-252,33,80
31.308943,0.008153,-0.131488,-1.525737,-0.000006,-0.576382,-0.338085,0.001314,2.210164,-0.088295,0.163117,-0.000086,-0.000250,10.000000,-99.000000,32.000000,-0.201624,-0.000027,0.000000,0.000000,0.000000,-0.042585,1068.000000,0.000000,0.000000,0.000000,0.000000,31.307964,-268.656830,-208.306137,-2673.204590,-1395.192871,0.000950,4.908594,9.323209,6867,-228,33,80
31.310896,0.008153,-0.132635,-1.526414,-0.000003,-0.571957,-0.338261,0.001289,2.213265,-0.087526,0.163784,-0.000084,-0.000247,10.000000,-99.000000,32.000000,-0.201624,-0.000027,0.000000,0.000000,0.000000,-0.042585,1068.000000,0.000000,0.000000,0.000000,0.000000,31.309919,-268.656830,-208.306137,-2673.204590,-1395.192871,0.001188,4.909340,9.323209,6867,-206,33,79
31.312851,0.008153,-0.133774,-1.527091,-0.000001,-0.567526,-0.338435,0.001263,2.215760,-0.086833,0.164395,-0.000082,-0.000244,10.000000,-99.000000,32.000000,-0.201624,-0.000027,0.000000,0.000000,0.000000,-0.042585,1068.000000,0.000000,0.000000,0.000000,0.000000,31.311872,-268.656830,-208.306137,-2673.204590,-1395.192871,0.001411,4.910039,9.323209,6867,-184,33,79
31.314804,0.008153,-0.134903,-1.527769,0.000002,-0.563092,-0.338607,0.001234,2.217673,-0.086181,0.164951,-0.000080,-0.000240,10.000000,-99.000000,32.000000,-0.201624,-0.000027,0.000000,0.000000,0.000000,-0.042585,1068.000000,0.000000,0.000000,0.000000,0.000000,31.313828,-268.656830,-208.306137,-2673.204590,-1395.192871,0.001620,4.910697,9.323209,6867,-163,32,79
31.316757,0.008153,-0.136024,-1.528447,0.000004,-0.558654,-0.338779,0.001205,2.219037,-0.085571,0.165456,-0.000078,-0.000236,10.000000,-99.000000,32.000000,-0.201624,-0.000027,0.000000,0.000000,0.000000,-0.042585,1068.000000,0.000000,0.000000,0.000000,0.000000,31.315781,-268.656830,-208.306137,-2673.204590,-1395.192871,0.001826,4.911342,9.323209,6867,-143,32,78
31.318712,0.008153,-0.137136,-1.529126,0.000006,-0.554215,-0.338949,0.001174,2.219886,-0.085002,0.165912,-0.000075,-0.000232,10.000000,-99.000000,32.000000,-0.201624,-0.000027,0.000000,0.000000,0.000000,-0.042585,1068.000000,0.000000,0.000000,0.000000,0.000000,31.317736,-268.656830,-208.306137,-2673.204590,-1395.192871,0.002020,4.911953,9.323209,6868,-124,32,78
31.320665,0.008153,-0.138238,-1.529805,0.000009,-0.549775,-0.339118,0.001141,2.220265,-0.084579,0.166323,-0.000073,-0.000227,10.000000,-99.000000,32.000000,-0.201624,-0.000027,0.000000,0.000000,0.000000,-0.042585,1068.000000,0.000000,0.000000,0.000000,0.000000,31.319689,-268.656830,-208.306137,-2673.204590,-1395.192871,0.002206,4.912536,9.323209,6868,-106,32,77
31.322620,0.008153,-0.139332,-1.530484,0.000011,-0.545334,-0.339287,0.001107,2.220194,-0.084218,0.166692,-0.000071,-0.000221,10.000000,-99.000000,32.000000,-0.201624,-0.000027,0.000000,0.000000,0.000000,-0.042585,1068.000000,0.000000,0.000000,0.000000,0.000000,31.321644,-268.656830,-208.306137,-2673.204590,-1395.192871,0.002383,4.913093,9.323209,6868,-89,32,76
31.324574,0.008153,-0.140418,-1.531163,0.000013,-0.540894,-0.339455,0.001073,2.219696,-0.083886,0.167020,-0.000068,-0.000216,10.000000,-99.000000,32.000000,-0.201624,-0.000027,0.000000,0.000000,0.000000,-0.042585,1068.000000,0.000000,0.000000,0.000000,0.000000,31.323595,-268.656830,-208.306137,-2673.204590,-1395.192871,0.002547,4.913606,9.323209,6868,-72,32,75
31.326529,0.008153,-0.141494,-1.531843,0.000015,-0.536456,-0.339622,0.001037,2.218801,-0.083579,0.167312,-0.000066,-0.000210,10.000000,-99.000000,32.000000,-0.201624,-0.000027,0.000000,0.000000,0.000000,-0.042585,1068.000000,0.000000,0.000000,0.000000,0.000000,31.325552,-268.656830,-208.306137,-2673.204590,-1395.192871,0.002698,4.914080,9.323209,6868,-57,32,74
31.328482,0.008153,-0.142561,-1.532523,0.000017,-0.532021,-0.339789,0.001000,2.217536,-0.083298,0.167569,-0.000063,-0.000204,10.000000,-99.000000,32.000000,-0.201624,-0.000027,0.000000,0.000000,0.000000,-0.042585,1068.000000,0.000000,0.000000,0.000000,0.000000,31.327503,-268.656830,-208.306137,-2673.204590,-1395.192871,0.002837,4.914519,9.323209,6868,-43,32,73
31.330437,0.008153,-0.143620,-1.533204,0.000019,-0.527588,-0.339955,0.000963,2.215931,-0.083041,0.167794,-0.000061,-0.000197,10.000000,-99.000000,32.000000,-0.201624,-0.000027,0.000000,0.000000,0.000000,-0.042585,1068.000000,0.000000,0.000000,0.000000,0.000000,31.329460,-268.656830,-208.306137,-2673.204590,-1395.192871,0.002967,4.914927,9.323209,6868,-29,31,72
31.332390,0.008154,-0.144669,-1.533885,0.000021,-0.523159,-0.340121,0.000925,2.214012,-0.082809,0.167990,-0.000059,-0.000190,10.000000,-99.000000,32.000000,-0.201624,-0.000027,0.000000,0.000000,0.000000,-0.042585,1068.000000,0.000000,0.000000,0.000000,0.000000,31.331411,-268.656830,-208.306137,-2673.204590,-1395.192871,0.003089,4.915308,9.323209,6869,-16,31,71
31.334345,0.008154,-0.145710,-1.534566,0.000023,-0.518734,-0.340286,0.000886,2.211823,-0.082704,0.168158,-0.000056,-0.000183,10.000000,-99.000000,32.000000,-0.201624,-0.000027,0.000000,0.000000,0.000000,-0.042585,1068.000000,0.000000,0.000000,0.000000,0.000000,31.333368,-268.656830,-208.306137,-2673.204590,-1395.192871,0.003202,4.915662,9.323209,6869,-4,31,70
31.336298,0.008154,-0.146742,-1.535247,0.000025,-0.514314,-0.340452,0.000847,2.209375,-0.082643,0.168303,-0.000053,-0.000176,10.000000,-99.000000,32.000000,-0.201624,-0.000027,0.000000,0.000000,0.000000,-0.042585,1068.000000,0.000000,0.000000,0.000000,0.000000,31.335320,-268.656830,-208.306137,-2673.204590,-1395.192871,0.003307,4.915994,9.323209,6869,5,31,68
31.338251,0.008154,-0.147765,-1.535929,0.000026,-0.509899,-0.340617,0.000807,2.206690,-0.082588,0.168424,-0.000051,-0.000169,10.000000,-103.000000,17.000000,-0.201624,-0.000027,0.000000,0.000000,0.000000,-0.042585,1048.000000,0.000000,0.000000,0.000000,0.000000,31.337276,-268.656830,-208.306137,-2673.204590,-1395.192871,0.003399,4.916283,9.323209,6869,15,31,67
31.340206,0.008154,-0.148779,-1.536611,0.000028,-0.505490,-0.340782,0.000768,2.203786,-0.082540,0.168526,-0.000048,-0.000161,10.000000,-103.000000,17.000000,-0.190801,0.000007,0.000000,0.000000,0.067000,-0.141745,1048.000000,0.000000,0.000000,0.000000,0.000000,31.339228,-582.089539,-464.821045,-4678.100098,-2427.680176,0.003479,10.957459,9.303209,9368,25,31,65
31.342159,0.008154,-0.149784,-1.537294,0.000029,-0.501028,-0.341296,0.000747,2.245099,-0.343314,0.168610,-0.000046,-0.000154,10.000000,-103.000000,17.000000,-0.190801,0.000007,0.000000,0.000000,0.000000,-0.141745,1048.000000,0.000000,0.000000,0.000000,0.000000,31.341185,-582.089539,-464.821045,-4678.100098,-2427.680176,0.003459,10.957397,9.303209,9368,33,31,64
31.344114,0.008154,-0.150780,-1.537979,0.000031,-0.496460,-0.342467,0.000730,2.296354,-0.663415,0.168677,-0.000044,-0.000147,10.000000,-103.000000,17.000000,-0.190801,0.000007,0.000000,0.000000,0.000000,-0.141745,1048.000000,0.000000,0.000000,0.000000,0.000000,31.343136,-582.089539,-464.821045,-4678.100098,-2427.680176,0.003360,10.957088,9.303209,9368,40,31,62
31.346067,0.008154,-0.151767,-1.538667,0.000032,-0.491798,-0.344232,0.000710,2.342311,-0.953083,0.168731,-0.000041,-0.000140,10.000000,-103.000000,17.000000,-0.190801,0.000007,0.000000,0.000000,0.000000,-0.141745,1048.000000,0.000000,0.000000,0.000000,0.000000,31.345093,-582.089539,-464.821045,-4678.100098,-2427.680176,0.003275,10.956820,9.303209,9367,47,31,61
31.348022,0.008154,-0.152745,-1.539360,0.000034,-0.487051,-0.346534,0.000689,2.383435,-1.215050,0.168772,-0.000039,-0.000133,10.000000,-103.000000,17.000000,-0.190801,0.000007,0.000000,0.000000,0.000000,-0.141745,1048.000000,0.000000,0.000000,0.000000,0.000000,31.347044,-582.089539,-464.821045,-4678.100098,-2427.680176,0.003201,10.956587,9.303209,9367,53,31,60
31.349976,0.008154,-0.153713,-1.540058,0.000035,-0.482228,-0.349323,0.000670,2.420186,-1.451965,0.168802,-0.000038,-0.000126,10.000000,-103.000000,17.000000,-0.190801,0.000007,0.000000,0.000000,0.000000,-0.141745,1048.000000,0.000000,0.000000,0.000000,0.000000,31.349001,-582.089539,-464.821045,-4678.100098,-2427.680176,0.003142,10.956402,9.303209,9367,58,31,58
31.351931,0.008154,-0.154671,-1.540762,0.000036,-0.477338,-0.352551,0.000652,2.452977,-1.666196,0.168824,-0.000037,-0.000120,10.000000,-103.000000,17.000000,-0.190801,0.000007,0.000000,0.000000,0.000000,-0.141745,1048.000000,0.000000,0.000000,0.000000,0.000000,31.350952,-582.089539,-464.821045,-4678.100098,-2427.680176,0.003089,10.956236,9.303209,9367,63,32,57
31.353884,0.008154,-0.155619,-1.541473,0.000037,-0.472388,-0.356176,0.000639,2.482176,-1.859852,0.168838,-0.000036,-0.000114,10.000000,-103.000000,17.000000,-0.190801,0.000007,0.000000,0.000000,0.000000,-0.141745,1048.000000,0.000000,0.000000,0.000000,0.000000,31.352907,-582.089539,-464.821045,-4678.100098,-2427.680176,0.003041,10.956085,9.303209,9367,66,32,56
31.355839,0.008154,-0.156557,-1.542192,0.000039,-0.467384,-0.360161,0.000630,2.508125,-2.034852,0.168846,-0.000036,-0.000108,10.000000,-103.000000,17.000000,-0.190801,0.000007,0.000000,0.000000,0.000000,-0.141745,1048.000000,0.000000,0.000000,0.000000,0.000000,31.354860,-582.089539,-464.821045,-4678.100098,-2427.680176,0.003003,10.955966,9.303209,9367,70,32,55
31.357792,0.008154,-0.157485,-1.542920,0.000040,-0.462333,-0.364469,0.000627,2.531132,-2.192929,0.168849,-0.000036,-0.000102,10.000000,-103.000000,17.000000,-0.190801,0.000007,0.000000,0.000000,0.000000,-0.141745,1048.000000,0.000000,0.000000,0.000000,0.000000,31.356815,-582.089539,-464.821045,-4678.100098,-2427.680176,0.002973,10.955873,9.303209,9367,72,33,53
31.359747,0.008154,-0.158403,-1.543656,0.000041,-0.457240,-0.369071,0.000632,2.551482,-2.335659,0.168849,-0.000038,-0.000096,10.000000,-103.000000,17.000000,-0.190801,0.000007,0.000000,0.000000,0.000000,-0.141745,1048.000000,0.000000,0.000000,0.000000,0.000000,31.358768,-582.089539,-464.821045,-4678.100098,-2427.680176,0.002945,10.955783,9.303209,9367,74,33,52
31.361700,0.008155,-0.159311,-1.544402,0.000043,-0.452110,-0.373937,0.000644,2.569428,-2.464471,0.168846,-0.000039,-0.000090,10.000000,-103.000000,17.000000,-0.190801,0.000007,0.000000,0.000000,0.000000,-0.141745,1048.000000,0.000000,0.000000,0.000000,0.000000,31.360723,-582.089539,-464.821045,-4678.100098,-2427.680176,0.002916,10.955693,9.303209,9367,75,34,51
31.363653,0.008155,-0.160208,-1.545159,0.000044,-0.446947,-0.379042,0.000665,2.585207,-2.580656,0.168842,-0.000042,-0.000085,10.000000,-103.000000,17.000000,-0.190801,0.000007,0.000000,0.000000,0.000000,-0.141745,1048.000000,0.000000,0.000000,0.000000,0.000000,31.362677,-582.089539,-464.821045,-4678.100098,-2427.680176,0.002894,10.955623,9.303209,9367,76,35,50
31.365608,0.008155,-0.161095,-1.545925,0.000045,-0.441756,-0.384362,0.000694,2.599031,-2.685392,0.168838,-0.000045,-0.000079,10.000000,-103.000000,17.000000,-0.190801,0.000007,0.000000,0.000000,0.000000,-0.141745,1048.000000,0.000000,0.000000,0.000000,0.000000,31.364632,-582.089539,-464.821045,-4678.100098,-2427.680176,0.002876,10.955567,9.303209,9367,76,35,49
31.367561,0.008155,-0.161972,-1.546703,0.000047,-0.436540,-0.389875,0.000733,2.611094,-2.779742,0.168835,-0.000049,-0.000074,10.000000,-103.000000,17.000000,-0.190801,0.000007,0.000000,0.000000,0.000000,-0.141745,1048.000000,0.000000,0.000000,0.000000,0.000000,31.366585,-582.089539,-464.821045,-4678.100098,-2427.680176,0.002862,10.955523,9.303209,9367,76,36,48
31.369516,0.008155,-0.162838,-1.547492,0.000048,-0.431301,-0.395563,0.000782,2.621574,-2.864672,0.168833,-0.000054,-0.000069,10.000000,-103.000000,17.000000,-0.190801,0.000007,0.000000,0.000000,0.000000,-0.141745,1048.000000,0.000000,0.000000,0.000000,0.000000,31.368540,-582.089539,-464.821045,-4678.100098,-2427.680176,0.002852,10.955491,9.303209,9367,75,37,47
31.371469,0.008155,-0.163694,-1.548293,0.000050,-0.426045,-0.401408,0.000840,2.630630,-2.941058,0.168834,-0.000059,-0.000065,10.000000,-103.000000,17.000000,-0.190801,0.000007,0.000000,0.000000,0.000000,-0.141745,1048.000000,0.000000,0.000000,0.000000,0.000000,31.370493,-582.089539,-464.821045,-4678.100098,-2427.680176,0.002844,10.955466,9.303209,9367,74,37,46
31.373425,0.008155,-0.164539,-1.549106,0.000052,-0.420771,-0.407394,0.000908,2.638407,-3.009693,0.168837,-0.000065,-0.000060,10.000000,-103.000000,17.000000,-0.190801,0.000007,0.000000,0.000000,0.000000,-0.141745,1048.000000,0.000000,0.000000,0.000000,0.000000,31.372448,-582.089539,-464.821045,-4678.100098,-2427.680176,0.002838,10.955447,9.303209,9367,73,38,45
31.375378,0.008155,-0.165373,-1.549930,0.000054,-0.415485,-0.413507,0.000985,2.645038,-3.071299,0.168844,-0.000072,-0.000055,10.000000,-103.000000,17.000000,-0.190801,0.000007,0.000000,0.000000,0.000000,-0.141745,1048.000000,0.000000,0.000000,0.000000,0.000000,31.374399,-582.089539,-464.821045,-4678.100098,-2427.680176,0.002833,10.955433,9.303209,9367,71,39,44
31.377333,0.008155,-0.166197,-1.550767,0.000056,-0.410186,-0.419733,0.001072,2.650641,-3.126528,0.168855,-0.000079,-0.000051,10.000000,-103.000000,17.000000,-0.190801,0.000007,0.000000,0.000000,0.000000,-0.141745,1048.000000,0.000000,0.000000,0.000000,0.000000,31.376356,-582.089539,-464.821045,-4678.100098,-2427.680176,0.002830,10.955420,9.303209,9367,69,40,42
31.379286,0.008155,-0.167010,-1.551617,0.000058,-0.404878,-0.426061,0.001167,2.655326,-3.175972,0.168871,-0.000087,-0.000046,10.000000,-103.000000,17.000000,-0.190801,0.000007,0.000000,0.000000,0.000000,-0.141745,1048.000000,0.000000,0.000000,0.000000,0.000000,31.378307,-582.089539,-464.821045,-4678.100098,-2427.680176,0.002820,10.955391,9.303209,9367,67,41,41
31.381241,0.008156,-0.167813,-1.552480,0.000060,-0.399561,-0.432480,0.001272,2.659188,-3.220170,0.168891,-0.000096,-0.000042,10.000000,-103.000000,17.000000,-0.190801,0.000007,0.000000,0.000000,0.000000,-0.141745,1048.000000,0.000000,0.000000,0.000000,0.000000,31.380264,-582.089539,-464.821045,-4678.100098,-2427.680176,0.002805,10.955344,9.303209,9367,64,41,40
31.383194,0.008156,-0.168605,-1.553355,0.000063,-0.394238,-0.438980,0.001385,2.662316,-3.259611,0.168916,-0.000105,-0.000038,10.000000,-103.000000,17.000000,-0.190801,0.000007,0.000000,0.000000,0.000000,-0.141745,1048.000000,0.000000,0.000000,0.000000,0.000000,31.382215,-582.089539,-464.821045,-4678.100098,-2427.680176,0.002791,10.955298,9.303209,9367,61,42,39
31.385147,0.008156,-0.169386,-1.554244,0.000066,-0.388909,-0.445552,0.001506,2.664791,-3.294735,0.168947,-0.000115,-0.000034,10.000000,-103.000000,17.000000,-0.190801,0.000007,0.000000,0.000000,0.000000,-0.141745,1048.000000,0.000000,0.000000,0.000000,0.000000,31.384172,-582.089539,-464.821045,-4678.100098,-2427.680176,0.002776,10.955254,9.303209,9367,58,43,38
31.387102,0.008156,-0.170156,-1.555146,0.000069,-0.383577,-0.452189,0.001634,2.666684,-3.325943,0.168984,-0.000125,-0.000030,10.000000,-103.000000,17.000000,-0.190801,0.000007,0.000000,0.000000,0.000000,-0.141745,1048.000000,0.000000,0.000000,0.000000,0.000000,31.386124,-582.089539,-464.821045,-4678.100098,-2427.680176,0.002761,10.955207,9.303209,9367,54,44,37
31.389055,0.008156,-0.170916,-1.556061,0.000073,-0.378241,-0.458883,0.001768,2.668060,-3.353599,0.169026,-0.000136,-0.000027,10.000000,-103.000000,17.000000,-0.190801,0.000007,0.000000,0.000000,0.000000,-0.141745,1048.000000,0.000000,0.000000,0.000000,0.000000,31.388081,-582.089539,-464.821045,-4678.100098,-2427.680176,0.002746,10.955158,9.303209,9367,51,45,35
31.391010,0.008156,-0.171666,-1.556990,0.000076,-0.372904,-0.465627,0.001908,2.668977,-3.378033,0.169074,-0.000147,-0.000023,10.000000,-103.000000,17.000000,-0.190801,0.000007,0.000000,0.000000,0.000000,-0.141745,1048.000000,0.000000,0.000000,0.000000,0.000000,31.390032,-582.089539,-464.821045,-4678.100098,-2427.680176,0.002723,10.955087,9.303209,9367,47,45,34
31.392963,0.008156,-0.172404,-1.557933,0.000081,-0.367565,-0.472416,0.002053,2.669485,-3.399546,0.169128,-0.000158,-0.000019,10.000000,-103.000000,17.000000,-0.190801,0.000007,0.000000,0.000000,0.000000,-0.141745,1048.000000,0.000000,0.000000,0.000000,0.000000,31.391989,-582.089539,-464.821045,-4678.100098,-2427.680176,0.002694,10.954995,9.303209,9367,44,46,33
31.394918,0.008157,-0.173132,-1.558889,0.000085,-0.362226,-0.479244,0.002203,2.669632,-3.418408,0.169188,-0.000170,-0.000016,10.000000,-103.000000,17.000000,-0.190801,0.000007,0.000000,0.000000,0.000000,-0.141745,1048.000000,0.000000,0.000000,0.000000,0.000000,31.393940,-582.089539,-464.821045,-4678.100098,-2427.680176,0.002664,10.954900,9.303209,9366,40,47,32
31.396872,0.008157,-0.173849,-1.559858,0.000089,-0.356887,-0.486105,0.002356,2.669442,-3.434763,0.169253,-0.000182,-0.000013,10.000000,-103.000000,17.000000,-0.190801,0.000007,0.000000,0.000000,0.000000,-0.141745,1048.000000,0.000000,0.000000,0.000000,0.000000,31.395897,-582.089539,-464.821045,-4678.100098,-2427.680176,0.002633,10.954803,9.303209,9366,36,47,30
31.398827,0.008157,-0.174556,-1.560842,0.000094,-0.351549,-0.492996,0.002513,2.668967,-3.448914,0.169325,-0.000194,-0.000010,10.000000,-103.000000,17.000000,-0.190801,0.000007,0.000000,0.000000,0.000000,-0.141745,1048.000000,0.000000,0.000000,0.000000,0.000000,31.397848,-582.089539,-464.821045,-4678.100098,-2427.680176,0.002594,10.954681,9.303209,9366,32,48,29
31.400780,0.008157,-0.175251,-1.561839,0.000100,-0.346212,-0.499913,0.002671,2.668243,-3.461100,0.169402,-0.000206,-0.000006,10.000000,-103.000000,17.000000,-0.190801,0.000007,0.000000,0.000000,0.000000,-0.141745,1048.000000,0.000000,0.000000,0.000000,0.000000,31.399803,-582.089539,-464.821045,-4678.100098,-2427.680176,0.002548,10.954538,9.303209,9366,28,49,28
31.402735,0.008157,-0.175937,-1.562850,0.000105,-0.340877,-0.506851,0.002830,2.667300,-3.471504,0.169484,-0.000218,-0.000004,10.000000,-103.000000,17.000000,-0.190801,0.000007,0.000000,0.000000,0.000000,-0.141745,1048.000000,0.000000,0.000000,0.000000,0.000000,31.401756,-582.089539,-464.821045,-4678.100098,-2427.680176,0.002502,10.954391,9.303209,9366,24,49,27
31.404688,0.008158,-0.176611,-1.563876,0.000111,-0.335544,-0.513807,0.002991,2.666166,-3.480294,0.169572,-0.000231,-0.000001,10.000000,-103.000000,17.000000,-0.190801,0.000007,0.000000,0.000000,0.000000,-0.141745,1048.000000,0.000000,0.000000,0.000000,0.000000,31.403711,-582.089539,-464.821045,-4678.100098,-2427.680176,0.002454,10.954241,9.303209,9366,20,50,25
31.406643,0.008158,-0.177275,-1.564915,0.000117,-0.330213,-0.520779,0.003150,2.664862,-3.487618,0.169665,-0.000243,0.000002,10.000000,-103.000000,17.000000,-0.190801,0.000007,0.000000,0.000000,0.000000,-0.141745,1048.000000,0.000000,0.000000,0.000000,0.000000,31.405664,-582.089539,-464.821045,-4678.100098,-2427.680176,0.002398,10.954065,9.303209,9366,17,50,24
31.408596,0.008158,-0.177928,-1.565968,0.000124,-0.324886,-0.527763,0.003309,2.663407,-3.493615,0.169763,-0.000255,0.000005,10.000000,-103.000000,17.000000,-0.190801,0.000007,0.000000,0.000000,0.000000,-0.141745,1048.000000,0.000000,0.000000,0.000000,0.000000,31.407619,-582.089539,-464.821045,-4678.100098,-2427.680176,0.002335,10.953868,9.303209,9366,13,50,23
31.410549,0.008158,-0.178570,-1.567035,0.000131,-0.319561,-0.534758,0.003466,2.661819,-3.498409,0.169865,-0.000267,0.000007,10.000000,-103.000000,17.000000,-0.190801,0.000007,0.000000,0.000000,0.000000,-0.141745,1048.000000,0.000000,0.000000,0.000000,0.000000,31.409573,-582.089539,-464.821045,-4678.100098,-2427.680176,0.002271,10.953667,9.303209,9366,9,51,22
31.412504,0.008159,-0.179202,-1.568116,0.000138,-0.314240,-0.541760,0.003621,2.660113,-3.502111,0.169972,-0.000279,0.000010,10.000000,-103.000000,17.000000,-0.190801,0.000007,0.000000,0.000000,0.000000,-0.141745,1048.000000,0.000000,0.000000,0.000000,0.000000,31.411528,-582.089539,-464.821045,-4678.100098,-2427.680176,0.002205,10.953461,9.303209,9366,6,51,21
31.414457,0.008159,-0.179823,-1.569211,0.000145,-0.308923,-0.548769,0.003772,2.658303,-3.504825,0.170082,-0.000290,0.000012,10.000000,-103.000000,17.000000,-0.190801,0.000007,0.000000,0.000000,0.000000,-0.141745,1048.000000,0.000000,0.000000,0.000000,0.000000,31.413481,-582.089539,-464.821045,-4678.100098,-2427.680176,0.002138,10.953249,9.303209,9366,2,51,19
31.416412,0.008159,-0.180434,-1.570320,0.000153,-0.303609,-0.555781,0.003920,2.656401,-3.506644,0.170196,-0.000302,0.000014,10.000000,-107.000000,4.000000,-0.190801,0.000007,0.000000,0.000000,0.000000,-0.141745,1034.000000,0.000000,0.000000,0.000000,0.000000,31.415436,-582.089539,-464.821045,-4678.100098,-2427.680176,0.002062,10.953012,9.303209,9366,0,52,18
31.418365,0.008159,-0.181033,-1.571444,0.000161,-0.298299,-0.562796,0.004062,2.654413,-3.507651,0.170314,-0.000313,0.000016,10.000000,-107.000000,4.000000,-0.174625,0.000038,0.000000,0.000000,0.067000,-0.100704,1034.000000,0.000000,0.000000,0.000000,0.000000,31.417389,-194.029861,-342.675873,5791.936035,-122.106201,0.001980,8.076233,9.313060,8034,-4,52,17
31.420321,0.008160,-0.181623,-1.572581,0.000170,-0.293025,-0.569626,0.004156,2.628438,-3.368948,0.170434,-0.000323,0.000018,10.000000,-107.000000,4.000000,-0.174625,0.000038,0.000000,0.000000,0.000000,-0.100704,1034.000000,0.000000,0.000000,0.000000,0.000000,31.419344,-194.029861,-342.675873,5791.936035,-122.106201,0.001908,8.076008,9.313060,8034,-7,52,16
31.422274,0.008160,-0.182202,-1.573731,0.000178,-0.287816,-0.576105,0.004231,2.596920,-3.197974,0.170557,-0.000333,0.000020,10.000000,-107.000000,4.000000,-0.174625,0.000038,0.000000,0.000000,0.000000,-0.100704,1034.000000,0.000000,0.000000,0.000000,0.000000,31.421295,-194.029861,-342.675873,5791.936035,-122.106201,0.001844,8.075808,9.313060,8033,-10,52,15
31.424229,0.008161,-0.182770,-1.574893,0.000187,-0.282666,-0.582266,0.004300,2.568073,-3.042515,0.170683,-0.000343,0.000022,10.000000,-107.000000,4.000000,-0.174625,0.000038,0.000000,0.000000,0.000000,-0.100704,1034.000000,0.000000,0.000000,0.000000,0.000000,31.423252,-194.029861,-342.675873,5791.936035,-122.106201,0.001775,8.075590,9.313060,8033,-13,52,14
31.426182,0.008161,-0.183328,-1.576068,0.000195,-0.277570,-0.588137,0.004363,2.541660,-2.901199,0.170810,-0.000351,0.000024,10.000000,-107.000000,4.000000,-0.174625,0.000038,0.000000,0.000000,0.000000,-0.100704,1034.000000,0.000000,0.000000,0.000000,0.000000,31.425203,-194.029861,-342.675873,5791.936035,-122.106201,0.001700,8.075356,9.313060,8033,-16,52,13
31.428137,0.008161,-0.183876,-1.577254,0.000204,-0.272523,-0.593746,0.004419,2.517459,-2.772745,0.170939,-0.000359,0.000026,10.000000,-107.000000,4.000000,-0.174625,0.000038,0.000000,0.000000,0.000000,-0.100704,1034.000000,0.000000,0.000000,0.000000,0.000000,31.427160,-194.029861,-342.675873,5791.936035,-122.106201,0.001621,8.075107,9.313060,8033,-18,52,12
31.430090,0.008162,-0.184414,-1.578451,0.000213,-0.267522,-0.599114,0.004468,2.495263,-2.655957,0.171070,-0.000367,0.000028,10.000000,-107.000000,4.000000,-0.174625,0.000038,0.000000,0.000000,0.000000,-0.100704,1034.000000,0.000000,0.000000,0.000000,0.000000,31.429111,-194.029861,-342.675873,5791.936035,-122.106201,0.001536,8.074841,9.313060,8033,-21,52,11
31.432043,0.008162,-0.184943,-1.579658,0.000222,-0.262562,-0.604266,0.004508,2.474885,-2.549750,0.171201,-0.000373,0.000030,10.000000,-107.000000,4.000000,-0.174625,0.000038,0.000000,0.000000,0.000000,-0.100704,1034.000000,0.000000,0.000000,0.000000,0.000000,31.431068,-194.029861,-342.675873,5791.936035,-122.106201,0.001447,8.074560,9.313060,8033,-23,51,10
31.433998,0.008163,-0.185461,-1.580875,0.000231,-0.257640,-0.609219,0.004539,2.456154,-2.453140,0.171333,-0.000379,0.000031,10.000000,-107.000000,4.000000,-0.174625,0.000038,0.000000,0.000000,0.000000,-0.100704,1034.000000,0.000000,0.000000,0.000000,0.000000,31.433020,-194.029861,-342.675873,5791.936035,-122.106201,0.001353,8.074265,9.313060,8033,-25,51,9
31.435951,0.008163,-0.185969,-1.582102,0.000240,-0.252754,-0.613993,0.004560,2.438914,-2.365235,0.171465,-0.000383,0.000033,10.000000,-107.000000,4.000000,-0.174625,0.000038,0.000000,0.000000,0.000000,-0.100704,1034.000000,0.000000,0.000000,0.000000,0.000000,31.434977,-194.029861,-342.675873,5791.936035,-122.106201,0.001254,8.073956,9.313060,8033,-27,50,8
31.437906,0.008164,-0.186468,-1.583338,0.000249,-0.247900,-0.618602,0.004572,2.423024,-2.285226,0.171597,-0.000387,0.000035,10.000000,-107.000000,4.000000,-0.174625,0.000038,0.000000,0.000000,0.000000,-0.100704,1034.000000,0.000000,0.000000,0.000000,0.000000,31.436928,-194.029861,-342.675873,5791.936035,-122.106201,0.001151,8.073632,9.313060,8033,-29,50,7
31.439859,0.008164,-0.186957,-1.584583,0.000258,-0.243076,-0.623062,0.004573,2.408357,-2.212380,0.171729,-0.000390,0.000036,10.000000,-107.000000,4.000000,-0.174625,0.000038,0.000000,0.000000,0.000000,-0.100704,1034.000000,0.000000,0.000000,0.000000,0.000000,31.438885,-194.029861,-342.675873,5791.936035,-122.106201,0.001044,8.073297,9.313060,8032,-31,49,6
31.441814,0.008165,-0.187436,-1.585837,0.000268,-0.238280,-0.627387,0.004564,2.394778,-2.145926,0.171860,-0.000391,0.000038,10.000000,-107.000000,4.000000,-0.174625,0.000038,0.000000,0.000000,0.000000,-0.100704,1034.000000,0.000000,0.000000,0.000000,0.000000,31.440836,-194.029861,-342.675873,5791.936035,-122.106201,0.000933,8.072947,9.313060,8032,-32,49,6
31.443768,0.008165,-0.187906,-1.587099,0.000277,-0.233510,-0.631587,0.004543,2.382192,-2.085342,0.171990,-0.000392,0.000039,10.000000,-107.000000,4.000000,-0.174625,0.000038,0.000000,0.000000,0.000000,-0.100704,1034.000000,0.000000,0.000000,0.000000,0.000000,31.442793,-194.029861,-342.675873,5791.936035,-122.106201,0.000824,8.072605,9.313060,8032,-33,48,5
31.445723,0.008166,-0.188367,-1.588370,0.000286,-0.228763,-0.635674,0.004513,2.370514,-2.030117,0.172119,-0.000391,0.000041,10.000000,-107.000000,4.000000,-0.174625,0.000038,0.000000,0.000000,0.000000,-0.100704,1034.000000,0.000000,0.000000,0.000000,0.000000,31.444744,-194.029861,-342.675873,5791.936035,-122.106201,0.000717,8.072268,9.313060,8032,-35,48,4
31.447676,0.008166,-0.188818,-1.589648,0.000295,-0.224038,-0.639658,0.004471,2.359653,-1.979753,0.172247,-0.000390,0.000042,10.000000,-107.000000,4.000000,-0.174625,0.000038,0.000000,0.000000,0.000000,-0.100704,1034.000000,0.000000,0.000000,0.000000,0.000000,31.446699,-194.029861,-342.675873,5791.936035,-122.106201,0.000606,8.071918,9.313060,8032,-36,47,4
31.449631,0.008167,-0.189259,-1.590935,0.000303,-0.219334,-0.643548,0.004418,2.349530,-1.933798,0.172372,-0.000387,0.000044,10.000000,-107.000000,4.000000,-0.174625,0.000038,0.000000,0.000000,0.000000,-0.100704,1034.000000,0.000000,0.000000,0.000000,0.000000,31.448652,-194.029861,-342.675873,5791.936035,-122.106201,0.000496,8.071573,9.313060,8032,-36,46,3
31.451584,0.008168,-0.189691,-1.592229,0.000312,-0.214649,-0.647353,0.004354,2.340072,-1.891844,0.172496,-0.000384,0.000045,10.000000,-107.000000,4.000000,-0.174625,0.000038,0.000000,0.000000,0.000000,-0.100704,1034.000000,0.000000,0.000000,0.000000,0.000000,31.450607,-194.029861,-342.675873,5791.936035,-122.106201,0.000388,8.071234,9.313060,8032,-37,45,3
31.453539,0.008168,-0.190114,-1.593531,0.000321,-0.209983,-0.651078,0.004279,2.331213,-1.853519,0.172617,-0.000379,0.000046,10.000000,-107.000000,4.000000,-0.174625,0.000038,0.000000,0.000000,0.000000,-0.100704,1034.000000,0.000000,0.000000,0.000000,0.000000,31.452560,-194.029861,-342.675873,5791.936035,-122.106201,0.000281,8.070898,9.313060,8031,-38,44,3
31.455492,0.008169,-0.190527,-1.594840,0.000329,-0.205333,-0.654732,0.004194,2.322876,-1.818385,0.172736,-0.000373,0.000048,10.000000,-107.000000,4.000000,-0.174625,0.000038,0.000000,0.000000,0.000000,-0.100704,1034.000000,0.000000,0.000000,0.000000,0.000000,31.454515,-194.029861,-342.675873,5791.936035,-122.106201,0.000181,8.070586,9.313060,8031,-38,44,2
31.457445,0.008170,-0.190931,-1.596156,0.000338,-0.200699,-0.658321,0.004098,2.315021,-1.786215,0.172852,-0.000367,0.000049,10.000000,-107.000000,4.000000,-0.174625,0.000038,0.000000,0.000000,0.000000,-0.100704,1034.000000,0.000000,0.000000,0.000000,0.000000,31.456469,-194.029861,-342.675873,5791.936035,-122.106201,0.000082,8.070274,9.313060,8031,-38,43,2
31.459400,0.008170,-0.191326,-1.597479,0.000346,-0.196080,-0.661848,0.003992,2.307602,-1.756768,0.172965,-0.000359,0.000050,10.000000,-107.000000,4.000000,-0.174625,0.000038,0.000000,0.000000,0.000000,-0.100704,1034.000000,0.000000,0.000000,0.000000,0.000000,31.458424,-194.029861,-342.675873,5791.936035,-122.106201,-0.000016,8.069965,9.313060,8031,-38,42,2
31.461353,0.008171,-0.191712,-1.598809,0.000353,-0.191475,-0.665321,0.003876,2.300577,-1.729793,0.173075,-0.000351,0.000051,10.000000,-107.000000,4.000000,-0.174625,0.000038,0.000000,0.000000,0.000000,-0.100704,1034.000000,0.000000,0.000000,0.000000,0.000000,31.460377,-194.029861,-342.675873,5791.936035,-122.106201,-0.000109,8.069675,9.313060,8031,-38,41,2
31.463308,0.008172,-0.192088,-1.600146,0.000361,-0.186884,-0.668743,0.003751,2.293903,-1.705061,0.173182,-0.000341,0.000053,10.000000,-107.000000,4.000000,-0.174625,0.000038,0.000000,0.000000,0.000000,-0.100704,1034.000000,0.000000,0.000000,0.000000,0.000000,31.462332,-194.029861,-342.675873,5791.936035,-122.106201,-0.000195,8.069406,9.313060,8031,-38,40,1
31.465261,0.008172,-0.192456,-1.601490,0.000368,-0.182306,-0.672119,0.003617,2.287545,-1.682365,0.173285,-0.000331,0.000054,10.000000,-107.000000,4.000000,-0.174625,0.000038,0.000000,0.000000,0.000000,-0.100704,1034.000000,0.000000,0.000000,0.000000,0.000000,31.464285,-194.029861,-342.675873,5791.936035,-122.106201,-0.000282,8.069132,9.313060,8031,-38,40,1
31.467216,0.008173,-0.192814,-1.602841,0.000375,-0.177740,-0.675453,0.003475,2.281466,-1.661515,0.173385,-0.000320,0.000055,10.000000,-107.000000,4.000000,-0.174625,0.000038,0.000000,0.000000,0.000000,-0.100704,1034.000000,0.000000,0.000000,0.000000,0.000000,31.466240,-194.029861,-342.675873,5791.936035,-122.106201,-0.000370,8.068856,9.313060,8030,-38,39,1
31.469170,0.008174,-0.193163,-1.604198,0.000382,-0.173186,-0.678746,0.003325,2.275620,-1.642239,0.173481,-0.000309,0.000056,10.000000,-107.000000,4.000000,-0.174625,0.000038,0.000000,0.000000,0.000000,-0.100704,1034.000000,0.000000,0.000000,0.000000,0.000000,31.468191,-194.029861,-342.675873,5791.936035,-122.106201,-0.000452,8.068598,9.313060,8030,-37,38,1
31.471125,0.008175,-0.193503,-1.605562,0.000388,-0.168643,-0.682004,0.003167,2.269993,-1.624462,0.173574,-0.000296,0.000057,10.000000,-107.000000,4.000000,-0.174625,0.000038,0.000000,0.000000,0.000000,-0.100704,1034.000000,0.000000,0.000000,0.000000,0.000000,31.470148,-194.029861,-342.675873,5791.936035,-122.106201,-0.000529,8.068355,9.313060,8030,-37,37,1
31.473078,0.008175,-0.193833,-1.606932,0.000394,-0.164111,-0.685228,0.003002,2.264565,-1.608078,0.173663,-0.000283,0.000058,10.000000,-107.000000,4.000000,-0.174625,0.000038,0.000000,0.000000,0.000000,-0.100704,1034.000000,0.000000,0.000000,0.000000,0.000000,31.472099,-194.029861,-342.675873,5791.936035,-122.106201,-0.000602,8.068126,9.313060,8030,-36,36,1
31.475033,0.008176,-0.194155,-1.608309,0.000400,-0.159590,-0.688422,0.002831,2.259314,-1.592960,0.173748,-0.000270,0.000059,10.000000,-113.000000,-9.000000,-0.174625,0.000038,0.000000,0.000000,0.000000,-0.100704,964.000000,0.000000,0.000000,0.000000,0.000000,31.474056,-194.029861,-342.675873,5791.936035,-122.106201,-0.000671,8.067910,9.313060,8030,-35,36,2
31.476986,0.008177,-0.194468,-1.609692,0.000406,-0.155079,-0.691586,0.002655,2.254217,-1.578991,0.173829,-0.000256,0.000060,10.000000,-113.000000,-9.000000,-0.237099,0.000098,0.000000,0.000000,0.066000,-0.540467,964.000000,0.000000,0.000000,0.000000,0.000000,31.476007,-196.969696,-279.412292,-44.542950,54.241158,-0.000729,6.577870,9.276818,7411,-34,35,2
31.478939,0.008178,-0.194772,-1.611081,0.000411,-0.150593,-0.694638,0.002458,2.237923,-1.501521,0.173906,-0.000241,0.000061,10.000000,-113.000000,-9.000000,-0.237099,0.000098,0.000000,0.000000,0.000000,-0.540467,964.000000,0.000000,0.000000,0.000000,0.000000,31.477964,-196.969696,-279.412292,-44.542950,54.241158,-0.000777,6.577720,9.276818,7411,-33,34,2
31.480894,0.008179,-0.195066,-1.612476,0.000415,-0.146146,-0.697504,0.002255,2.219160,-1.410319,0.173979,-0.000226,0.000062,10.000000,-113.000000,-9.000000,-0.237099,0.000098,0.000000,0.000000,0.000000,-0.540467,964.000000,0.000000,0.000000,0.000000,0.000000,31.479916,-196.969696,-279.412292,-44.542950,54.241158,-0.000822,6.577579,9.276818,7411,-32,34,2
31.482847,0.008180,-0.195352,-1.613876,0.000419,-0.141734,-0.700199,0.002052,2.201815,-1.327509,0.174048,-0.000211,0.000063,10.000000,-113.000000,-9.000000,-0.237099,0.000098,0.000000,0.000000,0.000000,-0.540467,964.000000,0.000000,0.000000,0.000000,0.000000,31.481873,-196.969696,-279.412292,-44.542950,54.241158,-0.000864,6.577446,9.276818,7411,-31,33,2
31.484802,0.008180,-0.195630,-1.615282,0.000423,-0.137354,-0.702740,0.001849,2.185755,-1.252313,0.174113,-0.000195,0.000064,10.000000,-113.000000,-9.000000,-0.237099,0.000098,0.000000,0.000000,0.000000,-0.540467,964.000000,0.000000,0.000000,0.000000,0.000000,31.483824,-196.969696,-279.412292,-44.542950,54.241158,-0.000905,6.577318,9.276818,7411,-30,32,3
31.486755,0.008181,-0.195898,-1.616693,0.000427,-0.133005,-0.705142,0.001645,2.170855,-1.184022,0.174174,-0.000179,0.000065,10.000000,-113.000000,-9.000000,-0.237099,0.000098,0.000000,0.000000,0.000000,-0.540467,964.000000,0.000000,0.000000,0.000000,0.000000,31.485781,-196.969696,-279.412292,-44.542950,54.241158,-0.000938,6.577216,9.276818,7411,-29,32,3
31.488710,0.008182,-0.196158,-1.618108,0.000430,-0.128684,-0.707416,0.001441,2.157008,-1.121993,0.174231,-0.000162,0.000066,10.000000,-113.000000,-9.000000,-0.237099,0.000098,0.000000,0.000000,0.000000,-0.540467,964.000000,0.000000,0.000000,0.000000,0.000000,31.487732,-196.969696,-279.412292,-44.542950,54.241158,-0.000962,6.577138,9.276818,7411,-28,31,3
31.490664,0.008183,-0.196409,-1.619527,0.000432,-0.124390,-0.709575,0.001238,2.144113,-1.065646,0.174284,-0.000145,0.000067,10.000000,-113.000000,-9.000000,-0.237099,0.000098,0.000000,0.000000,0.000000,-0.540467,964.000000,0.000000,0.000000,0.000000,0.000000,31.489689,-196.969696,-279.412292,-44.542950,54.241158,-0.000986,6.577062,9.276818,7411,-27,30,3
31.492619,0.008184,-0.196652,-1.620951,0.000434,-0.120120,-0.711629,0.001034,2.132078,-1.014453,0.174334,-0.000129,0.000067,10.000000,-113.000000,-9.000000,-0.237099,0.000098,0.000000,0.000000,0.000000,-0.540467,964.000000,0.000000,0.000000,0.000000,0.000000,31.491640,-196.969696,-279.412292,-44.542950,54.241158,-0.001010,6.576990,9.276818,7411,-25,30,4
31.494572,0.008185,-0.196886,-1.622378,0.000436,-0.115873,-0.713587,0.000831,2.120820,-0.967934,0.174379,-0.000112,0.000068,10.000000,-113.000000,-9.000000,-0.237099,0.000098,0.000000,0.000000,0.000000,-0.540467,964.000000,0.000000,0.000000,0.000000,0.000000,31.493595,-196.969696,-279.412292,-44.542950,54.241158,-0.001025,6.576940,9.276818,7411,-24,29,4
31.496527,0.008186,-0.197111,-1.623810,0.000438,-0.111647,-0.715459,0.000629,2.110267,-0.925654,0.174421,-0.000094,0.000069,10.000000,-113.000000,-9.000000,-0.237099,0.000098,0.000000,0.000000,0.000000,-0.540467,964.000000,0.000000,0.000000,0.000000,0.000000,31.495548,-196.969696,-279.412292,-44.542950,54.241158,-0.001034,6.576911,9.276818,7411,-23,29,4
31.498480,0.008186,-0.197328,-1.625245,0.000438,-0.107441,-0.717252,0.000428,2.100351,-0.887220,0.174459,-0.000077,0.000070,10.000000,-113.000000,-9.000000,-0.237099,0.000098,0.000000,0.000000,0.000000,-0.540467,964.000000,0.000000,0.000000,0.000000,0.000000,31.497503,-196.969696,-279.412292,-44.542950,54.241158,-0.001044,6.576883,9.276818,7411,-21,28,5
31.500435,0.008187,-0.197537,-1.626683,0.000439,-0.103255,-0.718974,0.000228,2.091008,-0.852276,0.174493,-0.000060,0.000071,10.000000,-113.000000,-9.000000,-0.237099,0.000098,0.000000,0.000000,0.000000,-0.540467,964.000000,0.000000,0.000000,0.000000,0.000000,31.499456,-196.969696,-279.412292,-44.542950,54.241158,-0.001046,6.576875,9.276818,7411,-20,28,5
31.502388,0.008188,-0.197738,-1.628125,0.000439,-0.099086,-0.720631,0.000030,2.082187,-0.820495,0.174524,-0.000043,0.000072,10.000000,-113.000000,-9.000000,-0.237099,0.000098,0.000000,0.000000,0.000000,-0.540467,964.000000,0.000000,0.000000,0.000000,0.000000,31.501411,-196.969696,-279.412292,-44.542950,54.241158,-0.001042,6.576886,9.276818,7411,-19,27,5
31.504341,0.008189,-0.197930,-1.629570,0.000439,-0.094934,-0.722228,-0.000166,2.073836,-0.791586,0.174551,-0.000026,0.000073,10.000000,-113.000000,-9.000000,-0.237099,0.000098,0.000000,0.000000,0.000000,-0.540467,964.000000,0.000000,0.000000,0.000000,0.000000,31.503365,-196.969696,-279.412292,-44.542950,54.241158,-0.001040,6.576895,9.276818,7411,-17,27,5
31.506296,0.008190,-0.198114,-1.631019,0.000438,-0.090798,-0.723771,-0.000360,2.065909,-0.765280,0.174575,-0.000009,0.000074,10.000000,-113.000000,-9.000000,-0.237099,0.000098,0.000000,0.000000,0.000000,-0.540467,964.000000,0.000000,0.000000,0.000000,0.000000,31.505320,-196.969696,-279.412292,-44.542950,54.241158,-0.001037,6.576902,9.276818,7411,-16,27,6
31.508249,0.008191,-0.198289,-1.632470,0.000437,-0.086678,-0.725266,-0.000551,2.058365,-0.741337,0.174596,0.000008,0.000075,10.000000,-113.000000,-9.000000,-0.237099,0.000098,0.000000,0.000000,0.000000,-0.540467,964.000000,0.000000,0.000000,0.000000,0.000000,31.507273,-196.969696,-279.412292,-44.542950,54.241158,-0.001029,6.576929,9.276818,7411,-15,26,6
31.510204,0.008192,-0.198457,-1.633924,0.000436,-0.082572,-0.726715,-0.000739,2.051169,-0.719537,0.174614,0.000025,0.000076,10.000000,-113.000000,-9.000000,-0.237099,0.000098,0.000000,0.000000,0.000000,-0.540467,964.000000,0.000000,0.000000,0.000000,0.000000,31.509228,-196.969696,-279.412292,-44.542950,54.241158,-0.001015,6.576972,9.276818,7411,-13,26,6
31.512157,0.008193,-0.198616,-1.635381,0.000434,-0.078480,-0.728124,-0.000923,2.044286,-0.699680,0.174629,0.000041,0.000076,10.000000,-113.000000,-9.000000,-0.237099,0.000098,0.000000,0.000000,0.000000,-0.540467,964.000000,0.000000,0.000000,0.000000,0.000000,31.511181,-196.969696,-279.412292,-44.542950,54.241158,-0.001002,6.577013,9.276818,7411,-12,26,6
31.514112,0.008193,-0.198767,-1.636841,0.000432,-0.074401,-0.729496,-0.001104,2.037687,-0.681587,0.174641,0.000057,0.000077,10.000000,-113.000000,-9.000000,-0.237099,0.000098,0.000000,0.000000,0.000000,-0.540467,964.000000,0.000000,0.000000,0.000000,0.000000,31.513136,-196.969696,-279.412292,-44.542950,54.241158,-0.000990,6.577050,9.276818,7411,-11,25,7
31.516066,0.008194,-0.198910,-1.638303,0.000430,-0.070336,-0.730835,-0.001281,2.031343,-0.665094,0.174650,0.000073,0.000078,10.000000,-113.000000,-9.000000,-0.237099,0.000098,0.000000,0.000000,0.000000,-0.540467,964.000000,0.000000,0.000000,0.000000,0.000000,31.515087,-196.969696,-279.412292,-44.542950,54.241158,-0.000973,6.577105,9.276818,7411,-10,25,7
31.518021,0.008195,-0.199044,-1.639768,0.000427,-0.066282,-0.732142,-0.001453,2.025231,-0.650052,0.174657,0.000089,0.000079,10.000000,-113.000000,-9.000000,-0.237099,0.000098,0.000000,0.000000,0.000000,-0.540467,964.000000,0.000000,0.000000,0.000000,0.000000,31.517044,-196.969696,-279.412292,-44.542950,54.241158,-0.000950,6.577177,9.276818,7411,-8,25,7
31.519974,0.008196,-0.199171,-1.641236,0.000424,-0.062241,-0.733421,-0.001621,2.019330,-0.636327,0.174661,0.000104,0.000080,10.000000,-113.000000,-9.000000,-0.237099,0.000098,0.000000,0.000000,0.000000,-0.540467,964.000000,0.000000,0.000000,0.000000,0.000000,31.518995,-196.969696,-279.412292,-44.542950,54.241158,-0.000928,6.577244,9.276818,7411,-7,25,7
31.521929,0.008197,-0.199290,-1.642706,0.000420,-0.058210,-0.734675,-0.001783,2.013619,-0.623796,0.174663,0.000119,0.000080,10.000000,-113.000000,-9.000000,-0.237099,0.000098,0.000000,0.000000,0.000000,-0.540467,964.000000,0.000000,0.000000,0.000000,0.000000,31.520952,-196.969696,-279.412292,-44.542950,54.241158,-0.000908,6.577308,9.276818,7411,-6,25,8
31.523882,0.008198,-0.199400,-1.644179,0.000416,-0.054192,-0.735905,-0.001940,2.008077,-0.612348,0.174662,0.000133,0.000081,10.000000,-113.000000,-9.000000,-0.237099,0.000098,0.000000,0.000000,0.000000,-0.540467,964.000000,0.000000,0.000000,0.000000,0.000000,31.522903,-196.969696,-279.412292,-44.542950,54.241158,-0.000882,6.577389,9.276818,7411,-5,25,8
31.525837,0.008199,-0.199503,-1.645654,0.000412,-0.050183,-0.737114,-0.002091,2.002694,-0.601883,0.174660,0.000147,0.000082,10.000000,-113.000000,-9.000000,-0.237099,0.000098,0.000000,0.000000,0.000000,-0.540467,964.000000,0.000000,0.000000,0.000000,0.000000,31.524860,-196.969696,-279.412292,-44.542950,54.241158,-0.000852,6.577486,9.276818,7411,-4,25,8
31.527790,0.008199,-0.199597,-1.647132,0.000408,-0.046186,-0.738304,-0.002236,1.997452,-0.592310,0.174656,0.000160,0.000083,10.000000,-113.000000,-9.000000,-0.237099,0.000098,0.000000,0.000000,0.000000,-0.540467,964.000000,0.000000,0.000000,0.000000,0.000000,31.526812,-196.969696,-279.412292,-44.542950,54.241158,-0.000823,6.577577,9.276818,7411,-3,25,8
31.529743,0.008200,-0.199683,-1.648611,0.000403,-0.042199,-0.739475,-0.002375,1.992338,-0.583546,0.174650,0.000172,0.000083,10.000000,-113.000000,-9.000000,-0.237099,0.000098,0.000000,0.000000,0.000000,-0.540467,964.000000,0.000000,0.000000,0.000000,0.000000,31.528769,-196.969696,-279.412292,-44.542950,54.241158,-0.000795,6.577663,9.276818,7411,-2,24,8
31.531698,0.008201,-0.199762,-1.650094,0.000398,-0.038222,-0.740630,-0.002508,1.987341,-0.575516,0.174642,0.000185,0.000084,10.000000,-113.000000,-9.000000,-0.237099,0.000098,0.000000,0.000000,0.000000,-0.540467,964.000000,0.000000,0.000000,0.000000,0.000000,31.530720,-196.969696,-279.412292,-44.542950,54.241158,-0.000769,6.577746,9.276818,7411,-1,24,8
31.533651,0.008202,-0.199833,-1.651578,0.000393,-0.034254,-0.741770,-0.002635,1.982451,-0.568151,0.174633,0.000196,0.000084,10.000000,-120.000000,-22.000000,-0.237099,0.000098,0.000000,0.000000,0.000000,-0.540467,902.000000,0.000000,0.000000,0.000000,0.000000,31.532677,-196.969696,-279.412292,-44.542950,54.241158,-0.000743,6.577826,9.276818,7411,0,25,8
31.535606,0.008203,-0.199895,-1.653065,0.000388,-0.030297,-0.742896,-0.002754,1.977657,-0.561391,0.174623,0.000207,0.000085,10.000000,-120.000000,-22.000000,-0.281927,0.000095,0.000000,0.000000,0.067000,-0.504432,902.000000,0.000000,0.000000,0.000000,0.000000,31.534628,-194.029800,-238.336411,43.879028,136.793900,-0.000719,5.610564,9.239104,7044,0,25,8
31.537560,0.008203,-0.199950,-1.654554,0.000382,-0.026357,-0.743958,-0.002858,1.966201,-0.516914,0.174611,0.000218,0.000085,10.000000,-120.000000,-22.000000,-0.281927,0.000095,0.000000,0.000000,0.000000,-0.504432,902.000000,0.000000,0.000000,0.000000,0.000000,31.536585,-194.029800,-238.336411,43.879028,136.793900,-0.000695,5.610641,9.239104,7044,0,25,8
31.539515,0.008204,-0.199997,-1.656044,0.000376,-0.022444,-0.744912,-0.002952,1.953293,-0.464231,0.174598,0.000227,0.000086,10.000000,-120.000000,-22.000000,-0.281927,0.000095,0.000000,0.000000,0.000000,-0.504432,902.000000,0.000000,0.000000,0.000000,0.000000,31.538536,-194.029800,-238.336411,43.879028,136.793900,-0.000670,5.610719,9.239104,7044,1,25,8
31.541468,0.008205,-0.200036,-1.657537,0.000370,-0.018556,-0.745768,-0.003039,1.941247,-0.416463,0.174584,0.000237,0.000086,10.000000,-120.000000,-22.000000,-0.281927,0.000095,0.000000,0.000000,0.000000,-0.504432,902.000000,0.000000,0.000000,0.000000,0.000000,31.540491,-194.029800,-238.336411,43.879028,136.793900,-0.000646,5.610794,9.239104,7044,2,25,8
31.543423,0.008206,-0.200067,-1.659031,0.000364,-0.014691,-0.746536,-0.003120,1.929985,-0.373153,0.174570,0.000245,0.000086,10.000000,-120.000000,-22.000000,-0.281927,0.000095,0.000000,0.000000,0.000000,-0.504432,902.000000,0.000000,0.000000,0.000000,0.000000,31.542444,-194.029800,-238.336411,43.879028,136.793900,-0.000623,5.610868,9.239104,7044,2,25,8
31.545376,0.008206,-0.200091,-1.660527,0.000357,-0.010846,-0.747223,-0.003194,1.919434,-0.333884,0.174554,0.000253,0.000086,10.000000,-120.000000,-22.000000,-0.281927,0.000095,0.000000,0.000000,0.000000,-0.504432,902.000000,0.000000,0.000000,0.000000,0.000000,31.544399,-194.029800,-238.336411,43.879028,136.793900,-0.000600,5.610939,9.239104,7044,3,25,8
31.547331,0.008207,-0.200107,-1.662024,0.000351,-0.007023,-0.747837,-0.003262,1.909529,-0.298284,0.174538,0.000260,0.000087,10.000000,-120.000000,-22.000000,-0.281927,0.000095,0.000000,0.000000,0.000000,-0.504432,902.000000,0.000000,0.000000,0.000000,0.000000,31.546352,-194.029800,-238.336411,43.879028,136.793900,-0.000577,5.611009,9.239104,7044,4,25,8
31.549284,0.008208,-0.200115,-1.663522,0.000344,-0.003218,-0.748385,-0.003324,1.900212,-0.266008,0.174521,0.000267,0.000087,10.000000,-120.000000,-22.000000,-0.281927,0.000095,0.000000,0.000000,0.000000,-0.504432,902.000000,0.000000,0.000000,0.000000,0.000000,31.548307,-194.029800,-238.336411,43.879028,136.793900,-0.000556,5.611078,9.239104,7045,4,25,8
31.551237,0.008208,-0.200116,-1.665021,0.000338,0.000570,-0.748872,-0.003379,1.891446,-0.236852,0.174503,0.000273,0.000087,10.000000,-120.000000,-22.000000,-0.281927,0.000095,0.000000,0.000000,0.000000,-0.504432,902.000000,0.000000,0.000000,0.000000,0.000000,31.550261,-194.029800,-238.336411,43.879028,136.793900,-0.000534,5.611146,9.239104,7045,5,26,8
31.553192,0.008209,-0.200109,-1.666521,0.000331,0.004340,-0.749306,-0.003429,1.883169,-0.210454,0.174486,0.000279,0.000087,10.000000,-120.000000,-22.000000,-0.281927,0.000095,0.000000,0.000000,0.000000,-0.504432,902.000000,0.000000,0.000000,0.000000,0.000000,31.552216,-194.029800,-238.336411,43.879028,136.793900,-0.000512,5.611213,9.239104,7045,5,26,8
31.555145,0.008210,-0.200095,-1.668021,0.000324,0.008095,-0.749691,-0.003472,1.875332,-0.186524,0.174468,0.000284,0.000087,10.000000,-120.000000,-22.000000,-0.281927,0.000095,0.000000,0.000000,0.000000,-0.504432,902.000000,0.000000,0.000000,0.000000,0.000000,31.554169,-194.029800,-238.336411,43.879028,136.793900,-0.000491,5.611280,9.239104,7045,5,26,8
31.557100,0.008210,-0.200073,-1.669523,0.000317,0.011834,-0.750031,-0.003510,1.867893,-0.164833,0.174449,0.000289,0.000086,10.000000,-120.000000,-22.000000,-0.281927,0.000095,0.000000,0.000000,0.000000,-0.504432,902.000000,0.000000,0.000000,0.000000,0.000000,31.556124,-194.029800,-238.336411,43.879028,136.793900,-0.000470,5.611346,9.239104,7045,6,26,8
31.559053,0.008211,-0.200044,-1.671025,0.000310,0.015559,-0.750331,-0.003541,1.860818,-0.145171,0.174431,0.000292,0.000086,10.000000,-120.000000,-22.000000,-0.281927,0.000095,0.000000,0.000000,0.000000,-0.504432,902.000000,0.000000,0.000000,0.000000,0.000000,31.558077,-194.029800,-238.336411,43.879028,136.793900,-0.000449,5.611412,9.239104,7045,6,26,8
31.561008,0.008211,-0.200007,-1.672527,0.000303,0.019271,-0.750594,-0.003567,1.854074,-0.127351,0.174413,0.000296,0.000086,10.000000,-120.000000,-22.000000,-0.281927,0.000095,0.000000,0.000000,0.000000,-0.504432,902.000000,0.000000,0.000000,0.000000,0.000000,31.560032,-194.029800,-238.336411,43.879028,136.793900,-0.000428,5.611477,9.239104,7045,6,27,8
31.562962,0.008212,-0.199963,-1.674030,0.000295,0.022969,-0.750825,-0.003587,1.847631,-0.111199,0.174394,0.000299,0.000086,10.000000,-120.000000,-22.000000,-0.281927,0.000095,0.000000,0.000000,0.000000,-0.504432,902.000000,0.000000,0.000000,0.000000,0.000000,31.561983,-194.029800,-238.336411,43.879028,136.793900,-0.000408,5.611543,9.239104,7045,7,27,8
31.564917,0.008213,-0.199911,-1.675534,0.000288,0.026655,-0.751025,-0.003602,1.841463,-0.096561,0.174376,0.000301,0.000085,10.000000,-120.000000,-22.000000,-0.281927,0.000095,0.000000,0.000000,0.000000,-0.504432,902.000000,0.000000,0.000000,0.000000,0.000000,31.563940,-194.029800,-238.336411,43.879028,136.793900,-0.000387,5.611609,9.239104,7045,7,27,8
31.566870,0.008213,-0.199852,-1.677038,0.000281,0.030329,-0.751198,-0.003611,1.835545,-0.083296,0.174358,0.000302,0.000085,10.000000,-120.000000,-22.000000,-0.281927,0.000095,0.000000,0.000000,0.000000,-0.504432,902.000000,0.000000,0.000000,0.000000,0.000000,31.565891,-194.029800,-238.336411,43.879028,136.793900,-0.000366,5.611674,9.239104,7045,7,27,8
31.568825,0.008214,-0.199786,-1.678542,0.000274,0.033992,-0.751347,-0.003615,1.829855,-0.071276,0.174340,0.000304,0.000084,10.000000,-120.000000,-22.000000,-0.281927,0.000095,0.000000,0.000000,0.000000,-0.504432,902.000000,0.000000,0.000000,0.000000,0.000000,31.567848,-194.029800,-238.336411,43.879028,136.793900,-0.000345,5.611740,9.239104,7045,7,27,8
31.570778,0.008214,-0.199713,-1.680046,0.000267,0.037643,-0.751473,-0.003614,1.824375,-0.060385,0.174322,0.000304,0.000084,10.000000,-120.000000,-22.000000,-0.281927,0.000095,0.000000,0.000000,0.000000,-0.504432,902.000000,0.000000,0.000000,0.000000,0.000000,31.569799,-194.029800,-238.336411,43.879028,136.793900,-0.000324,5.611807,9.239104,7045,7,28,8
31.572731,0.008215,-0.199632,-1.681551,0.000259,0.041284,-0.751578,-0.003608,1.819085,-0.050518,0.174305,0.000305,0.000083,10.000000,-120.000000,-22.000000,-0.281927,0.000095,0.000000,0.000000,0.000000,-0.504432,902.000000,0.000000,0.000000,0.000000,0.000000,31.571756,-194.029800,-238.336411,43.879028,136.793900,-0.000302,5.611873,9.239104,7045,7,28,8
31.574686,0.008215,-0.199544,-1.683056,0.000252,0.044914,-0.751666,-0.003597,1.813970,-0.041579,0.174288,0.000304,0.000083,10.000000,-120.000000,-22.000000,-0.281927,0.000095,0.000000,0.000000,0.000000,-0.504432,902.000000,0.000000,0.000000,0.000000,0.000000,31.573708,-194.029800,-238.336411,43.879028,136.793900,-0.000281,5.611940,9.239104,7045,7,28,7
31.576639,0.008216,-0.199448,-1.684561,0.000245,0.048535,-0.751737,-0.003582,1.809016,-0.033481,0.174272,0.000304,0.000082,10.000000,-120.000000,-22.000000,-0.281927,0.000095,0.000000,0.000000,0.000000,-0.504432,902.000000,0.000000,0.000000,0.000000,0.000000,31.575665,-194.029800,-238.336411,43.879028,136.793900,-0.000266,5.611987,9.239104,7045,7,28,7
31.578594,0.008216,-0.199346,-1.686066,0.000238,0.052146,-0.751793,-0.003562,1.804206,-0.026147,0.174256,0.000303,0.000081,10.000000,-120.000000,-22.000000,-0.281927,0.000095,0.000000,0.000000,0.000000,-0.504432,902.000000,0.000000,0.000000,0.000000,0.000000,31.577616,-194.029800,-238.336411,43.879028,136.793900,-0.000258,5.612013,9.239104,7045,7,29,7
31.580547,0.008217,-0.199236,-1.687571,0.000231,0.055747,-0.751835,-0.003538,1.799531,-0.019505,0.174240,0.000301,0.000080,10.000000,-120.000000,-22.000000,-0.281927,0.000095,0.000000,0.000000,0.000000,-0.504432,902.000000,0.000000,0.000000,0.000000,0.000000,31.579573,-194.029800,-238.336411,43.879028,136.793900,-0.000248,5.612044,9.239104,7045,7,29,7
31.582502,0.008217,-0.199119,-1.689076,0.000224,0.059339,-0.751865,-0.003510,1.794978,-0.013490,0.174225,0.000299,0.000080,10.000000,-120.000000,-22.000000,-0.281927,0.000095,0.000000,0.000000,0.000000,-0.504432,902.000000,0.000000,0.000000,0.000000,0.000000,31.581524,-194.029800,-238.336411,43.879028,136.793900,-0.000237,5.612078,9.239104,7045,7,29,7
31.584455,0.008218,-0.198995,-1.690581,0.000217,0.062923,-0.751884,-0.003478,1.790538,-0.008044,0.174211,0.000297,0.000079,10.000000,-120.000000,-22.000000,-0.281927,0.000095,0.000000,0.000000,0.000000,-0.504432,902.000000,0.000000,0.000000,0.000000,0.000000,31.583481,-194.029800,-238.336411,43.879028,136.793900,-0.000226,5.612114,9.239104,7045,7,29,7
31.586411,0.008218,-0.198863,-1.692087,0.000210,0.066497,-0.751892,-0.003442,1.786202,-0.003114,0.174197,0.000294,0.000078,10.000000,-120.000000,-22.000000,-0.281927,0.000095,0.000000,0.000000,0.000000,-0.504432,902.000000,0.000000,0.000000,0.000000,0.000000,31.585432,-194.029800,-238.336411,43.879028,136.793900,-0.000213,5.612154,9.239104,7045,7,29,7
31.588364,0.008219,-0.198725,-1.693592,0.000203,0.070063,-0.751892,-0.003403,1.781962,0.001348,0.174184,0.000291,0.000077,10.000000,-120.000000,-22.000000,-0.281927,0.000095,0.000000,0.000000,0.000000,-0.504432,902.000000,0.000000,0.000000,0.000000,0.000000,31.587387,-194.029800,-238.336411,43.879028,136.793900,-0.000200,5.612195,9.239104,7045,7,30,6
31.590319,0.008219,-0.198579,-1.695097,0.000196,0.073621,-0.751883,-0.003360,1.777810,0.005386,0.174172,0.000288,0.000076,10.000000,-120.000000,-22.000000,-0.281927,0.000095,0.000000,0.000000,0.000000,-0.504432,902.000000,0.000000,0.000000,0.000000,0.000000,31.589340,-194.029800,-238.336411,43.879028,136.793900,-0.000193,5.612218,9.239104,7045,7,30,6
31.592272,0.008219,-0.198427,-1.696602,0.000190,0.077170,-0.751867,-0.003314,1.773739,0.009041,0.174160,0.000284,0.000075,10.000000,-120.000000,-22.000000,-0.281927,0.000095,0.000000,0.000000,0.000000,-0.504432,902.000000,0.000000,0.000000,0.000000,0.000000,31.591295,-194.029800,-238.336411,43.879028,136.793900,-0.000191,5.612223,9.239104,7045,7,30,6
31.594227,0.008220,-0.198267,-1.698107,0.000183,0.080712,-0.751844,-0.003265,1.769742,0.012346,0.174149,0.000280,0.000074,10.000000,-120.000000,-22.000000,-0.281927,0.000095,0.000000,0.000000,0.000000,-0.504432,902.000000,0.000000,0.000000,0.000000,0.000000,31.593248,-194.029800,-238.336411,43.879028,136.793900,-0.000187,5.612234,9.239104,7045,7,30,6
31.596180,0.008220,-0.198100,-1.699613,0.000177,0.084245,-0.751814,-0.003214,1.765814,0.015335,0.174138,0.000276,0.000073,10.000000,-120.000000,-22.000000,-0.281927,0.000095,0.000000,0.000000,0.000000,-0.504432,902.000000,0.000000,0.000000,0.000000,0.000000,31.595203,-194.029800,-238.336411,43.879028,136.793900,-0.000183,5.612249,9.239104,7045,7,30,6
31.598133,0.008220,-0.197926,-1.701118,0.000170,0.087771,-0.751780,-0.003159,1.761951,0.018038,0.174128,0.000271,0.000072,10.000000,-120.000000,-22.000000,-0.281927,0.000095,0.000000,0.000000,0.000000,-0.504432,902.000000,0.000000,0.000000,0.000000,0.000000,31.597157,-194.029800,-238.336411,43.879028,136.793900,-0.000176,5.612269,9.239104,7045,6,31,6
31.600088,0.008221,-0.197745,-1.702623,0.000164,0.091289,-0.751740,-0.003103,1.758148,0.020482,0.174119,0.000267,0.000070,10.000000,-120.000000,-22.000000,-0.281927,0.000095,0.000000,0.000000,0.000000,-0.504432,902.000000,0.000000,0.000000,0.000000,0.000000,31.599112,-194.029800,-238.336411,43.879028,136.793900,-0.000169,5.612293,9.239104,7045,6,31,6
31.602041,0.008221,-0.197557,-1.704128,0.000158,0.094800,-0.751696,-0.003044,1.754400,0.022691,0.174111,0.000262,0.000069,10.000000,-120.000000,-22.000000,-0.281927,0.000095,0.000000,0.000000,0.000000,-0.504432,902.000000,0.000000,0.000000,0.000000,0.000000,31.601065,-194.029800,-238.336411,43.879028,136.793900,-0.000160,5.612320,9.239104,7045,6,31,6
31.603996,0.008221,-0.197362,-1.705633,0.000152,0.098303,-0.751647,-0.002983,1.750703,0.024687,0.174104,0.000257,0.000068,10.000000,-120.000000,-22.000000,-0.281927,0.000095,0.000000,0.000000,0.000000,-0.504432,902.000000,0.000000,0.000000,0.000000,0.000000,31.603020,-194.029800,-238.336411,43.879028,136.793900,-0.000150,5.612350,9.239104,7045,6,31,5
31.605949,0.008222,-0.197160,-1.707137,0.000146,0.101799,-0.751595,-0.002920,1.747057,0.026489,0.174097,0.000251,0.000067,10.000000,-120.000000,-22.000000,-0.281927,0.000095,0.000000,0.000000,0.000000,-0.504432,902.000000,0.000000,0.000000,0.000000,0.000000,31.604973,-194.029800,-238.336411,43.879028,136.793900,-0.000146,5.612363,9.239104,7045,5,31,5
31.607904,0.008222,-0.196951,-1.708642,0.000140,0.105288,-0.751540,-0.002855,1.743454,0.028116,0.174091,0.000246,0.000066,10.000000,-120.000000,-22.000000,-0.281927,0.000095,0.000000,0.000000,0.000000,-0.504432,902.000000,0.000000,0.000000,0.000000,0.000000,31.606928,-194.029800,-238.336411,43.879028,136.793900,-0.000148,5.612359,9.239104,7045,5,31,5
31.609858,0.008222,-0.196735,-1.710146,0.000135,0.108770,-0.751481,-0.002789,1.739893,0.029584,0.174085,0.000240,0.000064,10.000000,-120.000000,-22.000000,-0.281927,0.000095,0.000000,0.000000,0.000000,-0.504432,902.000000,0.000000,0.000000,0.000000,0.000000,31.608879,-194.029800,-238.336411,43.879028,136.793900,-0.000147,5.612360,9.239104,7045,5,32,5
31.611813,0.008222,-0.196512,-1.711651,0.000129,0.112244,-0.751420,-0.002722,1.736372,0.030908,0.174081,0.000235,0.000063,10.000000,-127.000000,-34.000000,-0.281927,0.000095,0.000000,0.000000,0.000000,-0.504432,832.000000,0.000000,0.000000,0.000000,0.000000,31.610836,-194.029800,-238.336411,43.879028,136.793900,-0.000145,5.612366,9.239104,7045,5,32,5
31.613766,0.008223,-0.196282,-1.713155,0.000124,0.115712,-0.751356,-0.002653,1.732886,0.032103,0.174077,0.000229,0.000062,10.000000,-127.000000,-34.000000,-0.335598,0.000031,0.000000,0.000000,0.067000,-0.615192,832.000000,0.000000,0.000000,0.000000,0.000000,31.612787,-179.104477,-205.262329,222.766022,208.269287,-0.000142,4.833482,9.204104,6775,4,32,5
31.615721,0.008223,-0.196045,-1.714659,0.000119,0.119166,-0.751253,-0.002576,1.724485,0.061331,0.174074,0.000223,0.000060,10.000000,-127.000000,-34.000000,-0.335598,0.000031,0.000000,0.000000,0.000000,-0.615192,832.000000,0.000000,0.000000,0.000000,0.000000,31.614744,-179.104477,-205.262329,222.766022,208.269287,-0.000136,4.833500,9.204104,6775,4,32,5
31.617674,0.008223,-0.195801,-1.716163,0.000114,0.122600,-0.751076,-0.002498,1.714990,0.096857,0.174071,0.000216,0.000059,10.000000,-127.000000,-34.000000,-0.335598,0.000031,0.000000,0.000000,0.000000,-0.615192,832.000000,0.000000,0.000000,0.000000,0.000000,31.616695,-179.104477,-205.262329,222.766022,208.269287,-0.000128,4.833524,9.204104,6775,4,32,5
31.619629,0.008223,-0.195551,-1.717666,0.000109,0.126017,-0.750834,-0.002420,1.706102,0.129001,0.174069,0.000210,0.000058,10.000000,-127.000000,-34.000000,-0.335598,0.000031,0.000000,0.000000,0.000000,-0.615192,832.000000,0.000000,0.000000,0.000000,0.000000,31.618652,-179.104477,-205.262329,222.766022,208.269287,-0.000120,4.833551,9.204104,6775,3,32,4
31.621582,0.008224,-0.195293,-1.719169,0.000104,0.129416,-0.750532,-0.002342,1.697769,0.158079,0.174068,0.000204,0.000056,10.000000,-127.000000,-34.000000,-0.335598,0.000031,0.000000,0.000000,0.000000,-0.615192,832.000000,0.000000,0.000000,0.000000,0.000000,31.620604,-179.104477,-205.262329,222.766022,208.269287,-0.000117,4.833560,9.204104,6775,3,32,4
31.623535,0.008224,-0.195029,-1.720671,0.000099,0.132800,-0.750176,-0.002265,1.689936,0.184375,0.174067,0.000198,0.000055,10.000000,-127.000000,-34.000000,-0.335598,0.000031,0.000000,0.000000,0.000000,-0.615192,832.000000,0.000000,0.000000,0.000000,0.000000,31.622561,-179.104477,-205.262329,222.766022,208.269287,-0.000120,4.833551,9.204104,6775,3,32,4
31.625490,0.008224,-0.194758,-1.722172,0.000095,0.136169,-0.749771,-0.002189,1.682558,0.208149,0.174067,0.000192,0.000054,10.000000,-127.000000,-34.000000,-0.335598,0.000031,0.000000,0.000000,0.000000,-0.615192,832.000000,0.000000,0.000000,0.000000,0.000000,31.624512,-179.104477,-205.262329,222.766022,208.269287,-0.000121,4.833548,9.204104,6775,3,32,4
31.627443,0.008224,-0.194481,-1.723673,0.000091,0.139524,-0.749323,-0.002114,1.675595,0.229636,0.174068,0.000185,0.000052,10.000000,-127.000000,-34.000000,-0.335598,0.000031,0.000000,0.000000,0.000000,-0.615192,832.000000,0.000000,0.000000,0.000000,0.000000,31.626469,-179.104477,-205.262329,222.766022,208.269287,-0.000120,4.833549,9.204104,6775,2,33,4
31.629398,0.008224,-0.194196,-1.725172,0.000087,0.142865,-0.748834,-0.002040,1.669008,0.249048,0.174069,0.000179,0.000051,10.000000,-127.000000,-34.000000,-0.335598,0.000031,0.000000,0.000000,0.000000,-0.615192,832.000000,0.000000,0.000000,0.000000,0.000000,31.628420,-179.104477,-205.262329,222.766022,208.269287,-0.000118,4.833556,9.204104,6775,2,33,4
31.631351,0.008225,-0.193905,-1.726670,0.000083,0.146193,-0.748309,-0.001967,1.662763,0.266580,0.174070,0.000173,0.000050,10.000000,-127.000000,-34.000000,-0.335598,0.000031,0.000000,0.000000,0.000000,-0.615192,832.000000,0.000000,0.000000,0.000000,0.000000,31.630377,-179.104477,-205.262329,222.766022,208.269287,-0.000115,4.833567,9.204104,6775,2,33,4
31.633307,0.008225,-0.193608,-1.728168,0.000079,0.149510,-0.747752,-0.001896,1.656829,0.282406,0.174072,0.000167,0.000048,10.000000,-127.000000,-34.000000,-0.335598,0.000031,0.000000,0.000000,0.000000,-0.615192,832.000000,0.000000,0.000000,0.000000,0.000000,31.632328,-179.104477,-205.262329,222.766022,208.269287,-0.000110,4.833581,9.204104,6775,2,33,4
31.635260,0.008225,-0.193303,-1.729664,0.000075,0.152815,-0.747166,-0.001825,1.651178,0.296686,0.174075,0.000161,0.000047,10.000000,-127.000000,-34.000000,-0.335598,0.000031,0.000000,0.000000,0.000000,-0.615192,832.000000,0.000000,0.000000,0.000000,0.000000,31.634283,-179.104477,-205.262329,222.766022,208.269287,-0.000105,4.833600,9.204104,6775,1,33,4
31.637215,0.008225,-0.192992,-1.731159,0.000072,0.156109,-0.746553,-0.001756,1.645784,0.309562,0.174078,0.000155,0.000046,10.000000,-127.000000,-34.000000,-0.335598,0.000031,0.000000,0.000000,0.000000,-0.615192,832.000000,0.000000,0.000000,0.000000,0.000000,31.636236,-179.104477,-205.262329,222.766022,208.269287,-0.000098,4.833621,9.204104,6775,1,33,3
31.639168,0.008225,-0.192675,-1.732652,0.000068,0.159393,-0.745916,-0.001688,1.640626,0.321168,0.174081,0.000149,0.000045,10.000000,-127.000000,-34.000000,-0.335598,0.000031,0.000000,0.000000,0.000000,-0.615192,832.000000,0.000000,0.000000,0.000000,0.000000,31.638191,-179.104477,-205.262329,222.766022,208.269287,-0.000097,4.833624,9.204104,6775,1,33,3
31.641123,0.008225,-0.192351,-1.734145,0.000065,0.162667,-0.745258,-0.001623,1.635679,0.331619,0.174085,0.000143,0.000043,10.000000,-127.000000,-34.000000,-0.335598,0.000031,0.000000,0.000000,0.000000,-0.615192,832.000000,0.000000,0.000000,0.000000,0.000000,31.640144,-179.104477,-205.262329,222.766022,208.269287,-0.000101,4.833610,9.204104,6775,1,33,3
31.643076,0.008225,-0.192020,-1.735636,0.000062,0.165931,-0.744581,-0.001558,1.630926,0.341024,0.174089,0.000138,0.000042,10.000000,-127.000000,-34.000000,-0.335598,0.000031,0.000000,0.000000,0.000000,-0.615192,832.000000,0.000000,0.000000,0.000000,0.000000,31.642099,-179.104477,-205.262329,222.766022,208.269287,-0.000104,4.833601,9.204104,6775,0,33,3
31.645031,0.008225,-0.191683,-1.737125,0.000059,0.169186,-0.743886,-0.001496,1.626348,0.349480,0.174093,0.000132,0.000041,10.000000,-127.000000,-34.000000,-0.335598,0.000031,0.000000,0.000000,0.000000,-0.615192,832.000000,0.000000,0.000000,0.000000,0.000000,31.644053,-179.104477,-205.262329,222.766022,208.269287,-0.000105,4.833598,9.204104,6775,0,33,3
31.646984,0.008226,-0.191340,-1.738613,0.000056,0.172432,-0.743175,-0.001436,1.621931,0.357076,0.174098,0.000127,0.000040,10.000000,-127.000000,-34.000000,-0.335598,0.000031,0.000000,0.000000,0.000000,-0.615192,832.000000,0.000000,0.000000,0.000000,0.000000,31.646008,-179.104477,-205.262329,222.766022,208.269287,-0.000104,4.833600,9.204104,6775,0,33,3
31.648937,0.008226,-0.190990,-1.740100,0.000053,0.175670,-0.742451,-0.001377,1.617660,0.363892,0.174103,0.000122,0.000039,10.000000,-127.000000,-34.000000,-0.335598,0.000031,0.000000,0.000000,0.000000,-0.615192,832.000000,0.000000,0.000000,0.000000,0.000000,31.647961,-179.104477,-205.262329,222.766022,208.269287,-0.000103,4.833606,9.204104,6775,0,33,3
31.650892,0.008226,-0.190633,-1.741585,0.000050,0.178899,-0.741714,-0.001321,1.613522,0.370001,0.174108,0.000117,0.000038,10.000000,-127.000000,-34.000000,-0.335598,0.000031,0.000000,0.000000,0.000000,-0.615192,832.000000,0.000000,0.000000,0.000000,0.000000,31.649916,-179.104477,-205.262329,222.766022,208.269287,-0.000099,4.833616,9.204104,6775,0,33,3
31.652845,0.008226,-0.190270,-1.743069,0.000048,0.182120,-0.740966,-0.001267,1.609504,0.375468,0.174114,0.000112,0.000037,10.000000,-127.000000,-34.000000,-0.335598,0.000031,0.000000,0.000000,0.000000,-0.615192,832.000000,0.000000,0.000000,0.000000,0.000000,31.651869,-179.104477,-205.262329,222.766022,208.269287,-0.000095,4.833630,9.204104,6775,0,32,3
31.654800,0.008226,-0.189901,-1.744552,0.000045,0.185333,-0.740207,-0.001214,1.605597,0.380354,0.174120,0.000107,0.000036,10.000000,-127.000000,-34.000000,-0.335598,0.000031,0.000000,0.000000,0.000000,-0.615192,832.000000,0.000000,0.000000,0.000000,0.000000,31.653824,-179.104477,-205.262329,222.766022,208.269287,-0.000089,4.833647,9.204104,6775,0,32,3
31.656754,0.008226,-0.189525,-1.746032,0.000043,0.188538,-0.739440,-0.001164,1.601790,0.384713,0.174126,0.000103,0.000035,10.000000,-127.000000,-34.000000,-0.335598,0.000031,0.000000,0.000000,0.000000,-0.615192,832.000000,0.000000,0.000000,0.000000,0.000000,31.655775,-179.104477,-205.262329,222.766022,208.269287,-0.000083,4.833667,9.204104,6775,0,32,2
31.658709,0.008226,-0.189143,-1.747511,0.000041,0.191736,-0.738665,-0.001116,1.598076,0.388594,0.174132,0.000099,0.000034,10.000000,-127.000000,-34.000000,-0.335598,0.000031,0.000000,0.000000,0.000000,-0.615192,832.000000,0.000000,0.000000,0.000000,0.000000,31.657732,-179.104477,-205.262329,222.766022,208.269287,-0.000082,4.833669,9.204104,6775,0,32,2
31.660662,0.008226,-0.188754,-1.748989,0.000039,0.194927,-0.737882,-0.001070,1.594444,0.392041,0.174138,0.000095,0.000033,10.000000,-127.000000,-34.000000,-0.335598,0.000031,0.000000,0.000000,0.000000,-0.615192,832.000000,0.000000,0.000000,0.000000,0.000000,31.659683,-179.104477,-205.262329,222.766022,208.269287,-0.000087,4.833654,9.204104,6775,0,32,2
31.662617,0.008226,-0.188359,-1.750465,0.000037,0.198111,-0.737094,-0.001026,1.590888,0.395095,0.174144,0.000091,0.000032,10.000000,-127.000000,-34.000000,-0.335598,0.000031,0.000000,0.000000,0.000000,-0.615192,832.000000,0.000000,0.000000,0.000000,0.000000,31.661640,-179.104477,-205.262329,222.766022,208.269287,-0.000090,4.833644,9.204104,6775,-1,32,2
31.664570,0.008226,-0.187958,-1.751940,0.000035,0.201287,-0.736299,-0.000984,1.587402,0.397792,0.174151,0.000087,0.000031,10.000000,-127.000000,-34.000000,-0.335598,0.000031,0.000000,0.000000,0.000000,-0.615192,832.000000,0.000000,0.000000,0.000000,0.000000,31.663591,-179.104477,-205.262329,222.766022,208.269287,-0.000092,4.833640,9.204104,6775,-1,32,2
31.666525,0.008226,-0.187550,-1.753412,0.000033,0.204457,-0.735500,-0.000943,1.583979,0.400168,0.174157,0.000083,0.000030,10.000000,-127.000000,-34.000000,-0.335598,0.000031,0.000000,0.000000,0.000000,-0.615192,832.000000,0.000000,0.000000,0.000000,0.000000,31.665548,-179.104477,-205.262329,222.766022,208.269287,-0.000092,4.833640,9.204104,6775,-1,32,2
31.668478,0.008227,-0.187136,-1.754884,0.000031,0.207620,-0.734697,-0.000905,1.580614,0.402250,0.174164,0.000080,0.000030,10.000000,-127.000000,-34.000000,-0.335598,0.000031,0.000000,0.000000,0.000000,-0.615192,832.000000,0.000000,0.000000,0.000000,0.000000,31.667500,-179.104477,-205.262329,222.766022,208.269287,-0.000090,4.833644,9.204104,6775,-1,32,2
31.670431,0.008227,-0.186715,-1.756353,0.000029,0.210776,-0.733889,-0.000869,1.577302,0.404067,0.174171,0.000077,0.000029,10.000000,-133.000000,-45.000000,-0.335598,0.000031,0.000000,0.000000,0.000000,-0.615192,766.000000,0.000000,0.000000,0.000000,0.000000,31.669456,-179.104477,-205.262329,222.766022,208.269287,-0.000088,4.833652,9.204104,6775,-1,32,2
31.672386,0.008227,-0.186289,-1.757821,0.000027,0.213926,-0.733079,-0.000834,1.574038,0.405643,0.174177,0.000074,0.000028,10.000000,-133.000000,-45.000000,-0.381822,0.000007,0.000000,0.000000,0.066000,-0.639256,766.000000,0.000000,0.000000,0.000000,0.000000,31.671408,-166.666702,-180.325500,188.451172,229.464981,-0.000084,4.246402,9.176818,6590,-1,32,2
31.674339,0.008227,-0.185856,-1.759288,0.000026,0.217064,-0.732240,-0.000800,1.567424,0.426290,0.174184,0.000071,0.000028,10.000000,-133.000000,-45.000000,-0.381822,0.000007,0.000000,0.000000,0.000000,-0.639256,766.000000,0.000000,0.000000,0.000000,0.000000,31.673365,-166.666702,-180.325500,188.451172,229.464981,-0.000079,4.246418,9.176818,6590,-1,31,2
31.676294,0.008227,-0.185416,-1.760752,0.000024,0.220188,-0.731350,-0.000768,1.560078,0.451127,0.174191,0.000068,0.000027,10.000000,-133.000000,-45.000000,-0.381822,0.000007,0.000000,0.000000,0.000000,-0.639256,766.000000,0.000000,0.000000,0.000000,0.000000,31.675316,-166.666702,-180.325500,188.451172,229.464981,-0.000072,4.246439,9.176818,6590,-1,31,2
31.678247,0.008227,-0.184971,-1.762215,0.000023,0.223298,-0.730413,-0.000738,1.553165,0.473534,0.174197,0.000066,0.000026,10.000000,-133.000000,-45.000000,-0.381822,0.000007,0.000000,0.000000,0.000000,-0.639256,766.000000,0.000000,0.000000,0.000000,0.000000,31.677273,-166.666702,-180.325500,188.451172,229.464981,-0.000065,4.246462,9.176818,6590,-2,31,2
31.680202,0.008227,-0.184519,-1.763676,0.000021,0.226394,-0.729436,-0.000709,1.546644,0.493737,0.174204,0.000063,0.000026,10.000000,-133.000000,-45.000000,-0.381822,0.000007,0.000000,0.000000,0.000000,-0.639256,766.000000,0.000000,0.000000,0.000000,0.000000,31.679224,-166.666702,-180.325500,188.451172,229.464981,-0.000057,4.246488,9.176818,6590,-2,31,1
31.682156,0.008227,-0.184061,-1.765135,0.000020,0.229478,-0.728421,-0.000683,1.540482,0.511942,0.174211,0.000061,0.000025,10.000000,-133.000000,-45.000000,-0.381822,0.000007,0.000000,0.000000,0.000000,-0.639256,766.000000,0.000000,0.000000,0.000000,0.000000,31.681179,-166.666702,-180.325500,188.451172,229.464981,-0.000055,4.246494,9.176818,6590,-2,31,1
31.684111,0.008227,-0.183597,-1.766592,0.000019,0.232551,-0.727372,-0.000659,1.534642,0.528336,0.174217,0.000059,0.000025,10.000000,-133.000000,-45.000000,-0.381822,0.000007,0.000000,0.000000,0.000000,-0.639256,766.000000,0.000000,0.000000,0.000000,0.000000,31.683132,-166.666702,-180.325500,188.451172,229.464981,-0.000058,4.246482,9.176818,6590,-2,31,1
31.686064,0.008227,-0.183127,-1.768046,0.000017,0.235611,-0.726293,-0.000637,1.529095,0.543086,0.174224,0.000057,0.000024,10.000000,-133.000000,-45.000000,-0.381822,0.000007,0.000000,0.000000,0.000000,-0.639256,766.000000,0.000000,0.000000,0.000000,0.000000,31.685087,-166.666702,-180.325500,188.451172,229.464981,-0.000060,4.246476,9.176818,6590,-2,31,1
31.688019,0.008227,-0.182651,-1.769498,0.000016,0.238662,-0.725187,-0.000617,1.523815,0.556346,0.174230,0.000056,0.000024,10.000000,-133.000000,-45.000000,-0.381822,0.000007,0.000000,0.000000,0.000000,-0.639256,766.000000,0.000000,0.000000,0.000000,0.000000,31.687040,-166.666702,-180.325500,188.451172,229.464981,-0.000061,4.246474,9.176818,6590,-2,31,1
31.689972,0.008227,-0.182168,-1.770949,0.000015,0.241702,-0.724056,-0.000599,1.518777,0.568254,0.174236,0.000054,0.000024,10.000000,-133.000000,-45.000000,-0.381822,0.000007,0.000000,0.000000,0.000000,-0.639256,766.000000,0.000000,0.000000,0.000000,0.000000,31.688995,-166.666702,-180.325500,188.451172,229.464981,-0.000060,4.246477,9.176818,6590,-2,31,1
31.691925,0.008227,-0.181680,-1.772396,0.000014,0.244732,-0.722903,-0.000583,1.513959,0.578937,0.174243,0.000053,0.000023,10.000000,-133.000000,-45.000000,-0.381822,0.000007,0.000000,0.000000,0.000000,-0.639256,766.000000,0.000000,0.000000,0.000000,0.000000,31.690948,-166.666702,-180.325500,188.451172,229.464981,-0.000058,4.246483,9.176818,6590,-2,31,1
31.693880,0.008227,-0.181186,-1.773842,0.000013,0.247753,-0.721731,-0.000568,1.509341,0.588509,0.174249,0.000052,0.000023,10.000000,-133.000000,-45.000000,-0.381822,0.000007,0.000000,0.000000,0.000000,-0.639256,766.000000,0.000000,0.000000,0.000000,0.000000,31.692904,-166.666702,-180.325500,188.451172,229.464981,-0.000055,4.246494,9.176818,6590,-2,30,1
31.695833,0.008227,-0.180685,-1.775285,0.000011,0.250765,-0.720541,-0.000556,1.504905,0.597073,0.174255,0.000051,0.000023,10.000000,-133.000000,-45.000000,-0.381822,0.000007,0.000000,0.000000,0.000000,-0.639256,766.000000,0.000000,0.000000,0.000000,0.000000,31.694857,-166.666702,-180.325500,188.451172,229.464981,-0.000050,4.246508,9.176818,6590,-2,30,1
31.697788,0.008227,-0.180178,-1.776726,0.000010,0.253768,-0.719335,-0.000545,1.500634,0.604723,0.174261,0.000050,0.000022,10.000000,-133.000000,-45.000000,-0.381822,0.000007,0.000000,0.000000,0.000000,-0.639256,766.000000,0.000000,0.000000,0.000000,0.000000,31.696812,-166.666702,-180.325500,188.451172,229.464981,-0.000045,4.246525,9.176818,6590,-2,30,1
31.699741,0.008227,-0.179666,-1.778164,0.000009,0.256763,-0.718116,-0.000536,1.496512,0.611545,0.174266,0.000049,0.000022,10.000000,-133.000000,-45.000000,-0.381822,0.000007,0.000000,0.000000,0.000000,-0.639256,766.000000,0.000000,0.000000,0.000000,0.000000,31.698765,-166.666702,-180.325500,188.451172,229.464981,-0.000038,4.246545,9.176818,6590,-2,30,1
31.701696,0.008227,-0.179147,-1.779600,0.000008,0.259750,-0.716883,-0.000528,1.492527,0.617616,0.174272,0.000049,0.000022,10.000000,-133.000000,-45.000000,-0.381822,0.000007,0.000000,0.000000,0.000000,-0.639256,766.000000,0.000000,0.000000,0.000000,0.000000,31.700720,-166.666702,-180.325500,188.451172,229.464981,-0.000031,4.246568,9.176818,6590,-2,30,1
31.703650,0.008227,-0.178623,-1.781033,0.000007,0.262730,-0.715640,-0.000523,1.488665,0.623006,0.174277,0.000048,0.000022,10.000000,-133.000000,-45.000000,-0.381822,0.000007,0.000000,0.000000,0.000000,-0.639256,766.000000,0.000000,0.000000,0.000000,0.000000,31.702671,-166.666702,-180.325500,188.451172,229.464981,-0.000023,4.246593,9.176818,6590,-2,30,0
31.705605,0.008227,-0.178092,-1.782464,0.000006,0.265701,-0.714387,-0.000518,1.484918,0.627778,0.174283,0.000048,0.000022,10.000000,-133.000000,-45.000000,-0.381822,0.000007,0.000000,0.000000,0.000000,-0.639256,766.000000,0.000000,0.000000,0.000000,0.000000,31.704628,-166.666702,-180.325500,188.451172,229.464981,-0.000021,4.246599,9.176818,6590,-2,30,0
31.707558,0.008227,-0.177556,-1.783892,0.000005,0.268666,-0.713125,-0.000516,1.481270,0.631990,0.174288,0.000048,0.000022,10.000000,-133.000000,-45.000000,-0.381822,0.000007,0.000000,0.000000,0.000000,-0.639256,766.000000,0.000000,0.000000,0.000000,0.000000,31.706579,-166.666702,-180.325500,188.451172,229.464981,-0.000025,4.246587,9.176818,6590,-2,29,0
31.709513,0.008227,-0.177014,-1.785318,0.000004,0.271623,-0.711855,-0.000514,1.477716,0.635694,0.174292,0.000048,0.000022,10.000000,-133.000000,-45.000000,-0.381822,0.000007,0.000000,0.000000,0.000000,-0.639256,766.000000,0.000000,0.000000,0.000000,0.000000,31.708536,-166.666702,-180.325500,188.451172,229.464981,-0.000027,4.246580,9.176818,6590,-2,29,0
31.711466,0.008227,-0.176466,-1.786741,0.000003,0.274573,-0.710579,-0.000514,1.474246,0.638938,0.174297,0.000048,0.000022,10.000000,-133.000000,-45.000000,-0.381822,0.000007,0.000000,0.000000,0.000000,-0.639256,766.000000,0.000000,0.000000,0.000000,0.000000,31.710487,-166.666702,-180.325500,188.451172,229.464981,-0.000028,4.246578,9.176818,6590,-2,29,0
31.713421,0.008227,-0.175911,-1.788162,0.000002,0.277517,-0.709297,-0.000515,1.470853,0.641764,0.174302,0.000049,0.000022,10.000000,-133.000000,-45.000000,-0.381822,0.000007,0.000000,0.000000,0.000000,-0.639256,766.000000,0.000000,0.000000,0.000000,0.000000,31.712444,-166.666702,-180.325500,188.451172,229.464981,-0.000027,4.246580,9.176818,6590,-2,29,0
31.715374,0.008227,-0.175351,-1.789580,0.000001,0.280453,-0.708009,-0.000516,1.467530,0.644213,0.174306,0.000049,0.000022,10.000000,-133.000000,-45.000000,-0.381822,0.000007,0.000000,0.000000,0.000000,-0.639256,766.000000,0.000000,0.000000,0.000000,0.000000,31.714396,-166.666702,-180.325500,188.451172,229.464981,-0.000025,4.246587,9.176818,6590,-2,29,0
31.717327,0.008227,-0.174786,-1.790996,-0.000000,0.283383,-0.706718,-0.000519,1.464271,0.646319,0.174310,0.000049,0.000022,10.000000,-133.000000,-45.000000,-0.381822,0.000007,0.000000,0.000000,0.000000,-0.639256,766.000000,0.000000,0.000000,0.000000,0.000000,31.716352,-166.666702,-180.325500,188.451172,229.464981,-0.000022,4.246597,9.176818,6590,-2,29,0
31.719282,0.008227,-0.174214,-1.792408,-0.000001,0.286307,-0.705422,-0.000522,1.461070,0.648114,0.174314,0.000050,0.000022,10.000000,-133.000000,-45.000000,-0.381822,0.000007,0.000000,0.000000,0.000000,-0.639256,766.000000,0.000000,0.000000,0.000000,0.000000,31.718304,-166.666702,-180.325500,188.451172,229.464981,-0.000017,4.246611,9.176818,6590,-2,29,0
31.721235,0.008227,-0.173636,-1.793819,-0.000002,0.289225,-0.704124,-0.000526,1.457922,0.649628,0.174318,0.000050,0.000022,10.000000,-133.000000,-45.000000,-0.381822,0.000007,0.000000,0.000000,0.000000,-0.639256,766.000000,0.000000,0.000000,0.000000,0.000000,31.720261,-166.666702,-180.325500,188.451172,229.464981,-0.000012,4.246628,9.176818,6590,-2,29,0
31.723190,0.008227,-0.173053,-1.795227,-0.000003,0.292136,-0.702823,-0.000531,1.454822,0.650887,0.174321,0.000051,0.000022,10.000000,-133.000000,-45.000000,-0.381822,0.000007,0.000000,0.000000,0.000000,-0.639256,766.000000,0.000000,0.000000,0.000000,0.000000,31.722212,-166.666702,-180.325500,188.451172,229.464981,-0.000005,4.246649,9.176818,6590,-2,29,0
31.725143,0.008227,-0.172464,-1.796632,-0.000004,0.295041,-0.701519,-0.000536,1.451767,0.651915,0.174325,0.000052,0.000022,10.000000,-133.000000,-45.000000,-0.381822,0.000007,0.000000,0.000000,0.000000,-0.639256,766.000000,0.000000,0.000000,0.000000,0.000000,31.724169,-166.666702,-180.325500,188.451172,229.464981,0.000002,4.246672,9.176818,6590,-2,29,0
31.727098,0.008227,-0.171869,-1.798034,-0.000005,0.297940,-0.700214,-0.000541,1.448752,0.652733,0.174328,0.000052,0.000022,10.000000,-133.000000,-45.000000,-0.381822,0.000007,0.000000,0.000000,0.000000,-0.639256,766.000000,0.000000,0.000000,0.000000,0.000000,31.726120,-166.666702,-180.325500,188.451172,229.464981,0.000010,4.246697,9.176818,6590,-2,29,0
31.729052,0.008227,-0.171268,-1.799434,-0.000006,0.300833,-0.698908,-0.000547,1.445774,0.653361,0.174331,0.000053,0.000022,10.000000,-139.000000,-54.000000,-0.381822,0.000007,0.000000,0.000000,0.000000,-0.639256,688.000000,0.000000,0.000000,0.000000,0.000000,31.728077,-166.666702,-180.325500,188.451172,229.464981,0.000019,4.246726,9.176818,6590,-2,28,0
31.731007,0.008227,-0.170661,-1.800831,-0.000008,0.303720,-0.697600,-0.000553,1.442830,0.653816,0.174334,0.000054,0.000023,10.000000,-139.000000,-54.000000,-0.446483,-0.000002,0.000000,0.000000,0.067000,-0.823350,688.000000,0.000000,0.000000,0.000000,0.000000,31.730028,-134.328354,-148.255402,482.661896,318.470154,0.000029,3.491506,9.147090,6381,-2,28,0
31.732960,0.008227,-0.170049,-1.802226,-0.000009,0.306596,-0.696263,-0.000558,1.436079,0.675907,0.174337,0.000054,0.000023,10.000000,-139.000000,-54.000000,-0.446483,-0.000002,0.000000,0.000000,0.000000,-0.823350,688.000000,0.000000,0.000000,0.000000,0.000000,31.731983,-134.328354,-148.255402,482.661896,318.470154,0.000039,3.491538,9.147090,6381,-2,28,0
31.734915,0.008227,-0.169431,-1.803618,-0.000010,0.309457,-0.694871,-0.000563,1.428483,0.702814,0.174339,0.000055,0.000023,10.000000,-139.000000,-54.000000,-0.446483,-0.000002,0.000000,0.000000,0.000000,-0.823350,688.000000,0.000000,0.000000,0.000000,0.000000,31.733936,-134.328354,-148.255402,482.661896,318.470154,0.000051,3.491573,9.147090,6381,-2,28,0
31.736868,0.008227,-0.168807,-1.805007,-0.000011,0.312303,-0.693428,-0.000568,1.421360,0.727051,0.174341,0.000056,0.000023,10.000000,-139.000000,-54.000000,-0.446483,-0.000002,0.000000,0.000000,0.000000,-0.823350,688.000000,0.000000,0.000000,0.000000,0.000000,31.735891,-134.328354,-148.255402,482.661896,318.470154,0.000062,3.491610,9.147090,6381,-2,28,0
31.738823,0.008227,-0.168177,-1.806393,-0.000012,0.315136,-0.691941,-0.000573,1.414667,0.748866,0.174343,0.000057,0.000024,10.000000,-139.000000,-54.000000,-0.446483,-0.000002,0.000000,0.000000,0.000000,-0.823350,688.000000,0.000000,0.000000,0.000000,0.000000,31.737844,-134.328354,-148.255402,482.661896,318.470154,0.000074,3.491648,9.147090,6381,-2,28,0
31.740776,0.008227,-0.167542,-1.807776,-0.000013,0.317956,-0.690414,-0.000579,1.408364,0.768485,0.174345,0.000057,0.000024,10.000000,-139.000000,-54.000000,-0.446483,-0.000002,0.000000,0.000000,0.000000,-0.823350,688.000000,0.000000,0.000000,0.000000,0.000000,31.739799,-134.328354,-148.255402,482.661896,318.470154,0.000087,3.491689,9.147090,6381,-2,28,-1
31.742729,0.008227,-0.166902,-1.809155,-0.000014,0.320763,-0.688850,-0.000585,1.402416,0.786114,0.174347,0.000058,0.000024,10.000000,-139.000000,-54.000000,-0.446483,-0.000002,0.000000,0.000000,0.000000,-0.823350,688.000000,0.000000,0.000000,0.000000,0.000000,31.741753,-134.328354,-148.255402,482.661896,318.470154,0.000093,3.491708,9.147090,6381,-2,28,-1
31.744684,0.008227,-0.166255,-1.810532,-0.000016,0.323560,-0.687254,-0.000591,1.396788,0.801936,0.174348,0.000059,0.000025,10.000000,-139.000000,-54.000000,-0.446483,-0.000002,0.000000,0.000000,0.000000,-0.823350,688.000000,0.000000,0.000000,0.000000,0.000000,31.743708,-134.328354,-148.255402,482.661896,318.470154,0.000094,3.491708,9.147090,6381,-2,28,-1
31.746637,0.008227,-0.165603,-1.811906,-0.000017,0.326345,-0.685629,-0.000596,1.391451,0.816120,0.174349,0.000060,0.000025,10.000000,-139.000000,-54.000000,-0.446483,-0.000002,0.000000,0.000000,0.000000,-0.823350,688.000000,0.000000,0.000000,0.000000,0.000000,31.745661,-134.328354,-148.255402,482.661896,318.470154,0.000095,3.491713,9.147090,6381,-2,28,-1
31.748592,0.008227,-0.164946,-1.813276,-0.000018,0.329120,-0.683977,-0.000602,1.386378,0.828819,0.174350,0.000060,0.000025,10.000000,-139.000000,-54.000000,-0.446483,-0.000002,0.000000,0.000000,0.000000,-0.823350,688.000000,0.000000,0.000000,0.000000,0.000000,31.747616,-134.328354,-148.255402,482.661896,318.470154,0.000098,3.491722,9.147090,6381,-2,28,-1
31.750546,0.008227,-0.164283,-1.814643,-0.000019,0.331886,-0.682302,-0.000608,1.381546,0.840172,0.174351,0.000061,0.000026,10.000000,-139.000000,-54.000000,-0.446483,-0.000002,0.000000,0.000000,0.000000,-0.823350,688.000000,0.000000,0.000000,0.000000,0.000000,31.749569,-134.328354,-148.255402,482.661896,318.470154,0.000102,3.491735,9.147090,6381,-2,28,-1
31.752501,0.008227,-0.163614,-1.816006,-0.000020,0.334642,-0.680607,-0.000614,1.376931,0.850304,0.174352,0.000062,0.000026,10.000000,-139.000000,-54.000000,-0.446483,-0.000002,0.000000,0.000000,0.000000,-0.823350,688.000000,0.000000,0.000000,0.000000,0.000000,31.751524,-134.328354,-148.255402,482.661896,318.470154,0.000107,3.491752,9.147090,6381,-2,28,-2
31.754454,0.008227,-0.162940,-1.817366,-0.000022,0.337389,-0.678892,-0.000620,1.372516,0.859330,0.174352,0.000063,0.000026,10.000000,-139.000000,-54.000000,-0.446483,-0.000002,0.000000,0.000000,0.000000,-0.823350,688.000000,0.000000,0.000000,0.000000,0.000000,31.753475,-134.328354,-148.255402,482.661896,318.470154,0.000106,3.491749,9.147090,6381,-1,28,-2
31.756409,0.008227,-0.162260,-1.818723,-0.000023,0.340128,-0.677162,-0.000625,1.368279,0.867352,0.174352,0.000063,0.000027,10.000000,-139.000000,-54.000000,-0.446483,-0.000002,0.000000,0.000000,0.000000,-0.823350,688.000000,0.000000,0.000000,0.000000,0.000000,31.755432,-134.328354,-148.255402,482.661896,318.470154,0.000100,3.491729,9.147090,6381,-1,28,-2
31.758362,0.008227,-0.161575,-1.820076,-0.000024,0.342858,-0.675416,-0.000630,1.364205,0.874464,0.174352,0.000064,0.000027,10.000000,-139.000000,-54.000000,-0.446483,-0.000002,0.000000,0.000000,0.000000,-0.823350,688.000000,0.000000,0.000000,0.000000,0.000000,31.757383,-134.328354,-148.255402,482.661896,318.470154,0.000096,3.491714,9.147090,6381,-1,28,-2
31.760317,0.008227,-0.160885,-1.821425,-0.000025,0.345581,-0.673658,-0.000636,1.360280,0.880751,0.174351,0.000065,0.000027,10.000000,-139.000000,-54.000000,-0.446483,-0.000002,0.000000,0.000000,0.000000,-0.823350,688.000000,0.000000,0.000000,0.000000,0.000000,31.759340,-134.328354,-148.255402,482.661896,318.470154,0.000093,3.491706,9.147090,6381,-1,28,-2
31.762270,0.008227,-0.160189,-1.822771,-0.000027,0.348296,-0.671888,-0.000641,1.356489,0.886290,0.174350,0.000065,0.000028,10.000000,-139.000000,-54.000000,-0.446483,-0.000002,0.000000,0.000000,0.000000,-0.823350,688.000000,0.000000,0.000000,0.000000,0.000000,31.761292,-134.328354,-148.255402,482.661896,318.470154,0.000092,3.491703,9.147090,6381,-1,28,-2
31.764223,0.008227,-0.159488,-1.824114,-0.000028,0.351003,-0.670108,-0.000646,1.352821,0.891151,0.174350,0.000066,0.000028,10.000000,-139.000000,-54.000000,-0.446483,-0.000002,0.000000,0.000000,0.000000,-0.823350,688.000000,0.000000,0.000000,0.000000,0.000000,31.763248,-134.328354,-148.255402,482.661896,318.470154,0.000092,3.491704,9.147090,6381,-1,28,-3
31.766178,0.008226,-0.158781,-1.825453,-0.000029,0.353703,-0.668319,-0.000650,1.349267,0.895397,0.174349,0.000067,0.000028,10.000000,-139.000000,-54.000000,-0.446483,-0.000002,0.000000,0.000000,0.000000,-0.823350,688.000000,0.000000,0.000000,0.000000,0.000000,31.765200,-134.328354,-148.255402,482.661896,318.470154,0.000087,3.491687,9.147090,6381,-1,28,-3
31.768131,0.008226,-0.158069,-1.826788,-0.000031,0.356397,-0.666523,-0.000655,1.345813,0.899086,0.174347,0.000067,0.000028,10.000000,-139.000000,-54.000000,-0.446483,-0.000002,0.000000,0.000000,0.000000,-0.823350,688.000000,0.000000,0.000000,0.000000,0.000000,31.767157,-134.328354,-148.255402,482.661896,318.470154,0.000076,3.491653,9.147090,6381,-1,28,-3
31.770086,0.008226,-0.157351,-1.828120,-0.000032,0.359083,-0.664720,-0.000660,1.342450,0.902270,0.174346,0.000068,0.000029,10.000000,-139.000000,-54.000000,-0.446483,-0.000002,0.000000,0.000000,0.000000,-0.823350,688.000000,0.000000,0.000000,0.000000,0.000000,31.769108,-134.328354,-148.255402,482.661896,318.470154,0.000067,3.491626,9.147090,6381,-1,28,-3
31.772039,0.008226,-0.156628,-1.829448,-0.000033,0.361763,-0.662911,-0.000664,1.339172,0.904996,0.174344,0.000068,0.000029,10.000000,-139.000000,-54.000000,-0.446483,-0.000002,0.000000,0.000000,0.000000,-0.823350,688.000000,0.000000,0.000000,0.000000,0.000000,31.771065,-134.328354,-148.255402,482.661896,318.470154,0.000061,3.491606,9.147090,6381,0,28,-3
31.773994,0.008226,-0.155900,-1.830772,-0.000035,0.364437,-0.661097,-0.000669,1.335971,0.907307,0.174343,0.000069,0.000029,10.000000,-139.000000,-54.000000,-0.446483,-0.000002,0.000000,0.000000,0.000000,-0.823350,688.000000,0.000000,0.000000,0.000000,0.000000,31.773016,-134.328354,-148.255402,482.661896,318.470154,0.000056,3.491591,9.147090,6381,0,27,-3
31.775948,0.008226,-0.155166,-1.832093,-0.000036,0.367104,-0.659280,-0.000673,1.332839,0.909242,0.174341,0.000069,0.000029,10.000000,-139.000000,-54.000000,-0.446483,-0.000002,0.000000,0.000000,0.000000,-0.823350,688.000000,0.000000,0.000000,0.000000,0.000000,31.774973,-134.328354,-148.255402,482.661896,318.470154,0.000053,3.491581,9.147090,6381,0,27,-3
31.777903,0.008226,-0.154427,-1.833410,-0.000037,0.369765,-0.657459,-0.000677,1.329771,0.910836,0.174339,0.000070,0.000029,10.000000,-139.000000,-54.000000,-0.446483,-0.000002,0.000000,0.000000,0.000000,-0.823350,688.000000,0.000000,0.000000,0.000000,0.000000,31.776924,-134.328354,-148.255402,482.661896,318.470154,0.000052,3.491577,9.147090,6381,0,27,-4
31.779856,0.008226,-0.153683,-1.834723,-0.000039,0.372420,-0.655635,-0.000681,1.326763,0.912122,0.174337,0.000071,0.000030,10.000000,-139.000000,-54.000000,-0.446483,-0.000002,0.000000,0.000000,0.000000,-0.823350,688.000000,0.000000,0.000000,0.000000,0.000000,31.778879,-134.328354,-148.255402,482.661896,318.470154,0.000044,3.491554,9.147090,6381,0,27,-4
31.781811,0.008226,-0.152934,-1.836033,-0.000040,0.375069,-0.653809,-0.000684,1.323806,0.913128,0.174334,0.000071,0.000030,10.000000,-139.000000,-54.000000,-0.446483,-0.000002,0.000000,0.000000,0.000000,-0.823350,688.000000,0.000000,0.000000,0.000000,0.000000,31.780832,-134.328354,-148.255402,482.661896,318.470154,0.000032,3.491515,9.147090,6381,0,27,-4
31.783764,0.008226,-0.152179,-1.837339,-0.000041,0.377713,-0.651982,-0.000688,1.320898,0.913880,0.174332,0.000071,0.000030,10.000000,-139.000000,-54.000000,-0.446483,-0.000002,0.000000,0.000000,0.000000,-0.823350,688.000000,0.000000,0.000000,0.000000,0.000000,31.782787,-134.328354,-148.255402,482.661896,318.470154,0.000022,3.491483,9.147090,6381,0,27,-4
31.785719,0.008226,-0.151419,-1.838642,-0.000043,0.380350,-0.650154,-0.000690,1.318035,0.914403,0.174329,0.000072,0.000030,10.000000,-139.000000,-54.000000,-0.446483,-0.000002,0.000000,0.000000,0.000000,-0.823350,688.000000,0.000000,0.000000,0.000000,0.000000,31.784740,-134.328354,-148.255402,482.661896,318.470154,0.000014,3.491457,9.147090,6381,0,27,-4
31.787672,0.008226,-0.150653,-1.839941,-0.000044,0.382982,-0.648324,-0.000693,1.315212,0.914719,0.174327,0.000072,0.000030,10.000000,-139.000000,-54.000000,-0.446483,-0.000002,0.000000,0.000000,0.000000,-0.823350,688.000000,0.000000,0.000000,0.000000,0.000000,31.786695,-134.328354,-148.255402,482.661896,318.470154,0.000007,3.491438,9.147090,6381,0,27,-4
31.789625,0.008226,-0.149883,-1.841236,-0.000046,0.385608,-0.646495,-0.000695,1.312427,0.914846,0.174324,0.000073,0.000030,10.000000,-139.000000,-54.000000,-0.446483,-0.000002,0.000000,0.000000,0.000000,-0.823350,688.000000,0.000000,0.000000,0.000000,0.000000,31.788649,-134.328354,-148.255402,482.661896,318.470154,0.000003,3.491423,9.147090,6381,0,27,-4
31.791580,0.008225,-0.149107,-1.842528,-0.000047,0.388229,-0.644665,-0.000696,1.309676,0.914803,0.174321,0.000073,0.000030,10.000000,-139.000000,-54.000000,-0.446483,-0.000002,0.000000,0.000000,0.000000,-0.823350,688.000000,0.000000,0.000000,0.000000,0.000000,31.790604,-134.328354,-148.255402,482.661896,318.470154,-0.000000,3.491414,9.147090,6381,0,27,-4
31.793533,0.008225,-0.148325,-1.843815,-0.000048,0.390844,-0.642836,-0.000697,1.306957,0.914606,0.174318,0.000073,0.000030,10.000000,-139.000000,-54.000000,-0.446483,-0.000002,0.000000,0.000000,0.000000,-0.823350,688.000000,0.000000,0.000000,0.000000,0.000000,31.792557,-134.328354,-148.255402,482.661896,318.470154,-0.000002,3.491409,9.147090,6381,0,27,-4
31.795488,0.008225,-0.147539,-1.845100,-0.000050,0.393454,-0.641007,-0.000698,1.304267,0.914269,0.174316,0.000073,0.000030,10.000000,-139.000000,-54.000000,-0.446483,-0.000002,0.000000,0.000000,0.000000,-0.823350,688.000000,0.000000,0.000000,0.000000,0.000000,31.794512,-134.328354,-148.255402,482.661896,318.470154,-0.000002,3.491408,9.147090,6381,0,27,-5
31.797441,0.008225,-0.146747,-1.846380,-0.000051,0.396059,-0.639179,-0.000698,1.301606,0.913805,0.174313,0.000073,0.000030,10.000000,-139.000000,-54.000000,-0.446483,-0.000002,0.000000,0.000000,0.000000,-0.823350,688.000000,0.000000,0.000000,0.000000,0.000000,31.796465,-134.328354,-148.255402,482.661896,318.470154,-0.000008,3.491388,9.147090,6381,0,27,-5
31.799397,0.008225,-0.145951,-1.847657,-0.000052,0.398658,-0.637352,-0.000697,1.298967,0.913227,0.174310,0.000073,0.000030,10.000000,-139.000000,-54.000000,-0.446483,-0.000002,0.000000,0.000000,0.000000,-0.823350,688.000000,0.000000,0.000000,0.000000,0.000000,31.798420,-134.328354,-148.255402,482.661896,318.470154,-0.000020,3.491352,9.147090,6381,0,27,-5
31.801350,0.008225,-0.145149,-1.848930,-0.000054,0.401252,-0.635527,-0.000696,1.296351,0.912546,0.174307,0.000073,0.000030,10.000000,-139.000000,-54.000000,-0.446483,-0.000002,0.000000,0.000000,0.000000,-0.823350,688.000000,0.000000,0.000000,0.000000,0.000000,31.800371,-134.328354,-148.255402,482.661896,318.470154,-0.000029,3.491322,9.147090,6381,0,27,-5
31.803305,0.008225,-0.144341,-1.850200,-0.000055,0.403841,-0.633703,-0.000694,1.293757,0.911771,0.174304,0.000073,0.000030,10.000000,-139.000000,-54.000000,-0.446483,-0.000002,0.000000,0.000000,0.000000,-0.823350,688.000000,0.000000,0.000000,0.000000,0.000000,31.802328,-134.328354,-148.255402,482.661896,318.470154,-0.000037,3.491298,9.147090,6381,0,27,-5
31.805258,0.008225,-0.143529,-1.851466,-0.000057,0.406424,-0.631881,-0.000691,1.291182,0.910912,0.174301,0.000073,0.000030,10.000000,-139.000000,-54.000000,-0.446483,-0.000002,0.000000,0.000000,0.000000,-0.823350,688.000000,0.000000,0.000000,0.000000,0.000000,31.804279,-134.328354,-148.255402,482.661896,318.470154,-0.000043,3.491279,9.147090,6381,0,27,-5
31.807213,0.008225,-0.142712,-1.852728,-0.000058,0.409003,-0.630060,-0.000687,1.288625,0.909976,0.174297,0.000073,0.000030,10.000000,-145.000000,-62.000000,-0.446483,-0.000002,0.000000,0.000000,0.000000,-0.823350,638.000000,0.000000,0.000000,0.000000,0.000000,31.806236,-134.328354,-148.255402,482.661896,318.470154,-0.000047,3.491266,9.147090,6381,0,27,-5
31.809166,0.008225,-0.141889,-1.853987,-0.000059,0.411576,-0.628242,-0.000683,1.286085,0.908971,0.174294,0.000072,0.000030,10.000000,-145.000000,-62.000000,-0.464441,-0.000014,0.000000,0.000000,0.067000,-0.573819,638.000000,0.000000,0.000000,0.000000,0.000000,31.808187,-119.402931,-124.458679,222.767395,304.678711,-0.000050,2.930844,9.117089,6241,0,27,-5
31.811119,0.008224,-0.141061,-1.855242,-0.000061,0.414141,-0.626406,-0.000676,1.280990,0.922502,0.174291,0.000072,0.000029,10.000000,-145.000000,-62.000000,-0.464441,-0.000014,0.000000,0.000000,0.000000,-0.573819,638.000000,0.000000,0.000000,0.000000,0.000000,31.810144,-119.402931,-124.458679,222.767395,304.678711,-0.000052,2.930838,9.117089,6241,0,27,-5
31.813074,0.008224,-0.140228,-1.856493,-0.000062,0.416695,-0.624535,-0.000669,1.275326,0.939296,0.174288,0.000071,0.000029,10.000000,-145.000000,-62.000000,-0.464441,-0.000014,0.000000,0.000000,0.000000,-0.573819,638.000000,0.000000,0.000000,0.000000,0.000000,31.812096,-119.402931,-124.458679,222.767395,304.678711,-0.000053,2.930835,9.117089,6241,0,28,-5
31.815027,0.008224,-0.139390,-1.857741,-0.000063,0.419237,-0.622634,-0.000660,1.269975,0.954338,0.174285,0.000071,0.000029,10.000000,-145.000000,-62.000000,-0.464441,-0.000014,0.000000,0.000000,0.000000,-0.573819,638.000000,0.000000,0.000000,0.000000,0.000000,31.814053,-119.402931,-124.458679,222.767395,304.678711,-0.000053,2.930836,9.117089,6241,0,28,-5
31.816982,0.008224,-0.138547,-1.858984,-0.000065,0.421770,-0.620705,-0.000651,1.264909,0.967789,0.174281,0.000070,0.000029,10.000000,-145.000000,-62.000000,-0.464441,-0.000014,0.000000,0.000000,0.000000,-0.573819,638.000000,0.000000,0.000000,0.000000,0.000000,31.816004,-119.402931,-124.458679,222.767395,304.678711,-0.000051,2.930840,9.117089,6241,0,28,-5
31.818935,0.008224,-0.137699,-1.860224,-0.000066,0.424292,-0.618751,-0.000642,1.260102,0.979798,0.174278,0.000069,0.000029,10.000000,-145.000000,-62.000000,-0.464441,-0.000014,0.000000,0.000000,0.000000,-0.573819,638.000000,0.000000,0.000000,0.000000,0.000000,31.817961,-119.402931,-124.458679,222.767395,304.678711,-0.000049,2.930848,9.117089,6241,0,28,-5
31.820890,0.008224,-0.136845,-1.861460,-0.000067,0.426805,-0.616775,-0.000632,1.255530,0.990501,0.174275,0.000069,0.000028,10.000000,-145.000000,-62.000000,-0.464441,-0.000014,0.000000,0.000000,0.000000,-0.573819,638.000000,0.000000,0.000000,0.000000,0.000000,31.819912,-119.402931,-124.458679,222.767395,304.678711,-0.000046,2.930858,9.117089,6241,0,28,-5
31.822844,0.008224,-0.135987,-1.862691,-0.000069,0.429310,-0.614780,-0.000621,1.251172,1.000018,0.174271,0.000068,0.000028,10.000000,-145.000000,-62.000000,-0.464441,-0.000014,0.000000,0.000000,0.000000,-0.573819,638.000000,0.000000,0.000000,0.000000,0.000000,31.821869,-119.402931,-124.458679,222.767395,304.678711,-0.000041,2.930872,9.117089,6241,1,28,-6
31.824799,0.008223,-0.135124,-1.863919,-0.000070,0.431806,-0.612767,-0.000611,1.247009,1.008460,0.174268,0.000067,0.000028,10.000000,-145.000000,-62.000000,-0.464441,-0.000014,0.000000,0.000000,0.000000,-0.573819,638.000000,0.000000,0.000000,0.000000,0.000000,31.823820,-119.402931,-124.458679,222.767395,304.678711,-0.000044,2.930865,9.117089,6241,1,28,-6
31.826752,0.008223,-0.134256,-1.865143,-0.000071,0.434294,-0.610739,-0.000600,1.243021,1.015929,0.174265,0.000066,0.000028,10.000000,-145.000000,-62.000000,-0.464441,-0.000014,0.000000,0.000000,0.000000,-0.573819,638.000000,0.000000,0.000000,0.000000,0.000000,31.825775,-119.402931,-124.458679,222.767395,304.678711,-0.000052,2.930840,9.117089,6241,1,28,-6
31.828707,0.008223,-0.133383,-1.866363,-0.000072,0.436774,-0.608697,-0.000589,1.239194,1.022514,0.174261,0.000065,0.000027,10.000000,-145.000000,-62.000000,-0.464441,-0.000014,0.000000,0.000000,0.000000,-0.573819,638.000000,0.000000,0.000000,0.000000,0.000000,31.827728,-119.402931,-124.458679,222.767395,304.678711,-0.000058,2.930820,9.117089,6241,1,28,-6
31.830660,0.008223,-0.132505,-1.867578,-0.000073,0.439247,-0.606643,-0.000578,1.235512,1.028298,0.174258,0.000064,0.000027,10.000000,-145.000000,-62.000000,-0.464441,-0.000014,0.000000,0.000000,0.000000,-0.573819,638.000000,0.000000,0.000000,0.000000,0.000000,31.829683,-119.402931,-124.458679,222.767395,304.678711,-0.000063,2.930805,9.117089,6241,1,28,-6
31.832615,0.008223,-0.131621,-1.868789,-0.000074,0.441713,-0.604579,-0.000566,1.231964,1.033356,0.174255,0.000063,0.000027,10.000000,-145.000000,-62.000000,-0.464441,-0.000014,0.000000,0.000000,0.000000,-0.573819,638.000000,0.000000,0.000000,0.000000,0.000000,31.831636,-119.402931,-124.458679,222.767395,304.678711,-0.000066,2.930795,9.117089,6241,1,28,-6
31.834568,0.008223,-0.130733,-1.869997,-0.000076,0.444172,-0.602506,-0.000555,1.228537,1.037757,0.174251,0.000062,0.000026,10.000000,-145.000000,-62.000000,-0.464441,-0.000014,0.000000,0.000000,0.000000,-0.573819,638.000000,0.000000,0.000000,0.000000,0.000000,31.833591,-119.402931,-124.458679,222.767395,304.678711,-0.000068,2.930789,9.117089,6241,1,28,-6
31.836521,0.008223,-0.129841,-1.871200,-0.000077,0.446624,-0.600424,-0.000544,1.225220,1.041561,0.174248,0.000061,0.000026,10.000000,-145.000000,-62.000000,-0.464441,-0.000014,0.000000,0.000000,0.000000,-0.573819,638.000000,0.000000,0.000000,0.000000,0.000000,31.835545,-119.402931,-124.458679,222.767395,304.678711,-0.000068,2.930788,9.117089,6241,1,28,-6
31.838476,0.008222,-0.128943,-1.872399,-0.000078,0.449069,-0.598336,-0.000533,1.222003,1.044824,0.174245,0.000060,0.000026,10.000000,-145.000000,-62.000000,-0.464441,-0.000014,0.000000,0.000000,0.000000,-0.573819,638.000000,0.000000,0.000000,0.000000,0.000000,31.837500,-119.402931,-124.458679,222.767395,304.678711,-0.000068,2.930789,9.117089,6241,1,28,-6
31.840429,0.008222,-0.128040,-1.873593,-0.000079,0.451509,-0.596242,-0.000522,1.218878,1.047598,0.174242,0.000059,0.000025,10.000000,-145.000000,-62.000000,-0.464441,-0.000014,0.000000,0.000000,0.000000,-0.573819,638.000000,0.000000,0.000000,0.000000,0.000000,31.839453,-119.402931,-124.458679,222.767395,304.678711,-0.000066,2.930794,9.117089,6241,1,28,-6
31.842384,0.008222,-0.127132,-1.874784,-0.000080,0.453942,-0.594144,-0.000511,1.215836,1.049928,0.174239,0.000058,0.000025,10.000000,-145.000000,-62.000000,-0.464441,-0.000014,0.000000,0.000000,0.000000,-0.573819,638.000000,0.000000,0.000000,0.000000,0.000000,31.841408,-119.402931,-124.458679,222.767395,304.678711,-0.000063,2.930803,9.117089,6241,1,28,-6
31.844337,0.008222,-0.126220,-1.875970,-0.000081,0.456369,-0.592041,-0.000500,1.212871,1.051855,0.174236,0.000057,0.000025,10.000000,-145.000000,-62.000000,-0.464441,-0.000014,0.000000,0.000000,0.000000,-0.573819,638.000000,0.000000,0.000000,0.000000,0.000000,31.843361,-119.402931,-124.458679,222.767395,304.678711,-0.000060,2.930814,9.117089,6241,1,28,-6
31.846292,0.008222,-0.125303,-1.877152,-0.000082,0.458790,-0.589935,-0.000490,1.209975,1.053419,0.174233,0.000056,0.000025,10.000000,-145.000000,-62.000000,-0.464441,-0.000014,0.000000,0.000000,0.000000,-0.573819,638.000000,0.000000,0.000000,0.000000,0.000000,31.845316,-119.402931,-124.458679,222.767395,304.678711,-0.000055,2.930828,9.117089,6241,1,28,-6
31.848246,0.008222,-0.124381,-1.878330,-0.000083,0.461206,-0.587826,-0.000479,1.207143,1.054651,0.174230,0.000055,0.000024,10.000000,-145.000000,-62.000000,-0.464441,-0.000014,0.000000,0.000000,0.000000,-0.573819,638.000000,0.000000,0.000000,0.000000,0.000000,31.847267,-119.402931,-124.458679,222.767395,304.678711,-0.000050,2.930844,9.117089,6241,1,28,-6
31.850201,0.008221,-0.123454,-1.879504,-0.000084,0.463616,-0.585715,-0.000469,1.204368,1.055585,0.174227,0.000054,0.000024,10.000000,-145.000000,-62.000000,-0.464441,-0.000014,0.000000,0.000000,0.000000,-0.573819,638.000000,0.000000,0.000000,0.000000,0.000000,31.849224,-119.402931,-124.458679,222.767395,304.678711,-0.000044,2.930863,9.117089,6241,1,28,-6
31.852154,0.008221,-0.122522,-1.880673,-0.000085,0.466021,-0.583603,-0.000459,1.201647,1.056248,0.174224,0.000053,0.000024,10.000000,-145.000000,-62.000000,-0.464441,-0.000014,0.000000,0.000000,0.000000,-0.573819,638.000000,0.000000,0.000000,0.000000,0.000000,31.851175,-119.402931,-124.458679,222.767395,304.678711,-0.000038,2.930884,9.117089,6241,1,28,-6
31.854109,0.008221,-0.121585,-1.881839,-0.000086,0.468420,-0.581490,-0.000449,1.198975,1.056665,0.174221,0.000052,0.000024,10.000000,-145.000000,-62.000000,-0.464441,-0.000014,0.000000,0.000000,0.000000,-0.573819,638.000000,0.000000,0.000000,0.000000,0.000000,31.853132,-119.402931,-124.458679,222.767395,304.678711,-0.000030,2.930907,9.117089,6241,1,28,-6
31.856062,0.008221,-0.120644,-1.883000,-0.000086,0.470814,-0.579376,-0.000440,1.196347,1.056861,0.174219,0.000051,0.000023,10.000000,-145.000000,-62.000000,-0.464441,-0.000014,0.000000,0.000000,0.000000,-0.573819,638.000000,0.000000,0.000000,0.000000,0.000000,31.855083,-119.402931,-124.458679,222.767395,304.678711,-0.000022,2.930932,9.117089,6241,1,28,-7
31.858017,0.008221,-0.119698,-1.884156,-0.000087,0.473203,-0.577263,-0.000431,1.193762,1.056856,0.174216,0.000051,0.000023,10.000000,-145.000000,-62.000000,-0.464441,-0.000014,0.000000,0.000000,0.000000,-0.573819,638.000000,0.000000,0.000000,0.000000,0.000000,31.857040,-119.402931,-124.458679,222.767395,304.678711,-0.000021,2.930935,9.117089,6241,1,28,-7
31.859970,0.008221,-0.118747,-1.885309,-0.000088,0.475587,-0.575149,-0.000422,1.191212,1.056668,0.174214,0.000050,0.000023,10.000000,-145.000000,-62.000000,-0.464441,-0.000014,0.000000,0.000000,0.000000,-0.573819,638.000000,0.000000,0.000000,0.000000,0.000000,31.858992,-119.402931,-124.458679,222.767395,304.678711,-0.000026,2.930920,9.117089,6241,2,28,-7
31.861923,0.008220,-0.117791,-1.886457,-0.000089,0.477965,-0.573036,-0.000413,1.188697,1.056315,0.174211,0.000049,0.000023,10.000000,-145.000000,-62.000000,-0.464441,-0.000014,0.000000,0.000000,0.000000,-0.573819,638.000000,0.000000,0.000000,0.000000,0.000000,31.860949,-119.402931,-124.458679,222.767395,304.678711,-0.000029,2.930910,9.117089,6241,2,28,-7
31.863878,0.008220,-0.116831,-1.887601,-0.000090,0.480339,-0.570924,-0.000405,1.186214,1.055813,0.174209,0.000048,0.000023,10.000000,-145.000000,-62.000000,-0.464441,-0.000014,0.000000,0.000000,0.000000,-0.573819,638.000000,0.000000,0.000000,0.000000,0.000000,31.862900,-119.402931,-124.458679,222.767395,304.678711,-0.000031,2.930904,9.117089,6241,2,28,-7
31.865831,0.008220,-0.115865,-1.888741,-0.000091,0.482708,-0.568814,-0.000397,1.183761,1.055176,0.174207,0.000047,0.000022,10.000000,-149.000000,-68.000000,-0.464441,-0.000014,0.000000,0.000000,0.000000,-0.573819,578.000000,0.000000,0.000000,0.000000,0.000000,31.864857,-119.402931,-124.458679,222.767395,304.678711,-0.000032,2.930902,9.117089,6241,2,28,-7
31.867786,0.008220,-0.114896,-1.889876,-0.000091,0.485072,-0.566704,-0.000388,1.181335,1.054417,0.174204,0.000047,0.000022,10.000000,-149.000000,-68.000000,-0.504448,-0.000022,0.000000,0.000000,0.066000,-0.766998,578.000000,0.000000,0.000000,0.000000,0.000000,31.866808,-90.909111,-96.873360,431.724640,347.279358,-0.000031,2.281271,9.102879,6116,2,28,-7
31.869740,0.008220,-0.113921,-1.891008,-0.000092,0.487428,-0.564579,-0.000380,1.176641,1.066582,0.174203,0.000046,0.000022,10.000000,-149.000000,-68.000000,-0.504448,-0.000022,0.000000,0.000000,0.000000,-0.766998,578.000000,0.000000,0.000000,0.000000,0.000000,31.868765,-90.909111,-96.873360,431.724640,347.279358,-0.000030,2.281275,9.102879,6116,2,28,-7
31.871695,0.008220,-0.112942,-1.892135,-0.000093,0.489773,-0.562424,-0.000371,1.171449,1.081613,0.174201,0.000045,0.000022,10.000000,-149.000000,-68.000000,-0.504448,-0.000022,0.000000,0.000000,0.000000,-0.766998,578.000000,0.000000,0.000000,0.000000,0.000000,31.870716,-90.909111,-96.873360,431.724640,347.279358,-0.000028,2.281281,9.102879,6116,1,28,-7
31.873648,0.008219,-0.111957,-1.893258,-0.000094,0.492109,-0.560240,-0.000363,1.166547,1.095032,0.174199,0.000045,0.000022,10.000000,-149.000000,-68.000000,-0.504448,-0.000022,0.000000,0.000000,0.000000,-0.766998,578.000000,0.000000,0.000000,0.000000,0.000000,31.872671,-90.909111,-96.873360,431.724640,347.279358,-0.000025,2.281291,9.102879,6116,1,28,-7
31.875603,0.008219,-0.110969,-1.894376,-0.000094,0.494435,-0.558032,-0.000355,1.161908,1.106991,0.174198,0.000044,0.000021,10.000000,-149.000000,-68.000000,-0.504448,-0.000022,0.000000,0.000000,0.000000,-0.766998,578.000000,0.000000,0.000000,0.000000,0.000000,31.874624,-90.909111,-96.873360,431.724640,347.279358,-0.000021,2.281303,9.102879,6116,1,28,-7
31.877556,0.008219,-0.109975,-1.895490,-0.000095,0.496752,-0.555802,-0.000347,1.157508,1.117627,0.174196,0.000043,0.000021,10.000000,-149.000000,-68.000000,-0.504448,-0.000022,0.000000,0.000000,0.000000,-0.766998,578.000000,0.000000,0.000000,0.000000,0.000000,31.876579,-90.909111,-96.873360,431.724640,347.279358,-0.000016,2.281318,9.102879,6116,1,28,-7
31.879511,0.008219,-0.108977,-1.896599,-0.000096,0.499061,-0.553552,-0.000339,1.153326,1.127062,0.174195,0.000043,0.000021,10.000000,-149.000000,-68.000000,-0.504448,-0.000022,0.000000,0.000000,0.000000,-0.766998,578.000000,0.000000,0.000000,0.000000,0.000000,31.878532,-90.909111,-96.873360,431.724640,347.279358,-0.000010,2.281336,9.102879,6116,1,27,-7
31.881464,0.008219,-0.107975,-1.897704,-0.000096,0.501361,-0.551285,-0.000332,1.149342,1.135409,0.174194,0.000042,0.000021,10.000000,-149.000000,-68.000000,-0.504448,-0.000022,0.000000,0.000000,0.000000,-0.766998,578.000000,0.000000,0.000000,0.000000,0.000000,31.880487,-90.909111,-96.873360,431.724640,347.279358,-0.000004,2.281356,9.102879,6116,1,27,-8
31.883417,0.008218,-0.106968,-1.898804,-0.000097,0.503654,-0.549003,-0.000325,1.145540,1.142769,0.174194,0.000041,0.000021,10.000000,-149.000000,-68.000000,-0.504448,-0.000022,0.000000,0.000000,0.000000,-0.766998,578.000000,0.000000,0.000000,0.000000,0.000000,31.882441,-90.909111,-96.873360,431.724640,347.279358,-0.000004,2.281355,9.102879,6116,1,27,-8
31.885372,0.008218,-0.105956,-1.899900,-0.000098,0.505940,-0.546708,-0.000319,1.141899,1.149234,0.174193,0.000041,0.000021,10.000000,-149.000000,-68.000000,-0.504448,-0.000022,0.000000,0.000000,0.000000,-0.766998,578.000000,0.000000,0.000000,0.000000,0.000000,31.884396,-90.909111,-96.873360,431.724640,347.279358,-0.000010,2.281335,9.102879,6116,1,27,-8
31.887325,0.008218,-0.104940,-1.900991,-0.000098,0.508218,-0.544401,-0.000313,1.138407,1.154890,0.174193,0.000040,0.000021,10.000000,-149.000000,-68.000000,-0.504448,-0.000022,0.000000,0.000000,0.000000,-0.766998,578.000000,0.000000,0.000000,0.000000,0.000000,31.886349,-90.909111,-96.873360,431.724640,347.279358,-0.000015,2.281320,9.102879,6116,1,27,-8
31.889280,0.008218,-0.103919,-1.902077,-0.000099,0.510490,-0.542084,-0.000307,1.135050,1.159810,0.174192,0.000040,0.000021,10.000000,-149.000000,-68.000000,-0.504448,-0.000022,0.000000,0.000000,0.000000,-0.766998,578.000000,0.000000,0.000000,0.000000,0.000000,31.888304,-90.909111,-96.873360,431.724640,347.279358,-0.000018,2.281310,9.102879,6116,1,27,-8
31.891233,0.008218,-0.102893,-1.903159,-0.000099,0.512755,-0.539758,-0.000301,1.131817,1.164064,0.174192,0.000039,0.000020,10.000000,-149.000000,-68.000000,-0.504448,-0.000022,0.000000,0.000000,0.000000,-0.766998,578.000000,0.000000,0.000000,0.000000,0.000000,31.890257,-90.909111,-96.873360,431.724640,347.279358,-0.000020,2.281305,9.102879,6116,1,27,-8
31.893188,0.008217,-0.101863,-1.904236,-0.000100,0.515014,-0.537424,-0.000295,1.128696,1.167714,0.174192,0.000039,0.000020,10.000000,-149.000000,-68.000000,-0.504448,-0.000022,0.000000,0.000000,0.000000,-0.766998,578.000000,0.000000,0.000000,0.000000,0.000000,31.892212,-90.909111,-96.873360,431.724640,347.279358,-0.000021,2.281303,9.102879,6116,1,27,-8
31.895142,0.008217,-0.100829,-1.905309,-0.000101,0.517267,-0.535084,-0.000289,1.125677,1.170818,0.174192,0.000038,0.000020,10.000000,-149.000000,-68.000000,-0.504448,-0.000022,0.000000,0.000000,0.000000,-0.766998,578.000000,0.000000,0.000000,0.000000,0.000000,31.894163,-90.909111,-96.873360,431.724640,347.279358,-0.000020,2.281305,9.102879,6116,1,27,-8
31.897097,0.008217,-0.099790,-1.906376,-0.000101,0.519514,-0.532738,-0.000283,1.122751,1.173426,0.174193,0.000037,0.000020,10.000000,-149.000000,-68.000000,-0.504448,-0.000022,0.000000,0.000000,0.000000,-0.766998,578.000000,0.000000,0.000000,0.000000,0.000000,31.896120,-90.909111,-96.873360,431.724640,347.279358,-0.000018,2.281310,9.102879,6116,1,27,-8
31.899050,0.008217,-0.098747,-1.907439,-0.000102,0.521755,-0.530388,-0.000277,1.119909,1.175585,0.174193,0.000037,0.000020,10.000000,-149.000000,-68.000000,-0.504448,-0.000022,0.000000,0.000000,0.000000,-0.766998,578.000000,0.000000,0.000000,0.000000,0.000000,31.898071,-90.909111,-96.873360,431.724640,347.279358,-0.000016,2.281319,9.102879,6116,1,27,-8
31.901005,0.008217,-0.097699,-1.908498,-0.000102,0.523991,-0.528034,-0.000270,1.117146,1.177336,0.174194,0.000036,0.000020,10.000000,-149.000000,-68.000000,-0.504448,-0.000022,0.000000,0.000000,0.000000,-0.766998,578.000000,0.000000,0.000000,0.000000,0.000000,31.900028,-90.909111,-96.873360,431.724640,347.279358,-0.000012,2.281330,9.102879,6116,1,27,-8
31.902958,0.008216,-0.096646,-1.909551,-0.000103,0.526221,-0.525678,-0.000264,1.114452,1.178718,0.174194,0.000036,0.000020,10.000000,-149.000000,-68.000000,-0.504448,-0.000022,0.000000,0.000000,0.000000,-0.766998,578.000000,0.000000,0.000000,0.000000,0.000000,31.901979,-90.909111,-96.873360,431.724640,347.279358,-0.000007,2.281344,9.102879,6116,1,27,-8
31.904911,0.008216,-0.095590,-1.910600,-0.000103,0.528446,-0.523318,-0.000258,1.111824,1.179766,0.174195,0.000035,0.000020,10.000000,-149.000000,-68.000000,-0.504448,-0.000022,0.000000,0.000000,0.000000,-0.766998,578.000000,0.000000,0.000000,0.000000,0.000000,31.903936,-90.909111,-96.873360,431.724640,347.279358,-0.000002,2.281361,9.102879,6116,1,27,-9
31.906866,0.008216,-0.094528,-1.911644,-0.000104,0.530666,-0.520958,-0.000251,1.109256,1.180512,0.174196,0.000034,0.000019,10.000000,-149.000000,-68.000000,-0.504448,-0.000022,0.000000,0.000000,0.000000,-0.766998,578.000000,0.000000,0.000000,0.000000,0.000000,31.905888,-90.909111,-96.873360,431.724640,347.279358,-0.000004,2.281357,9.102879,6116,0,27,-9
31.908819,0.008216,-0.093463,-1.912684,-0.000104,0.532881,-0.518596,-0.000244,1.106740,1.180985,0.174197,0.000034,0.000019,10.000000,-149.000000,-68.000000,-0.504448,-0.000022,0.000000,0.000000,0.000000,-0.766998,578.000000,0.000000,0.000000,0.000000,0.000000,31.907845,-90.909111,-96.873360,431.724640,347.279358,-0.000011,2.281334,9.102879,6116,0,27,-9
31.910774,0.008216,-0.092392,-1.913718,-0.000105,0.535090,-0.516234,-0.000237,1.104273,1.181208,0.174198,0.000033,0.000019,10.000000,-149.000000,-68.000000,-0.504448,-0.000022,0.000000,0.000000,0.000000,-0.766998,578.000000,0.000000,0.000000,0.000000,0.000000,31.909796,-90.909111,-96.873360,431.724640,347.279358,-0.000016,2.281316,9.102879,6116,0,27,-9
31.912727,0.008215,-0.091318,-1.914748,-0.000105,0.537295,-0.513871,-0.000230,1.101851,1.181208,0.174199,0.000032,0.000019,10.000000,-149.000000,-68.000000,-0.504448,-0.000022,0.000000,0.000000,0.000000,-0.766998,578.000000,0.000000,0.000000,0.000000,0.000000,31.911753,-90.909111,-96.873360,431.724640,347.279358,-0.000021,2.281303,9.102879,6116,0,27,-9
31.914682,0.008215,-0.090239,-1.915774,-0.000106,0.539495,-0.511509,-0.000222,1.099470,1.181003,0.174200,0.000032,0.000019,10.000000,-149.000000,-68.000000,-0.504448,-0.000022,0.000000,0.000000,0.000000,-0.766998,578.000000,0.000000,0.000000,0.000000,0.000000,31.913704,-90.909111,-96.873360,431.724640,347.279358,-0.000023,2.281295,9.102879,6116,0,28,-9
31.916636,0.008215,-0.089155,-1.916794,-0.000106,0.541691,-0.509148,-0.000214,1.097126,1.180616,0.174202,0.000031,0.000019,10.000000,-149.000000,-68.000000,-0.504448,-0.000022,0.000000,0.000000,0.000000,-0.766998,578.000000,0.000000,0.000000,0.000000,0.000000,31.915661,-90.909111,-96.873360,431.724640,347.279358,-0.000025,2.281290,9.102879,6116,0,28,-9
31.918591,0.008215,-0.088068,-1.917810,-0.000107,0.543882,-0.506787,-0.000206,1.094818,1.180061,0.174203,0.000030,0.000018,10.000000,-149.000000,-68.000000,-0.504448,-0.000022,0.000000,0.000000,0.000000,-0.766998,578.000000,0.000000,0.000000,0.000000,0.000000,31.917612,-90.909111,-96.873360,431.724640,347.279358,-0.000025,2.281289,9.102879,6116,0,28,-9
31.920544,0.008214,-0.086976,-1.918821,-0.000107,0.546068,-0.504428,-0.000198,1.092541,1.179356,0.174204,0.000029,0.000018,10.000000,-149.000000,-68.000000,-0.504448,-0.000022,0.000000,0.000000,0.000000,-0.766998,578.000000,0.000000,0.000000,0.000000,0.000000,31.919567,-90.909111,-96.873360,431.724640,347.279358,-0.000024,2.281292,9.102879,6116,0,28,-9
31.922499,0.008214,-0.085879,-1.919827,-0.000107,0.548250,-0.502071,-0.000189,1.090293,1.178514,0.174206,0.000028,0.000018,10.000000,-149.000000,-68.000000,-0.504448,-0.000022,0.000000,0.000000,0.000000,-0.766998,578.000000,0.000000,0.000000,0.000000,0.000000,31.921520,-90.909111,-96.873360,431.724640,347.279358,-0.000022,2.281298,9.102879,6116,0,28,-9
31.924452,0.008214,-0.084778,-1.920829,-0.000108,0.550427,-0.499715,-0.000181,1.088071,1.177549,0.174208,0.000027,0.000018,10.000000,-153.000000,-73.000000,-0.504448,-0.000022,0.000000,0.000000,0.000000,-0.766998,538.000000,0.000000,0.000000,0.000000,0.000000,31.923475,-90.909111,-96.873360,431.724640,347.279358,-0.000020,2.281307,9.102879,6116,0,28,-9
31.926407,0.008214,-0.083673,-1.921826,-0.000108,0.552600,-0.497362,-0.000173,1.085874,1.176473,0.174209,0.000027,0.000018,10.000000,-153.000000,-73.000000,-0.509687,-0.000026,0.000000,0.000000,0.067000,-0.544900,538.000000,0.000000,0.000000,0.000000,0.000000,31.925428,-74.626900,-75.157722,243.018188,322.665985,-0.000016,1.769915,9.083059,6031,0,28,-9
31.928360,0.008214,-0.082563,-1.922818,-0.000108,0.554766,-0.494999,-0.000165,1.082140,1.184159,0.174211,0.000026,0.000017,10.000000,-153.000000,-73.000000,-0.509687,-0.000026,0.000000,0.000000,0.000000,-0.544900,538.000000,0.000000,0.000000,0.000000,0.000000,31.927383,-74.626900,-75.157722,243.018188,322.665985,-0.000012,1.769927,9.083059,6031,0,28,-9
31.930313,0.008213,-0.081450,-1.923805,-0.000109,0.556924,-0.492616,-0.000156,1.078072,1.193770,0.174213,0.000025,0.000017,10.000000,-153.000000,-73.000000,-0.509687,-0.000026,0.000000,0.000000,0.000000,-0.544900,538.000000,0.000000,0.000000,0.000000,0.000000,31.929337,-74.626900,-75.157722,243.018188,322.665985,-0.000007,1.769941,9.083059,6031,0,28,-10
31.932268,0.008213,-0.080331,-1.924788,-0.000109,0.559075,-0.490215,-0.000148,1.074207,1.202266,0.174214,0.000024,0.000017,10.000000,-153.000000,-73.000000,-0.509687,-0.000026,0.000000,0.000000,0.000000,-0.544900,538.000000,0.000000,0.000000,0.000000,0.000000,31.931292,-74.626900,-75.157722,243.018188,322.665985,-0.000010,1.769934,9.083059,6031,0,28,-10
31.934221,0.008213,-0.079209,-1.925766,-0.000109,0.561217,-0.487799,-0.000141,1.070523,1.209748,0.174216,0.000023,0.000017,10.000000,-153.000000,-73.000000,-0.509687,-0.000026,0.000000,0.000000,0.000000,-0.544900,538.000000,0.000000,0.000000,0.000000,0.000000,31.933245,-74.626900,-75.157722,243.018188,322.665985,-0.000018,1.769908,9.083059,6031,0,28,-10
31.936176,0.008213,-0.078082,-1.926739,-0.000110,0.563353,-0.485370,-0.000134,1.067005,1.216314,0.174218,0.000023,0.000017,10.000000,-153.000000,-73.000000,-0.509687,-0.000026,0.000000,0.000000,0.000000,-0.544900,538.000000,0.000000,0.000000,0.000000,0.000000,31.935200,-74.626900,-75.157722,243.018188,322.665985,-0.000024,1.769888,9.083059,6031,0,28,-10
31.938129,0.008213,-0.076951,-1.927707,-0.000110,0.565482,-0.482929,-0.000127,1.063637,1.222048,0.174220,0.000022,0.000017,10.000000,-153.000000,-73.000000,-0.509687,-0.000026,0.000000,0.000000,0.000000,-0.544900,538.000000,0.000000,0.000000,0.000000,0.000000,31.937153,-74.626900,-75.157722,243.018188,322.665985,-0.000029,1.769872,9.083059,6031,0,28,-10
31.940084,0.008212,-0.075816,-1.928670,-0.000110,0.567604,-0.480477,-0.000120,1.060407,1.227028,0.174222,0.000021,0.000016,10.000000,-153.000000,-73.000000,-0.509687,-0.000026,0.000000,0.000000,0.000000,-0.544900,538.000000,0.000000,0.000000,0.000000,0.000000,31.939108,-74.626900,-75.157722,243.018188,322.665985,-0.000033,1.769861,9.083059,6031,0,28,-10
31.942038,0.008212,-0.074676,-1.929628,-0.000110,0.569721,-0.478016,-0.000114,1.057302,1.231325,0.174224,0.000021,0.000016,10.000000,-153.000000,-73.000000,-0.509687,-0.000026,0.000000,0.000000,0.000000,-0.544900,538.000000,0.000000,0.000000,0.000000,0.000000,31.941059,-74.626900,-75.157722,243.018188,322.665985,-0.000035,1.769854,9.083059,6031,0,28,-10
31.943993,0.008212,-0.073533,-1.930581,-0.000111,0.571831,-0.475548,-0.000108,1.054311,1.235003,0.174225,0.000020,0.000016,10.000000,-153.000000,-73.000000,-0.509687,-0.000026,0.000000,0.000000,0.000000,-0.544900,538.000000,0.000000,0.000000,0.000000,0.000000,31.943016,-74.626900,-75.157722,243.018188,322.665985,-0.000036,1.769851,9.083059,6031,0,28,-10
31.945946,0.008212,-0.072385,-1.931530,-0.000111,0.573935,-0.473073,-0.000103,1.051422,1.238119,0.174227,0.000020,0.000016,10.000000,-153.000000,-73.000000,-0.509687,-0.000026,0.000000,0.000000,0.000000,-0.544900,538.000000,0.000000,0.000000,0.000000,0.000000,31.944967,-74.626900,-75.157722,243.018188,322.665985,-0.000036,1.769852,9.083059,6031,0,28,-10
31.947901,0.008211,-0.071232,-1.932473,-0.000111,0.576034,-0.470593,-0.000098,1.048628,1.240727,0.174229,0.000019,0.000016,10.000000,-153.000000,-73.000000,-0.509687,-0.000026,0.000000,0.000000,0.000000,-0.544900,538.000000,0.000000,0.000000,0.000000,0.000000,31.946924,-74.626900,-75.157722,243.018188,322.665985,-0.000035,1.769855,9.083059,6031,0,28,-10
31.949854,0.008211,-0.070076,-1.933411,-0.000111,0.578127,-0.468108,-0.000093,1.045919,1.242875,0.174231,0.000019,0.000016,10.000000,-153.000000,-73.000000,-0.509687,-0.000026,0.000000,0.000000,0.000000,-0.544900,538.000000,0.000000,0.000000,0.000000,0.000000,31.948875,-74.626900,-75.157722,243.018188,322.665985,-0.000033,1.769862,9.083059,6031,0,27,-10
31.951809,0.008211,-0.068915,-1.934345,-0.000111,0.580215,-0.465620,-0.000089,1.043288,1.244604,0.174233,0.000018,0.000016,10.000000,-153.000000,-73.000000,-0.509687,-0.000026,0.000000,0.000000,0.000000,-0.544900,538.000000,0.000000,0.000000,0.000000,0.000000,31.950832,-74.626900,-75.157722,243.018188,322.665985,-0.000030,1.769871,9.083059,6031,0,27,-10
31.953762,0.008211,-0.067751,-1.935273,-0.000111,0.582297,-0.463129,-0.000085,1.040729,1.245956,0.174235,0.000018,0.000015,10.000000,-153.000000,-73.000000,-0.509687,-0.000026,0.000000,0.000000,0.000000,-0.544900,538.000000,0.000000,0.000000,0.000000,0.000000,31.952784,-74.626900,-75.157722,243.018188,322.665985,-0.000026,1.769883,9.083059,6031,0,27,-10
31.955715,0.008211,-0.066582,-1.936197,-0.000112,0.584375,-0.460635,-0.000081,1.038233,1.246965,0.174237,0.000018,0.000015,10.000000,-153.000000,-73.000000,-0.509687,-0.000026,0.000000,0.000000,0.000000,-0.544900,538.000000,0.000000,0.000000,0.000000,0.000000,31.954741,-74.626900,-75.157722,243.018188,322.665985,-0.000021,1.769898,9.083059,6031,0,27,-10
31.957670,0.008210,-0.065409,-1.937115,-0.000112,0.586448,-0.458140,-0.000078,1.035797,1.247663,0.174239,0.000017,0.000015,10.000000,-153.000000,-73.000000,-0.509687,-0.000026,0.000000,0.000000,0.000000,-0.544900,538.000000,0.000000,0.000000,0.000000,0.000000,31.956692,-74.626900,-75.157722,243.018188,322.665985,-0.000016,1.769914,9.083059,6031,0,27,-10
31.959623,0.008210,-0.064232,-1.938029,-0.000112,0.588516,-0.455644,-0.000075,1.033415,1.248081,0.174241,0.000017,0.000015,10.000000,-153.000000,-73.000000,-0.509687,-0.000026,0.000000,0.000000,0.000000,-0.544900,538.000000,0.000000,0.000000,0.000000,0.000000,31.958649,-74.626900,-75.157722,243.018188,322.665985,-0.000010,1.769933,9.083059,6031,0,27,-10
31.961578,0.008210,-0.063050,-1.938937,-0.000112,0.590579,-0.453148,-0.000072,1.031082,1.248244,0.174243,0.000017,0.000015,10.000000,-153.000000,-73.000000,-0.509687,-0.000026,0.000000,0.000000,0.000000,-0.544900,538.000000,0.000000,0.000000,0.000000,0.000000,31.960600,-74.626900,-75.157722,243.018188,322.665985,-0.000003,1.769954,9.083059,6031,0,27,-11
31.963531,0.008210,-0.061865,-1.939840,-0.000112,0.592638,-0.450651,-0.000070,1.028796,1.248176,0.174245,0.000017,0.000015,10.000000,-153.000000,-73.000000,-0.509687,-0.000026,0.000000,0.000000,0.000000,-0.544900,538.000000,0.000000,0.000000,0.000000,0.000000,31.962557,-74.626900,-75.157722,243.018188,322.665985,-0.000004,1.769953,9.083059,6031,0,27,-11
31.965487,0.008209,-0.060675,-1.940739,-0.000112,0.594692,-0.448155,-0.000068,1.026548,1.247900,0.174247,0.000016,0.000015,10.000000,-153.000000,-73.000000,-0.509687,-0.000026,0.000000,0.000000,0.000000,-0.544900,538.000000,0.000000,0.000000,0.000000,0.000000,31.964508,-74.626900,-75.157722,243.018188,322.665985,-0.000010,1.769933,9.083059,6031,0,27,-11
31.967440,0.008209,-0.059482,-1.941632,-0.000113,0.596742,-0.445660,-0.000066,1.024339,1.247434,0.174249,0.000016,0.000015,10.000000,-153.000000,-73.000000,-0.509687,-0.000026,0.000000,0.000000,0.000000,-0.544900,538.000000,0.000000,0.000000,0.000000,0.000000,31.966463,-74.626900,-75.157722,243.018188,322.665985,-0.000015,1.769918,9.083059,6031,0,27,-11
31.969395,0.008209,-0.058284,-1.942521,-0.000113,0.598787,-0.443166,-0.000064,1.022164,1.246798,0.174251,0.000016,0.000015,10.000000,-153.000000,-73.000000,-0.509687,-0.000026,0.000000,0.000000,0.000000,-0.544900,538.000000,0.000000,0.000000,0.000000,0.000000,31.968416,-74.626900,-75.157722,243.018188,322.665985,-0.000018,1.769907,9.083059,6031,0,27,-11
31.971348,0.008209,-0.057082,-1.943404,-0.000113,0.600829,-0.440674,-0.000063,1.020020,1.246006,0.174254,0.000016,0.000015,10.000000,-153.000000,-73.000000,-0.509687,-0.000026,0.000000,0.000000,0.000000,-0.544900,538.000000,0.000000,0.000000,0.000000,0.000000,31.970371,-74.626900,-75.157722,243.018188,322.665985,-0.000020,1.769900,9.083059,6031,0,27,-11
31.973303,0.008208,-0.055876,-1.944283,-0.000113,0.602865,-0.438183,-0.000061,1.017905,1.245076,0.174256,0.000016,0.000015,10.000000,-153.000000,-73.000000,-0.509687,-0.000026,0.000000,0.000000,0.000000,-0.544900,538.000000,0.000000,0.000000,0.000000,0.000000,31.972324,-74.626900,-75.157722,243.018188,322.665985,-0.000021,1.769898,9.083059,6031,0,27,-11
31.975256,0.008208,-0.054666,-1.945156,-0.000113,0.604898,-0.435695,-0.000060,1.015817,1.244019,0.174258,0.000016,0.000015,10.000000,-153.000000,-73.000000,-0.509687,-0.000026,0.000000,0.000000,0.000000,-0.544900,538.000000,0.000000,0.000000,0.000000,0.000000,31.974279,-74.626900,-75.157722,243.018188,322.665985,-0.000021,1.769898,9.083059,6031,0,27,-11
31.977209,0.008208,-0.053452,-1.946025,-0.000113,0.606927,-0.433208,-0.000059,1.013753,1.242848,0.174260,0.000016,0.000015,10.000000,-153.000000,-73.000000,-0.509687,-0.000026,0.000000,0.000000,0.000000,-0.544900,538.000000,0.000000,0.000000,0.000000,0.000000,31.976233,-74.626900,-75.157722,243.018188,322.665985,-0.000020,1.769902,9.083059,6031,0,27,-11
31.979164,0.008208,-0.052234,-1.946888,-0.000113,0.608951,-0.430725,-0.000058,1.011711,1.241573,0.174262,0.000016,0.000015,10.000000,-153.000000,-73.000000,-0.509687,-0.000026,0.000000,0.000000,0.000000,-0.544900,538.000000,0.000000,0.000000,0.000000,0.000000,31.978188,-74.626900,-75.157722,243.018188,322.665985,-0.000018,1.769909,9.083059,6031,0,27,-11
31.981117,0.008208,-0.051012,-1.947747,-0.000113,0.610971,-0.428244,-0.000056,1.009690,1.240206,0.174264,0.000015,0.000015,10.000000,-153.000000,-73.000000,-0.509687,-0.000026,0.000000,0.000000,0.000000,-0.544900,538.000000,0.000000,0.000000,0.000000,0.000000,31.980141,-74.626900,-75.157722,243.018188,322.665985,-0.000015,1.769918,9.083059,6031,0,27,-11
31.983072,0.008207,-0.049786,-1.948601,-0.000113,0.612988,-0.425765,-0.000055,1.007688,1.238755,0.174266,0.000015,0.000014,10.000000,-153.000000,-73.000000,-0.509687,-0.000026,0.000000,0.000000,0.000000,-0.544900,538.000000,0.000000,0.000000,0.000000,0.000000,31.982096,-74.626900,-75.157722,243.018188,322.665985,-0.000011,1.769930,9.083059,6031,0,27,-11
31.985025,0.008207,-0.048555,-1.949449,-0.000114,0.615000,-0.423290,-0.000054,1.005704,1.237228,0.174268,0.000015,0.000014,10.000000,-153.000000,-73.000000,-0.509687,-0.000026,0.000000,0.000000,0.000000,-0.544900,538.000000,0.000000,0.000000,0.000000,0.000000,31.984049,-74.626900,-75.157722,243.018188,322.665985,-0.000006,1.769945,9.083059,6031,0,27,-11
31.986980,0.008207,-0.047321,-1.950293,-0.000114,0.617009,-0.420818,-0.000052,1.003735,1.235632,0.174270,0.000015,0.000014,10.000000,-153.000000,-73.000000,-0.509687,-0.000026,0.000000,0.000000,0.000000,-0.544900,538.000000,0.000000,0.000000,0.000000,0.000000,31.986004,-74.626900,-75.157722,243.018188,322.665985,-0.000001,1.769962,9.083059,6031,0,27,-11
31.988934,0.008207,-0.046083,-1.951132,-0.000114,0.619013,-0.418349,-0.000051,1.001782,1.233975,0.174272,0.000015,0.000014,10.000000,-153.000000,-73.000000,-0.509687,-0.000026,0.000000,0.000000,0.000000,-0.544900,538.000000,0.000000,0.000000,0.000000,0.000000,31.987955,-74.626900,-75.157722,243.018188,322.665985,0.000005,1.769981,9.083059,6031,0,27,-12
31.990889,0.008206,-0.044841,-1.951966,-0.000114,0.621014,-0.415884,-0.000049,0.999845,1.232262,0.174274,0.000015,0.000014,10.000000,-153.000000,-73.000000,-0.509687,-0.000026,0.000000,0.000000,0.000000,-0.544900,538.000000,0.000000,0.000000,0.000000,0.000000,31.989912,-74.626900,-75.157722,243.018188,322.665985,0.000004,1.769978,9.083059,6031,0,27,-12
31.992842,0.008206,-0.043594,-1.952794,-0.000114,0.623011,-0.413422,-0.000047,0.997919,1.230499,0.174276,0.000014,0.000014,10.000000,-153.000000,-73.000000,-0.509687,-0.000026,0.000000,0.000000,0.000000,-0.544900,538.000000,0.000000,0.000000,0.000000,0.000000,31.991863,-74.626900,-75.157722,243.018188,322.665985,-0.000003,1.769956,9.083059,6031,0,27,-12
31.994797,0.008206,-0.042344,-1.953618,-0.000114,0.625004,-0.410964,-0.000045,0.996004,1.228691,0.174278,0.000014,0.000014,10.000000,-153.000000,-73.000000,-0.509687,-0.000026,0.000000,0.000000,0.000000,-0.544900,538.000000,0.000000,0.000000,0.000000,0.000000,31.993820,-74.626900,-75.157722,243.018188,322.665985,-0.000008,1.769939,9.083059,6031,-1,27,-12
31.996750,0.008206,-0.041090,-1.954437,-0.000114,0.626993,-0.408509,-0.000043,0.994101,1.226843,0.174281,0.000014,0.000014,10.000000,-153.000000,-73.000000,-0.509687,-0.000026,0.000000,0.000000,0.000000,-0.544900,538.000000,0.000000,0.000000,0.000000,0.000000,31.995771,-74.626900,-75.157722,243.018188,322.665985,-0.000012,1.769927,9.083059,6031,-1,27,-12
31.998705,0.008206,-0.039832,-1.955252,-0.000114,0.628978,-0.406058,-0.000041,0.992209,1.224959,0.174283,0.000014,0.000014,10.000000,-153.000000,-73.000000,-0.509687,-0.000026,0.000000,0.000000,0.000000,-0.544900,538.000000,0.000000,0.000000,0.000000,0.000000,31.997728,-74.626900,-75.157722,243.018188,322.665985,-0.000015,1.769918,9.083059,6031,-1,27,-12
32.000656,0.008205,-0.038569,-1.956061,-0.000114,0.630960,-0.403611,-0.000039,0.990326,1.223042,0.174285,0.000014,0.000014,10.000000,-153.000000,-73.000000,-0.509687,-0.000026,0.000000,0.000000,0.000000,-0.544900,538.000000,0.000000,0.000000,0.000000,0.000000,31.999680,-74.626900,-75.157722,243.018188,322.665985,-0.000016,1.769914,9.083059,6031,-1,27,-12
32.002613,0.008205,-0.037303,-1.956865,-0.000114,0.632938,-0.401168,-0.000037,0.988453,1.221095,0.174287,0.000013,0.000014,10.000000,-157.000000,-74.000000,-0.509687,-0.000026,0.000000,0.000000,0.000000,-0.544900,498.000000,0.000000,0.000000,0.000000,0.000000,32.001637,-74.626900,-75.157722,243.018188,322.665985,-0.000016,1.769912,9.083059,6031,-1,27,-12
32.004566,0.008205,-0.036033,-1.957665,-0.000114,0.634912,-0.398729,-0.000035,0.986587,1.219123,0.174289,0.000013,0.000014,10.000000,-157.000000,-74.000000,-0.519424,-0.000027,0.000000,0.000000,0.067000,-0.587835,498.000000,0.000000,0.000000,0.000000,0.000000,32.003590,-14.925366,-29.877024,891.067261,491.156982,-0.000016,0.703554,9.063060,5924,-877,27,-12
32.006519,0.008205,-0.034759,-1.958459,-0.000115,0.636879,-0.396279,-0.000032,0.982766,1.228284,0.174287,0.000013,0.000014,10.000000,-157.000000,-74.000000,-0.519424,-0.000027,0.000000,0.000000,0.000000,-0.587835,498.000000,0.000000,0.000000,0.000000,0.000000,32.005543,-14.925366,-29.877024,891.067261,491.156982,-0.000032,0.703502,9.063060,5924,-876,27,-12
32.008472,0.008204,-0.033481,-1.959249,-0.000115,0.638838,-0.393804,-0.000029,0.978433,1.239950,0.174274,0.000013,0.000014,10.000000,-157.000000,-74.000000,-0.519424,-0.000027,0.000000,0.000000,0.000000,-0.587835,498.000000,0.000000,0.000000,0.000000,0.000000,32.007496,-14.925366,-29.877024,891.067261,491.156982,-0.000081,0.703351,9.063060,5924,-873,27,-12
32.010429,0.008204,-0.032199,-1.960034,-0.000115,0.640789,-0.391309,-0.000026,0.974183,1.250268,0.174238,0.000012,0.000013,10.000000,-157.000000,-74.000000,-0.519424,-0.000027,0.000000,0.000000,0.000000,-0.587835,498.000000,0.000000,0.000000,0.000000,0.000000,32.009453,-14.925366,-29.877024,891.067261,491.156982,-0.000145,0.703148,9.063060,5924,-866,27,-12
32.012383,0.008204,-0.030914,-1.960813,-0.000115,0.642731,-0.388794,-0.000023,0.969920,1.259350,0.174173,0.000012,0.000013,10.000000,-157.000000,-74.000000,-0.519424,-0.000027,0.000000,0.000000,0.000000,-0.587835,498.000000,0.000000,0.000000,0.000000,0.000000,32.011402,-14.925366,-29.877024,891.067261,491.156982,-0.000224,0.702900,9.063060,5924,-856,27,-12
32.014336,0.008204,-0.029624,-1.961588,-0.000115,0.644664,-0.386264,-0.000020,0.965555,1.267294,0.174071,0.000012,0.000012,10.000000,-157.000000,-74.000000,-0.519424,-0.000027,0.000000,0.000000,0.000000,-0.587835,498.000000,0.000000,0.000000,0.000000,0.000000,32.013359,-14.925366,-29.877024,891.067261,491.156982,-0.000317,0.702610,9.063060,5924,-842,27,-12
32.016289,0.008203,-0.028330,-1.962357,-0.000115,0.646589,-0.383719,-0.000017,0.961013,1.274192,0.173925,0.000012,0.000011,10.000000,-157.000000,-74.000000,-0.519424,-0.000027,0.000000,0.000000,0.000000,-0.587835,498.000000,0.000000,0.000000,0.000000,0.000000,32.015312,-14.925366,-29.877024,891.067261,491.156982,-0.000420,0.702285,9.063060,5924,-826,27,-12
32.018246,0.008203,-0.027033,-1.963122,-0.000115,0.648503,-0.381161,-0.000014,0.956223,1.280128,0.173730,0.000012,0.000010,10.000000,-157.000000,-74.000000,-0.519424,-0.000027,0.000000,0.000000,0.000000,-0.587835,498.000000,0.000000,0.000000,0.000000,0.000000,32.017269,-14.925366,-29.877024,891.067261,491.156982,-0.000534,0.701929,9.063060,5924,-808,27,-12
32.020199,0.008203,-0.025732,-1.963881,-0.000115,0.650408,-0.378593,-0.000011,0.951125,1.285176,0.173480,0.000012,0.000008,10.000000,-157.000000,-74.000000,-0.519424,-0.000027,0.000000,0.000000,0.000000,-0.587835,498.000000,0.000000,0.000000,0.000000,0.000000,32.019218,-14.925366,-29.877024,891.067261,491.156982,-0.000655,0.701546,9.063060,5924,-787,27,-11
32.022152,0.008203,-0.024427,-1.964635,-0.000115,0.652302,-0.376016,-0.000008,0.945665,1.289405,0.173172,0.000012,0.000007,10.000000,-157.000000,-74.000000,-0.519424,-0.000027,0.000000,0.000000,0.000000,-0.587835,498.000000,0.000000,0.000000,0.000000,0.000000,32.021175,-14.925366,-29.877024,891.067261,491.156982,-0.000777,0.701165,9.063060,5924,-764,27,-11
32.024105,0.008203,-0.023118,-1.965384,-0.000115,0.654185,-0.373432,-0.000005,0.939800,1.292879,0.172802,0.000012,0.000005,10.000000,-157.000000,-74.000000,-0.519424,-0.000027,0.000000,0.000000,0.000000,-0.587835,498.000000,0.000000,0.000000,0.000000,0.000000,32.023129,-14.925366,-29.877024,891.067261,491.156982,-0.000897,0.700786,9.063060,5924,-738,27,-10
32.026058,0.008202,-0.021806,-1.966128,-0.000115,0.656055,-0.370842,-0.000002,0.933488,1.295654,0.172367,0.000012,0.000003,10.000000,-157.000000,-74.000000,-0.519424,-0.000027,0.000000,0.000000,0.000000,-0.587835,498.000000,0.000000,0.000000,0.000000,0.000000,32.025085,-14.925366,-29.877024,891.067261,491.156982,-0.001015,0.700415,9.063060,5924,-715,27,-10
32.028015,0.008202,-0.020489,-1.966866,-0.000115,0.657912,-0.368248,0.000001,0.926701,1.297786,0.171864,0.000012,0.000000,10.000000,-157.000000,-74.000000,-0.519424,-0.000027,0.000000,0.000000,0.000000,-0.587835,498.000000,0.000000,0.000000,0.000000,0.000000,32.027035,-14.925366,-29.877024,891.067261,491.156982,-0.001131,0.700052,9.063060,5924,-686,27,-9
32.029968,0.008202,-0.019170,-1.967600,-0.000115,0.659755,-0.365650,0.000004,0.919405,1.299322,0.171291,0.000012,-0.000002,10.000000,-157.000000,-74.000000,-0.519424,-0.000027,0.000000,0.000000,0.000000,-0.587835,498.000000,0.000000,0.000000,0.000000,0.000000,32.028992,-14.925366,-29.877024,891.067261,491.156982,-0.001244,0.699699,9.063060,5924,-655,27,-8
32.031921,0.008202,-0.017846,-1.968328,-0.000115,0.661582,-0.363050,0.000006,0.911584,1.300308,0.170647,0.000012,-0.000005,10.000000,-157.000000,-74.000000,-0.519424,-0.000027,0.000000,0.000000,0.000000,-0.587835,498.000000,0.000000,0.000000,0.000000,0.000000,32.030945,-14.925366,-29.877024,891.067261,491.156982,-0.001345,0.699381,9.063060,5924,-623,27,-8
32.033875,0.008201,-0.016519,-1.969051,-0.000115,0.663392,-0.360448,0.000009,0.903220,1.300785,0.169931,0.000012,-0.000008,10.000000,-157.000000,-74.000000,-0.519424,-0.000027,0.000000,0.000000,0.000000,-0.587835,498.000000,0.000000,0.000000,0.000000,0.000000,32.032902,-14.925366,-29.877024,891.067261,491.156982,-0.001442,0.699075,9.063060,5924,-589,27,-7
32.035831,0.008201,-0.015188,-1.969768,-0.000115,0.665186,-0.357847,0.000012,0.894300,1.300792,0.169142,0.000012,-0.000011,10.000000,-157.000000,-74.000000,-0.519424,-0.000027,0.000000,0.000000,0.000000,-0.587835,498.000000,0.000000,0.000000,0.000000,0.000000,32.034851,-14.925366,-29.877024,891.067261,491.156982,-0.001535,0.698783,9.063060,5924,-554,27,-6
32.037785,0.008201,-0.013854,-1.970481,-0.000115,0.666960,-0.355246,0.000014,0.884817,1.300365,0.168281,0.000013,-0.000014,10.000000,-157.000000,-74.000000,-0.519424,-0.000027,0.000000,0.000000,0.000000,-0.587835,498.000000,0.000000,0.000000,0.000000,0.000000,32.036808,-14.925366,-29.877024,891.067261,491.156982,-0.001616,0.698531,9.063060,5924,-518,27,-5
32.039738,0.008201,-0.012516,-1.971188,-0.000115,0.668715,-0.352646,0.000017,0.874769,1.299537,0.167348,0.000013,-0.000018,10.000000,-157.000000,-74.000000,-0.519424,-0.000027,0.000000,0.000000,0.000000,-0.587835,498.000000,0.000000,0.000000,0.000000,0.000000,32.038761,-14.925366,-29.877024,891.067261,491.156982,-0.001683,0.698320,9.063060,5924,-481,27,-3
32.041691,0.008200,-0.011174,-1.971890,-0.000115,0.670448,-0.350049,0.000019,0.864155,1.298340,0.166344,0.000013,-0.000021,10.000000,-157.000000,-74.000000,-0.519424,-0.000027,0.000000,0.000000,0.000000,-0.587835,498.000000,0.000000,0.000000,0.000000,0.000000,32.040714,-14.925366,-29.877024,891.067261,491.156982,-0.001730,0.698172,9.063060,5924,-444,27,-2
32.043648,0.008200,-0.009830,-1.972587,-0.000115,0.672160,-0.347454,0.000022,0.852985,1.296802,0.165269,0.000014,-0.000025,10.000000,-157.000000,-74.000000,-0.519424,-0.000027,0.000000,0.000000,0.000000,-0.587835,498.000000,0.000000,0.000000,0.000000,0.000000,32.042667,-14.925366,-29.877024,891.067261,491.156982,-0.001757,0.698086,9.063060,5924,-406,27,-1
32.045601,0.008200,-0.008481,-1.973279,-0.000115,0.673848,-0.344864,0.000024,0.841263,1.294952,0.164126,0.000014,-0.000028,10.000000,-157.000000,-74.000000,-0.519424,-0.000027,0.000000,0.000000,0.000000,-0.587835,498.000000,0.000000,0.000000,0.000000,0.000000,32.044624,-14.925366,-29.877024,891.067261,491.156982,-0.001773,0.698036,9.063060,5924,-367,27,0
32.047554,0.008200,-0.007130,-1.973965,-0.000115,0.675513,-0.342277,0.000026,0.829001,1.292815,0.162916,0.000014,-0.000032,10.000000,-157.000000,-74.000000,-0.519424,-0.000027,0.000000,0.000000,0.000000,-0.587835,498.000000,0.000000,0.000000,0.000000,0.000000,32.046577,-14.925366,-29.877024,891.067261,491.156982,-0.001777,0.698025,9.063060,5924,-329,27,1
32.049507,0.008200,-0.005775,-1.974647,-0.000115,0.677151,-0.339695,0.000028,0.816215,1.290415,0.161640,0.000014,-0.000035,10.000000,-157.000000,-74.000000,-0.519424,-0.000027,0.000000,0.000000,0.000000,-0.587835,498.000000,0.000000,0.000000,0.000000,0.000000,32.048531,-14.925366,-29.877024,891.067261,491.156982,-0.001768,0.698053,9.063060,5924,-290,27,2
32.051460,0.008199,-0.004417,-1.975323,-0.000114,0.678764,-0.337118,0.000031,0.802919,1.287775,0.160303,0.000015,-0.000039,10.000000,-157.000000,-74.000000,-0.519424,-0.000027,0.000000,0.000000,0.000000,-0.587835,498.000000,0.000000,0.000000,0.000000,0.000000,32.050484,-14.925366,-29.877024,891.067261,491.156982,-0.001747,0.698118,9.063060,5924,-251,27,3
32.053417,0.008199,-0.003056,-1.975994,-0.000114,0.680349,-0.334547,0.000033,0.789134,1.284918,0.158905,0.000015,-0.000042,10.000000,-157.000000,-74.000000,-0.519424,-0.000027,0.000000,0.000000,0.000000,-0.587835,498.000000,0.000000,0.000000,0.000000,0.000000,32.052441,-14.925366,-29.877024,891.067261,491.156982,-0.001714,0.698222,9.063060,5924,-212,27,4
32.055370,0.008199,-0.001691,-1.976660,-0.000114,0.681906,-0.331981,0.000035,0.774881,1.281863,0.157450,0.000015,-0.000045,10.000000,-157.000000,-74.000000,-0.519424,-0.000027,0.000000,0.000000,0.000000,-0.587835,498.000000,0.000000,0.000000,0.000000,0.000000,32.054394,-14.925366,-29.877024,891.067261,491.156982,-0.001668,0.698366,9.063060,5924,-174,27,6
32.057323,0.008199,-0.000324,-1.977321,-0.000114,0.683434,-0.329422,0.000037,0.760181,1.278628,0.155941,0.000015,-0.000049,10.000000,-157.000000,-74.000000,-0.519424,-0.000027,0.000000,0.000000,0.000000,-0.587835,498.000000,0.000000,0.000000,0.000000,0.000000,32.056347,-14.925366,-29.877024,891.067261,491.156982,-0.001602,0.698574,9.063060,5924,-136,27,7
32.059277,0.008198,0.001047,-1.977976,-0.000114,0.684932,-0.326870,0.000039,0.745065,1.275235,0.154380,0.000016,-0.000052,10.000000,-157.000000,-74.000000,-0.519424,-0.000027,0.000000,0.000000,0.000000,-0.587835,498.000000,0.000000,0.000000,0.000000,0.000000,32.058300,-14.925366,-29.877024,891.067261,491.156982,-0.001516,0.698843,9.063060,5924,-98,27,8
32.061234,0.008198,0.002420,-1.978627,-0.000114,0.686399,-0.324325,0.000041,0.729556,1.271698,0.152772,0.000016,-0.000054,10.000000,-161.000000,-72.000000,-0.519424,-0.000027,0.000000,0.000000,0.000000,-0.587835,478.000000,0.000000,0.000000,0.000000,0.000000,32.060257,-14.925366,-29.877024,891.067261,491.156982,-0.001418,0.699150,9.063060,5924,-61,27,9
32.063187,0.008198,0.003797,-1.979272,-0.000114,0.687834,-0.321787,0.000042,0.713683,1.268035,0.151120,0.000016,-0.000057,10.000000,-161.000000,-72.000000,-0.494690,-0.000027,0.000000,0.000000,0.066000,-0.313730,478.000000,0.000000,0.000000,0.000000,0.000000,32.062206,30.303038,17.277325,685.278992,563.716248,-0.001309,-0.410991,9.042879,5899,-1120,27,10
32.065140,0.008198,0.005176,-1.979913,-0.000114,0.689236,-0.319253,0.000044,0.697079,1.266877,0.149422,0.000016,-0.000059,10.000000,-161.000000,-72.000000,-0.494690,-0.000027,0.000000,0.000000,0.000000,-0.313730,478.000000,0.000000,0.000000,0.000000,0.000000,32.064163,30.303038,17.277325,685.278992,563.716248,-0.001210,-0.410679,9.042879,5899,-1080,27,11
32.067093,0.008198,0.006558,-1.980548,-0.000114,0.690605,-0.316720,0.000046,0.680002,1.266207,0.147672,0.000016,-0.000062,10.000000,-161.000000,-72.000000,-0.494690,-0.000027,0.000000,0.000000,0.000000,-0.313730,478.000000,0.000000,0.000000,0.000000,0.000000,32.066116,30.303038,17.277325,685.278992,563.716248,-0.001138,-0.410454,9.042879,5899,-1041,27,12
32.069050,0.008197,0.007942,-1.981178,-0.000114,0.691939,-0.314189,0.000048,0.662519,1.265124,0.145861,0.000016,-0.000064,10.000000,-161.000000,-72.000000,-0.494690,-0.000027,0.000000,0.000000,0.000000,-0.313730,478.000000,0.000000,0.000000,0.000000,0.000000,32.068073,30.303038,17.277325,685.278992,563.716248,-0.001075,-0.410258,9.042879,5899,-999,27,13
32.071003,0.008197,0.009329,-1.981804,-0.000114,0.693237,-0.311661,0.000051,0.644564,1.263655,0.143983,0.000016,-0.000066,10.000000,-161.000000,-72.000000,-0.494690,-0.000027,0.000000,0.000000,0.000000,-0.313730,478.000000,0.000000,0.000000,0.000000,0.000000,32.070023,30.303038,17.277325,685.278992,563.716248,-0.001020,-0.410083,9.042879,5899,-955,27,14
32.072956,0.008197,0.010719,-1.982424,-0.000114,0.694499,-0.309137,0.000053,0.626080,1.261828,0.142033,0.000016,-0.000068,10.000000,-161.000000,-72.000000,-0.494690,-0.000027,0.000000,0.000000,0.000000,-0.313730,478.000000,0.000000,0.000000,0.000000,0.000000,32.071980,30.303038,17.277325,685.278992,563.716248,-0.000969,-0.409922,9.042879,5899,-907,27,15
32.074909,0.008197,0.012111,-1.983039,-0.000113,0.695722,-0.306616,0.000055,0.607019,1.259670,0.140007,0.000015,-0.000070,10.000000,-161.000000,-72.000000,-0.494690,-0.000027,0.000000,0.000000,0.000000,-0.313730,478.000000,0.000000,0.000000,0.000000,0.000000,32.073933,30.303038,17.277325,685.278992,563.716248,-0.000920,-0.409771,9.042879,5899,-858,27,16
32.076862,0.008196,0.013506,-1.983649,-0.000113,0.696907,-0.304101,0.000057,0.587346,1.257205,0.137900,0.000015,-0.000071,10.000000,-161.000000,-72.000000,-0.494690,-0.000027,0.000000,0.000000,0.000000,-0.313730,478.000000,0.000000,0.000000,0.000000,0.000000,32.075890,30.303038,17.277325,685.278992,563.716248,-0.000873,-0.409622,9.042879,5899,-807,27,16
32.078819,0.008196,0.014903,-1.984254,-0.000113,0.698051,-0.301590,0.000060,0.567032,1.254460,0.135712,0.000015,-0.000073,10.000000,-161.000000,-72.000000,-0.494690,-0.000027,0.000000,0.000000,0.000000,-0.313730,478.000000,0.000000,0.000000,0.000000,0.000000,32.077839,30.303038,17.277325,685.278992,563.716248,-0.000832,-0.409494,9.042879,5899,-754,27,17
32.080772,0.008196,0.016302,-1.984854,-0.000113,0.699154,-0.299086,0.000062,0.546054,1.251456,0.133440,0.000015,-0.000075,10.000000,-161.000000,-72.000000,-0.494690,-0.000027,0.000000,0.000000,0.000000,-0.313730,478.000000,0.000000,0.000000,0.000000,0.000000,32.079796,30.303038,17.277325,685.278992,563.716248,-0.000796,-0.409381,9.042879,5899,-699,27,18
32.082726,0.008196,0.017703,-1.985449,-0.000113,0.700213,-0.296588,0.000065,0.524399,1.248217,0.131083,0.000014,-0.000076,10.000000,-161.000000,-72.000000,-0.494690,-0.000027,0.000000,0.000000,0.000000,-0.313730,478.000000,0.000000,0.000000,0.000000,0.000000,32.081749,30.303038,17.277325,685.278992,563.716248,-0.000755,-0.409253,9.042879,5899,-644,28,18
32.084679,0.008195,0.019107,-1.986039,-0.000113,0.701229,-0.294097,0.000069,0.502063,1.244766,0.128642,0.000014,-0.000078,10.000000,-161.000000,-72.000000,-0.494690,-0.000027,0.000000,0.000000,0.000000,-0.313730,478.000000,0.000000,0.000000,0.000000,0.000000,32.083706,30.303038,17.277325,685.278992,563.716248,-0.000717,-0.409131,9.042879,5899,-587,28,19
32.086636,0.008195,0.020512,-1.986624,-0.000113,0.702199,-0.291612,0.000072,0.479042,1.241124,0.126116,0.000014,-0.000079,10.000000,-161.000000,-72.000000,-0.494690,-0.000027,0.000000,0.000000,0.000000,-0.313730,478.000000,0.000000,0.000000,0.000000,0.000000,32.085655,30.303038,17.277325,685.278992,563.716248,-0.000678,-0.409010,9.042879,5899,-530,28,20
32.088589,0.008195,0.021919,-1.987204,-0.000113,0.703121,-0.289136,0.000075,0.455344,1.237313,0.123508,0.000013,-0.000081,10.000000,-161.000000,-72.000000,-0.494690,-0.000027,0.000000,0.000000,0.000000,-0.313730,478.000000,0.000000,0.000000,0.000000,0.000000,32.087612,30.303038,17.277325,685.278992,563.716248,-0.000630,-0.408859,9.042879,5899,-473,28,20
32.090542,0.008195,0.023328,-1.987779,-0.000112,0.703995,-0.286667,0.000079,0.430981,1.233352,0.120818,0.000013,-0.000082,10.000000,-161.000000,-72.000000,-0.494690,-0.000027,0.000000,0.000000,0.000000,-0.313730,478.000000,0.000000,0.000000,0.000000,0.000000,32.089565,30.303038,17.277325,685.278992,563.716248,-0.000579,-0.408700,9.042879,5899,-415,28,21
32.092495,0.008195,0.024739,-1.988350,-0.000112,0.704820,-0.284207,0.000083,0.405967,1.229260,0.118049,0.000012,-0.000083,10.000000,-161.000000,-72.000000,-0.494690,-0.000027,0.000000,0.000000,0.000000,-0.313730,478.000000,0.000000,0.000000,0.000000,0.000000,32.091518,30.303038,17.277325,685.278992,563.716248,-0.000524,-0.408526,9.042879,5899,-357,28,21
32.094452,0.008194,0.026151,-1.988915,-0.000112,0.705593,-0.281754,0.000086,0.380324,1.225058,0.115203,0.000011,-0.000084,10.000000,-161.000000,-72.000000,-0.494690,-0.000027,0.000000,0.000000,0.000000,-0.313730,478.000000,0.000000,0.000000,0.000000,0.000000,32.093472,30.303038,17.277325,685.278992,563.716248,-0.000463,-0.408335,9.042879,5899,-299,28,22
32.096405,0.008194,0.027565,-1.989475,-0.000112,0.706315,-0.279311,0.000090,0.354075,1.220764,0.112285,0.000011,-0.000085,10.000000,-161.000000,-72.000000,-0.494690,-0.000027,0.000000,0.000000,0.000000,-0.313730,478.000000,0.000000,0.000000,0.000000,0.000000,32.095428,30.303038,17.277325,685.278992,563.716248,-0.000396,-0.408124,9.042879,5899,-241,28,22
32.098358,0.008194,0.028980,-1.990031,-0.000112,0.706983,-0.276876,0.000094,0.327250,1.216396,0.109296,0.000010,-0.000085,10.000000,-161.000000,-72.000000,-0.494690,-0.000027,0.000000,0.000000,0.000000,-0.313730,478.000000,0.000000,0.000000,0.000000,0.000000,32.097382,30.303038,17.277325,685.278992,563.716248,-0.000321,-0.407890,9.042879,5899,-184,28,23
32.100311,0.008194,0.030396,-1.990581,-0.000111,0.707596,-0.274450,0.000098,0.299879,1.211971,0.106242,0.000010,-0.000086,10.000000,-161.000000,-72.000000,-0.494690,-0.000027,0.000000,0.000000,0.000000,-0.313730,478.000000,0.000000,0.000000,0.000000,0.000000,32.099335,30.303038,17.277325,685.278992,563.716248,-0.000239,-0.407630,9.042879,5899,-128,28,23
32.102264,0.008193,0.031814,-1.991127,-0.000111,0.708154,-0.272032,0.000102,0.271999,1.207505,0.103126,0.000009,-0.000086,10.000000,-161.000000,-72.000000,-0.494690,-0.000027,0.000000,0.000000,0.000000,-0.313730,478.000000,0.000000,0.000000,0.000000,0.000000,32.101288,30.303038,17.277325,685.278992,563.716248,-0.000146,-0.407341,9.042879,5899,-72,28,24
32.104221,0.008193,0.033232,-1.991668,-0.000111,0.708656,-0.269624,0.000106,0.243645,1.203015,0.099952,0.000008,-0.000086,10.000000,-161.000000,-72.000000,-0.494690,-0.000027,0.000000,0.000000,0.000000,-0.313730,478.000000,0.000000,0.000000,0.000000,0.000000,32.103245,30.303038,17.277325,685.278992,563.716248,-0.000044,-0.407019,9.042879,5899,-18,28,24
32.106174,0.008193,0.034652,-1.992204,-0.000111,0.709100,-0.267225,0.000110,0.214860,1.198515,0.096726,0.000007,-0.000086,10.000000,-161.000000,-72.000000,-0.494690,-0.000027,0.000000,0.000000,0.000000,-0.313730,478.000000,0.000000,0.000000,0.000000,0.000000,32.105198,30.303038,17.277325,685.278992,563.716248,0.000068,-0.406666,9.042879,5899,35,28,24
32.108128,0.008193,0.036072,-1.992736,-0.000111,0.709486,-0.264834,0.000115,0.185683,1.194019,0.093452,0.000006,-0.000086,10.000000,-161.000000,-72.000000,-0.494690,-0.000027,0.000000,0.000000,0.000000,-0.313730,478.000000,0.000000,0.000000,0.000000,0.000000,32.107151,30.303038,17.277325,685.278992,563.716248,0.000184,-0.406303,9.042879,5899,91,28,24
32.110081,0.008193,0.037493,-1.993262,-0.000110,0.709813,-0.262453,0.000119,0.156158,1.189541,0.090136,0.000006,-0.000085,10.000000,-161.000000,-72.000000,-0.494690,-0.000027,0.000000,0.000000,0.000000,-0.313730,478.000000,0.000000,0.000000,0.000000,0.000000,32.109104,30.303038,17.277325,685.278992,563.716248,0.000305,-0.405925,9.042879,5899,142,28,25
32.112038,0.008192,0.038914,-1.993784,-0.000110,0.710081,-0.260081,0.000124,0.126328,1.185092,0.086781,0.000005,-0.000084,10.000000,-161.000000,-72.000000,-0.494690,-0.000027,0.000000,0.000000,0.000000,-0.313730,478.000000,0.000000,0.000000,0.000000,0.000000,32.111061,30.303038,17.277325,685.278992,563.716248,0.000438,-0.405505,9.042879,5899,191,28,25
32.113991,0.008192,0.040336,-1.994301,-0.000110,0.710288,-0.257717,0.000128,0.096243,1.180685,0.083395,0.000004,-0.000083,10.000000,-161.000000,-72.000000,-0.494690,-0.000027,0.000000,0.000000,0.000000,-0.313730,478.000000,0.000000,0.000000,0.000000,0.000000,32.113010,30.303038,17.277325,685.278992,563.716248,0.000585,-0.405045,9.042879,5899,239,28,25
32.115944,0.008192,0.041758,-1.994814,-0.000110,0.710435,-0.255362,0.000133,0.065950,1.176329,0.079981,0.000003,-0.000082,10.000000,-161.000000,-72.000000,-0.494690,-0.000027,0.000000,0.000000,0.000000,-0.313730,478.000000,0.000000,0.000000,0.000000,0.000000,32.114967,30.303038,17.277325,685.278992,563.716248,0.000737,-0.404567,9.042879,5899,285,28,24
32.117897,0.008192,0.043181,-1.995322,-0.000109,0.710522,-0.253016,0.000139,0.035496,1.172034,0.076546,0.000002,-0.000080,10.000000,-161.000000,-72.000000,-0.494690,-0.000027,0.000000,0.000000,0.000000,-0.313730,478.000000,0.000000,0.000000,0.000000,0.000000,32.116920,30.303038,17.277325,685.278992,563.716248,0.000888,-0.404092,9.042879,5899,328,28,24
32.119850,0.008191,0.044603,-1.995825,-0.000109,0.710547,-0.250678,0.000144,0.004926,1.167809,0.073095,0.000001,-0.000078,10.000000,-169.000000,-56.000000,-0.494690,-0.000027,0.000000,0.000000,0.000000,-0.313730,474.000000,0.000000,0.000000,0.000000,0.000000,32.118877,30.303038,17.277325,685.278992,563.716248,0.001039,-0.403617,9.042879,5899,370,28,24
32.121807,0.008191,0.046026,-1.996323,-0.000109,0.710511,-0.248349,0.000150,-0.025708,1.163663,0.069633,-0.000001,-0.000075,10.000000,-169.000000,-56.000000,-0.442195,-0.000026,0.000000,0.000000,0.067000,-0.062843,474.000000,0.000000,0.000000,0.000000,0.000000,32.120827,238.806076,165.922134,3111.986816,1330.244385,0.001199,-3.903701,8.991119,6388,-755,28,23
32.123760,0.008191,0.047448,-1.996817,-0.000108,0.710418,-0.246097,0.000156,-0.052844,1.107950,0.066162,-0.000002,-0.000073,10.000000,-169.000000,-56.000000,-0.442195,-0.000026,0.000000,0.000000,0.000000,-0.062843,474.000000,0.000000,0.000000,0.000000,0.000000,32.122784,238.806076,165.922134,3111.986816,1330.244385,0.001329,-3.903294,8.991119,6388,-717,28,23
32.125713,0.008191,0.048870,-1.997306,-0.000108,0.710272,-0.243983,0.000163,-0.079650,1.040547,0.062674,-0.000003,-0.000070,10.000000,-169.000000,-56.000000,-0.442195,-0.000026,0.000000,0.000000,0.000000,-0.062843,474.000000,0.000000,0.000000,0.000000,0.000000,32.124737,238.806076,165.922134,3111.986816,1330.244385,0.001412,-3.903032,8.991119,6388,-677,28,22
32.127666,0.008191,0.050292,-1.997792,-0.000108,0.710071,-0.241995,0.000171,-0.107392,0.979229,0.059163,-0.000004,-0.000067,10.000000,-169.000000,-56.000000,-0.442195,-0.000026,0.000000,0.000000,0.000000,-0.062843,474.000000,0.000000,0.000000,0.000000,0.000000,32.126694,238.806076,165.922134,3111.986816,1330.244385,0.001477,-3.902830,8.991119,6388,-634,28,22
32.129623,0.008190,0.051713,-1.998273,-0.000107,0.709814,-0.240120,0.000179,-0.136038,0.923442,0.055623,-0.000006,-0.000064,10.000000,-169.000000,-56.000000,-0.442195,-0.000026,0.000000,0.000000,0.000000,-0.062843,474.000000,0.000000,0.000000,0.000000,0.000000,32.128643,238.806076,165.922134,3111.986816,1330.244385,0.001525,-3.902678,8.991119,6388,-590,28,21
32.131577,0.008190,0.053133,-1.998751,-0.000107,0.709498,-0.238350,0.000188,-0.165549,0.872682,0.052050,-0.000007,-0.000061,10.000000,-169.000000,-56.000000,-0.442195,-0.000026,0.000000,0.000000,0.000000,-0.062843,474.000000,0.000000,0.000000,0.000000,0.000000,32.130600,238.806076,165.922134,3111.986816,1330.244385,0.001559,-3.902570,8.991119,6388,-543,29,20
32.133530,0.008190,0.054553,-1.999226,-0.000107,0.709121,-0.236675,0.000199,-0.195894,0.826495,0.048440,-0.000009,-0.000058,10.000000,-169.000000,-56.000000,-0.442195,-0.000026,0.000000,0.000000,0.000000,-0.062843,474.000000,0.000000,0.000000,0.000000,0.000000,32.132553,238.806076,165.922134,3111.986816,1330.244385,0.001575,-3.902522,8.991119,6388,-496,29,19
32.135483,0.008190,0.055972,-1.999697,-0.000106,0.708683,-0.235085,0.000210,-0.227038,0.784470,0.044790,-0.000010,-0.000055,10.000000,-169.000000,-56.000000,-0.442195,-0.000026,0.000000,0.000000,0.000000,-0.062843,474.000000,0.000000,0.000000,0.000000,0.000000,32.134506,238.806076,165.922134,3111.986816,1330.244385,0.001574,-3.902525,8.991119,6388,-447,29,19
32.137440,0.008190,0.057390,-2.000166,-0.000106,0.708181,-0.233574,0.000223,-0.258947,0.746232,0.041099,-0.000012,-0.000052,10.000000,-169.000000,-56.000000,-0.442195,-0.000026,0.000000,0.000000,0.000000,-0.062843,474.000000,0.000000,0.000000,0.000000,0.000000,32.136459,238.806076,165.922134,3111.986816,1330.244385,0.001566,-3.902548,8.991119,6388,-398,29,18
32.139393,0.008189,0.058807,-2.000631,-0.000105,0.707614,-0.232134,0.000237,-0.291583,0.711446,0.037364,-0.000014,-0.000049,10.000000,-169.000000,-56.000000,-0.442195,-0.000026,0.000000,0.000000,0.000000,-0.062843,474.000000,0.000000,0.000000,0.000000,0.000000,32.138416,238.806076,165.922134,3111.986816,1330.244385,0.001554,-3.902587,8.991119,6388,-347,29,17
32.141346,0.008189,0.060223,-2.001094,-0.000105,0.706981,-0.230759,0.000252,-0.324909,0.679806,0.033586,-0.000016,-0.000046,10.000000,-169.000000,-56.000000,-0.442195,-0.000026,0.000000,0.000000,0.000000,-0.062843,474.000000,0.000000,0.000000,0.000000,0.000000,32.140369,238.806076,165.922134,3111.986816,1330.244385,0.001531,-3.902658,8.991119,6388,-296,29,16
32.143299,0.008189,0.061637,-2.001554,-0.000104,0.706280,-0.229443,0.000268,-0.358888,0.651036,0.029765,-0.000018,-0.000043,10.000000,-169.000000,-56.000000,-0.442195,-0.000026,0.000000,0.000000,0.000000,-0.062843,474.000000,0.000000,0.000000,0.000000,0.000000,32.142323,238.806076,165.922134,3111.986816,1330.244385,0.001500,-3.902756,8.991119,6388,-245,29,16
32.145252,0.008189,0.063050,-2.002011,-0.000104,0.705511,-0.228181,0.000287,-0.393481,0.624886,0.025902,-0.000020,-0.000040,10.000000,-169.000000,-56.000000,-0.442195,-0.000026,0.000000,0.000000,0.000000,-0.062843,474.000000,0.000000,0.000000,0.000000,0.000000,32.144276,238.806076,165.922134,3111.986816,1330.244385,0.001469,-3.902853,8.991119,6388,-194,30,15
32.147209,0.008188,0.064461,-2.002466,-0.000103,0.704671,-0.226967,0.000306,-0.428643,0.601131,0.021997,-0.000023,-0.000037,10.000000,-169.000000,-56.000000,-0.442195,-0.000026,0.000000,0.000000,0.000000,-0.062843,474.000000,0.000000,0.000000,0.000000,0.000000,32.146233,238.806076,165.922134,3111.986816,1330.244385,0.001440,-3.902945,8.991119,6388,-143,30,14
32.149162,0.008188,0.065871,-2.002919,-0.000103,0.703760,-0.225797,0.000327,-0.464333,0.579565,0.018053,-0.000025,-0.000034,10.000000,-169.000000,-56.000000,-0.442195,-0.000026,0.000000,0.000000,0.000000,-0.062843,474.000000,0.000000,0.000000,0.000000,0.000000,32.148186,238.806076,165.922134,3111.986816,1330.244385,0.001406,-3.903053,8.991119,6388,-91,30,13
32.151115,0.008188,0.067278,-2.003369,-0.000102,0.702777,-0.224668,0.000350,-0.500506,0.560004,0.014071,-0.000028,-0.000032,10.000000,-169.000000,-56.000000,-0.442195,-0.000026,0.000000,0.000000,0.000000,-0.062843,474.000000,0.000000,0.000000,0.000000,0.000000,32.150139,238.806076,165.922134,3111.986816,1330.244385,0.001368,-3.903171,8.991119,6388,-41,30,13
32.153069,0.008188,0.068684,-2.003818,-0.000101,0.701721,-0.223574,0.000374,-0.537120,0.542278,0.010055,-0.000031,-0.000029,10.000000,-169.000000,-56.000000,-0.442195,-0.000026,0.000000,0.000000,0.000000,-0.062843,474.000000,0.000000,0.000000,0.000000,0.000000,32.152092,238.806076,165.922134,3111.986816,1330.244385,0.001336,-3.903271,8.991119,6388,8,30,12
32.155025,0.008188,0.070087,-2.004263,-0.000100,0.700592,-0.222514,0.000399,-0.574122,0.526235,0.006006,-0.000034,-0.000027,10.000000,-169.000000,-56.000000,-0.442195,-0.000026,0.000000,0.000000,0.000000,-0.062843,474.000000,0.000000,0.000000,0.000000,0.000000,32.154049,238.806076,165.922134,3111.986816,1330.244385,0.001310,-3.903353,8.991119,6388,58,31,12
32.156979,0.008187,0.071488,-2.004707,-0.000099,0.699388,-0.221483,0.000426,-0.611471,0.511738,0.001929,-0.000037,-0.000024,10.000000,-169.000000,-56.000000,-0.442195,-0.000026,0.000000,0.000000,0.000000,-0.062843,474.000000,0.000000,0.000000,0.000000,0.000000,32.155998,238.806076,165.922134,3111.986816,1330.244385,0.001290,-3.903416,8.991119,6388,107,31,11
32.158932,0.008187,0.072886,-2.005149,-0.000099,0.698108,-0.220480,0.000454,-0.649113,0.498662,-0.002173,-0.000040,-0.000021,10.000000,-169.000000,-56.000000,-0.442195,-0.000026,0.000000,0.000000,0.000000,-0.062843,474.000000,0.000000,0.000000,0.000000,0.000000,32.157955,238.806076,165.922134,3111.986816,1330.244385,0.001277,-3.903457,8.991119,6388,154,31,10
32.160885,0.008187,0.074281,-2.005589,-0.000098,0.696753,-0.219500,0.000483,-0.687001,0.486891,-0.006297,-0.000043,-0.000019,10.000000,-169.000000,-56.000000,-0.442195,-0.000026,0.000000,0.000000,0.000000,-0.062843,474.000000,0.000000,0.000000,0.000000,0.000000,32.159908,238.806076,165.922134,3111.986816,1330.244385,0.001264,-3.903498,8.991119,6388,201,31,10
32.162842,0.008187,0.075674,-2.006027,-0.000097,0.695322,-0.218543,0.000514,-0.725087,0.476321,-0.010438,-0.000046,-0.000016,10.000000,-169.000000,-56.000000,-0.442195,-0.000026,0.000000,0.000000,0.000000,-0.062843,474.000000,0.000000,0.000000,0.000000,0.000000,32.161865,238.806076,165.922134,3111.986816,1330.244385,0.001259,-3.903514,8.991119,6388,247,32,9
32.164795,0.008187,0.077064,-2.006463,-0.000096,0.693815,-0.217604,0.000545,-0.763317,0.466859,-0.014593,-0.000050,-0.000014,10.000000,-169.000000,-56.000000,-0.442195,-0.000026,0.000000,0.000000,0.000000,-0.062843,474.000000,0.000000,0.000000,0.000000,0.000000,32.163815,238.806076,165.922134,3111.986816,1330.244385,0.001262,-3.903503,8.991119,6388,291,32,9
32.166748,0.008187,0.078451,-2.006897,-0.000094,0.692230,-0.216683,0.000578,-0.801644,0.458418,-0.018756,-0.000053,-0.000011,10.000000,-169.000000,-56.000000,-0.442195,-0.000026,0.000000,0.000000,0.000000,-0.062843,474.000000,0.000000,0.000000,0.000000,0.000000,32.165771,238.806076,165.922134,3111.986816,1330.244385,0.001274,-3.903465,8.991119,6388,333,32,8
32.168701,0.008186,0.079834,-2.007330,-0.000093,0.690570,-0.215778,0.000611,-0.840014,0.450919,-0.022925,-0.000057,-0.000009,10.000000,-169.000000,-56.000000,-0.442195,-0.000026,0.000000,0.000000,0.000000,-0.062843,474.000000,0.000000,0.000000,0.000000,0.000000,32.167725,238.806076,165.922134,3111.986816,1330.244385,0.001295,-3.903401,8.991119,6388,375,32,8
32.170654,0.008186,0.081214,-2.007761,-0.000092,0.688832,-0.214886,0.000645,-0.878381,0.444289,-0.027094,-0.000061,-0.000006,10.000000,-169.000000,-56.000000,-0.442195,-0.000026,0.000000,0.000000,0.000000,-0.062843,474.000000,0.000000,0.000000,0.000000,0.000000,32.169682,238.806076,165.922134,3111.986816,1330.244385,0.001324,-3.903308,8.991119,6388,414,32,7
32.172611,0.008186,0.082590,-2.008189,-0.000091,0.687018,-0.214006,0.000680,-0.916690,0.438462,-0.031259,-0.000064,-0.000003,10.000000,-169.000000,-56.000000,-0.442195,-0.000026,0.000000,0.000000,0.000000,-0.062843,474.000000,0.000000,0.000000,0.000000,0.000000,32.171631,238.806076,165.922134,3111.986816,1330.244385,0.001362,-3.903189,8.991119,6388,452,33,7
32.174564,0.008186,0.083963,-2.008617,-0.000089,0.685127,-0.213137,0.000715,-0.954894,0.433377,-0.035415,-0.000068,0.000000,10.000000,-169.000000,-56.000000,-0.442195,-0.000026,0.000000,0.000000,0.000000,-0.062843,474.000000,0.000000,0.000000,0.000000,0.000000,32.173588,238.806076,165.922134,3111.986816,1330.244385,0.001409,-3.903042,8.991119,6388,488,33,6
32.176517,0.008186,0.085331,-2.009042,-0.000088,0.683160,-0.212277,0.000751,-0.992942,0.428979,-0.039557,-0.000072,0.000003,10.000000,-169.000000,-56.000000,-0.442195,-0.000026,0.000000,0.000000,0.000000,-0.062843,474.000000,0.000000,0.000000,0.000000,0.000000,32.175541,238.806076,165.922134,3111.986816,1330.244385,0.001465,-3.902867,8.991119,6388,523,33,5
32.178471,0.008185,0.086696,-2.009466,-0.000086,0.681117,-0.211425,0.000786,-1.030787,0.425213,-0.043682,-0.000075,0.000006,10.000000,-169.000000,-56.000000,-0.442195,-0.000026,0.000000,0.000000,0.000000,-0.062843,474.000000,0.000000,0.000000,0.000000,0.000000,32.177498,238.806076,165.922134,3111.986816,1330.244385,0.001521,-3.902689,8.991119,6388,555,33,5
32.180428,0.008185,0.088057,-2.009888,-0.000085,0.678999,-0.210579,0.000822,-1.068382,0.422032,-0.047784,-0.000079,0.000010,10.000000,-169.000000,-56.000000,-0.442195,-0.000026,0.000000,0.000000,0.000000,-0.062843,474.000000,0.000000,0.000000,0.000000,0.000000,32.179447,238.806076,165.922134,3111.986816,1330.244385,0.001587,-3.902482,8.991119,6388,586,33,4
32.182381,0.008185,0.089413,-2.010308,-0.000083,0.676807,-0.209739,0.000857,-1.105678,0.419391,-0.051860,-0.000083,0.000013,10.000000,-169.000000,-56.000000,-0.442195,-0.000026,0.000000,0.000000,0.000000,-0.062843,474.000000,0.000000,0.000000,0.000000,0.000000,32.181404,238.806076,165.922134,3111.986816,1330.244385,0.001662,-3.902248,8.991119,6388,614,33,3
32.184334,0.008185,0.090764,-2.010727,-0.000081,0.674540,-0.208904,0.000892,-1.142630,0.417248,-0.055904,-0.000086,0.000017,10.000000,-169.000000,-56.000000,-0.442195,-0.000026,0.000000,0.000000,0.000000,-0.062843,474.000000,0.000000,0.000000,0.000000,0.000000,32.183357,238.806076,165.922134,3111.986816,1330.244385,0.001737,-3.902011,8.991119,6387,641,34,2
32.186287,0.008185,0.092111,-2.011144,-0.000079,0.672200,-0.208072,0.000927,-1.179188,0.415670,-0.059913,-0.000090,0.000021,10.000000,-169.000000,-56.000000,-0.442195,-0.000026,0.000000,0.000000,0.000000,-0.062843,474.000000,0.000000,0.000000,0.000000,0.000000,32.185310,238.806076,165.922134,3111.986816,1330.244385,0.001814,-3.901770,8.991119,6387,665,34,1
32.188244,0.008185,0.093453,-2.011559,-0.000077,0.669787,-0.207242,0.000961,-1.215314,0.414540,-0.063882,-0.000093,0.000025,10.000000,-169.000000,-56.000000,-0.442195,-0.000026,0.000000,0.000000,0.000000,-0.062843,474.000000,0.000000,0.000000,0.000000,0.000000,32.187263,238.806076,165.922134,3111.986816,1330.244385,0.001893,-3.901522,8.991119,6387,687,34,0
32.190197,0.008184,0.094790,-2.011973,-0.000075,0.667303,-0.206414,0.000995,-1.250967,0.413784,-0.067807,-0.000096,0.000029,10.000000,-169.000000,-56.000000,-0.442195,-0.000026,0.000000,0.000000,0.000000,-0.062843,474.000000,0.000000,0.000000,0.000000,0.000000,32.189220,238.806076,165.922134,3111.986816,1330.244385,0.001973,-3.901270,8.991119,6387,707,34,0
32.192150,0.008184,0.096123,-2.012385,-0.000073,0.664748,-0.205587,0.001027,-1.286109,0.413374,-0.071684,-0.000100,0.000034,10.000000,-169.000000,-56.000000,-0.442195,-0.000026,0.000000,0.000000,0.000000,-0.062843,474.000000,0.000000,0.000000,0.000000,0.000000,32.191174,238.806076,165.922134,3111.986816,1330.244385,0.002062,-3.900990,8.991119,6387,725,34,-1
32.194103,0.008184,0.097449,-2.012795,-0.000071,0.662124,-0.204761,0.001059,-1.320700,0.413278,-0.075509,-0.000103,0.000038,10.000000,-169.000000,-56.000000,-0.442195,-0.000026,0.000000,0.000000,0.000000,-0.062843,474.000000,0.000000,0.000000,0.000000,0.000000,32.193127,238.806076,165.922134,3111.986816,1330.244385,0.002160,-3.900685,8.991119,6387,741,34,-2
32.196056,0.008184,0.098771,-2.013204,-0.000069,0.659432,-0.203934,0.001090,-1.354704,0.413469,-0.079279,-0.000105,0.000043,10.000000,-169.000000,-56.000000,-0.442195,-0.000026,0.000000,0.000000,0.000000,-0.062843,474.000000,0.000000,0.000000,0.000000,0.000000,32.195080,238.806076,165.922134,3111.986816,1330.244385,0.002257,-3.900378,8.991119,6387,755,34,-4
32.198013,0.008184,0.100087,-2.013611,-0.000067,0.656672,-0.203106,0.001119,-1.388086,0.413920,-0.082990,-0.000108,0.000048,10.000000,-175.000000,-29.000000,-0.442195,-0.000026,0.000000,0.000000,0.000000,-0.062843,484.000000,0.000000,0.000000,0.000000,0.000000,32.197037,238.806076,165.922134,3111.986816,1330.244385,0.002348,-3.900092,8.991119,6387,767,34,-5
32.199966,0.008184,0.101397,-2.014016,-0.000065,0.653847,-0.202277,0.001147,-1.420816,0.414607,-0.086638,-0.000110,0.000053,10.000000,-175.000000,-29.000000,-0.368841,-0.000016,0.000000,0.000000,0.067000,0.154992,484.000000,0.000000,0.000000,0.000000,0.000000,32.198990,402.984894,334.704193,2450.428955,1737.015015,0.002433,-7.874644,8.967090,7777,777,34,-7
32.201920,0.008184,0.102702,-2.014420,-0.000062,0.650940,-0.201643,0.001190,-1.465858,0.268921,-0.090221,-0.000113,0.000058,10.000000,-175.000000,-29.000000,-0.368841,-0.000016,0.000000,0.000000,0.000000,0.154992,484.000000,0.000000,0.000000,0.000000,0.000000,32.200943,402.984894,334.704193,2450.428955,1737.015015,0.002506,-7.874414,8.967090,7777,784,34,-8
32.203873,0.008184,0.104001,-2.014823,-0.000060,0.647935,-0.201376,0.001237,-1.514306,0.090187,-0.093736,-0.000115,0.000064,10.000000,-175.000000,-29.000000,-0.368841,-0.000016,0.000000,0.000000,0.000000,0.154992,484.000000,0.000000,0.000000,0.000000,0.000000,32.202896,402.984894,334.704193,2450.428955,1737.015015,0.002571,-7.874210,8.967090,7777,790,34,-10
32.205830,0.008183,0.105293,-2.015227,-0.000057,0.644835,-0.201439,0.001282,-1.561620,-0.071170,-0.097179,-0.000117,0.000069,10.000000,-175.000000,-29.000000,-0.368841,-0.000016,0.000000,0.000000,0.000000,0.154992,484.000000,0.000000,0.000000,0.000000,0.000000,32.204853,402.984894,334.704193,2450.428955,1737.015015,0.002634,-7.874014,8.967090,7777,794,34,-12
32.207783,0.008183,0.106579,-2.015630,-0.000055,0.641643,-0.201802,0.001326,-1.607720,-0.216773,-0.100549,-0.000119,0.000075,10.000000,-175.000000,-29.000000,-0.368841,-0.000016,0.000000,0.000000,0.000000,0.154992,484.000000,0.000000,0.000000,0.000000,0.000000,32.206802,402.984894,334.704193,2450.428955,1737.015015,0.002687,-7.873847,8.967090,7777,796,34,-13
32.209736,0.008183,0.107859,-2.016035,-0.000052,0.638360,-0.202434,0.001369,-1.652544,-0.348101,-0.103842,-0.000121,0.000081,10.000000,-175.000000,-29.000000,-0.368841,-0.000016,0.000000,0.000000,0.000000,0.154992,484.000000,0.000000,0.000000,0.000000,0.000000,32.208759,402.984894,334.704193,2450.428955,1737.015015,0.002738,-7.873685,8.967090,7777,796,34,-15
32.211689,0.008183,0.109132,-2.016442,-0.000049,0.634990,-0.203310,0.001411,-1.696031,-0.466491,-0.107057,-0.000123,0.000086,10.000000,-175.000000,-29.000000,-0.368841,-0.000016,0.000000,0.000000,0.000000,0.154992,484.000000,0.000000,0.000000,0.000000,0.000000,32.210712,402.984894,334.704193,2450.428955,1737.015015,0.002787,-7.873532,8.967090,7777,794,34,-17
32.213642,0.008183,0.110398,-2.016850,-0.000046,0.631534,-0.204404,0.001452,-1.738142,-0.573159,-0.110191,-0.000125,0.000092,10.000000,-175.000000,-29.000000,-0.368841,-0.000016,0.000000,0.000000,0.000000,0.154992,484.000000,0.000000,0.000000,0.000000,0.000000,32.212669,402.984894,334.704193,2450.428955,1737.015015,0.002827,-7.873408,8.967090,7777,790,35,-19
32.215599,0.008183,0.111657,-2.017262,-0.000043,0.627997,-0.205696,0.001494,-1.778842,-0.669209,-0.113243,-0.000127,0.000098,10.000000,-175.000000,-29.000000,-0.368841,-0.000016,0.000000,0.000000,0.000000,0.154992,484.000000,0.000000,0.000000,0.000000,0.000000,32.214619,402.984894,334.704193,2450.428955,1737.015015,0.002857,-7.873313,8.967090,7777,785,35,-21
32.217552,0.008183,0.112909,-2.017676,-0.000040,0.624380,-0.207165,0.001535,-1.818108,-0.755641,-0.116212,-0.000129,0.000104,10.000000,-175.000000,-29.000000,-0.368841,-0.000016,0.000000,0.000000,0.000000,0.154992,484.000000,0.000000,0.000000,0.000000,0.000000,32.216576,402.984894,334.704193,2450.428955,1737.015015,0.002878,-7.873246,8.967090,7777,778,35,-23
32.219505,0.008183,0.114153,-2.018093,-0.000037,0.620687,-0.208794,0.001577,-1.855922,-0.833366,-0.119096,-0.000131,0.000110,10.000000,-175.000000,-29.000000,-0.368841,-0.000016,0.000000,0.000000,0.000000,0.154992,484.000000,0.000000,0.000000,0.000000,0.000000,32.218529,402.984894,334.704193,2450.428955,1737.015015,0.002891,-7.873207,8.967090,7777,770,35,-25
32.221458,0.008183,0.115390,-2.018513,-0.000034,0.616920,-0.210566,0.001619,-1.892274,-0.903209,-0.121893,-0.000133,0.000117,10.000000,-175.000000,-29.000000,-0.368841,-0.000016,0.000000,0.000000,0.000000,0.154992,484.000000,0.000000,0.000000,0.000000,0.000000,32.220486,402.984894,334.704193,2450.428955,1737.015015,0.002894,-7.873198,8.967090,7777,760,35,-27
32.223415,0.008183,0.116620,-2.018938,-0.000030,0.613083,-0.212467,0.001662,-1.927160,-0.965918,-0.124603,-0.000135,0.000123,10.000000,-175.000000,-29.000000,-0.368841,-0.000016,0.000000,0.000000,0.000000,0.154992,484.000000,0.000000,0.000000,0.000000,0.000000,32.222435,402.984894,334.704193,2450.428955,1737.015015,0.002887,-7.873218,8.967090,7777,748,36,-29
32.225368,0.008183,0.117841,-2.019366,-0.000027,0.609178,-0.214484,0.001706,-1.960581,-1.022171,-0.127225,-0.000138,0.000129,10.000000,-175.000000,-29.000000,-0.368841,-0.000016,0.000000,0.000000,0.000000,0.154992,484.000000,0.000000,0.000000,0.000000,0.000000,32.224392,402.984894,334.704193,2450.428955,1737.015015,0.002872,-7.873265,8.967090,7777,736,36,-31
32.227322,0.008183,0.119055,-2.019799,-0.000024,0.605209,-0.216605,0.001750,-1.992543,-1.072587,-0.129759,-0.000140,0.000135,10.000000,-175.000000,-29.000000,-0.368841,-0.000016,0.000000,0.000000,0.000000,0.154992,484.000000,0.000000,0.000000,0.000000,0.000000,32.226345,402.984894,334.704193,2450.428955,1737.015015,0.002848,-7.873341,8.967090,7777,722,36,-34
32.229275,0.008182,0.120261,-2.020236,-0.000020,0.601178,-0.218819,0.001795,-2.023053,-1.117725,-0.132205,-0.000143,0.000141,10.000000,-175.000000,-29.000000,-0.368841,-0.000016,0.000000,0.000000,0.000000,0.154992,484.000000,0.000000,0.000000,0.000000,0.000000,32.228298,402.984894,334.704193,2450.428955,1737.015015,0.002808,-7.873468,8.967090,7777,707,36,-36
32.231232,0.008182,0.121458,-2.020677,-0.000016,0.597088,-0.221115,0.001841,-2.052129,-1.158091,-0.134561,-0.000146,0.000147,10.000000,-175.000000,-29.000000,-0.368841,-0.000016,0.000000,0.000000,0.000000,0.154992,484.000000,0.000000,0.000000,0.000000,0.000000,32.230251,402.984894,334.704193,2450.428955,1737.015015,0.002751,-7.873644,8.967090,7777,691,37,-38
32.233185,0.008182,0.122647,-2.021123,-0.000013,0.592942,-0.223486,0.001887,-2.079786,-1.194147,-0.136829,-0.000148,0.000152,10.000000,-175.000000,-29.000000,-0.368841,-0.000016,0.000000,0.000000,0.000000,0.154992,484.000000,0.000000,0.000000,0.000000,0.000000,32.232208,402.984894,334.704193,2450.428955,1737.015015,0.002687,-7.873847,8.967090,7777,674,37,-40
32.235138,0.008182,0.123828,-2.021574,-0.000009,0.588743,-0.225923,0.001934,-2.106043,-1.226309,-0.139008,-0.000151,0.000158,10.000000,-175.000000,-29.000000,-0.368841,-0.000016,0.000000,0.000000,0.000000,0.154992,484.000000,0.000000,0.000000,0.000000,0.000000,32.234161,402.984894,334.704193,2450.428955,1737.015015,0.002613,-7.874078,8.967090,7777,656,37,-42
32.237091,0.008182,0.125000,-2.022031,-0.000005,0.584494,-0.228419,0.001982,-2.130923,-1.254956,-0.141100,-0.000154,0.000164,10.000000,-175.000000,-29.000000,-0.368841,-0.000016,0.000000,0.000000,0.000000,0.154992,484.000000,0.000000,0.000000,0.000000,0.000000,32.236115,402.984894,334.704193,2450.428955,1737.015015,0.002530,-7.874339,8.967090,7777,638,38,-44
32.239044,0.008182,0.126164,-2.022492,-0.000001,0.580196,-0.230967,0.002030,-2.154449,-1.280431,-0.143103,-0.000157,0.000169,10.000000,-175.000000,-29.000000,-0.368841,-0.000016,0.000000,0.000000,0.000000,0.154992,484.000000,0.000000,0.000000,0.000000,0.000000,32.238068,402.984894,334.704193,2450.428955,1737.015015,0.002438,-7.874629,8.967090,7777,618,38,-46
32.241001,0.008182,0.127319,-2.022958,0.000003,0.575854,-0.233563,0.002079,-2.176648,-1.303046,-0.145021,-0.000161,0.000174,10.000000,-175.000000,-29.000000,-0.368841,-0.000016,0.000000,0.000000,0.000000,0.154992,484.000000,0.000000,0.000000,0.000000,0.000000,32.240025,402.984894,334.704193,2450.428955,1737.015015,0.002336,-7.874949,8.967090,7777,598,38,-48
32.242954,0.008182,0.128465,-2.023429,0.000008,0.571469,-0.236199,0.002128,-2.197547,-1.323081,-0.146852,-0.000164,0.000179,10.000000,-175.000000,-29.000000,-0.368841,-0.000016,0.000000,0.000000,0.000000,0.154992,484.000000,0.000000,0.000000,0.000000,0.000000,32.241978,402.984894,334.704193,2450.428955,1737.015015,0.002224,-7.875301,8.967090,7778,578,38,-50
32.244907,0.008182,0.129603,-2.023906,0.000012,0.567044,-0.238872,0.002176,-2.217193,-1.340898,-0.148599,-0.000167,0.000184,10.000000,-175.000000,-29.000000,-0.368841,-0.000016,0.000000,0.000000,0.000000,0.154992,484.000000,0.000000,0.000000,0.000000,0.000000,32.243931,402.984894,334.704193,2450.428955,1737.015015,0.002101,-7.875685,8.967090,7778,557,39,-52
32.246861,0.008182,0.130731,-2.024389,0.000016,0.562582,-0.241578,0.002225,-2.235603,-1.356646,-0.150262,-0.000171,0.000188,10.000000,-175.000000,-29.000000,-0.368841,-0.000016,0.000000,0.000000,0.000000,0.154992,484.000000,0.000000,0.000000,0.000000,0.000000,32.245884,402.984894,334.704193,2450.428955,1737.015015,0.001969,-7.876101,8.967090,7778,535,39,-53
32.248817,0.008182,0.131851,-2.024876,0.000021,0.558085,-0.244312,0.002273,-2.252805,-1.370498,-0.151843,-0.000174,0.000192,10.000000,-175.000000,-29.000000,-0.368841,-0.000016,0.000000,0.000000,0.000000,0.154992,484.000000,0.000000,0.000000,0.000000,0.000000,32.247841,402.984894,334.704193,2450.428955,1737.015015,0.001832,-7.876531,8.967090,7778,513,39,-55
32.250771,0.008183,0.132961,-2.025370,0.000025,0.553555,-0.247072,0.002321,-2.268829,-1.382647,-0.153343,-0.000177,0.000196,10.000000,-175.000000,-29.000000,-0.368841,-0.000016,0.000000,0.000000,0.000000,0.154992,484.000000,0.000000,0.000000,0.000000,0.000000,32.249790,402.984894,334.704193,2450.428955,1737.015015,0.001691,-7.876976,8.967090,7778,491,39,-57
32.252724,0.008183,0.134063,-2.025868,0.000030,0.548995,-0.249853,0.002368,-2.283710,-1.393263,-0.154765,-0.000181,0.000200,10.000000,-175.000000,-29.000000,-0.368841,-0.000016,0.000000,0.000000,0.000000,0.154992,484.000000,0.000000,0.000000,0.000000,0.000000,32.251747,402.984894,334.704193,2450.428955,1737.015015,0.001537,-7.877459,8.967090,7779,469,39,-58
32.254677,0.008183,0.135155,-2.026373,0.000035,0.544407,-0.252654,0.002413,-2.297500,-1.402606,-0.156109,-0.000184,0.000203,10.000000,-175.000000,-29.000000,-0.368841,-0.000016,0.000000,0.000000,0.000000,0.154992,484.000000,0.000000,0.000000,0.000000,0.000000,32.253700,402.984894,334.704193,2450.428955,1737.015015,0.001377,-7.877959,8.967090,7779,447,40,-60
32.256634,0.008183,0.136238,-2.026883,0.000040,0.539793,-0.255471,0.002458,-2.310219,-1.410738,-0.157377,-0.000187,0.000206,10.000000,-179.000000,-5.000000,-0.368841,-0.000016,0.000000,0.000000,0.000000,0.154992,460.000000,0.000000,0.000000,0.000000,0.000000,32.255657,402.984894,334.704193,2450.428955,1737.015015,0.001212,-7.878478,8.967090,7779,425,40,-61
32.258587,0.008183,0.137311,-2.027399,0.000045,0.535155,-0.258303,0.002501,-2.321898,-1.417749,-0.158571,-0.000191,0.000208,10.000000,-179.000000,-5.000000,-0.368841,-0.000016,0.000000,0.000000,-0.933999,0.154992,460.000000,0.000000,0.000000,0.000000,0.000000,32.257607,402.984894,334.704193,2450.428955,1737.015015,0.001041,-7.879016,8.947089,7769,402,40,-62
32.260540,0.008183,0.138376,-2.027920,0.000050,0.530495,-0.261147,0.002542,-2.332404,-1.422709,-0.159694,-0.000194,0.000210,10.000000,-179.000000,-5.000000,-0.368841,-0.000016,0.000000,0.000000,0.000000,0.154992,460.000000,0.000000,0.000000,0.000000,0.000000,32.259563,402.984894,334.704193,2450.428955,1737.015015,0.000868,-7.879557,8.947089,7770,380,40,-63
32.262493,0.008183,0.139431,-2.028447,0.000055,0.525816,-0.263998,0.002581,-2.341917,-1.426637,-0.160747,-0.000197,0.000212,10.000000,-179.000000,-5.000000,-0.368841,-0.000016,0.000000,0.000000,0.000000,0.154992,460.000000,0.000000,0.000000,0.000000,0.000000,32.261517,402.984894,334.704193,2450.428955,1737.015015,0.000694,-7.880103,8.947089,7770,358,40,-64
32.264446,0.008183,0.140477,-2.028980,0.000060,0.521119,-0.266856,0.002618,-2.350518,-1.429904,-0.161733,-0.000200,0.000214,10.000000,-179.000000,-5.000000,-0.368841,-0.000016,0.000000,0.000000,0.000000,0.154992,460.000000,0.000000,0.000000,0.000000,0.000000,32.263474,402.984894,334.704193,2450.428955,1737.015015,0.000518,-7.880657,8.947089,7770,337,40,-65
32.266403,0.008183,0.141513,-2.029518,0.000066,0.516406,-0.269720,0.002653,-2.358235,-1.432550,-0.162653,-0.000203,0.000215,10.000000,-179.000000,-5.000000,-0.368841,-0.000016,0.000000,0.000000,0.000000,0.154992,460.000000,0.000000,0.000000,0.000000,0.000000,32.265423,402.984894,334.704193,2450.428955,1737.015015,0.000339,-7.881219,8.947089,7770,315,40,-66
32.268356,0.008183,0.142539,-2.030063,0.000071,0.511679,-0.272588,0.002685,-2.365105,-1.434642,-0.163510,-0.000205,0.000215,10.000000,-179.000000,-5.000000,-0.368841,-0.000016,0.000000,0.000000,0.000000,0.154992,460.000000,0.000000,0.000000,0.000000,0.000000,32.267380,402.984894,334.704193,2450.428955,1737.015015,0.000156,-7.881793,8.947089,7771,294,40,-67
32.270309,0.008184,0.143557,-2.030613,0.000076,0.506940,-0.275460,0.002715,-2.371178,-1.436344,-0.164307,-0.000208,0.000216,10.000000,-179.000000,-5.000000,-0.368841,-0.000016,0.000000,0.000000,0.000000,0.154992,460.000000,0.000000,0.000000,0.000000,0.000000,32.269333,402.984894,334.704193,2450.428955,1737.015015,-0.000031,-7.882380,8.947089,7771,273,40,-67
32.272263,0.008184,0.144564,-2.031168,0.000082,0.502190,-0.278335,0.002741,-2.376478,-1.437630,-0.165044,-0.000210,0.000216,10.000000,-179.000000,-5.000000,-0.368841,-0.000016,0.000000,0.000000,0.000000,0.154992,460.000000,0.000000,0.000000,0.000000,0.000000,32.271290,402.984894,334.704193,2450.428955,1737.015015,-0.000216,-7.882960,8.947089,7771,253,40,-68
32.274220,0.008184,0.145563,-2.031730,0.000087,0.497430,-0.281211,0.002765,-2.381030,-1.438511,-0.165725,-0.000213,0.000215,10.000000,-179.000000,-5.000000,-0.368841,-0.000016,0.000000,0.000000,0.000000,0.154992,460.000000,0.000000,0.000000,0.000000,0.000000,32.273239,402.984894,334.704193,2450.428955,1737.015015,-0.000399,-7.883537,8.947089,7771,233,40,-68
32.276173,0.008184,0.146551,-2.032297,0.000093,0.492662,-0.284089,0.002786,-2.384871,-1.439034,-0.166353,-0.000215,0.000214,10.000000,-179.000000,-5.000000,-0.368841,-0.000016,0.000000,0.000000,0.000000,0.154992,460.000000,0.000000,0.000000,0.000000,0.000000,32.275196,402.984894,334.704193,2450.428955,1737.015015,-0.000582,-7.884112,8.947089,7772,214,40,-68
32.278126,0.008184,0.147531,-2.032871,0.000098,0.487887,-0.286968,0.002804,-2.388053,-1.439343,-0.166929,-0.000217,0.000213,10.000000,-179.000000,-5.000000,-0.368841,-0.000016,0.000000,0.000000,0.000000,0.154992,460.000000,0.000000,0.000000,0.000000,0.000000,32.277149,402.984894,334.704193,2450.428955,1737.015015,-0.000760,-7.884669,8.947089,7772,195,40,-69
32.280079,0.008184,0.148500,-2.033449,0.000104,0.483107,-0.289847,0.002818,-2.390592,-1.439393,-0.167455,-0.000218,0.000211,10.000000,-179.000000,-5.000000,-0.368841,-0.000016,0.000000,0.000000,0.000000,0.154992,460.000000,0.000000,0.000000,0.000000,0.000000,32.279102,402.984894,334.704193,2450.428955,1737.015015,-0.000938,-7.885231,8.947089,7772,177,40,-69
32.282036,0.008185,0.149460,-2.034034,0.000110,0.478323,-0.292725,0.002830,-2.392521,-1.439181,-0.167935,-0.000220,0.000209,10.000000,-179.000000,-5.000000,-0.368841,-0.000016,0.000000,0.000000,0.000000,0.154992,460.000000,0.000000,0.000000,0.000000,0.000000,32.281055,402.984894,334.704193,2450.428955,1737.015015,-0.001119,-7.885798,8.947089,7772,159,40,-68
32.283989,0.008185,0.150411,-2.034624,0.000115,0.473536,-0.295603,0.002838,-2.393871,-1.438735,-0.168370,-0.000221,0.000207,10.000000,-179.000000,-5.000000,-0.368841,-0.000016,0.000000,0.000000,0.000000,0.154992,460.000000,0.000000,0.000000,0.000000,0.000000,32.283012,402.984894,334.704193,2450.428955,1737.015015,-0.001289,-7.886332,8.947089,7773,142,40,-68
32.285942,0.008185,0.151351,-2.035220,0.000121,0.468747,-0.298480,0.002843,-2.394689,-1.438187,-0.168763,-0.000222,0.000204,10.000000,-179.000000,-5.000000,-0.368841,-0.000016,0.000000,0.000000,0.000000,0.154992,460.000000,0.000000,0.000000,0.000000,0.000000,32.284966,402.984894,334.704193,2450.428955,1737.015015,-0.001450,-7.886837,8.947089,7773,125,40,-68
32.287895,0.008185,0.152283,-2.035822,0.000127,0.463957,-0.301355,0.002845,-2.394996,-1.437479,-0.169116,-0.000223,0.000201,10.000000,-179.000000,-5.000000,-0.368841,-0.000016,0.000000,0.000000,0.000000,0.154992,460.000000,0.000000,0.000000,0.000000,0.000000,32.286919,402.984894,334.704193,2450.428955,1737.015015,-0.001609,-7.887337,8.947089,7773,110,40,-68
32.289848,0.008186,0.153204,-2.036430,0.000133,0.459167,-0.304229,0.002844,-2.394815,-1.436596,-0.169432,-0.000224,0.000197,10.000000,-179.000000,-5.000000,-0.368841,-0.000016,0.000000,0.000000,0.000000,0.154992,460.000000,0.000000,0.000000,0.000000,0.000000,32.288872,402.984894,334.704193,2450.428955,1737.015015,-0.001767,-7.887833,8.947089,7773,95,40,-67
32.291805,0.008186,0.154116,-2.037043,0.000138,0.454378,-0.307100,0.002839,-2.394180,-1.435558,-0.169712,-0.000224,0.000193,10.000000,-179.000000,-5.000000,-0.368841,-0.000016,0.000000,0.000000,0.000000,0.154992,460.000000,0.000000,0.000000,0.000000,0.000000,32.290829,402.984894,334.704193,2450.428955,1737.015015,-0.001918,-7.888307,8.947089,7773,80,40,-66
32.293758,0.008186,0.155019,-2.037663,0.000144,0.449592,-0.309970,0.002831,-2.393119,-1.434382,-0.169960,-0.000225,0.000189,10.000000,-179.000000,-5.000000,-0.368841,-0.000016,0.000000,0.000000,0.000000,0.154992,460.000000,0.000000,0.000000,0.000000,0.000000,32.292782,402.984894,334.704193,2450.428955,1737.015015,-0.002057,-7.888742,8.947089,7774,66,40,-66
32.295712,0.008187,0.155912,-2.038287,0.000149,0.444807,-0.312837,0.002819,-2.391676,-1.433189,-0.170176,-0.000225,0.000184,10.000000,-179.000000,-5.000000,-0.368841,-0.000016,0.000000,0.000000,0.000000,0.154992,460.000000,0.000000,0.000000,0.000000,0.000000,32.294735,402.984894,334.704193,2450.428955,1737.015015,-0.002191,-7.889162,8.947089,7774,53,40,-65
32.297665,0.008187,0.156795,-2.038918,0.000155,0.440027,-0.315701,0.002804,-2.389871,-1.431910,-0.170364,-0.000224,0.000180,10.000000,-179.000000,-5.000000,-0.368841,-0.000016,0.000000,0.000000,0.000000,0.154992,460.000000,0.000000,0.000000,0.000000,0.000000,32.296688,402.984894,334.704193,2450.428955,1737.015015,-0.002320,-7.889568,8.947089,7774,41,40,-64
32.299622,0.008187,0.157669,-2.039554,0.000161,0.435250,-0.318563,0.002786,-2.387722,-1.430522,-0.170525,-0.000224,0.000175,10.000000,-179.000000,-5.000000,-0.368841,-0.000016,0.000000,0.000000,0.000000,0.154992,460.000000,0.000000,0.000000,0.000000,0.000000,32.298645,402.984894,334.704193,2450.428955,1737.015015,-0.002439,-7.889943,8.947089,7774,30,39,-63
32.301575,0.008187,0.158533,-2.040196,0.000166,0.430478,-0.321422,0.002764,-2.385257,-1.429038,-0.170661,-0.000223,0.000169,10.000000,-179.000000,-5.000000,-0.368841,-0.000016,0.000000,0.000000,0.000000,0.154992,460.000000,0.000000,0.000000,0.000000,0.000000,32.300594,402.984894,334.704193,2450.428955,1737.015015,-0.002549,-7.890289,8.947089,7774,19,39,-62
32.303528,0.008188,0.159388,-2.040844,0.000172,0.425712,-0.324277,0.002739,-2.382501,-1.427468,-0.170775,-0.000222,0.000164,10.000000,-179.000000,-5.000000,-0.368841,-0.000016,0.000000,0.000000,0.000000,0.154992,460.000000,0.000000,0.000000,0.000000,0.000000,32.302551,402.984894,334.704193,2450.428955,1737.015015,-0.002651,-7.890609,8.947089,7774,9,39,-61
32.305481,0.008188,0.160233,-2.041497,0.000177,0.420952,-0.327130,0.002710,-2.379479,-1.425819,-0.170868,-0.000221,0.000158,10.000000,-179.000000,-5.000000,-0.368841,-0.000016,0.000000,0.000000,0.000000,0.154992,460.000000,0.000000,0.000000,0.000000,0.000000,32.304504,402.984894,334.704193,2450.428955,1737.015015,-0.002746,-7.890906,8.947089,7775,0,39,-60
32.307434,0.008189,0.161068,-2.042157,0.000183,0.416197,-0.329979,0.002678,-2.376234,-1.424206,-0.170942,-0.000219,0.000152,10.000000,-179.000000,-5.000000,-0.368841,-0.000016,0.000000,0.000000,0.000000,0.154992,460.000000,0.000000,0.000000,0.000000,0.000000,32.306461,402.984894,334.704193,2450.428955,1737.015015,-0.002834,-7.891181,8.947089,7775,-8,39,-59
32.309391,0.008189,0.161895,-2.042822,0.000188,0.411450,-0.332825,0.002642,-2.372775,-1.422553,-0.170999,-0.000218,0.000145,10.000000,-179.000000,-5.000000,-0.368841,-0.000016,0.000000,0.000000,0.000000,0.154992,460.000000,0.000000,0.000000,0.000000,0.000000,32.308411,402.984894,334.704193,2450.428955,1737.015015,-0.002915,-7.891436,8.947089,7775,-16,38,-57
32.311344,0.008189,0.162711,-2.043492,0.000193,0.406710,-0.335667,0.002603,-2.369118,-1.420832,-0.171040,-0.000216,0.000139,10.000000,-179.000000,-5.000000,-0.368841,-0.000016,0.000000,0.000000,0.000000,0.154992,460.000000,0.000000,0.000000,0.000000,0.000000,32.310368,402.984894,334.704193,2450.428955,1737.015015,-0.002984,-7.891653,8.947089,7775,-24,38,-56
32.313297,0.008190,0.163518,-2.044168,0.000198,0.401978,-0.338506,0.002561,-2.365283,-1.419050,-0.171068,-0.000213,0.000132,10.000000,-179.000000,-5.000000,-0.368841,-0.000016,0.000000,0.000000,0.000000,0.154992,460.000000,0.000000,0.000000,0.000000,0.000000,32.312321,402.984894,334.704193,2450.428955,1737.015015,-0.003041,-7.891834,8.947089,7775,-31,38,-55
32.315250,0.008190,0.164316,-2.044850,0.000203,0.397253,-0.341342,0.002516,-2.361290,-1.417210,-0.171084,-0.000211,0.000126,10.000000,-180.000000,6.000000,-0.368841,-0.000016,0.000000,0.000000,0.000000,0.154992,456.000000,0.000000,0.000000,0.000000,0.000000,32.314278,402.984894,334.704193,2450.428955,1737.015015,-0.003095,-7.892003,8.947089,7775,-37,38,-53
32.317207,0.008191,0.165104,-2.045538,0.000208,0.392537,-0.344173,0.002468,-2.357162,-1.415320,-0.171089,-0.000208,0.000119,10.000000,-180.000000,6.000000,-0.332653,0.000049,0.000000,0.000000,0.067000,-0.065319,456.000000,0.000000,0.000000,0.000000,0.000000,32.316227,522.388123,484.340942,1782.137939,1821.361450,-0.003138,-11.416085,8.945075,9452,-42,38,-52
32.319160,0.008191,0.165883,-2.046232,0.000213,0.387788,-0.347235,0.002457,-2.383151,-1.588332,-0.171084,-0.000205,0.000112,10.000000,-180.000000,6.000000,-0.332653,0.000049,0.000000,0.000000,0.000000,-0.065319,456.000000,0.000000,0.000000,0.000000,0.000000,32.318184,522.388123,484.340942,1782.137939,1821.361450,-0.003131,-11.416060,8.945075,9452,-47,37,-50
32.321114,0.008191,0.166652,-2.046932,0.000218,0.382972,-0.350734,0.002452,-2.415901,-1.801099,-0.171072,-0.000202,0.000105,10.000000,-180.000000,6.000000,-0.332653,0.000049,0.000000,0.000000,0.000000,-0.065319,456.000000,0.000000,0.000000,0.000000,0.000000,32.320137,522.388123,484.340942,1782.137939,1821.361450,-0.003081,-11.415905,8.945075,9452,-51,37,-49
32.323067,0.008192,0.167411,-2.047640,0.000223,0.378096,-0.354627,0.002438,-2.445030,-1.993417,-0.171054,-0.000199,0.000099,10.000000,-180.000000,6.000000,-0.332653,0.000049,0.000000,0.000000,0.000000,-0.065319,456.000000,0.000000,0.000000,0.000000,0.000000,32.322090,522.388123,484.340942,1782.137939,1821.361450,-0.003034,-11.415757,8.945075,9452,-55,37,-47
32.325024,0.008192,0.168161,-2.048356,0.000228,0.373167,-0.358877,0.002419,-2.470883,-2.167186,-0.171030,-0.000196,0.000092,10.000000,-180.000000,6.000000,-0.332653,0.000049,0.000000,0.000000,0.000000,-0.065319,456.000000,0.000000,0.000000,0.000000,0.000000,32.324043,522.388123,484.340942,1782.137939,1821.361450,-0.002988,-11.415613,8.945075,9452,-58,37,-46
32.326977,0.008193,0.168901,-2.049082,0.000233,0.368191,-0.363449,0.002395,-2.493767,-2.324135,-0.171001,-0.000193,0.000085,10.000000,-180.000000,6.000000,-0.332653,0.000049,0.000000,0.000000,0.000000,-0.065319,456.000000,0.000000,0.000000,0.000000,0.000000,32.326000,522.388123,484.340942,1782.137939,1821.361450,-0.002943,-11.415471,8.945075,9452,-60,37,-44
32.328930,0.008193,0.169630,-2.049816,0.000237,0.363172,-0.368311,0.002367,-2.513972,-2.465827,-0.170970,-0.000190,0.000079,10.000000,-180.000000,6.000000,-0.332653,0.000049,0.000000,0.000000,0.000000,-0.065319,456.000000,0.000000,0.000000,0.000000,0.000000,32.327953,522.388123,484.340942,1782.137939,1821.361450,-0.002898,-11.415330,8.945075,9451,-62,37,-43
32.330883,0.008194,0.170350,-2.050561,0.000242,0.358118,-0.373436,0.002338,-2.531732,-2.593580,-0.170936,-0.000187,0.000073,10.000000,-180.000000,6.000000,-0.332653,0.000049,0.000000,0.000000,0.000000,-0.065319,456.000000,0.000000,0.000000,0.000000,0.000000,32.329906,522.388123,484.340942,1782.137939,1821.361450,-0.002853,-11.415187,8.945075,9451,-64,37,-42
32.332836,0.008194,0.171059,-2.051317,0.000247,0.353030,-0.378797,0.002307,-2.547299,-2.708761,-0.170901,-0.000184,0.000067,10.000000,-180.000000,6.000000,-0.332653,0.000049,0.000000,0.000000,0.000000,-0.065319,456.000000,0.000000,0.000000,0.000000,0.000000,32.331860,522.388123,484.340942,1782.137939,1821.361450,-0.002812,-11.415060,8.945075,9451,-65,37,-40
32.334793,0.008195,0.171758,-2.052084,0.000251,0.347915,-0.384372,0.002276,-2.560896,-2.812573,-0.170866,-0.000181,0.000061,10.000000,-180.000000,6.000000,-0.332653,0.000049,0.000000,0.000000,0.000000,-0.065319,456.000000,0.000000,0.000000,0.000000,0.000000,32.333817,522.388123,484.340942,1782.137939,1821.361450,-0.002770,-11.414928,8.945075,9451,-66,37,-39
32.336746,0.008195,0.172447,-2.052862,0.000256,0.342775,-0.390139,0.002246,-2.572712,-2.906072,-0.170832,-0.000179,0.000055,10.000000,-180.000000,6.000000,-0.332653,0.000049,0.000000,0.000000,0.000000,-0.065319,456.000000,0.000000,0.000000,0.000000,0.000000,32.335770,522.388123,484.340942,1782.137939,1821.361450,-0.002726,-11.414789,8.945075,9451,-66,38,-38
32.338699,0.008196,0.173125,-2.053652,0.000260,0.337615,-0.396078,0.002217,-2.582928,-2.990219,-0.170798,-0.000177,0.000049,10.000000,-180.000000,6.000000,-0.332653,0.000049,0.000000,0.000000,0.000000,-0.065319,456.000000,0.000000,0.000000,0.000000,0.000000,32.337723,522.388123,484.340942,1782.137939,1821.361450,-0.002685,-11.414661,8.945075,9451,-66,38,-36
32.340652,0.008196,0.173793,-2.054454,0.000265,0.332435,-0.402173,0.002191,-2.591705,-3.065881,-0.170767,-0.000175,0.000043,10.000000,-180.000000,6.000000,-0.332653,0.000049,0.000000,0.000000,0.000000,-0.065319,456.000000,0.000000,0.000000,0.000000,0.000000,32.339676,522.388123,484.340942,1782.137939,1821.361450,-0.002641,-11.414524,8.945075,9451,-66,38,-35
32.342609,0.008197,0.174451,-2.055269,0.000269,0.327241,-0.408408,0.002167,-2.599185,-3.133850,-0.170737,-0.000174,0.000038,10.000000,-180.000000,6.000000,-0.332653,0.000049,0.000000,0.000000,0.000000,-0.065319,456.000000,0.000000,0.000000,0.000000,0.000000,32.341633,522.388123,484.340942,1782.137939,1821.361450,-0.002594,-11.414376,8.945075,9451,-65,38,-34
32.344563,0.008197,0.175099,-2.056096,0.000273,0.322033,-0.414768,0.002146,-2.605502,-3.194840,-0.170711,-0.000173,0.000032,10.000000,-180.000000,6.000000,-0.332653,0.000049,0.000000,0.000000,0.000000,-0.065319,456.000000,0.000000,0.000000,0.000000,0.000000,32.343582,522.388123,484.340942,1782.137939,1821.361450,-0.002550,-11.414237,8.945075,9451,-64,39,-33
32.346516,0.008198,0.175735,-2.056936,0.000277,0.316814,-0.421240,0.002130,-2.610777,-3.249499,-0.170688,-0.000172,0.000027,10.000000,-180.000000,6.000000,-0.332653,0.000049,0.000000,0.000000,0.000000,-0.065319,456.000000,0.000000,0.000000,0.000000,0.000000,32.345539,522.388123,484.340942,1782.137939,1821.361450,-0.002507,-11.414104,8.945075,9451,-62,39,-32
32.348469,0.008198,0.176362,-2.057789,0.000282,0.311585,-0.427813,0.002117,-2.615118,-3.298416,-0.170670,-0.000172,0.000022,10.000000,-180.000000,6.000000,-0.332653,0.000049,0.000000,0.000000,0.000000,-0.065319,456.000000,0.000000,0.000000,0.000000,0.000000,32.347492,522.388123,484.340942,1782.137939,1821.361450,-0.002466,-11.413974,8.945075,9451,-60,40,-30
32.350426,0.008199,0.176978,-2.058655,0.000286,0.306350,-0.434476,0.002108,-2.618625,-3.342125,-0.170655,-0.000172,0.000017,10.000000,-180.000000,6.000000,-0.332653,0.000049,0.000000,0.000000,0.000000,-0.065319,456.000000,0.000000,0.000000,0.000000,0.000000,32.349449,522.388123,484.340942,1782.137939,1821.361450,-0.002420,-11.413828,8.945075,9451,-58,40,-29
32.352379,0.008200,0.177583,-2.059535,0.000290,0.301108,-0.441220,0.002104,-2.621384,-3.381111,-0.170645,-0.000172,0.000013,10.000000,-180.000000,6.000000,-0.332653,0.000049,0.000000,0.000000,0.000000,-0.065319,456.000000,0.000000,0.000000,0.000000,0.000000,32.351398,522.388123,484.340942,1782.137939,1821.361450,-0.002368,-11.413667,8.945075,9451,-56,40,-28
32.354332,0.008200,0.178178,-2.060429,0.000294,0.295862,-0.448034,0.002104,-2.623476,-3.415812,-0.170640,-0.000173,0.000008,10.000000,-180.000000,6.000000,-0.332653,0.000049,0.000000,0.000000,0.000000,-0.065319,456.000000,0.000000,0.000000,0.000000,0.000000,32.353355,522.388123,484.340942,1782.137939,1821.361450,-0.002318,-11.413508,8.945075,9451,-54,41,-27
32.356285,0.008201,0.178763,-2.061336,0.000299,0.290613,-0.454913,0.002109,-2.624974,-3.446626,-0.170639,-0.000174,0.000004,10.000000,-180.000000,6.000000,-0.332653,0.000049,0.000000,0.000000,0.000000,-0.065319,456.000000,0.000000,0.000000,0.000000,0.000000,32.355309,522.388123,484.340942,1782.137939,1821.361450,-0.002268,-11.413351,8.945075,9450,-51,41,-26
32.358238,0.008201,0.179337,-2.062257,0.000303,0.285362,-0.461847,0.002119,-2.625925,-3.473809,-0.170644,-0.000176,-0.000001,10.000000,-180.000000,6.000000,-0.332653,0.000049,0.000000,0.000000,0.000000,-0.065319,456.000000,0.000000,0.000000,0.000000,0.000000,32.357265,522.388123,484.340942,1782.137939,1821.361450,-0.002218,-11.413193,8.945075,9450,-49,42,-25
32.360195,0.008202,0.179900,-2.063192,0.000307,0.280109,-0.468831,0.002133,-2.626400,-3.497772,-0.170654,-0.000177,-0.000005,10.000000,-180.000000,6.000000,-0.332653,0.000049,0.000000,0.000000,0.000000,-0.065319,456.000000,0.000000,0.000000,0.000000,0.000000,32.359215,522.388123,484.340942,1782.137939,1821.361450,-0.002167,-11.413034,8.945075,9450,-46,42,-24
32.362148,0.008203,0.180453,-2.064142,0.000311,0.274856,-0.475859,0.002151,-2.626461,-3.518847,-0.170670,-0.000180,-0.000009,10.000000,-180.000000,6.000000,-0.332653,0.000049,0.000000,0.000000,0.000000,-0.065319,456.000000,0.000000,0.000000,0.000000,0.000000,32.361172,522.388123,484.340942,1782.137939,1821.361450,-0.002116,-11.412874,8.945075,9450,-43,42,-23
32.364101,0.008203,0.180995,-2.065105,0.000316,0.269604,-0.482924,0.002174,-2.626154,-3.537302,-0.170690,-0.000182,-0.000012,10.000000,-180.000000,6.000000,-0.332653,0.000049,0.000000,0.000000,0.000000,-0.065319,456.000000,0.000000,0.000000,0.000000,0.000000,32.363125,522.388123,484.340942,1782.137939,1821.361450,-0.002064,-11.412710,8.945075,9450,-40,43,-22
32.366055,0.008204,0.181527,-2.066082,0.000320,0.264352,-0.490023,0.002200,-2.625520,-3.553381,-0.170716,-0.000185,-0.000016,10.000000,-180.000000,6.000000,-0.332653,0.000049,0.000000,0.000000,0.000000,-0.065319,456.000000,0.000000,0.000000,0.000000,0.000000,32.365082,522.388123,484.340942,1782.137939,1821.361450,-0.002010,-11.412542,8.945075,9450,-37,43,-20
32.368011,0.008205,0.182048,-2.067074,0.000325,0.259102,-0.497151,0.002230,-2.624600,-3.567305,-0.170748,-0.000188,-0.000019,10.000000,-180.000000,6.000000,-0.332653,0.000049,0.000000,0.000000,0.000000,-0.065319,456.000000,0.000000,0.000000,0.000000,0.000000,32.367031,522.388123,484.340942,1782.137939,1821.361450,-0.001949,-11.412352,8.945075,9450,-34,44,-19
32.369965,0.008205,0.182559,-2.068080,0.000329,0.253855,-0.504304,0.002263,-2.623423,-3.579275,-0.170785,-0.000191,-0.000023,10.000000,-180.000000,6.000000,-0.332653,0.000049,0.000000,0.000000,0.000000,-0.065319,456.000000,0.000000,0.000000,0.000000,0.000000,32.368988,522.388123,484.340942,1782.137939,1821.361450,-0.001881,-11.412138,8.945075,9450,-31,44,-18
32.371918,0.008206,0.183060,-2.069100,0.000334,0.248610,-0.511478,0.002299,-2.622023,-3.589473,-0.170826,-0.000194,-0.000026,10.000000,-180.000000,6.000000,-0.332653,0.000049,0.000000,0.000000,0.000000,-0.065319,456.000000,0.000000,0.000000,0.000000,0.000000,32.370941,522.388123,484.340942,1782.137939,1821.361450,-0.001812,-11.411921,8.945075,9450,-27,45,-17
32.373871,0.008207,0.183549,-2.070135,0.000338,0.243369,-0.518670,0.002338,-2.620425,-3.598064,-0.170873,-0.000198,-0.000029,10.000000,-180.000000,6.000000,-0.332653,0.000049,0.000000,0.000000,0.000000,-0.065319,456.000000,0.000000,0.000000,0.000000,0.000000,32.372894,522.388123,484.340942,1782.137939,1821.361450,-0.001742,-11.411699,8.945075,9450,-24,45,-16
32.375828,0.008207,0.184029,-2.071184,0.000343,0.238130,-0.525877,0.002379,-2.618652,-3.605199,-0.170925,-0.000201,-0.000031,10.000000,-180.000000,6.000000,-0.332653,0.000049,0.000000,0.000000,0.000000,-0.065319,456.000000,0.000000,0.000000,0.000000,0.000000,32.374847,522.388123,484.340942,1782.137939,1821.361450,-0.001670,-11.411472,8.945075,9449,-21,45,-16
32.377781,0.008208,0.184498,-2.072248,0.000348,0.232896,-0.533096,0.002422,-2.616708,-3.610910,-0.170981,-0.000205,-0.000034,10.000000,-180.000000,6.000000,-0.332653,0.000049,0.000000,0.000000,0.000000,-0.065319,456.000000,0.000000,0.000000,0.000000,0.000000,32.376804,522.388123,484.340942,1782.137939,1821.361450,-0.001602,-11.411259,8.945075,9449,-18,46,-15
32.379734,0.008209,0.184956,-2.073326,0.000353,0.227666,-0.540325,0.002467,-2.614627,-3.615399,-0.171042,-0.000209,-0.000036,10.000000,-180.000000,6.000000,-0.332653,0.000049,0.000000,0.000000,0.000000,-0.065319,456.000000,0.000000,0.000000,0.000000,0.000000,32.378757,522.388123,484.340942,1782.137939,1821.361450,-0.001537,-11.411056,8.945075,9449,-15,46,-14
32.381687,0.008209,0.185404,-2.074419,0.000358,0.222440,-0.547561,0.002512,-2.612429,-3.618815,-0.171107,-0.000213,-0.000039,10.000000,-180.000000,6.000000,-0.332653,0.000049,0.000000,0.000000,0.000000,-0.065319,456.000000,0.000000,0.000000,0.000000,0.000000,32.380711,522.388123,484.340942,1782.137939,1821.361450,-0.001469,-11.410844,8.945075,9449,-12,46,-13
32.383640,0.008210,0.185842,-2.075526,0.000363,0.217218,-0.554802,0.002558,-2.610129,-3.621259,-0.171176,-0.000217,-0.000041,10.000000,-180.000000,6.000000,-0.332653,0.000049,0.000000,0.000000,0.000000,-0.065319,456.000000,0.000000,0.000000,0.000000,0.000000,32.382664,522.388123,484.340942,1782.137939,1821.361450,-0.001399,-11.410622,8.945075,9449,-9,46,-12
32.385597,0.008211,0.186269,-2.076648,0.000368,0.212002,-0.562047,0.002604,-2.607740,-3.622822,-0.171249,-0.000220,-0.000043,10.000000,-180.000000,6.000000,-0.332653,0.000049,0.000000,0.000000,0.000000,-0.065319,456.000000,0.000000,0.000000,0.000000,0.000000,32.384621,522.388123,484.340942,1782.137939,1821.361450,-0.001325,-11.410391,8.945075,9449,-6,47,-11
32.387550,0.008212,0.186685,-2.077784,0.000373,0.206790,-0.569294,0.002650,-2.605270,-3.623586,-0.171325,-0.000224,-0.000044,10.000000,-180.000000,6.000000,-0.332653,0.000049,0.000000,0.000000,0.000000,-0.065319,456.000000,0.000000,0.000000,0.000000,0.000000,32.386574,522.388123,484.340942,1782.137939,1821.361450,-0.001248,-11.410150,8.945075,9449,-3,47,-10
32.389503,0.008212,0.187091,-2.078934,0.000379,0.201583,-0.576541,0.002696,-2.602731,-3.623627,-0.171405,-0.000228,-0.000046,10.000000,-180.000000,6.000000,-0.332653,0.000049,0.000000,0.000000,0.000000,-0.065319,456.000000,0.000000,0.000000,0.000000,0.000000,32.388527,522.388123,484.340942,1782.137939,1821.361450,-0.001168,-11.409898,8.945075,9449,0,47,-10
32.391457,0.008213,0.187487,-2.080099,0.000384,0.196381,-0.583788,0.002741,-2.600127,-3.623015,-0.171488,-0.000232,-0.000048,10.000000,-180.000000,6.000000,-0.332653,0.000049,0.000000,0.000000,0.000000,-0.065319,456.000000,0.000000,0.000000,0.000000,0.000000,32.390480,522.388123,484.340942,1782.137939,1821.361450,-0.001091,-11.409656,8.945075,9449,1,47,-9
32.393414,0.008214,0.187872,-2.081279,0.000390,0.191185,-0.591032,0.002785,-2.597469,-3.621811,-0.171573,-0.000235,-0.000049,10.000000,-182.000000,14.000000,-0.332653,0.000049,0.000000,0.000000,0.000000,-0.065319,432.000000,0.000000,0.000000,0.000000,0.000000,32.392437,522.388123,484.340942,1782.137939,1821.361450,-0.001016,-11.409419,8.945075,9448,4,47,-8
32.395367,0.008215,0.188247,-2.082473,0.000395,0.185994,-0.598273,0.002826,-2.594741,-3.619966,-0.171661,-0.000239,-0.000050,10.000000,-182.000000,14.000000,-0.341512,0.000093,0.000000,0.000000,0.067000,-0.408991,432.000000,0.000000,0.000000,0.000000,0.000000,32.394386,119.402969,300.947510,-6014.703125,-453.318604,-0.000937,-7.090255,8.944030,7438,6,47,-7
32.397320,0.008215,0.188612,-2.083681,0.000401,0.180858,-0.605229,0.002817,-2.555602,-3.407941,-0.171750,-0.000242,-0.000051,10.000000,-182.000000,14.000000,-0.341512,0.000093,0.000000,0.000000,0.000000,-0.408991,432.000000,0.000000,0.000000,0.000000,0.000000,32.396343,119.402969,300.947510,-6014.703125,-453.318604,-0.000864,-7.090027,8.944030,7438,9,47,-7
32.399273,0.008216,0.188967,-2.084903,0.000407,0.175818,-0.611651,0.002793,-2.508112,-3.147807,-0.171842,-0.000245,-0.000053,10.000000,-182.000000,14.000000,-0.341512,0.000093,0.000000,0.000000,0.000000,-0.408991,432.000000,0.000000,0.000000,0.000000,0.000000,32.398296,119.402969,300.947510,-6014.703125,-453.318604,-0.000802,-7.089831,8.944030,7438,11,47,-6
32.401230,0.008217,0.189311,-2.086136,0.000412,0.170868,-0.617590,0.002768,-2.464785,-2.911757,-0.171936,-0.000248,-0.000054,10.000000,-182.000000,14.000000,-0.341512,0.000093,0.000000,0.000000,0.000000,-0.408991,432.000000,0.000000,0.000000,0.000000,0.000000,32.400253,119.402969,300.947510,-6014.703125,-453.318604,-0.000737,-7.089629,8.944030,7438,13,47,-6
32.403183,0.008218,0.189646,-2.087381,0.000418,0.165998,-0.623090,0.002743,-2.425230,-2.697551,-0.172030,-0.000250,-0.000055,10.000000,-182.000000,14.000000,-0.341512,0.000093,0.000000,0.000000,0.000000,-0.408991,432.000000,0.000000,0.000000,0.000000,0.000000,32.402203,119.402969,300.947510,-6014.703125,-453.318604,-0.000671,-7.089422,8.944030,7438,15,47,-5
32.405136,0.008219,0.189971,-2.088636,0.000423,0.161202,-0.628191,0.002715,-2.389099,-2.503157,-0.172126,-0.000251,-0.000055,10.000000,-182.000000,14.000000,-0.341512,0.000093,0.000000,0.000000,0.000000,-0.408991,432.000000,0.000000,0.000000,0.000000,0.000000,32.404160,119.402969,300.947510,-6014.703125,-453.318604,-0.000604,-7.089209,8.944030,7438,17,47,-5
32.407089,0.008220,0.190287,-2.089901,0.000428,0.156474,-0.632930,0.002683,-2.356070,-2.326732,-0.172222,-0.000252,-0.000056,10.000000,-182.000000,14.000000,-0.341512,0.000093,0.000000,0.000000,0.000000,-0.408991,432.000000,0.000000,0.000000,0.000000,0.000000,32.406113,119.402969,300.947510,-6014.703125,-453.318604,-0.000534,-7.088992,8.944030,7438,19,47,-4
32.409042,0.008220,0.190593,-2.091175,0.000434,0.151807,-0.637342,0.002648,-2.325857,-2.166603,-0.172319,-0.000253,-0.000057,10.000000,-182.000000,14.000000,-0.341512,0.000093,0.000000,0.000000,0.000000,-0.408991,432.000000,0.000000,0.000000,0.000000,0.000000,32.408070,119.402969,300.947510,-6014.703125,-453.318604,-0.000463,-7.088769,8.944030,7438,20,46,-4
32.410999,0.008221,0.190890,-2.092457,0.000439,0.147197,-0.641455,0.002607,-2.298193,-2.021255,-0.172416,-0.000253,-0.000058,10.000000,-182.000000,14.000000,-0.341512,0.000093,0.000000,0.000000,0.000000,-0.408991,432.000000,0.000000,0.000000,0.000000,0.000000,32.410019,119.402969,300.947510,-6014.703125,-453.318604,-0.000391,-7.088542,8.944030,7437,22,46,-3
32.412952,0.008222,0.191178,-2.093747,0.000444,0.142639,-0.645298,0.002561,-2.272824,-1.889210,-0.172513,-0.000252,-0.000059,10.000000,-182.000000,14.000000,-0.341512,0.000093,0.000000,0.000000,0.000000,-0.408991,432.000000,0.000000,0.000000,0.000000,0.000000,32.411976,119.402969,300.947510,-6014.703125,-453.318604,-0.000317,-7.088309,8.944030,7437,23,46,-3
32.414906,0.008223,0.191456,-2.095044,0.000449,0.138129,-0.648895,0.002509,-2.249546,-1.769300,-0.172610,-0.000250,-0.000060,10.000000,-182.000000,14.000000,-0.341512,0.000093,0.000000,0.000000,0.000000,-0.408991,432.000000,0.000000,0.000000,0.000000,0.000000,32.413929,119.402969,300.947510,-6014.703125,-453.318604,-0.000242,-7.088073,8.944030,7437,24,45,-2
32.416859,0.008224,0.191726,-2.096348,0.000454,0.133662,-0.652269,0.002450,-2.228171,-1.660430,-0.172706,-0.000247,-0.000060,10.000000,-182.000000,14.000000,-0.341512,0.000093,0.000000,0.000000,0.000000,-0.408991,432.000000,0.000000,0.000000,0.000000,0.000000,32.415882,119.402969,300.947510,-6014.703125,-453.318604,-0.000165,-7.087831,8.944030,7437,25,44,-2
32.418816,0.008225,0.191987,-2.097659,0.000459,0.129235,-0.655440,0.002385,-2.208516,-1.561574,-0.172801,-0.000244,-0.000061,10.000000,-182.000000,14.000000,-0.341512,0.000093,0.000000,0.000000,0.000000,-0.408991,432.000000,0.000000,0.000000,0.000000,0.000000,32.417835,119.402969,300.947510,-6014.703125,-453.318604,-0.000087,-7.087586,8.944030,7437,26,44,-2
32.420769,0.008226,0.192239,-2.098976,0.000464,0.124845,-0.658428,0.002313,-2.190422,-1.471801,-0.172896,-0.000239,-0.000062,10.000000,-182.000000,14.000000,-0.341512,0.000093,0.000000,0.000000,0.000000,-0.408991,432.000000,0.000000,0.000000,0.000000,0.000000,32.419792,119.402969,300.947510,-6014.703125,-453.318604,-0.000014,-7.087357,8.944030,7437,27,43,-1
32.422722,0.008227,0.192483,-2.100298,0.000468,0.120490,-0.661248,0.002233,-2.173743,-1.390265,-0.172989,-0.000234,-0.000062,10.000000,-182.000000,14.000000,-0.341512,0.000093,0.000000,0.000000,0.000000,-0.408991,432.000000,0.000000,0.000000,0.000000,0.000000,32.421745,119.402969,300.947510,-6014.703125,-453.318604,0.000061,-7.087121,8.944030,7437,28,42,-1
32.424675,0.008228,0.192717,-2.101626,0.000472,0.116166,-0.663917,0.002146,-2.158341,-1.316201,-0.173081,-0.000228,-0.000063,10.000000,-182.000000,14.000000,-0.341512,0.000093,0.000000,0.000000,0.000000,-0.408991,432.000000,0.000000,0.000000,0.000000,0.000000,32.423698,119.402969,300.947510,-6014.703125,-453.318604,0.000138,-7.086881,8.944030,7437,28,42,-1
32.426628,0.008229,0.192944,-2.102959,0.000477,0.111870,-0.666447,0.002052,-2.144097,-1.248915,-0.173171,-0.000221,-0.000064,10.000000,-182.000000,14.000000,-0.341512,0.000093,0.000000,0.000000,0.000000,-0.408991,432.000000,0.000000,0.000000,0.000000,0.000000,32.425652,119.402969,300.947510,-6014.703125,-453.318604,0.000210,-7.086656,8.944030,7437,29,41,-1
32.428585,0.008230,0.193161,-2.104297,0.000481,0.107602,-0.668853,0.001950,-2.130902,-1.187776,-0.173259,-0.000214,-0.000065,10.000000,-182.000000,14.000000,-0.341512,0.000093,0.000000,0.000000,0.000000,-0.408991,432.000000,0.000000,0.000000,0.000000,0.000000,32.427608,119.402969,300.947510,-6014.703125,-453.318604,0.000277,-7.086444,8.944030,7437,29,40,-1
32.430538,0.008231,0.193370,-2.105639,0.000484,0.103359,-0.671144,0.001841,-2.118653,-1.132213,-0.173346,-0.000205,-0.000065,10.000000,-182.000000,14.000000,-0.341512,0.000093,0.000000,0.000000,0.000000,-0.408991,432.000000,0.000000,0.000000,0.000000,0.000000,32.429562,119.402969,300.947510,-6014.703125,-453.318604,0.000340,-7.086246,8.944030,7437,29,39,-1
32.432491,0.008232,0.193571,-2.106986,0.000488,0.099139,-0.673332,0.001726,-2.107262,-1.081709,-0.173430,-0.000196,-0.000066,10.000000,-182.000000,14.000000,-0.341512,0.000093,0.000000,0.000000,0.000000,-0.408991,432.000000,0.000000,0.000000,0.000000,0.000000,32.431515,119.402969,300.947510,-6014.703125,-453.318604,0.000400,-7.086059,8.944030,7436,29,38,0
32.434444,0.008233,0.193763,-2.108337,0.000491,0.094940,-0.675426,0.001603,-2.096629,-1.035688,-0.173512,-0.000186,-0.000067,10.000000,-182.000000,14.000000,-0.341512,0.000093,0.000000,0.000000,0.000000,-0.408991,432.000000,0.000000,0.000000,0.000000,0.000000,32.433468,119.402969,300.947510,-6014.703125,-453.318604,0.000462,-7.085862,8.944030,7436,29,37,0
32.436401,0.008234,0.193947,-2.109693,0.000494,0.090762,-0.677434,0.001473,-2.086689,-0.993806,-0.173592,-0.000176,-0.000068,10.000000,-182.000000,14.000000,-0.341512,0.000093,0.000000,0.000000,0.000000,-0.408991,432.000000,0.000000,0.000000,0.000000,0.000000,32.435425,119.402969,300.947510,-6014.703125,-453.318604,0.000527,-7.085658,8.944030,7436,29,37,0
32.438354,0.008235,0.194122,-2.111052,0.000497,0.086603,-0.679364,0.001338,-2.077384,-0.955712,-0.173669,-0.000164,-0.000069,10.000000,-182.000000,14.000000,-0.341512,0.000093,0.000000,0.000000,0.000000,-0.408991,432.000000,0.000000,0.000000,0.000000,0.000000,32.437374,119.402969,300.947510,-6014.703125,-453.318604,0.000589,-7.085465,8.944030,7436,29,36,0
32.440308,0.008236,0.194289,-2.112415,0.000499,0.082461,-0.681223,0.001196,-2.068651,-0.921053,-0.173743,-0.000152,-0.000069,10.000000,-182.000000,14.000000,-0.341512,0.000093,0.000000,0.000000,0.000000,-0.408991,432.000000,0.000000,0.000000,0.000000,0.000000,32.439331,119.402969,300.947510,-6014.703125,-453.318604,0.000647,-7.085283,8.944030,7436,29,35,-1
32.442261,0.008237,0.194448,-2.113781,0.000501,0.078336,-0.683018,0.001049,-2.060431,-0.889512,-0.173815,-0.000140,-0.000070,10.000000,-182.000000,14.000000,-0.341512,0.000093,0.000000,0.000000,0.000000,-0.408991,432.000000,0.000000,0.000000,0.000000,0.000000,32.441284,119.402969,300.947510,-6014.703125,-453.318604,0.000695,-7.085133,8.944030,7436,29,34,-1
32.444218,0.008238,0.194599,-2.115151,0.000503,0.074227,-0.684753,0.000896,-2.052680,-0.860798,-0.173884,-0.000126,-0.000071,10.000000,-182.000000,14.000000,-0.341512,0.000093,0.000000,0.000000,0.000000,-0.408991,432.000000,0.000000,0.000000,0.000000,0.000000,32.443241,119.402969,300.947510,-6014.703125,-453.318604,0.000734,-7.085010,8.944030,7436,28,33,-1
32.446171,0.008239,0.194741,-2.116524,0.000505,0.070133,-0.686435,0.000739,-2.045347,-0.834649,-0.173950,-0.000113,-0.000072,10.000000,-182.000000,14.000000,-0.341512,0.000093,0.000000,0.000000,0.000000,-0.408991,432.000000,0.000000,0.000000,0.000000,0.000000,32.445190,119.402969,300.947510,-6014.703125,-453.318604,0.000771,-7.084894,8.944030,7436,28,33,-1
32.448124,0.008240,0.194876,-2.117901,0.000506,0.066052,-0.688069,0.000578,-2.038391,-0.810828,-0.174014,-0.000099,-0.000073,10.000000,-182.000000,14.000000,-0.341512,0.000093,0.000000,0.000000,0.000000,-0.408991,432.000000,0.000000,0.000000,0.000000,0.000000,32.447147,119.402969,300.947510,-6014.703125,-453.318604,0.000806,-7.084784,8.944030,7436,27,32,-1
32.450077,0.008241,0.195002,-2.119281,0.000507,0.061986,-0.689658,0.000412,-2.031775,-0.789118,-0.174074,-0.000084,-0.000073,10.000000,-182.000000,14.000000,-0.341512,0.000093,0.000000,0.000000,0.000000,-0.408991,432.000000,0.000000,0.000000,0.000000,0.000000,32.449100,119.402969,300.947510,-6014.703125,-453.318604,0.000839,-7.084678,8.944030,7436,26,31,-1
32.452030,0.008242,0.195120,-2.120664,0.000508,0.057932,-0.691206,0.000244,-2.025464,-0.769325,-0.174131,-0.000069,-0.000074,10.000000,-186.000000,23.000000,-0.341512,0.000093,0.000000,0.000000,0.000000,-0.408991,402.000000,0.000000,0.000000,0.000000,0.000000,32.451057,119.402969,300.947510,-6014.703125,-453.318604,0.000871,-7.084578,8.944030,7436,26,30,-1
32.453987,0.008243,0.195230,-2.122050,0.000508,0.053890,-0.692717,0.000072,-2.019427,-0.751270,-0.174185,-0.000054,-0.000075,10.000000,-186.000000,23.000000,-0.365074,0.000120,0.000000,0.000000,0.066000,-0.555182,402.000000,0.000000,0.000000,0.000000,0.000000,32.453007,136.363632,216.603592,256.979736,-431.918335,0.000902,-5.098184,8.917879,6694,25,30,-2
32.455940,0.008244,0.195331,-2.123439,0.000508,0.049878,-0.694091,-0.000104,-2.000018,-0.657425,-0.174237,-0.000039,-0.000076,10.000000,-186.000000,23.000000,-0.365074,0.000120,0.000000,0.000000,0.000000,-0.555182,402.000000,0.000000,0.000000,0.000000,0.000000,32.454964,136.363632,216.603592,256.979736,-431.918335,0.000923,-5.098116,8.917879,6694,24,29,-2
32.457893,0.008245,0.195425,-2.124830,0.000507,0.045911,-0.695240,-0.000280,-1.977727,-0.547415,-0.174285,-0.000023,-0.000077,10.000000,-186.000000,23.000000,-0.365074,0.000120,0.000000,0.000000,0.000000,-0.555182,402.000000,0.000000,0.000000,0.000000,0.000000,32.456917,136.363632,216.603592,256.979736,-431.918335,0.000937,-5.098073,8.917879,6694,23,28,-2
32.459846,0.008246,0.195511,-2.126224,0.000506,0.041987,-0.696184,-0.000455,-1.957214,-0.447732,-0.174330,-0.000007,-0.000078,10.000000,-186.000000,23.000000,-0.365074,0.000120,0.000000,0.000000,0.000000,-0.555182,402.000000,0.000000,0.000000,0.000000,0.000000,32.458874,136.363632,216.603592,256.979736,-431.918335,0.000950,-5.098030,8.917879,6694,22,28,-2
32.461803,0.008247,0.195590,-2.127619,0.000505,0.038101,-0.696943,-0.000628,-1.938313,-0.357415,-0.174372,0.000009,-0.000078,10.000000,-186.000000,23.000000,-0.365074,0.000120,0.000000,0.000000,0.000000,-0.555182,402.000000,0.000000,0.000000,0.000000,0.000000,32.460823,136.363632,216.603592,256.979736,-431.918335,0.000964,-5.097989,8.917879,6694,21,27,-3
32.463757,0.008248,0.195660,-2.129015,0.000504,0.034251,-0.697534,-0.000801,-1.920871,-0.275592,-0.174411,0.000025,-0.000079,10.000000,-186.000000,23.000000,-0.365074,0.000120,0.000000,0.000000,0.000000,-0.555182,402.000000,0.000000,0.000000,0.000000,0.000000,32.462780,136.363632,216.603592,256.979736,-431.918335,0.000970,-5.097970,8.917879,6694,21,27,-3
32.465710,0.008249,0.195723,-2.130412,0.000502,0.030433,-0.697973,-0.000971,-1.904755,-0.201473,-0.174448,0.000042,-0.000080,10.000000,-186.000000,23.000000,-0.365074,0.000120,0.000000,0.000000,0.000000,-0.555182,402.000000,0.000000,0.000000,0.000000,0.000000,32.464733,136.363632,216.603592,256.979736,-431.918335,0.000969,-5.097971,8.917879,6694,20,26,-3
32.467663,0.008250,0.195778,-2.131810,0.000500,0.026646,-0.698274,-0.001141,-1.889838,-0.134341,-0.174481,0.000058,-0.000081,10.000000,-186.000000,23.000000,-0.365074,0.000120,0.000000,0.000000,0.000000,-0.555182,402.000000,0.000000,0.000000,0.000000,0.000000,32.466686,136.363632,216.603592,256.979736,-431.918335,0.000969,-5.097971,8.917879,6694,19,26,-3
32.469620,0.008251,0.195826,-2.133208,0.000497,0.022888,-0.698451,-0.001309,-1.876007,-0.073546,-0.174511,0.000074,-0.000082,10.000000,-186.000000,23.000000,-0.365074,0.000120,0.000000,0.000000,0.000000,-0.555182,402.000000,0.000000,0.000000,0.000000,0.000000,32.468639,136.363632,216.603592,256.979736,-431.918335,0.000970,-5.097970,8.917879,6694,18,25,-4
32.471573,0.008252,0.195866,-2.134606,0.000494,0.019155,-0.698515,-0.001475,-1.863160,-0.018499,-0.174539,0.000091,-0.000083,10.000000,-186.000000,23.000000,-0.365074,0.000120,0.000000,0.000000,0.000000,-0.555182,402.000000,0.000000,0.000000,0.000000,0.000000,32.470596,136.363632,216.603592,256.979736,-431.918335,0.000963,-5.097990,8.917879,6694,16,25,-4
32.473526,0.008253,0.195899,-2.136005,0.000491,0.015447,-0.698477,-0.001639,-1.851205,0.031335,-0.174563,0.000107,-0.000084,10.000000,-186.000000,23.000000,-0.365074,0.000120,0.000000,0.000000,0.000000,-0.555182,402.000000,0.000000,0.000000,0.000000,0.000000,32.472549,136.363632,216.603592,256.979736,-431.918335,0.000951,-5.098028,8.917879,6694,15,24,-4
32.475479,0.008254,0.195924,-2.137403,0.000488,0.011761,-0.698346,-0.001801,-1.840058,0.076442,-0.174585,0.000123,-0.000085,10.000000,-186.000000,23.000000,-0.365074,0.000120,0.000000,0.000000,0.000000,-0.555182,402.000000,0.000000,0.000000,0.000000,0.000000,32.474503,136.363632,216.603592,256.979736,-431.918335,0.000940,-5.098063,8.917879,6694,14,24,-4
32.477432,0.008255,0.195942,-2.138801,0.000484,0.008097,-0.698131,-0.001961,-1.829643,0.117261,-0.174605,0.000139,-0.000086,10.000000,-186.000000,23.000000,-0.365074,0.000120,0.000000,0.000000,0.000000,-0.555182,402.000000,0.000000,0.000000,0.000000,0.000000,32.476456,136.363632,216.603592,256.979736,-431.918335,0.000930,-5.098095,8.917879,6694,13,23,-4
32.479389,0.008256,0.195953,-2.140198,0.000480,0.004452,-0.697841,-0.002118,-1.819891,0.154190,-0.174622,0.000155,-0.000087,10.000000,-186.000000,23.000000,-0.365074,0.000120,0.000000,0.000000,0.000000,-0.555182,402.000000,0.000000,0.000000,0.000000,0.000000,32.478413,136.363632,216.603592,256.979736,-431.918335,0.000920,-5.098125,8.917879,6694,12,23,-5
32.481342,0.008257,0.195956,-2.141595,0.000475,0.000826,-0.697482,-0.002273,-1.810738,0.187593,-0.174636,0.000171,-0.000088,10.000000,-186.000000,23.000000,-0.365074,0.000120,0.000000,0.000000,0.000000,-0.555182,402.000000,0.000000,0.000000,0.000000,0.000000,32.480366,136.363632,216.603592,256.979736,-431.918335,0.000904,-5.098176,8.917879,6694,11,22,-5
32.483295,0.008257,0.195953,-2.142990,0.000470,-0.002782,-0.697061,-0.002424,-1.802131,0.217796,-0.174648,0.000186,-0.000089,10.000000,-186.000000,23.000000,-0.365074,0.000120,0.000000,0.000000,0.000000,-0.555182,402.000000,0.000000,0.000000,0.000000,0.000000,32.482319,136.363632,216.603592,256.979736,-431.918335,0.000883,-5.098243,8.917879,6694,10,22,-5
32.485249,0.008258,0.195942,-2.144385,0.000465,-0.006374,-0.696584,-0.002572,-1.794017,0.245099,-0.174658,0.000202,-0.000090,10.000000,-186.000000,23.000000,-0.365074,0.000120,0.000000,0.000000,0.000000,-0.555182,402.000000,0.000000,0.000000,0.000000,0.000000,32.484272,136.363632,216.603592,256.979736,-431.918335,0.000862,-5.098307,8.917879,6694,9,22,-5
32.487206,0.008259,0.195924,-2.145779,0.000460,-0.009951,-0.696056,-0.002716,-1.786349,0.269769,-0.174666,0.000216,-0.000091,10.000000,-186.000000,23.000000,-0.365074,0.000120,0.000000,0.000000,0.000000,-0.555182,402.000000,0.000000,0.000000,0.000000,0.000000,32.486229,136.363632,216.603592,256.979736,-431.918335,0.000843,-5.098366,8.917879,6694,8,22,-5
32.489159,0.008260,0.195898,-2.147171,0.000454,-0.013513,-0.695483,-0.002856,-1.779086,0.292054,-0.174671,0.000231,-0.000091,10.000000,-186.000000,23.000000,-0.365074,0.000120,0.000000,0.000000,0.000000,-0.555182,402.000000,0.000000,0.000000,0.000000,0.000000,32.488178,136.363632,216.603592,256.979736,-431.918335,0.000825,-5.098423,8.917879,6694,7,21,-6
32.491112,0.008261,0.195866,-2.148563,0.000448,-0.017060,-0.694869,-0.002991,-1.772188,0.312174,-0.174675,0.000245,-0.000092,10.000000,-186.000000,23.000000,-0.365074,0.000120,0.000000,0.000000,0.000000,-0.555182,402.000000,0.000000,0.000000,0.000000,0.000000,32.490135,136.363632,216.603592,256.979736,-431.918335,0.000801,-5.098498,8.917879,6694,6,21,-6
32.493065,0.008262,0.195827,-2.149953,0.000442,-0.020595,-0.694217,-0.003122,-1.765624,0.330331,-0.174677,0.000259,-0.000093,10.000000,-186.000000,23.000000,-0.365074,0.000120,0.000000,0.000000,0.000000,-0.555182,402.000000,0.000000,0.000000,0.000000,0.000000,32.492088,136.363632,216.603592,256.979736,-431.918335,0.000772,-5.098591,8.917879,6695,5,21,-6
32.495022,0.008263,0.195780,-2.151342,0.000436,-0.024117,-0.693532,-0.003248,-1.759380,0.346605,-0.174677,0.000272,-0.000094,10.000000,-186.000000,23.000000,-0.365074,0.000120,0.000000,0.000000,0.000000,-0.555182,402.000000,0.000000,0.000000,0.000000,0.000000,32.494045,136.363632,216.603592,256.979736,-431.918335,0.000744,-5.098679,8.917879,6695,5,21,-6
32.496975,0.008264,0.195726,-2.152729,0.000429,-0.027627,-0.692816,-0.003369,-1.753414,0.361240,-0.174675,0.000284,-0.000095,10.000000,-186.000000,23.000000,-0.365074,0.000120,0.000000,0.000000,0.000000,-0.555182,402.000000,0.000000,0.000000,0.000000,0.000000,32.495995,136.363632,216.603592,256.979736,-431.918335,0.000717,-5.098763,8.917879,6695,4,21,-6
32.498928,0.008265,0.195666,-2.154115,0.000422,-0.031125,-0.692074,-0.003484,-1.747694,0.374423,-0.174672,0.000296,-0.000095,10.000000,-186.000000,23.000000,-0.365074,0.000120,0.000000,0.000000,0.000000,-0.555182,402.000000,0.000000,0.000000,0.000000,0.000000,32.497952,136.363632,216.603592,256.979736,-431.918335,0.000692,-5.098842,8.917879,6695,3,21,-6
32.500881,0.008265,0.195598,-2.155500,0.000415,-0.034612,-0.691307,-0.003594,-1.742196,0.386290,-0.174667,0.000308,-0.000096,10.000000,-186.000000,23.000000,-0.365074,0.000120,0.000000,0.000000,0.000000,-0.555182,402.000000,0.000000,0.000000,0.000000,0.000000,32.499905,136.363632,216.603592,256.979736,-431.918335,0.000668,-5.098918,8.917879,6695,2,21,-6
32.502834,0.008266,0.195524,-2.156882,0.000408,-0.038088,-0.690518,-0.003697,-1.736902,0.396963,-0.174661,0.000319,-0.000097,10.000000,-186.000000,23.000000,-0.365074,0.000120,0.000000,0.000000,0.000000,-0.555182,402.000000,0.000000,0.000000,0.000000,0.000000,32.501862,136.363632,216.603592,256.979736,-431.918335,0.000644,-5.098992,8.917879,6695,1,21,-6
32.504791,0.008267,0.195442,-2.158264,0.000400,-0.041554,-0.689710,-0.003795,-1.731791,0.406553,-0.174654,0.000329,-0.000097,10.000000,-186.000000,23.000000,-0.365074,0.000120,0.000000,0.000000,0.000000,-0.555182,402.000000,0.000000,0.000000,0.000000,0.000000,32.503811,136.363632,216.603592,256.979736,-431.918335,0.000622,-5.099062,8.917879,6695,1,21,-6
32.506744,0.008268,0.195354,-2.159643,0.000392,-0.045011,-0.688884,-0.003886,-1.726848,0.415161,-0.174646,0.000339,-0.000098,10.000000,-186.000000,23.000000,-0.365074,0.000120,0.000000,0.000000,0.000000,-0.555182,402.000000,0.000000,0.000000,0.000000,0.000000,32.505768,136.363632,216.603592,256.979736,-431.918335,0.000600,-5.099132,8.917879,6695,0,21,-6
32.508698,0.008269,0.195259,-2.161021,0.000384,-0.048457,-0.688042,-0.003971,-1.722058,0.422879,-0.174636,0.000348,-0.000098,10.000000,-186.000000,23.000000,-0.365074,0.000120,0.000000,0.000000,0.000000,-0.555182,402.000000,0.000000,0.000000,0.000000,0.000000,32.507721,136.363632,216.603592,256.979736,-431.918335,0.000578,-5.099198,8.917879,6695,0,21,-6
32.510651,0.008269,0.195157,-2.162397,0.000376,-0.051894,-0.687185,-0.004050,-1.717406,0.429789,-0.174626,0.000357,-0.000099,10.000000,-189.000000,31.000000,-0.365074,0.000120,0.000000,0.000000,0.000000,-0.555182,380.000000,0.000000,0.000000,0.000000,0.000000,32.509678,136.363632,216.603592,256.979736,-431.918335,0.000558,-5.099264,8.917879,6695,0,21,-6
32.512608,0.008270,0.195047,-2.163772,0.000368,-0.055322,-0.686316,-0.004122,-1.712881,0.435967,-0.174615,0.000364,-0.000099,10.000000,-189.000000,31.000000,-0.371702,0.000087,0.000000,0.000000,0.067000,-0.425972,380.000000,0.000000,0.000000,0.000000,0.000000,32.511627,119.403008,158.166885,-253.143707,-462.425110,0.000537,-3.723143,8.906045,6291,-1,21,-6
32.514561,0.008271,0.194932,-2.165144,0.000360,-0.058731,-0.685380,-0.004170,-1.701040,0.483603,-0.174603,0.000371,-0.000099,10.000000,-189.000000,31.000000,-0.371702,0.000087,0.000000,0.000000,0.000000,-0.425972,380.000000,0.000000,0.000000,0.000000,0.000000,32.513584,119.403008,158.166885,-253.143707,-462.425110,0.000516,-3.723210,8.906045,6291,-1,21,-6
32.516514,0.008272,0.194809,-2.166515,0.000351,-0.062113,-0.684327,-0.004208,-1.687616,0.540219,-0.174590,0.000378,-0.000099,10.000000,-189.000000,31.000000,-0.371702,0.000087,0.000000,0.000000,0.000000,-0.425972,380.000000,0.000000,0.000000,0.000000,0.000000,32.515537,119.403008,158.166885,-253.143707,-462.425110,0.000494,-3.723279,8.906045,6291,-2,21,-6
32.518467,0.008272,0.194680,-2.167883,0.000343,-0.065470,-0.683169,-0.004240,-1.675156,0.591375,-0.174577,0.000384,-0.000099,10.000000,-189.000000,31.000000,-0.371702,0.000087,0.000000,0.000000,0.000000,-0.425972,380.000000,0.000000,0.000000,0.000000,0.000000,32.517490,119.403008,158.166885,-253.143707,-462.425110,0.000473,-3.723346,8.906045,6291,-2,22,-6
32.520424,0.008273,0.194543,-2.169249,0.000334,-0.068802,-0.681917,-0.004266,-1.663571,0.637580,-0.174563,0.000389,-0.000099,10.000000,-189.000000,31.000000,-0.371702,0.000087,0.000000,0.000000,0.000000,-0.425972,380.000000,0.000000,0.000000,0.000000,0.000000,32.519444,119.403008,158.166885,-253.143707,-462.425110,0.000451,-3.723413,8.906045,6291,-3,22,-6
32.522377,0.008274,0.194401,-2.170612,0.000326,-0.072113,-0.680578,-0.004287,-1.652781,0.679295,-0.174549,0.000393,-0.000099,10.000000,-189.000000,31.000000,-0.371702,0.000087,0.000000,0.000000,0.000000,-0.425972,380.000000,0.000000,0.000000,0.000000,0.000000,32.521400,119.403008,158.166885,-253.143707,-462.425110,0.000430,-3.723479,8.906045,6291,-3,22,-6
32.524330,0.008274,0.194251,-2.171973,0.000317,-0.075404,-0.679163,-0.004304,-1.642712,0.716938,-0.174534,0.000397,-0.000099,10.000000,-189.000000,31.000000,-0.371702,0.000087,0.000000,0.000000,0.000000,-0.425972,380.000000,0.000000,0.000000,0.000000,0.000000,32.523354,119.403008,158.166885,-253.143707,-462.425110,0.000409,-3.723544,8.906045,6291,-4,22,-6
32.526283,0.008275,0.194096,-2.173330,0.000309,-0.078675,-0.677677,-0.004315,-1.633298,0.750888,-0.174519,0.000400,-0.000099,10.000000,-189.000000,31.000000,-0.371702,0.000087,0.000000,0.000000,0.000000,-0.425972,380.000000,0.000000,0.000000,0.000000,0.000000,32.525307,119.403008,158.166885,-253.143707,-462.425110,0.000389,-3.723609,8.906045,6291,-4,22,-6
32.528236,0.008275,0.193933,-2.174685,0.000300,-0.081928,-0.676129,-0.004321,-1.624479,0.781490,-0.174504,0.000403,-0.000099,10.000000,-189.000000,31.000000,-0.371702,0.000087,0.000000,0.000000,0.000000,-0.425972,380.000000,0.000000,0.000000,0.000000,0.000000,32.527260,119.403008,158.166885,-253.143707,-462.425110,0.000368,-3.723674,8.906045,6291,-4,23,-6
32.530193,0.008276,0.193764,-2.176036,0.000291,-0.085165,-0.674525,-0.004322,-1.616201,0.809055,-0.174489,0.000405,-0.000098,10.000000,-189.000000,31.000000,-0.371702,0.000087,0.000000,0.000000,0.000000,-0.425972,380.000000,0.000000,0.000000,0.000000,0.000000,32.529217,119.403008,158.166885,-253.143707,-462.425110,0.000347,-3.723739,8.906045,6291,-5,23,-6
32.532146,0.008277,0.193589,-2.177384,0.000283,-0.088385,-0.672869,-0.004318,-1.608414,0.833867,-0.174473,0.000406,-0.000098,10.000000,-189.000000,31.000000,-0.371702,0.000087,0.000000,0.000000,0.000000,-0.425972,380.000000,0.000000,0.000000,0.000000,0.000000,32.531170,119.403008,158.166885,-253.143707,-462.425110,0.000327,-3.723804,8.906045,6291,-5,23,-6
32.534100,0.008277,0.193407,-2.178728,0.000274,-0.091591,-0.671168,-0.004309,-1.601074,0.856182,-0.174458,0.000407,-0.000097,10.000000,-189.000000,31.000000,-0.371702,0.000087,0.000000,0.000000,0.000000,-0.425972,380.000000,0.000000,0.000000,0.000000,0.000000,32.533123,119.403008,158.166885,-253.143707,-462.425110,0.000306,-3.723869,8.906045,6291,-5,23,-6
32.536053,0.008278,0.193219,-2.180069,0.000266,-0.094783,-0.669425,-0.004296,-1.594140,0.876233,-0.174442,0.000407,-0.000097,10.000000,-189.000000,31.000000,-0.371702,0.000087,0.000000,0.000000,0.000000,-0.425972,380.000000,0.000000,0.000000,0.000000,0.000000,32.535076,119.403008,158.166885,-253.143707,-462.425110,0.000286,-3.723933,8.906045,6291,-5,24,-6
32.538010,0.008278,0.193024,-2.181407,0.000257,-0.097961,-0.667645,-0.004278,-1.587575,0.894232,-0.174427,0.000407,-0.000096,10.000000,-189.000000,31.000000,-0.371702,0.000087,0.000000,0.000000,0.000000,-0.425972,380.000000,0.000000,0.000000,0.000000,0.000000,32.537033,119.403008,158.166885,-253.143707,-462.425110,0.000265,-3.723999,8.906045,6291,-5,24,-6
32.539963,0.008279,0.192824,-2.182741,0.000248,-0.101127,-0.665832,-0.004255,-1.581347,0.910370,-0.174412,0.000406,-0.000096,10.000000,-189.000000,31.000000,-0.371702,0.000087,0.000000,0.000000,0.000000,-0.425972,380.000000,0.000000,0.000000,0.000000,0.000000,32.538982,119.403008,158.166885,-253.143707,-462.425110,0.000244,-3.724064,8.906045,6291,-6,24,-5
32.541916,0.008279,0.192616,-2.184071,0.000240,-0.104281,-0.663990,-0.004228,-1.575426,0.924819,-0.174397,0.000404,-0.000095,10.000000,-189.000000,31.000000,-0.371702,0.000087,0.000000,0.000000,0.000000,-0.425972,380.000000,0.000000,0.000000,0.000000,0.000000,32.540939,119.403008,158.166885,-253.143707,-462.425110,0.000230,-3.724107,8.906045,6291,-6,24,-5
32.543869,0.008280,0.192403,-2.185397,0.000232,-0.107423,-0.662120,-0.004197,-1.569781,0.937738,-0.174382,0.000402,-0.000094,10.000000,-189.000000,31.000000,-0.371702,0.000087,0.000000,0.000000,0.000000,-0.425972,380.000000,0.000000,0.000000,0.000000,0.000000,32.542892,119.403008,158.166885,-253.143707,-462.425110,0.000223,-3.724130,8.906045,6291,-6,25,-5
32.545822,0.008280,0.192183,-2.186720,0.000223,-0.110555,-0.660227,-0.004161,-1.564390,0.949270,-0.174367,0.000400,-0.000093,10.000000,-189.000000,31.000000,-0.371702,0.000087,0.000000,0.000000,0.000000,-0.425972,380.000000,0.000000,0.000000,0.000000,0.000000,32.544849,119.403008,158.166885,-253.143707,-462.425110,0.000215,-3.724157,8.906045,6291,-6,25,-5
32.547779,0.008281,0.191957,-2.188039,0.000215,-0.113676,-0.658313,-0.004122,-1.559230,0.959544,-0.174353,0.000397,-0.000092,10.000000,-189.000000,31.000000,-0.371702,0.000087,0.000000,0.000000,0.000000,-0.425972,380.000000,0.000000,0.000000,0.000000,0.000000,32.546799,119.403008,158.166885,-253.143707,-462.425110,0.000205,-3.724186,8.906045,6291,-6,25,-5
32.549732,0.008281,0.191725,-2.189354,0.000207,-0.116787,-0.656380,-0.004078,-1.554281,0.968678,-0.174339,0.000394,-0.000091,10.000000,-189.000000,31.000000,-0.371702,0.000087,0.000000,0.000000,0.000000,-0.425972,380.000000,0.000000,0.000000,0.000000,0.000000,32.548756,119.403008,158.166885,-253.143707,-462.425110,0.000194,-3.724220,8.906045,6291,-6,25,-5
32.551685,0.008281,0.191486,-2.190665,0.000199,-0.119888,-0.654431,-0.004031,-1.549524,0.976778,-0.174326,0.000390,-0.000090,10.000000,-189.000000,31.000000,-0.371702,0.000087,0.000000,0.000000,0.000000,-0.425972,380.000000,0.000000,0.000000,0.000000,0.000000,32.550709,119.403008,158.166885,-253.143707,-462.425110,0.000183,-3.724255,8.906045,6291,-6,26,-5
32.553638,0.008282,0.191242,-2.191972,0.000191,-0.122980,-0.652466,-0.003980,-1.544943,0.983941,-0.174313,0.000386,-0.000089,10.000000,-189.000000,31.000000,-0.371702,0.000087,0.000000,0.000000,0.000000,-0.425972,380.000000,0.000000,0.000000,0.000000,0.000000,32.552666,119.403008,158.166885,-253.143707,-462.425110,0.000171,-3.724294,8.906045,6291,-6,26,-5
32.555595,0.008282,0.190991,-2.193276,0.000183,-0.126063,-0.650489,-0.003925,-1.540522,0.990254,-0.174300,0.000381,-0.000088,10.000000,-189.000000,31.000000,-0.371702,0.000087,0.000000,0.000000,0.000000,-0.425972,380.000000,0.000000,0.000000,0.000000,0.000000,32.554615,119.403008,158.166885,-253.143707,-462.425110,0.000158,-3.724335,8.906045,6291,-6,26,-4
32.557549,0.008282,0.190734,-2.194575,0.000175,-0.129138,-0.648500,-0.003867,-1.536250,0.995797,-0.174288,0.000376,-0.000087,10.000000,-189.000000,31.000000,-0.371702,0.000087,0.000000,0.000000,0.000000,-0.425972,380.000000,0.000000,0.000000,0.000000,0.000000,32.556572,119.403008,158.166885,-253.143707,-462.425110,0.000151,-3.724355,8.906045,6291,-6,26,-4
32.559502,0.008283,0.190471,-2.195870,0.000167,-0.132204,-0.646501,-0.003806,-1.532110,1.000643,-0.174277,0.000371,-0.000086,10.000000,-189.000000,31.000000,-0.371702,0.000087,0.000000,0.000000,0.000000,-0.425972,380.000000,0.000000,0.000000,0.000000,0.000000,32.558525,119.403008,158.166885,-253.143707,-462.425110,0.000150,-3.724358,8.906045,6291,-6,27,-4
32.561455,0.008283,0.190202,-2.197161,0.000160,-0.135262,-0.644493,-0.003743,-1.528093,1.004855,-0.174266,0.000365,-0.000084,10.000000,-189.000000,31.000000,-0.371702,0.000087,0.000000,0.000000,0.000000,-0.425972,380.000000,0.000000,0.000000,0.000000,0.000000,32.560478,119.403008,158.166885,-253.143707,-462.425110,0.000148,-3.724365,8.906045,6291,-6,27,-4
32.563412,0.008283,0.189926,-2.198449,0.000153,-0.138313,-0.642478,-0.003676,-1.524188,1.008495,-0.174256,0.000359,-0.000083,10.000000,-189.000000,31.000000,-0.371702,0.000087,0.000000,0.000000,0.000000,-0.425972,380.000000,0.000000,0.000000,0.000000,0.000000,32.562431,119.403008,158.166885,-253.143707,-462.425110,0.000144,-3.724378,8.906045,6291,-6,27,-4
32.565365,0.008284,0.189645,-2.199732,0.000145,-0.141355,-0.640456,-0.003607,-1.520387,1.011615,-0.174246,0.000352,-0.000082,10.000000,-189.000000,31.000000,-0.371702,0.000087,0.000000,0.000000,0.000000,-0.425972,380.000000,0.000000,0.000000,0.000000,0.000000,32.564388,119.403008,158.166885,-253.143707,-462.425110,0.000139,-3.724395,8.906045,6291,-5,27,-4
32.567318,0.008284,0.189357,-2.201011,0.000138,-0.144391,-0.638429,-0.003535,-1.516680,1.014265,-0.174237,0.000346,-0.000080,10.000000,-189.000000,31.000000,-0.371702,0.000087,0.000000,0.000000,0.000000,-0.425972,380.000000,0.000000,0.000000,0.000000,0.000000,32.566341,119.403008,158.166885,-253.143707,-462.425110,0.000132,-3.724416,8.906045,6291,-5,28,-4
32.569271,0.008284,0.189064,-2.202286,0.000131,-0.147419,-0.636397,-0.003461,-1.513061,1.016489,-0.174228,0.000339,-0.000079,10.000000,-189.000000,31.000000,-0.371702,0.000087,0.000000,0.000000,0.000000,-0.425972,380.000000,0.000000,0.000000,0.000000,0.000000,32.568295,119.403008,158.166885,-253.143707,-462.425110,0.000124,-3.724440,8.906045,6291,-5,28,-4
32.571224,0.008285,0.188764,-2.203557,0.000124,-0.150439,-0.634362,-0.003385,-1.509521,1.018327,-0.174220,0.000332,-0.000077,10.000000,-189.000000,31.000000,-0.371702,0.000087,0.000000,0.000000,0.000000,-0.425972,380.000000,0.000000,0.000000,0.000000,0.000000,32.570248,119.403008,158.166885,-253.143707,-462.425110,0.000115,-3.724468,8.906045,6291,-5,28,-3
32.573181,0.008285,0.188458,-2.204824,0.000118,-0.153453,-0.632323,-0.003307,-1.506057,1.019814,-0.174213,0.000324,-0.000076,10.000000,-189.000000,31.000000,-0.371702,0.000087,0.000000,0.000000,0.000000,-0.425972,380.000000,0.000000,0.000000,0.000000,0.000000,32.572205,119.403008,158.166885,-253.143707,-462.425110,0.000113,-3.724476,8.906045,6291,-5,28,-3
32.575134,0.008285,0.188146,-2.206087,0.000111,-0.156460,-0.630281,-0.003227,-1.502658,1.020984,-0.174206,0.000317,-0.000074,10.000000,-189.000000,31.000000,-0.371702,0.000087,0.000000,0.000000,0.000000,-0.425972,380.000000,0.000000,0.000000,0.000000,0.000000,32.574158,119.403008,158.166885,-253.143707,-462.425110,0.000116,-3.724467,8.906045,6291,-4,29,-3
32.577087,0.008285,0.187829,-2.207346,0.000105,-0.159460,-0.628238,-0.003146,-1.499321,1.021867,-0.174200,0.000309,-0.000073,10.000000,-189.000000,31.000000,-0.371702,0.000087,0.000000,0.000000,0.000000,-0.425972,380.000000,0.000000,0.000000,0.000000,0.000000,32.576111,119.403008,158.166885,-253.143707,-462.425110,0.000117,-3.724464,8.906045,6291,-4,29,-3
32.579041,0.008285,0.187505,-2.208601,0.000099,-0.162454,-0.626193,-0.003063,-1.496042,1.022491,-0.174194,0.000301,-0.000071,10.000000,-189.000000,31.000000,-0.371702,0.000087,0.000000,0.000000,0.000000,-0.425972,380.000000,0.000000,0.000000,0.000000,0.000000,32.578064,119.403008,158.166885,-253.143707,-462.425110,0.000116,-3.724466,8.906045,6291,-4,29,-3
32.580997,0.008286,0.187175,-2.209851,0.000093,-0.165441,-0.624148,-0.002980,-1.492816,1.022880,-0.174189,0.000293,-0.000069,10.000000,-189.000000,31.000000,-0.371702,0.000087,0.000000,0.000000,0.000000,-0.425972,380.000000,0.000000,0.000000,0.000000,0.000000,32.580021,119.403008,158.166885,-253.143707,-462.425110,0.000114,-3.724473,8.906045,6291,-4,29,-3
32.582951,0.008286,0.186840,-2.211097,0.000087,-0.168422,-0.622101,-0.002895,-1.489639,1.023056,-0.174185,0.000285,-0.000068,10.000000,-189.000000,31.000000,-0.371702,0.000087,0.000000,0.000000,0.000000,-0.425972,380.000000,0.000000,0.000000,0.000000,0.000000,32.581970,119.403008,158.166885,-253.143707,-462.425110,0.000110,-3.724484,8.906045,6291,-4,29,-3
32.584904,0.008286,0.186498,-2.212340,0.000081,-0.171397,-0.620055,-0.002809,-1.486507,1.023038,-0.174181,0.000276,-0.000066,10.000000,-189.000000,31.000000,-0.371702,0.000087,0.000000,0.000000,0.000000,-0.425972,380.000000,0.000000,0.000000,0.000000,0.000000,32.583927,119.403008,158.166885,-253.143707,-462.425110,0.000105,-3.724500,8.906045,6291,-3,29,-3
32.586857,0.008286,0.186150,-2.213578,0.000076,-0.174365,-0.618010,-0.002723,-1.483417,1.022846,-0.174178,0.000268,-0.000064,10.000000,-189.000000,31.000000,-0.371702,0.000087,0.000000,0.000000,0.000000,-0.425972,380.000000,0.000000,0.000000,0.000000,0.000000,32.585880,119.403008,158.166885,-253.143707,-462.425110,0.000099,-3.724519,8.906045,6291,-3,30,-3
32.588814,0.008286,0.185797,-2.214812,0.000070,-0.177328,-0.615964,-0.002637,-1.480366,1.022496,-0.174175,0.000260,-0.000063,10.000000,-192.000000,39.000000,-0.371702,0.000087,0.000000,0.000000,0.000000,-0.425972,344.000000,0.000000,0.000000,0.000000,0.000000,32.587837,119.403008,158.166885,-253.143707,-462.425110,0.000092,-3.724543,8.906045,6291,-3,30,-2
32.590767,0.008286,0.185437,-2.216043,0.000065,-0.180284,-0.613920,-0.002550,-1.477352,1.022004,-0.174173,0.000251,-0.000061,10.000000,-192.000000,39.000000,-0.412073,0.000016,0.000000,0.000000,0.067000,-0.761550,344.000000,0.000000,0.000000,0.000000,0.000000,32.589787,119.402985,128.416275,-0.000342,-366.116272,0.000091,-3.023919,8.891045,6120,-3,30,-2
32.592720,0.008287,0.185072,-2.217268,0.000060,-0.183230,-0.611853,-0.002458,-1.471233,1.039213,-0.174171,0.000243,-0.000059,10.000000,-192.000000,39.000000,-0.412073,0.000016,0.000000,0.000000,0.000000,-0.761550,344.000000,0.000000,0.000000,0.000000,0.000000,32.591743,119.402985,128.416275,-0.000342,-366.116272,0.000095,-3.023906,8.891045,6120,-3,30,-2
32.594673,0.008287,0.184701,-2.218490,0.000056,-0.186162,-0.609743,-0.002366,-1.464431,1.060361,-0.174170,0.000234,-0.000058,10.000000,-192.000000,39.000000,-0.412073,0.000016,0.000000,0.000000,0.000000,-0.761550,344.000000,0.000000,0.000000,0.000000,0.000000,32.593697,119.402985,128.416275,-0.000342,-366.116272,0.000097,-3.023900,8.891045,6120,-2,30,-2
32.596626,0.008287,0.184324,-2.219708,0.000051,-0.189081,-0.607593,-0.002275,-1.458024,1.079322,-0.174169,0.000226,-0.000056,10.000000,-192.000000,39.000000,-0.412073,0.000016,0.000000,0.000000,0.000000,-0.761550,344.000000,0.000000,0.000000,0.000000,0.000000,32.595654,119.402985,128.416275,-0.000342,-366.116272,0.000097,-3.023899,8.891045,6120,-2,30,-2
32.598583,0.008287,0.183941,-2.220921,0.000047,-0.191988,-0.605409,-0.002186,-1.451976,1.096301,-0.174169,0.000217,-0.000054,10.000000,-192.000000,39.000000,-0.412073,0.000016,0.000000,0.000000,0.000000,-0.761550,344.000000,0.000000,0.000000,0.000000,0.000000,32.597603,119.402985,128.416275,-0.000342,-366.116272,0.000096,-3.023903,8.891045,6120,-2,30,-2
32.600536,0.008287,0.183552,-2.222130,0.000042,-0.194883,-0.603193,-0.002097,-1.446254,1.111484,-0.174169,0.000209,-0.000053,10.000000,-192.000000,39.000000,-0.412073,0.000016,0.000000,0.000000,0.000000,-0.761550,344.000000,0.000000,0.000000,0.000000,0.000000,32.599560,119.402985,128.416275,-0.000342,-366.116272,0.000093,-3.023911,8.891045,6120,-2,30,-2
32.602489,0.008287,0.183158,-2.223334,0.000038,-0.197768,-0.600950,-0.002011,-1.440829,1.125036,-0.174169,0.000201,-0.000051,10.000000,-192.000000,39.000000,-0.412073,0.000016,0.000000,0.000000,0.000000,-0.761550,344.000000,0.000000,0.000000,0.000000,0.000000,32.601513,119.402985,128.416275,-0.000342,-366.116272,0.000089,-3.023924,8.891045,6120,-2,30,-2
32.604443,0.008287,0.182757,-2.224533,0.000034,-0.200642,-0.598682,-0.001926,-1.435673,1.137112,-0.174170,0.000193,-0.000049,10.000000,-192.000000,39.000000,-0.412073,0.000016,0.000000,0.000000,0.000000,-0.761550,344.000000,0.000000,0.000000,0.000000,0.000000,32.603470,119.402985,128.416275,-0.000342,-366.116272,0.000084,-3.023940,8.891045,6120,-1,31,-2
32.606400,0.008287,0.182351,-2.225729,0.000031,-0.203506,-0.596391,-0.001842,-1.430762,1.147848,-0.174172,0.000184,-0.000048,10.000000,-192.000000,39.000000,-0.412073,0.000016,0.000000,0.000000,0.000000,-0.761550,344.000000,0.000000,0.000000,0.000000,0.000000,32.605419,119.402985,128.416275,-0.000342,-366.116272,0.000078,-3.023960,8.891045,6120,-1,31,-2
32.608353,0.008287,0.181940,-2.226919,0.000027,-0.206360,-0.594081,-0.001760,-1.426074,1.157371,-0.174173,0.000176,-0.000046,10.000000,-192.000000,39.000000,-0.412073,0.000016,0.000000,0.000000,0.000000,-0.761550,344.000000,0.000000,0.000000,0.000000,0.000000,32.607376,119.402985,128.416275,-0.000342,-366.116272,0.000070,-3.023983,8.891045,6120,-1,31,-1
32.610306,0.008287,0.181522,-2.228105,0.000024,-0.209205,-0.591753,-0.001680,-1.421590,1.165792,-0.174175,0.000169,-0.000045,10.000000,-192.000000,39.000000,-0.412073,0.000016,0.000000,0.000000,0.000000,-0.761550,344.000000,0.000000,0.000000,0.000000,0.000000,32.609329,119.402985,128.416275,-0.000342,-366.116272,0.000069,-3.023985,8.891045,6120,-1,31,-1
32.612259,0.008287,0.181099,-2.229286,0.000020,-0.212042,-0.589411,-0.001601,-1.417288,1.173216,-0.174178,0.000161,-0.000043,10.000000,-192.000000,39.000000,-0.412073,0.000016,0.000000,0.000000,0.000000,-0.761550,344.000000,0.000000,0.000000,0.000000,0.000000,32.611282,119.402985,128.416275,-0.000342,-366.116272,0.000074,-3.023970,8.891045,6120,-1,31,-1
32.614216,0.008287,0.180670,-2.230463,0.000017,-0.214871,-0.587054,-0.001525,-1.413155,1.179735,-0.174180,0.000153,-0.000042,10.000000,-192.000000,39.000000,-0.412073,0.000016,0.000000,0.000000,0.000000,-0.761550,344.000000,0.000000,0.000000,0.000000,0.000000,32.613235,119.402985,128.416275,-0.000342,-366.116272,0.000077,-3.023961,8.891045,6120,0,31,-1
32.616169,0.008287,0.180236,-2.231634,0.000014,-0.217691,-0.584686,-0.001451,-1.409174,1.185433,-0.174183,0.000146,-0.000040,10.000000,-192.000000,39.000000,-0.412073,0.000016,0.000000,0.000000,0.000000,-0.761550,344.000000,0.000000,0.000000,0.000000,0.000000,32.615192,119.402985,128.416275,-0.000342,-366.116272,0.000078,-3.023957,8.891045,6120,0,31,-1
32.618122,0.008287,0.179796,-2.232801,0.000012,-0.220503,-0.582308,-0.001379,-1.405331,1.190387,-0.174187,0.000139,-0.000039,10.000000,-192.000000,39.000000,-0.412073,0.000016,0.000000,0.000000,0.000000,-0.761550,344.000000,0.000000,0.000000,0.000000,0.000000,32.617146,119.402985,128.416275,-0.000342,-366.116272,0.000078,-3.023957,8.891045,6120,0,31,-1
32.620075,0.008287,0.179350,-2.233963,0.000009,-0.223309,-0.579920,-0.001309,-1.401616,1.194669,-0.174190,0.000132,-0.000037,10.000000,-192.000000,39.000000,-0.412073,0.000016,0.000000,0.000000,0.000000,-0.761550,344.000000,0.000000,0.000000,0.000000,0.000000,32.619099,119.402985,128.416275,-0.000342,-366.116272,0.000077,-3.023963,8.891045,6120,0,31,-1
32.622028,0.008287,0.178899,-2.235121,0.000006,-0.226106,-0.577526,-0.001242,-1.398015,1.198339,-0.174194,0.000125,-0.000036,10.000000,-192.000000,39.000000,-0.412073,0.000016,0.000000,0.000000,0.000000,-0.761550,344.000000,0.000000,0.000000,0.000000,0.000000,32.621052,119.402985,128.416275,-0.000342,-366.116272,0.000074,-3.023972,8.891045,6120,0,31,-1
32.623985,0.008287,0.178442,-2.236274,0.000004,-0.228897,-0.575124,-0.001177,-1.394519,1.201455,-0.174197,0.000119,-0.000035,10.000000,-192.000000,39.000000,-0.412073,0.000016,0.000000,0.000000,0.000000,-0.761550,344.000000,0.000000,0.000000,0.000000,0.000000,32.623009,119.402985,128.416275,-0.000342,-366.116272,0.000069,-3.023985,8.891045,6120,0,30,-1
32.625938,0.008287,0.177980,-2.237421,0.000002,-0.231681,-0.572717,-0.001114,-1.391119,1.204069,-0.174202,0.000113,-0.000034,10.000000,-192.000000,39.000000,-0.412073,0.000016,0.000000,0.000000,0.000000,-0.761550,344.000000,0.000000,0.000000,0.000000,0.000000,32.624962,119.402985,128.416275,-0.000342,-366.116272,0.000064,-3.024002,8.891045,6120,0,30,-1
32.627892,0.008287,0.177512,-2.238564,-0.000000,-0.234458,-0.570306,-0.001055,-1.387806,1.206229,-0.174206,0.000107,-0.000032,10.000000,-192.000000,39.000000,-0.412073,0.000016,0.000000,0.000000,0.000000,-0.761550,344.000000,0.000000,0.000000,0.000000,0.000000,32.626915,119.402985,128.416275,-0.000342,-366.116272,0.000058,-3.024022,8.891045,6120,0,30,-1
32.629845,0.008287,0.177038,-2.239702,-0.000002,-0.237229,-0.567891,-0.000997,-1.384572,1.207977,-0.174210,0.000101,-0.000031,10.000000,-192.000000,39.000000,-0.412073,0.000016,0.000000,0.000000,0.000000,-0.761550,344.000000,0.000000,0.000000,0.000000,0.000000,32.628868,119.402985,128.416275,-0.000342,-366.116272,0.000050,-3.024045,8.891045,6120,0,30,-1
32.631802,0.008287,0.176559,-2.240836,-0.000004,-0.239993,-0.565473,-0.000942,-1.381411,1.209351,-0.174215,0.000096,-0.000030,10.000000,-192.000000,39.000000,-0.412073,0.000016,0.000000,0.000000,0.000000,-0.761550,344.000000,0.000000,0.000000,0.000000,0.000000,32.630825,119.402985,128.416275,-0.000342,-366.116272,0.000042,-3.024071,8.891045,6120,0,30,0
32.633755,0.008287,0.176074,-2.241964,-0.000006,-0.242752,-0.563052,-0.000889,-1.378317,1.210388,-0.174219,0.000090,-0.000029,10.000000,-192.000000,39.000000,-0.412073,0.000016,0.000000,0.000000,0.000000,-0.761550,344.000000,0.000000,0.000000,0.000000,0.000000,32.632774,119.402985,128.416275,-0.000342,-366.116272,0.000040,-3.024076,8.891045,6120,0,30,0
32.635708,0.008287,0.175584,-2.243088,-0.000008,-0.245504,-0.560630,-0.000838,-1.375282,1.211118,-0.174224,0.000085,-0.000028,10.000000,-192.000000,39.000000,-0.412073,0.000016,0.000000,0.000000,0.000000,-0.761550,344.000000,0.000000,0.000000,0.000000,0.000000,32.634731,119.402985,128.416275,-0.000342,-366.116272,0.000045,-3.024063,8.891045,6120,0,30,0
32.637661,0.008287,0.175089,-2.244206,-0.000009,-0.248250,-0.558207,-0.000790,-1.372302,1.211572,-0.174229,0.000080,-0.000027,10.000000,-192.000000,39.000000,-0.412073,0.000016,0.000000,0.000000,0.000000,-0.761550,344.000000,0.000000,0.000000,0.000000,0.000000,32.636684,119.402985,128.416275,-0.000342,-366.116272,0.000047,-3.024056,8.891045,6120,0,30,0
32.639618,0.008287,0.174588,-2.245320,-0.000011,-0.250990,-0.555784,-0.000744,-1.369373,1.211774,-0.174234,0.000076,-0.000026,10.000000,-192.000000,39.000000,-0.412073,0.000016,0.000000,0.000000,0.000000,-0.761550,344.000000,0.000000,0.000000,0.000000,0.000000,32.638641,119.402985,128.416275,-0.000342,-366.116272,0.000048,-3.024054,8.891045,6120,0,30,0
32.641571,0.008287,0.174081,-2.246429,-0.000012,-0.253724,-0.553360,-0.000701,-1.366489,1.211749,-0.174239,0.000072,-0.000026,10.000000,-192.000000,39.000000,-0.412073,0.000016,0.000000,0.000000,0.000000,-0.761550,344.000000,0.000000,0.000000,0.000000,0.000000,32.640591,119.402985,128.416275,-0.000342,-366.116272,0.000047,-3.024056,8.891045,6120,0,30,0
32.643524,0.008287,0.173569,-2.247534,-0.000014,-0.256453,-0.550937,-0.000660,-1.363648,1.211518,-0.174244,0.000067,-0.000025,10.000000,-192.000000,39.000000,-0.412073,0.000016,0.000000,0.000000,0.000000,-0.761550,344.000000,0.000000,0.000000,0.000000,0.000000,32.642548,119.402985,128.416275,-0.000342,-366.116272,0.000045,-3.024063,8.891045,6120,1,30,0
32.645477,0.008287,0.173051,-2.248633,-0.000015,-0.259176,-0.548515,-0.000621,-1.360846,1.211101,-0.174249,0.000064,-0.000024,10.000000,-192.000000,39.000000,-0.412073,0.000016,0.000000,0.000000,0.000000,-0.761550,344.000000,0.000000,0.000000,0.000000,0.000000,32.644501,119.402985,128.416275,-0.000342,-366.116272,0.000041,-3.024074,8.891045,6120,1,29,0
32.647430,0.008287,0.172528,-2.249727,-0.000016,-0.261894,-0.546093,-0.000584,-1.358080,1.210515,-0.174254,0.000060,-0.000023,10.000000,-194.000000,47.000000,-0.412073,0.000016,0.000000,0.000000,0.000000,-0.761550,290.000000,0.000000,0.000000,0.000000,0.000000,32.646458,119.402985,128.416275,-0.000342,-366.116272,0.000037,-3.024088,8.891045,6120,1,29,0
32.649387,0.008287,0.172000,-2.250817,-0.000017,-0.264606,-0.543674,-0.000550,-1.355345,1.209776,-0.174259,0.000057,-0.000023,10.000000,-194.000000,47.000000,-0.499380,-0.000004,0.000000,0.000000,0.067000,-1.330317,290.000000,0.000000,0.000000,0.000000,0.000000,32.648407,119.402985,114.829025,0.000000,-267.347504,0.000031,-2.704126,8.884030,6052,1,29,0
32.651340,0.008287,0.171466,-2.251902,-0.000018,-0.267311,-0.541246,-0.000518,-1.351393,1.215989,-0.174264,0.000053,-0.000022,10.000000,-194.000000,47.000000,-0.499380,-0.000004,0.000000,0.000000,0.000000,-1.330317,290.000000,0.000000,0.000000,0.000000,0.000000,32.650364,119.402985,114.829025,0.000000,-267.347504,0.000025,-2.704146,8.884030,6052,1,29,0
32.653294,0.008287,0.170927,-2.252982,-0.000019,-0.270007,-0.538802,-0.000487,-1.347184,1.223690,-0.174270,0.000050,-0.000022,10.000000,-194.000000,47.000000,-0.499380,-0.000004,0.000000,0.000000,0.000000,-1.330317,290.000000,0.000000,0.000000,0.000000,0.000000,32.652317,119.402985,114.829025,0.000000,-267.347504,0.000017,-2.704170,8.884030,6052,1,29,0
32.655247,0.008287,0.170382,-2.254057,-0.000020,-0.272695,-0.536345,-0.000459,-1.343145,1.230451,-0.174275,0.000048,-0.000021,10.000000,-194.000000,47.000000,-0.499380,-0.000004,0.000000,0.000000,0.000000,-1.330317,290.000000,0.000000,0.000000,0.000000,0.000000,32.654270,119.402985,114.829025,0.000000,-267.347504,0.000009,-2.704196,8.884030,6052,1,29,0
32.657204,0.008287,0.169833,-2.255127,-0.000021,-0.275376,-0.533875,-0.000433,-1.339261,1.236360,-0.174280,0.000045,-0.000021,10.000000,-194.000000,47.000000,-0.499380,-0.000004,0.000000,0.000000,0.000000,-1.330317,290.000000,0.000000,0.000000,0.000000,0.000000,32.656223,119.402985,114.829025,0.000000,-267.347504,-0.000001,-2.704226,8.884030,6052,1,29,0
32.659157,0.008287,0.169277,-2.256192,-0.000022,-0.278049,-0.531394,-0.000408,-1.335518,1.241498,-0.174285,0.000043,-0.000020,10.000000,-194.000000,47.000000,-0.499380,-0.000004,0.000000,0.000000,0.000000,-1.330317,290.000000,0.000000,0.000000,0.000000,0.000000,32.658180,119.402985,114.829025,0.000000,-267.347504,-0.000011,-2.704257,8.884030,6052,1,29,0
32.661110,0.008287,0.168717,-2.257252,-0.000023,-0.280714,-0.528904,-0.000386,-1.331903,1.245934,-0.174290,0.000040,-0.000020,10.000000,-194.000000,47.000000,-0.499380,-0.000004,0.000000,0.000000,0.000000,-1.330317,290.000000,0.000000,0.000000,0.000000,0.000000,32.660133,119.402985,114.829025,0.000000,-267.347504,-0.000021,-2.704290,8.884030,6052,1,29,0
32.663063,0.008287,0.168151,-2.258307,-0.000023,-0.283373,-0.526407,-0.000366,-1.328404,1.249736,-0.174295,0.000038,-0.000020,10.000000,-194.000000,47.000000,-0.499380,-0.000004,0.000000,0.000000,0.000000,-1.330317,290.000000,0.000000,0.000000,0.000000,0.000000,32.662086,119.402985,114.829025,0.000000,-267.347504,-0.000032,-2.704326,8.884030,6052,1,28,0
32.665016,0.008287,0.167579,-2.259357,-0.000024,-0.286025,-0.523902,-0.000347,-1.325011,1.252963,-0.174300,0.000037,-0.000019,10.000000,-194.000000,47.000000,-0.499380,-0.000004,0.000000,0.000000,0.000000,-1.330317,290.000000,0.000000,0.000000,0.000000,0.000000,32.664040,119.402985,114.829025,0.000000,-267.347504,-0.000044,-2.704363,8.884030,6052,1,28,0
32.666973,0.008287,0.167003,-2.260402,-0.000025,-0.288670,-0.521392,-0.000330,-1.321714,1.255668,-0.174305,0.000035,-0.000019,10.000000,-194.000000,47.000000,-0.499380,-0.000004,0.000000,0.000000,0.000000,-1.330317,290.000000,0.000000,0.000000,0.000000,0.000000,32.665997,119.402985,114.829025,0.000000,-267.347504,-0.000057,-2.704403,8.884030,6052,1,28,0
32.668926,0.008287,0.166421,-2.261442,-0.000025,-0.291308,-0.518878,-0.000315,-1.318505,1.257902,-0.174309,0.000033,-0.000019,10.000000,-194.000000,47.000000,-0.499380,-0.000004,0.000000,0.000000,0.000000,-1.330317,290.000000,0.000000,0.000000,0.000000,0.000000,32.667950,119.402985,114.829025,0.000000,-267.347504,-0.000070,-2.704444,8.884030,6052,1,28,0
32.670879,0.008287,0.165834,-2.262477,-0.000026,-0.293941,-0.516359,-0.000302,-1.315375,1.259707,-0.174314,0.000032,-0.000019,10.000000,-194.000000,47.000000,-0.499380,-0.000004,0.000000,0.000000,0.000000,-1.330317,290.000000,0.000000,0.000000,0.000000,0.000000,32.669903,119.402985,114.829025,0.000000,-267.347504,-0.000084,-2.704487,8.884030,6052,1,28,1
32.672832,0.008287,0.165241,-2.263507,-0.000027,-0.296567,-0.513837,-0.000289,-1.312320,1.261125,-0.174319,0.000031,-0.000019,10.000000,-194.000000,47.000000,-0.499380,-0.000004,0.000000,0.000000,0.000000,-1.330317,290.000000,0.000000,0.000000,0.000000,0.000000,32.671856,119.402985,114.829025,0.000000,-267.347504,-0.000091,-2.704508,8.884030,6052,2,28,1
32.674789,0.008287,0.164644,-2.264532,-0.000027,-0.299187,-0.511314,-0.000279,-1.309330,1.262191,-0.174323,0.000030,-0.000019,10.000000,-194.000000,47.000000,-0.499380,-0.000004,0.000000,0.000000,0.000000,-1.330317,290.000000,0.000000,0.000000,0.000000,0.000000,32.673813,119.402985,114.829025,0.000000,-267.347504,-0.000091,-2.704510,8.884030,6052,2,28,1
32.676743,0.008287,0.164041,-2.265552,-0.000028,-0.301801,-0.508788,-0.000270,-1.306399,1.262938,-0.174327,0.000029,-0.000019,10.000000,-194.000000,47.000000,-0.499380,-0.000004,0.000000,0.000000,0.000000,-1.330317,290.000000,0.000000,0.000000,0.000000,0.000000,32.675762,119.402985,114.829025,0.000000,-267.347504,-0.000093,-2.704516,8.884030,6052,2,28,1
32.678696,0.008286,0.163433,-2.266567,-0.000028,-0.304410,-0.506261,-0.000262,-1.303524,1.263396,-0.174332,0.000028,-0.000019,10.000000,-194.000000,47.000000,-0.499380,-0.000004,0.000000,0.000000,0.000000,-1.330317,290.000000,0.000000,0.000000,0.000000,0.000000,32.677719,119.402985,114.829025,0.000000,-267.347504,-0.000096,-2.704526,8.884030,6052,2,28,1
32.680649,0.008286,0.162819,-2.267577,-0.000029,-0.307012,-0.503734,-0.000255,-1.300698,1.263594,-0.174336,0.000028,-0.000019,10.000000,-194.000000,47.000000,-0.499380,-0.000004,0.000000,0.000000,0.000000,-1.330317,290.000000,0.000000,0.000000,0.000000,0.000000,32.679672,119.402985,114.829025,0.000000,-267.347504,-0.000101,-2.704541,8.884030,6052,2,28,1
32.682606,0.008286,0.162201,-2.268581,-0.000029,-0.309610,-0.501207,-0.000249,-1.297918,1.263556,-0.174340,0.000027,-0.000019,10.000000,-194.000000,47.000000,-0.499380,-0.000004,0.000000,0.000000,0.000000,-1.330317,290.000000,0.000000,0.000000,0.000000,0.000000,32.681629,119.402985,114.829025,0.000000,-267.347504,-0.000107,-2.704559,8.884030,6052,2,27,2
32.684559,0.008286,0.161577,-2.269581,-0.000030,-0.312201,-0.498680,-0.000244,-1.295181,1.263304,-0.174343,0.000027,-0.000019,10.000000,-194.000000,47.000000,-0.499380,-0.000004,0.000000,0.000000,0.000000,-1.330317,290.000000,0.000000,0.000000,0.000000,0.000000,32.683578,119.402985,114.829025,0.000000,-267.347504,-0.000106,-2.704557,8.884030,6052,2,27,2
32.686512,0.008286,0.160948,-2.270576,-0.000030,-0.314788,-0.496154,-0.000241,-1.292480,1.262857,-0.174347,0.000026,-0.000020,10.000000,-194.000000,47.000000,-0.499380,-0.000004,0.000000,0.000000,0.000000,-1.330317,290.000000,0.000000,0.000000,0.000000,0.000000,32.685535,119.402985,114.829025,0.000000,-267.347504,-0.000100,-2.704537,8.884030,6052,2,27,2
32.688465,0.008286,0.160314,-2.271565,-0.000031,-0.317369,-0.493630,-0.000237,-1.289813,1.262235,-0.174350,0.000026,-0.000020,10.000000,-194.000000,47.000000,-0.499380,-0.000004,0.000000,0.000000,0.000000,-1.330317,290.000000,0.000000,0.000000,0.000000,0.000000,32.687489,119.402985,114.829025,0.000000,-267.347504,-0.000095,-2.704523,8.884030,6052,2,27,2
32.690418,0.008286,0.159675,-2.272549,-0.000031,-0.319944,-0.491106,-0.000235,-1.287178,1.261454,-0.174353,0.000026,-0.000020,10.000000,-194.000000,47.000000,-0.499380,-0.000004,0.000000,0.000000,0.000000,-1.330317,290.000000,0.000000,0.000000,0.000000,0.000000,32.689445,119.402985,114.829025,0.000000,-267.347504,-0.000093,-2.704515,8.884030,6052,2,27,2
32.692375,0.008286,0.159030,-2.273529,-0.000032,-0.322515,-0.488585,-0.000233,-1.284571,1.260530,-0.174357,0.000026,-0.000020,10.000000,-194.000000,47.000000,-0.499380,-0.000004,0.000000,0.000000,0.000000,-1.330317,290.000000,0.000000,0.000000,0.000000,0.000000,32.691395,119.402985,114.829025,0.000000,-267.347504,-0.000092,-2.704512,8.884030,6052,1,27,2
32.694328,0.008286,0.158381,-2.274503,-0.000032,-0.325080,-0.486065,-0.000232,-1.281991,1.259476,-0.174359,0.000026,-0.000020,10.000000,-194.000000,47.000000,-0.499380,-0.000004,0.000000,0.000000,0.000000,-1.330317,290.000000,0.000000,0.000000,0.000000,0.000000,32.693352,119.402985,114.829025,0.000000,-267.347504,-0.000092,-2.704514,8.884030,6052,1,27,3
32.696281,0.008286,0.157726,-2.275473,-0.000033,-0.327640,-0.483548,-0.000231,-1.279436,1.258306,-0.174362,0.000025,-0.000020,10.000000,-194.000000,47.000000,-0.499380,-0.000004,0.000000,0.000000,0.000000,-1.330317,290.000000,0.000000,0.000000,0.000000,0.000000,32.695305,119.402985,114.829025,0.000000,-267.347504,-0.000087,-2.704497,8.884030,6052,1,27,3
32.698235,0.008286,0.157066,-2.276437,-0.000033,-0.330195,-0.481033,-0.000230,-1.276902,1.257028,-0.174364,0.000025,-0.000020,10.000000,-194.000000,47.000000,-0.499380,-0.000004,0.000000,0.000000,0.000000,-1.330317,290.000000,0.000000,0.000000,0.000000,0.000000,32.697262,119.402985,114.829025,0.000000,-267.347504,-0.000076,-2.704463,8.884030,6052,1,27,3
32.700191,0.008286,0.156401,-2.277396,-0.000034,-0.332745,-0.478521,-0.000230,-1.274387,1.255655,-0.174367,0.000025,-0.000021,10.000000,-194.000000,47.000000,-0.499380,-0.000004,0.000000,0.000000,0.000000,-1.330317,290.000000,0.000000,0.000000,0.000000,0.000000,32.699211,119.402985,114.829025,0.000000,-267.347504,-0.000068,-2.704436,8.884030,6052,1,27,3
32.702145,0.008286,0.155731,-2.278350,-0.000034,-0.335290,-0.476012,-0.000229,-1.271892,1.254196,-0.174369,0.000025,-0.000021,10.000000,-194.000000,47.000000,-0.499380,-0.000004,0.000000,0.000000,0.000000,-1.330317,290.000000,0.000000,0.000000,0.000000,0.000000,32.701168,119.402985,114.829025,0.000000,-267.347504,-0.000061,-2.704415,8.884030,6052,1,27,3
32.704098,0.008286,0.155056,-2.279299,-0.000034,-0.337830,-0.473506,-0.000229,-1.269413,1.252658,-0.174371,0.000025,-0.000021,10.000000,-194.000000,47.000000,-0.499380,-0.000004,0.000000,0.000000,0.000000,-1.330317,290.000000,0.000000,0.000000,0.000000,0.000000,32.703121,119.402985,114.829025,0.000000,-267.347504,-0.000056,-2.704400,8.884030,6052,1,27,3
32.706051,0.008286,0.154376,-2.280244,-0.000035,-0.340366,-0.471003,-0.000229,-1.266950,1.251050,-0.174372,0.000025,-0.000021,10.000000,-195.000000,54.000000,-0.499380,-0.000004,0.000000,0.000000,0.000000,-1.330317,250.000000,0.000000,0.000000,0.000000,0.000000,32.705074,119.402985,114.829025,0.000000,-267.347504,-0.000053,-2.704391,8.884030,6052,1,27,4
32.708008,0.008286,0.153691,-2.281183,-0.000035,-0.342896,-0.468504,-0.000229,-1.264504,1.249379,-0.174374,0.000025,-0.000021,10.000000,-195.000000,54.000000,-0.557453,-0.000008,0.000000,0.000000,0.066000,-1.167166,250.000000,0.000000,0.000000,0.000000,0.000000,32.707027,106.060585,101.928497,-202.157532,-243.447006,-0.000044,-2.400556,8.881969,5996,1,27,4
32.709961,0.008285,0.153001,-2.282117,-0.000036,-0.345420,-0.466000,-0.000229,-1.261041,1.253489,-0.174375,0.000026,-0.000021,10.000000,-195.000000,54.000000,-0.557453,-0.000008,0.000000,0.000000,0.000000,-1.167166,250.000000,0.000000,0.000000,0.000000,0.000000,32.708984,106.060585,101.928497,-202.157532,-243.447006,-0.000030,-2.400512,8.881969,5996,1,27,4
32.711914,0.008285,0.152305,-2.283046,-0.000036,-0.347936,-0.463484,-0.000229,-1.257356,1.258876,-0.174376,0.000026,-0.000021,10.000000,-195.000000,54.000000,-0.557453,-0.000008,0.000000,0.000000,0.000000,-1.167166,250.000000,0.000000,0.000000,0.000000,0.000000,32.710938,106.060585,101.928497,-202.157532,-243.447006,-0.000019,-2.400474,8.881969,5996,1,27,4
32.713867,0.008285,0.151605,-2.283970,-0.000037,-0.350446,-0.460960,-0.000229,-1.253803,1.263535,-0.174377,0.000026,-0.000021,10.000000,-195.000000,54.000000,-0.557453,-0.000008,0.000000,0.000000,0.000000,-1.167166,250.000000,0.000000,0.000000,0.000000,0.000000,32.712891,106.060585,101.928497,-202.157532,-243.447006,-0.000009,-2.400444,8.881969,5996,1,27,4
32.715820,0.008285,0.150900,-2.284889,-0.000037,-0.352948,-0.458426,-0.000228,-1.250370,1.267535,-0.174378,0.000026,-0.000021,10.000000,-195.000000,54.000000,-0.557453,-0.000008,0.000000,0.000000,0.000000,-1.167166,250.000000,0.000000,0.000000,0.000000,0.000000,32.714844,106.060585,101.928497,-202.157532,-243.447006,-0.000001,-2.400420,8.881969,5996,1,27,4
32.717777,0.008285,0.150189,-2.285803,-0.000038,-0.355444,-0.455886,-0.000228,-1.247046,1.270937,-0.174379,0.000026,-0.000021,10.000000,-195.000000,54.000000,-0.557453,-0.000008,0.000000,0.000000,0.000000,-1.167166,250.000000,0.000000,0.000000,0.000000,0.000000,32.716801,106.060585,101.928497,-202.157532,-243.447006,0.000005,-2.400402,8.881969,5996,1,27,4
32.719730,0.008285,0.149474,-2.286712,-0.000038,-0.357933,-0.453340,-0.000228,-1.243821,1.273797,-0.174380,0.000026,-0.000021,10.000000,-195.000000,54.000000,-0.557453,-0.000008,0.000000,0.000000,0.000000,-1.167166,250.000000,0.000000,0.000000,0.000000,0.000000,32.718754,106.060585,101.928497,-202.157532,-243.447006,0.000009,-2.400389,8.881969,5996,1,27,4
32.721684,0.008285,0.148754,-2.287616,-0.000039,-0.360416,-0.450789,-0.000227,-1.240686,1.276167,-0.174380,0.000026,-0.000021,10.000000,-195.000000,54.000000,-0.557453,-0.000008,0.000000,0.000000,0.000000,-1.167166,250.000000,0.000000,0.000000,0.000000,0.000000,32.720707,106.060585,101.928497,-202.157532,-243.447006,0.000011,-2.400381,8.881969,5996,1,27,4
32.723637,0.008285,0.148029,-2.288515,-0.000039,-0.362893,-0.448233,-0.000226,-1.237634,1.278092,-0.174380,0.000026,-0.000021,10.000000,-195.000000,54.000000,-0.557453,-0.000008,0.000000,0.000000,0.000000,-1.167166,250.000000,0.000000,0.000000,0.000000,0.000000,32.722660,106.060585,101.928497,-202.157532,-243.447006,0.000012,-2.400378,8.881969,5996,1,27,4
32.725594,0.008285,0.147298,-2.289408,-0.000039,-0.365364,-0.445675,-0.000226,-1.234656,1.279613,-0.174380,0.000026,-0.000021,10.000000,-195.000000,54.000000,-0.557453,-0.000008,0.000000,0.000000,0.000000,-1.167166,250.000000,0.000000,0.000000,0.000000,0.000000,32.724617,106.060585,101.928497,-202.157532,-243.447006,0.000012,-2.400378,8.881969,5996,1,27,5
32.727547,0.008285,0.146563,-2.290297,-0.000040,-0.367829,-0.443114,-0.000225,-1.231748,1.280770,-0.174381,0.000026,-0.000021,10.000000,-195.000000,54.000000,-0.557453,-0.000008,0.000000,0.000000,0.000000,-1.167166,250.000000,0.000000,0.000000,0.000000,0.000000,32.726566,106.060585,101.928497,-202.157532,-243.447006,0.000018,-2.400359,8.881969,5996,1,27,5
32.729500,0.008285,0.145823,-2.291180,-0.000040,-0.370288,-0.440551,-0.000224,-1.228901,1.281596,-0.174380,0.000026,-0.000021,10.000000,-195.000000,54.000000,-0.557453,-0.000008,0.000000,0.000000,0.000000,-1.167166,250.000000,0.000000,0.000000,0.000000,0.000000,32.728523,106.060585,101.928497,-202.157532,-243.447006,0.000030,-2.400322,8.881969,5996,0,27,5
32.731453,0.008285,0.145078,-2.292058,-0.000041,-0.372741,-0.437987,-0.000223,-1.226110,1.282122,-0.174380,0.000026,-0.000021,10.000000,-195.000000,54.000000,-0.557453,-0.000008,0.000000,0.000000,0.000000,-1.167166,250.000000,0.000000,0.000000,0.000000,0.000000,32.730476,106.060585,101.928497,-202.157532,-243.447006,0.000039,-2.400293,8.881969,5996,0,27,5
32.733406,0.008285,0.144328,-2.292931,-0.000041,-0.375189,-0.435422,-0.000222,-1.223371,1.282377,-0.174380,0.000025,-0.000021,10.000000,-195.000000,54.000000,-0.557453,-0.000008,0.000000,0.000000,0.000000,-1.167166,250.000000,0.000000,0.000000,0.000000,0.000000,32.732433,106.060585,101.928497,-202.157532,-243.447006,0.000047,-2.400269,8.881969,5996,0,27,5
32.735363,0.008284,0.143573,-2.293799,-0.000042,-0.377632,-0.432858,-0.000220,-1.220679,1.282387,-0.174379,0.000025,-0.000021,10.000000,-195.000000,54.000000,-0.557453,-0.000008,0.000000,0.000000,0.000000,-1.167166,250.000000,0.000000,0.000000,0.000000,0.000000,32.734383,106.060585,101.928497,-202.157532,-243.447006,0.000053,-2.400250,8.881969,5996,0,27,5
32.737316,0.008284,0.142814,-2.294662,-0.000042,-0.380070,-0.430293,-0.000219,-1.218030,1.282174,-0.174379,0.000025,-0.000020,10.000000,-195.000000,54.000000,-0.557453,-0.000008,0.000000,0.000000,0.000000,-1.167166,250.000000,0.000000,0.000000,0.000000,0.000000,32.736340,106.060585,101.928497,-202.157532,-243.447006,0.000057,-2.400237,8.881969,5996,0,27,5
32.739269,0.008284,0.142049,-2.295519,-0.000043,-0.382502,-0.427729,-0.000217,-1.215420,1.281760,-0.174378,0.000025,-0.000020,10.000000,-195.000000,54.000000,-0.557453,-0.000008,0.000000,0.000000,0.000000,-1.167166,250.000000,0.000000,0.000000,0.000000,0.000000,32.738293,106.060585,101.928497,-202.157532,-243.447006,0.000060,-2.400229,8.881969,5996,0,27,5
32.741222,0.008284,0.141280,-2.296372,-0.000043,-0.384929,-0.425167,-0.000215,-1.212848,1.281164,-0.174378,0.000025,-0.000020,10.000000,-195.000000,54.000000,-0.557453,-0.000008,0.000000,0.000000,0.000000,-1.167166,250.000000,0.000000,0.000000,0.000000,0.000000,32.740250,106.060585,101.928497,-202.157532,-243.447006,0.000061,-2.400224,8.881969,5996,0,27,5
32.743179,0.008284,0.140505,-2.297219,-0.000043,-0.387351,-0.422606,-0.000213,-1.210308,1.280403,-0.174377,0.000025,-0.000020,10.000000,-195.000000,54.000000,-0.557453,-0.000008,0.000000,0.000000,0.000000,-1.167166,250.000000,0.000000,0.000000,0.000000,0.000000,32.742199,106.060585,101.928497,-202.157532,-243.447006,0.000061,-2.400224,8.881969,5996,0,27,5
32.745132,0.008284,0.139726,-2.298061,-0.000044,-0.389767,-0.420046,-0.000211,-1.207799,1.279493,-0.174376,0.000025,-0.000020,10.000000,-195.000000,54.000000,-0.557453,-0.000008,0.000000,0.000000,0.000000,-1.167166,250.000000,0.000000,0.000000,0.000000,0.000000,32.744156,106.060585,101.928497,-202.157532,-243.447006,0.000060,-2.400228,8.881969,5996,0,27,5
32.747086,0.008284,0.138942,-2.298898,-0.000044,-0.392179,-0.417489,-0.000208,-1.205318,1.278449,-0.174375,0.000024,-0.000020,10.000000,-195.000000,54.000000,-0.557453,-0.000008,0.000000,0.000000,0.000000,-1.167166,250.000000,0.000000,0.000000,0.000000,0.000000,32.746109,106.060585,101.928497,-202.157532,-243.447006,0.000058,-2.400234,8.881969,5996,0,27,5
32.749039,0.008284,0.138154,-2.299730,-0.000045,-0.394586,-0.414934,-0.000206,-1.202863,1.277282,-0.174374,0.000024,-0.000020,10.000000,-195.000000,54.000000,-0.557453,-0.000008,0.000000,0.000000,0.000000,-1.167166,250.000000,0.000000,0.000000,0.000000,0.000000,32.748062,106.060585,101.928497,-202.157532,-243.447006,0.000055,-2.400244,8.881969,5996,0,27,5
32.750996,0.008284,0.137360,-2.300557,-0.000045,-0.396988,-0.412381,-0.000203,-1.200432,1.276006,-0.174373,0.000024,-0.000019,10.000000,-195.000000,54.000000,-0.557453,-0.000008,0.000000,0.000000,0.000000,-1.167166,250.000000,0.000000,0.000000,0.000000,0.000000,32.750015,106.060585,101.928497,-202.157532,-243.447006,0.000051,-2.400258,8.881969,5996,0,27,5
32.752949,0.008284,0.136562,-2.301379,-0.000045,-0.399386,-0.409831,-0.000200,-1.198023,1.274630,-0.174372,0.000024,-0.000019,10.000000,-195.000000,54.000000,-0.557453,-0.000008,0.000000,0.000000,0.000000,-1.167166,250.000000,0.000000,0.000000,0.000000,0.000000,32.751972,106.060585,101.928497,-202.157532,-243.447006,0.000046,-2.400273,8.881969,5996,0,27,5
32.754902,0.008284,0.135759,-2.302196,-0.000046,-0.401778,-0.407284,-0.000196,-1.195634,1.273164,-0.174371,0.000023,-0.000019,10.000000,-195.000000,54.000000,-0.557453,-0.000008,0.000000,0.000000,0.000000,-1.167166,250.000000,0.000000,0.000000,0.000000,0.000000,32.753925,106.060585,101.928497,-202.157532,-243.447006,0.000040,-2.400291,8.881969,5996,0,27,5
32.756855,0.008283,0.134951,-2.303007,-0.000046,-0.404166,-0.404740,-0.000193,-1.193264,1.271617,-0.174370,0.000023,-0.000019,10.000000,-195.000000,54.000000,-0.557453,-0.000008,0.000000,0.000000,0.000000,-1.167166,250.000000,0.000000,0.000000,0.000000,0.000000,32.755878,106.060585,101.928497,-202.157532,-243.447006,0.000033,-2.400312,8.881969,5996,0,27,5
32.758808,0.008283,0.134138,-2.303814,-0.000047,-0.406549,-0.402199,-0.000189,-1.190911,1.269997,-0.174369,0.000023,-0.000019,10.000000,-195.000000,54.000000,-0.557453,-0.000008,0.000000,0.000000,0.000000,-1.167166,250.000000,0.000000,0.000000,0.000000,0.000000,32.757832,106.060585,101.928497,-202.157532,-243.447006,0.000026,-2.400335,8.881969,5996,0,27,6
32.760765,0.008283,0.133320,-2.304615,-0.000047,-0.408927,-0.399662,-0.000185,-1.188577,1.268312,-0.174368,0.000022,-0.000019,10.000000,-195.000000,54.000000,-0.557453,-0.000008,0.000000,0.000000,0.000000,-1.167166,250.000000,0.000000,0.000000,0.000000,0.000000,32.759789,106.060585,101.928497,-202.157532,-243.447006,0.000025,-2.400337,8.881969,5996,0,27,6
32.762718,0.008283,0.132498,-2.305411,-0.000047,-0.411301,-0.397128,-0.000180,-1.186255,1.266568,-0.174366,0.000022,-0.000019,10.000000,-195.000000,54.000000,-0.557453,-0.000008,0.000000,0.000000,0.000000,-1.167166,250.000000,0.000000,0.000000,0.000000,0.000000,32.761742,106.060585,101.928497,-202.157532,-243.447006,0.000031,-2.400319,8.881969,5996,0,27,6
32.764671,0.008283,0.131671,-2.306203,-0.000048,-0.413670,-0.394597,-0.000176,-1.183948,1.264770,-0.174365,0.000021,-0.000018,10.000000,-195.000000,54.000000,-0.557453,-0.000008,0.000000,0.000000,0.000000,-1.167166,250.000000,0.000000,0.000000,0.000000,0.000000,32.763695,106.060585,101.928497,-202.157532,-243.447006,0.000035,-2.400307,8.881969,5996,0,27,6
32.766624,0.008283,0.130839,-2.306989,-0.000048,-0.416034,-0.392070,-0.000171,-1.181654,1.262924,-0.174364,0.000021,-0.000018,10.000000,-195.000000,54.000000,-0.557453,-0.000008,0.000000,0.000000,0.000000,-1.167166,250.000000,0.000000,0.000000,0.000000,0.000000,32.765648,106.060585,101.928497,-202.157532,-243.447006,0.000037,-2.400299,8.881969,5996,0,27,6
32.768581,0.008283,0.130003,-2.307770,-0.000048,-0.418394,-0.389547,-0.000167,-1.179372,1.261034,-0.174363,0.000020,-0.000018,10.000000,-195.000000,54.000000,-0.557453,-0.000008,0.000000,0.000000,0.000000,-1.167166,250.000000,0.000000,0.000000,0.000000,0.000000,32.767605,106.060585,101.928497,-202.157532,-243.447006,0.000038,-2.400295,8.881969,5996,0,27,6
32.770535,0.008283,0.129162,-2.308546,-0.000049,-0.420749,-0.387028,-0.000162,-1.177101,1.259106,-0.174361,0.000020,-0.000018,10.000000,-195.000000,54.000000,-0.557453,-0.000008,0.000000,0.000000,0.000000,-1.167166,250.000000,0.000000,0.000000,0.000000,0.000000,32.769554,106.060585,101.928497,-202.157532,-243.447006,0.000038,-2.400296,8.881969,5996,0,27,6
32.772488,0.008283,0.128316,-2.309317,-0.000049,-0.423100,-0.384513,-0.000157,-1.174842,1.257143,-0.174360,0.000019,-0.000018,10.000000,-195.000000,54.000000,-0.557453,-0.000008,0.000000,0.000000,0.000000,-1.167166,250.000000,0.000000,0.000000,0.000000,0.000000,32.771511,106.060585,101.928497,-202.157532,-243.447006,0.000037,-2.400300,8.881969,5996,0,27,6
32.774441,0.008283,0.127465,-2.310083,-0.000049,-0.425447,-0.382002,-0.000152,-1.172592,1.255150,-0.174359,0.000019,-0.000018,10.000000,-195.000000,54.000000,-0.557453,-0.000008,0.000000,0.000000,0.000000,-1.167166,250.000000,0.000000,0.000000,0.000000,0.000000,32.773464,106.060585,101.928497,-202.157532,-243.447006,0.000035,-2.400307,8.881969,5996,0,27,6
32.776398,0.008282,0.126610,-2.310844,-0.000050,-0.427788,-0.379494,-0.000147,-1.170353,1.253128,-0.174357,0.000018,-0.000018,10.000000,-195.000000,54.000000,-0.557453,-0.000008,0.000000,0.000000,0.000000,-1.167166,250.000000,0.000000,0.000000,0.000000,0.000000,32.775421,106.060585,101.928497,-202.157532,-243.447006,0.000031,-2.400318,8.881969,5996,0,27,6
32.778351,0.008282,0.125750,-2.311600,-0.000050,-0.430126,-0.376991,-0.000143,-1.168122,1.251082,-0.174356,0.000018,-0.000017,10.000000,-195.000000,54.000000,-0.557453,-0.000008,0.000000,0.000000,0.000000,-1.167166,250.000000,0.000000,0.000000,0.000000,0.000000,32.777370,106.060585,101.928497,-202.157532,-243.447006,0.000027,-2.400331,8.881969,5996,0,27,6
32.780304,0.008282,0.124886,-2.312351,-0.000050,-0.432459,-0.374492,-0.000138,-1.165900,1.249013,-0.174355,0.000017,-0.000017,10.000000,-195.000000,54.000000,-0.557453,-0.000008,0.000000,0.000000,0.000000,-1.167166,250.000000,0.000000,0.000000,0.000000,0.000000,32.779327,106.060585,101.928497,-202.157532,-243.447006,0.000022,-2.400348,8.881969,5996,0,27,6
32.782257,0.008282,0.124016,-2.313097,-0.000050,-0.434787,-0.371997,-0.000133,-1.163686,1.246925,-0.174353,0.000017,-0.000017,10.000000,-195.000000,54.000000,-0.557453,-0.000008,0.000000,0.000000,0.000000,-1.167166,250.000000,0.000000,0.000000,0.000000,0.000000,32.781281,106.060585,101.928497,-202.157532,-243.447006,0.000016,-2.400367,8.881969,5996,0,27,6
32.784210,0.008282,0.123142,-2.313838,-0.000051,-0.437111,-0.369506,-0.000129,-1.161479,1.244819,-0.174352,0.000016,-0.000017,10.000000,-196.000000,60.000000,-0.557453,-0.000008,0.000000,0.000000,0.000000,-1.167166,204.000000,0.000000,0.000000,0.000000,0.000000,32.783237,106.060585,101.928497,-202.157532,-243.447006,0.000009,-2.400388,8.881969,5996,0,27,7
32.786167,0.008282,0.122264,-2.314574,-0.000051,-0.439431,-0.367020,-0.000124,-1.159282,1.242697,-0.174351,0.000016,-0.000017,10.000000,-196.000000,60.000000,-0.640376,-0.000012,0.000000,0.000000,0.067000,-1.597293,204.000000,0.000000,0.000000,0.000000,0.000000,32.785187,89.552277,87.394302,-246.392761,-240.026001,0.000009,-2.058107,8.877015,5938,0,27,7
32.788120,0.008282,0.121381,-2.315305,-0.000051,-0.441745,-0.364530,-0.000119,-1.156026,1.246609,-0.174349,0.000016,-0.000017,10.000000,-196.000000,60.000000,-0.640376,-0.000012,0.000000,0.000000,0.000000,-1.597293,204.000000,0.000000,0.000000,0.000000,0.000000,32.787144,89.552277,87.394302,-246.392761,-240.026001,0.000015,-2.058088,8.877015,5938,0,27,7
32.790073,0.008282,0.120493,-2.316031,-0.000051,-0.444051,-0.362028,-0.000115,-1.152533,1.251885,-0.174348,0.000015,-0.000017,10.000000,-196.000000,60.000000,-0.640376,-0.000012,0.000000,0.000000,0.000000,-1.597293,204.000000,0.000000,0.000000,0.000000,0.000000,32.789097,89.552277,87.394302,-246.392761,-240.026001,0.000020,-2.058072,8.877015,5938,0,27,7
32.792027,0.008282,0.119600,-2.316752,-0.000052,-0.446351,-0.359518,-0.000110,-1.149172,1.256444,-0.174346,0.000015,-0.000017,10.000000,-196.000000,60.000000,-0.640376,-0.000012,0.000000,0.000000,0.000000,-1.597293,204.000000,0.000000,0.000000,0.000000,0.000000,32.791054,89.552277,87.394302,-246.392761,-240.026001,0.000024,-2.058062,8.877015,5938,0,27,7
32.793983,0.008282,0.118703,-2.317468,-0.000052,-0.448645,-0.356999,-0.000106,-1.145929,1.260355,-0.174345,0.000014,-0.000016,10.000000,-196.000000,60.000000,-0.640376,-0.000012,0.000000,0.000000,0.000000,-1.597293,204.000000,0.000000,0.000000,0.000000,0.000000,32.793003,89.552277,87.394302,-246.392761,-240.026001,0.000025,-2.058056,8.877015,5938,0,27,7
32.795937,0.008281,0.117802,-2.318179,-0.000052,-0.450932,-0.354473,-0.000101,-1.142795,1.263678,-0.174343,0.000014,-0.000016,10.000000,-196.000000,60.000000,-0.640376,-0.000012,0.000000,0.000000,0.000000,-1.597293,204.000000,0.000000,0.000000,0.000000,0.000000,32.794960,89.552277,87.394302,-246.392761,-240.026001,0.000026,-2.058054,8.877015,5938,0,27,7
32.797890,0.008281,0.116895,-2.318885,-0.000052,-0.453213,-0.351942,-0.000097,-1.139759,1.266467,-0.174342,0.000013,-0.000016,10.000000,-196.000000,60.000000,-0.640376,-0.000012,0.000000,0.000000,0.000000,-1.597293,204.000000,0.000000,0.000000,0.000000,0.000000,32.796913,89.552277,87.394302,-246.392761,-240.026001,0.000025,-2.058056,8.877015,5938,0,27,7
32.799843,0.008281,0.115985,-2.319586,-0.000052,-0.455488,-0.349405,-0.000092,-1.136813,1.268774,-0.174341,0.000013,-0.000016,10.000000,-196.000000,60.000000,-0.640376,-0.000012,0.000000,0.000000,0.000000,-1.597293,204.000000,0.000000,0.000000,0.000000,0.000000,32.798866,89.552277,87.394302,-246.392761,-240.026001,0.000024,-2.058061,8.877015,5938,0,27,7
32.801800,0.008281,0.115069,-2.320281,-0.000053,-0.457758,-0.346865,-0.000088,-1.133949,1.270643,-0.174339,0.000012,-0.000016,10.000000,-196.000000,60.000000,-0.640376,-0.000012,0.000000,0.000000,0.000000,-1.597293,204.000000,0.000000,0.000000,0.000000,0.000000,32.800819,89.552277,87.394302,-246.392761,-240.026001,0.000021,-2.058070,8.877015,5938,0,27,7
32.803753,0.008281,0.114150,-2.320972,-0.000053,-0.460021,-0.344321,-0.000083,-1.131160,1.272115,-0.174338,0.000012,-0.000016,10.000000,-196.000000,60.000000,-0.640376,-0.000012,0.000000,0.000000,0.000000,-1.597293,204.000000,0.000000,0.000000,0.000000,0.000000,32.802776,89.552277,87.394302,-246.392761,-240.026001,0.000017,-2.058082,8.877015,5938,0,27,7
32.805706,0.008281,0.113225,-2.321657,-0.000053,-0.462279,-0.341775,-0.000078,-1.128438,1.273229,-0.174336,0.000011,-0.000016,10.000000,-196.000000,60.000000,-0.640376,-0.000012,0.000000,0.000000,0.000000,-1.597293,204.000000,0.000000,0.000000,0.000000,0.000000,32.804729,89.552277,87.394302,-246.392761,-240.026001,0.000013,-2.058096,8.877015,5938,0,27,7
32.807659,0.008281,0.112296,-2.322338,-0.000053,-0.464532,-0.339228,-0.000073,-1.125778,1.274017,-0.174335,0.000011,-0.000016,10.000000,-196.000000,60.000000,-0.640376,-0.000012,0.000000,0.000000,0.000000,-1.597293,204.000000,0.000000,0.000000,0.000000,0.000000,32.806683,89.552277,87.394302,-246.392761,-240.026001,0.000007,-2.058113,8.877015,5938,0,27,7
32.809612,0.008281,0.111363,-2.323013,-0.000053,-0.466780,-0.336679,-0.000068,-1.123175,1.274511,-0.174333,0.000010,-0.000016,10.000000,-196.000000,60.000000,-0.640376,-0.000012,0.000000,0.000000,0.000000,-1.597293,204.000000,0.000000,0.000000,0.000000,0.000000,32.808636,89.552277,87.394302,-246.392761,-240.026001,0.000001,-2.058133,8.877015,5938,0,27,8
32.811569,0.008281,0.110425,-2.323683,-0.000053,-0.469023,-0.334129,-0.000063,-1.120626,1.274738,-0.174332,0.000010,-0.000015,10.000000,-196.000000,60.000000,-0.640376,-0.000012,0.000000,0.000000,0.000000,-1.597293,204.000000,0.000000,0.000000,0.000000,0.000000,32.810593,89.552277,87.394302,-246.392761,-240.026001,0.000001,-2.058131,8.877015,5938,0,27,8
32.813522,0.008281,0.109483,-2.324348,-0.000054,-0.471260,-0.331580,-0.000058,-1.118121,1.274724,-0.174331,0.000009,-0.000015,10.000000,-196.000000,60.000000,-0.640376,-0.000012,0.000000,0.000000,0.000000,-1.597293,204.000000,0.000000,0.000000,0.000000,0.000000,32.812546,89.552277,87.394302,-246.392761,-240.026001,0.000008,-2.058110,8.877015,5938,0,27,8
32.815475,0.008280,0.108536,-2.325008,-0.000054,-0.473493,-0.329031,-0.000053,-1.115660,1.274490,-0.174329,0.000009,-0.000015,10.000000,-196.000000,60.000000,-0.640376,-0.000012,0.000000,0.000000,0.000000,-1.597293,204.000000,0.000000,0.000000,0.000000,0.000000,32.814499,89.552277,87.394302,-246.392761,-240.026001,0.000013,-2.058095,8.877015,5938,0,27,8
32.817429,0.008280,0.107585,-2.325663,-0.000054,-0.475720,-0.326482,-0.000048,-1.113238,1.274059,-0.174328,0.000008,-0.000015,10.000000,-196.000000,60.000000,-0.640376,-0.000012,0.000000,0.000000,0.000000,-1.597293,204.000000,0.000000,0.000000,0.000000,0.000000,32.816452,89.552277,87.394302,-246.392761,-240.026001,0.000016,-2.058084,8.877015,5938,0,27,8
32.819386,0.008280,0.106629,-2.326313,-0.000054,-0.477943,-0.323935,-0.000043,-1.110852,1.273449,-0.174326,0.000008,-0.000015,10.000000,-196.000000,60.000000,-0.640376,-0.000012,0.000000,0.000000,0.000000,-1.597293,204.000000,0.000000,0.000000,0.000000,0.000000,32.818409,89.552277,87.394302,-246.392761,-240.026001,0.000018,-2.058078,8.877015,5938,0,27,8
32.821339,0.008280,0.105669,-2.326958,-0.000054,-0.480161,-0.321389,-0.000038,-1.108500,1.272676,-0.174325,0.000007,-0.000015,10.000000,-196.000000,60.000000,-0.640376,-0.000012,0.000000,0.000000,0.000000,-1.597293,204.000000,0.000000,0.000000,0.000000,0.000000,32.820358,89.552277,87.394302,-246.392761,-240.026001,0.000019,-2.058075,8.877015,5938,0,27,8
32.823292,0.008280,0.104704,-2.327597,-0.000054,-0.482375,-0.318845,-0.000032,-1.106178,1.271757,-0.174323,0.000006,-0.000015,10.000000,-196.000000,60.000000,-0.640376,-0.000012,0.000000,0.000000,0.000000,-1.597293,204.000000,0.000000,0.000000,0.000000,0.000000,32.822315,89.552277,87.394302,-246.392761,-240.026001,0.000019,-2.058077,8.877015,5938,0,27,8
32.825245,0.008280,0.103735,-2.328232,-0.000054,-0.484584,-0.316303,-0.000028,-1.103884,1.270705,-0.174322,0.000006,-0.000015,10.000000,-196.000000,60.000000,-0.640376,-0.000012,0.000000,0.000000,0.000000,-1.597293,204.000000,0.000000,0.000000,0.000000,0.000000,32.824268,89.552277,87.394302,-246.392761,-240.026001,0.000017,-2.058082,8.877015,5938,0,27,8
32.827202,0.008280,0.102762,-2.328861,-0.000054,-0.486788,-0.313764,-0.000023,-1.101616,1.269533,-0.174320,0.000005,-0.000014,10.000000,-196.000000,60.000000,-0.640376,-0.000012,0.000000,0.000000,0.000000,-1.597293,204.000000,0.000000,0.000000,0.000000,0.000000,32.826225,89.552277,87.394302,-246.392761,-240.026001,0.000015,-2.058090,8.877015,5938,0,28,8
32.829155,0.008280,0.101784,-2.329486,-0.000054,-0.488988,-0.311227,-0.000018,-1.099371,1.268254,-0.174319,0.000005,-0.000014,10.000000,-196.000000,60.000000,-0.640376,-0.000012,0.000000,0.000000,0.000000,-1.597293,204.000000,0.000000,0.000000,0.000000,0.000000,32.828175,89.552277,87.394302,-246.392761,-240.026001,0.000011,-2.058101,8.877015,5938,0,28,8
32.831108,0.008280,0.100802,-2.330105,-0.000054,-0.491183,-0.308692,-0.000014,-1.097148,1.266876,-0.174317,0.000004,-0.000014,10.000000,-196.000000,60.000000,-0.640376,-0.000012,0.000000,0.000000,0.000000,-1.597293,204.000000,0.000000,0.000000,0.000000,0.000000,32.830132,89.552277,87.394302,-246.392761,-240.026001,0.000007,-2.058115,8.877015,5938,0,28,8
32.833061,0.008279,0.099815,-2.330719,-0.000054,-0.493374,-0.306161,-0.000009,-1.094945,1.265411,-0.174316,0.000004,-0.000014,10.000000,-196.000000,60.000000,-0.640376,-0.000012,0.000000,0.000000,0.000000,-1.597293,204.000000,0.000000,0.000000,0.000000,0.000000,32.832085,89.552277,87.394302,-246.392761,-240.026001,0.000001,-2.058132,8.877015,5938,0,27,9
32.835014,0.008279,0.098824,-2.331328,-0.000054,-0.495561,-0.303632,-0.000005,-1.092763,1.263866,-0.174314,0.000004,-0.000014,10.000000,-196.000000,60.000000,-0.640376,-0.000012,0.000000,0.000000,0.000000,-1.597293,204.000000,0.000000,0.000000,0.000000,0.000000,32.834042,89.552277,87.394302,-246.392761,-240.026001,0.000003,-2.058127,8.877015,5938,0,27,9
32.836971,0.008279,0.097828,-2.331933,-0.000054,-0.497743,-0.301107,-0.000001,-1.090596,1.262248,-0.174313,0.000003,-0.000014,10.000000,-196.000000,60.000000,-0.640376,-0.000012,0.000000,0.000000,0.000000,-1.597293,204.000000,0.000000,0.000000,0.000000,0.000000,32.835991,89.552277,87.394302,-246.392761,-240.026001,0.000010,-2.058103,8.877015,5938,0,27,9
32.838924,0.008279,0.096829,-2.332531,-0.000054,-0.499921,-0.298585,0.000003,-1.088445,1.260566,-0.174312,0.000003,-0.000014,10.000000,-196.000000,60.000000,-0.640376,-0.000012,0.000000,0.000000,0.000000,-1.597293,204.000000,0.000000,0.000000,0.000000,0.000000,32.837948,89.552277,87.394302,-246.392761,-240.026001,0.000016,-2.058085,8.877015,5938,0,27,9
32.840878,0.008279,0.095825,-2.333125,-0.000054,-0.502095,-0.296066,0.000007,-1.086309,1.258825,-0.174310,0.000002,-0.000014,10.000000,-196.000000,60.000000,-0.640376,-0.000012,0.000000,0.000000,0.000000,-1.597293,204.000000,0.000000,0.000000,0.000000,0.000000,32.839901,89.552277,87.394302,-246.392761,-240.026001,0.000020,-2.058072,8.877015,5938,0,27,9
32.842831,0.008279,0.094816,-2.333714,-0.000054,-0.504264,-0.293551,0.000010,-1.084187,1.257031,-0.174309,0.000002,-0.000014,10.000000,-196.000000,65.000000,-0.640376,-0.000012,0.000000,0.000000,0.000000,-1.597293,178.000000,0.000000,0.000000,0.000000,0.000000,32.841854,89.552277,87.394302,-246.392761,-240.026001,0.000023,-2.058063,8.877015,5938,0,27,9
32.844788,0.008279,0.093803,-2.334298,-0.000054,-0.506429,-0.291040,0.000014,-1.082077,1.255191,-0.174307,0.000001,-0.000013,10.000000,-196.000000,65.000000,-0.671818,-0.000013,0.000000,0.000000,0.066000,-1.068869,178.000000,0.000000,0.000000,0.000000,0.000000,32.843807,75.757523,73.800766,-209.011292,-228.670090,0.000025,-1.737930,8.880000,5897,0,28,9
32.846741,0.008279,0.092786,-2.334877,-0.000054,-0.508590,-0.288527,0.000018,-1.079227,1.257583,-0.174306,0.000001,-0.000013,10.000000,-196.000000,65.000000,-0.671818,-0.000013,0.000000,0.000000,0.000000,-1.068869,178.000000,0.000000,0.000000,0.000000,0.000000,32.845764,75.757523,73.800766,-209.011292,-228.670090,0.000025,-1.737929,8.880000,5897,0,28,9
32.848694,0.008279,0.091765,-2.335451,-0.000054,-0.510743,-0.286006,0.000022,-1.076216,1.260911,-0.174304,0.000001,-0.000013,10.000000,-196.000000,65.000000,-0.671818,-0.000013,0.000000,0.000000,0.000000,-1.068869,178.000000,0.000000,0.000000,0.000000,0.000000,32.847717,75.757523,73.800766,-209.011292,-228.670090,0.000025,-1.737930,8.880000,5897,0,28,9
32.850647,0.008278,0.090739,-2.336020,-0.000054,-0.512891,-0.283480,0.000026,-1.073304,1.263705,-0.174303,0.000000,-0.000013,10.000000,-196.000000,65.000000,-0.671818,-0.000013,0.000000,0.000000,0.000000,-1.068869,178.000000,0.000000,0.000000,0.000000,0.000000,32.849670,75.757523,73.800766,-209.011292,-228.670090,0.000023,-1.737935,8.880000,5897,0,28,9
32.852600,0.008278,0.089709,-2.336584,-0.000054,-0.515034,-0.280949,0.000029,-1.070481,1.266016,-0.174301,-0.000000,-0.000013,10.000000,-196.000000,65.000000,-0.671818,-0.000013,0.000000,0.000000,0.000000,-1.068869,178.000000,0.000000,0.000000,0.000000,0.000000,32.851624,75.757523,73.800766,-209.011292,-228.670090,0.000021,-1.737943,8.880000,5897,0,28,9
32.854557,0.008278,0.088675,-2.337142,-0.000054,-0.517171,-0.278415,0.000032,-1.067740,1.267890,-0.174300,-0.000000,-0.000013,10.000000,-196.000000,65.000000,-0.671818,-0.000013,0.000000,0.000000,0.000000,-1.068869,178.000000,0.000000,0.000000,0.000000,0.000000,32.853580,75.757523,73.800766,-209.011292,-228.670090,0.000017,-1.737953,8.880000,5897,0,28,9
32.856510,0.008278,0.087636,-2.337696,-0.000054,-0.519302,-0.275877,0.000035,-1.065073,1.269367,-0.174298,-0.000001,-0.000013,10.000000,-196.000000,65.000000,-0.671818,-0.000013,0.000000,0.000000,0.000000,-1.068869,178.000000,0.000000,0.000000,0.000000,0.000000,32.855534,75.757523,73.800766,-209.011292,-228.670090,0.000013,-1.737967,8.880000,5897,0,27,9
32.858463,0.008278,0.086593,-2.338244,-0.000054,-0.521428,-0.273336,0.000037,-1.062474,1.270485,-0.174297,-0.000001,-0.000013,10.000000,-196.000000,65.000000,-0.671818,-0.000013,0.000000,0.000000,0.000000,-1.068869,178.000000,0.000000,0.000000,0.000000,0.000000,32.857487,75.757523,73.800766,-209.011292,-228.670090,0.000008,-1.737983,8.880000,5897,-1,27,9
32.860416,0.008278,0.085546,-2.338788,-0.000054,-0.523550,-0.270794,0.000039,-1.059937,1.271277,-0.174295,-0.000001,-0.000013,10.000000,-196.000000,65.000000,-0.671818,-0.000013,0.000000,0.000000,0.000000,-1.068869,178.000000,0.000000,0.000000,0.000000,0.000000,32.859440,75.757523,73.800766,-209.011292,-228.670090,0.000002,-1.738001,8.880000,5897,-1,27,10
32.862373,0.008278,0.084495,-2.339326,-0.000054,-0.525666,-0.268251,0.000041,-1.057459,1.271775,-0.174294,-0.000001,-0.000013,10.000000,-196.000000,65.000000,-0.671818,-0.000013,0.000000,0.000000,0.000000,-1.068869,178.000000,0.000000,0.000000,0.000000,0.000000,32.861397,75.757523,73.800766,-209.011292,-228.670090,0.000003,-1.737998,8.880000,5897,-1,27,10
32.864326,0.008278,0.083439,-2.339859,-0.000053,-0.527777,-0.265707,0.000043,-1.055029,1.272005,-0.174293,-0.000002,-0.000013,10.000000,-196.000000,65.000000,-0.671818,-0.000013,0.000000,0.000000,0.000000,-1.068869,178.000000,0.000000,0.000000,0.000000,0.000000,32.863346,75.757523,73.800766,-209.011292,-228.670090,0.000010,-1.737976,8.880000,5897,-1,27,10
32.866280,0.008278,0.082380,-2.340387,-0.000053,-0.529883,-0.263163,0.000044,-1.052647,1.271995,-0.174291,-0.000002,-0.000013,10.000000,-196.000000,65.000000,-0.671818,-0.000013,0.000000,0.000000,0.000000,-1.068869,178.000000,0.000000,0.000000,0.000000,0.000000,32.865303,75.757523,73.800766,-209.011292,-228.670090,0.000016,-1.737959,8.880000,5897,-1,27,10
32.868233,0.008278,0.081316,-2.340910,-0.000053,-0.531985,-0.260619,0.000045,-1.050308,1.271766,-0.174290,-0.000002,-0.000013,10.000000,-196.000000,65.000000,-0.671818,-0.000013,0.000000,0.000000,0.000000,-1.068869,178.000000,0.000000,0.000000,0.000000,0.000000,32.867256,75.757523,73.800766,-209.011292,-228.670090,0.000020,-1.737946,8.880000,5897,-1,27,10
32.870190,0.008277,0.080247,-2.341428,-0.000053,-0.534082,-0.258076,0.000046,-1.048009,1.271339,-0.174289,-0.000002,-0.000012,10.000000,-196.000000,65.000000,-0.671818,-0.000013,0.000000,0.000000,0.000000,-1.068869,178.000000,0.000000,0.000000,0.000000,0.000000,32.869213,75.757523,73.800766,-209.011292,-228.670090,0.000022,-1.737939,8.880000,5897,-1,27,10
32.872143,0.008277,0.079175,-2.341941,-0.000053,-0.536175,-0.255534,0.000047,-1.045746,1.270733,-0.174287,-0.000002,-0.000012,10.000000,-196.000000,65.000000,-0.671818,-0.000013,0.000000,0.000000,0.000000,-1.068869,178.000000,0.000000,0.000000,0.000000,0.000000,32.871162,75.757523,73.800766,-209.011292,-228.670090,0.000023,-1.737935,8.880000,5897,-1,27,10
32.874096,0.008277,0.078099,-2.342449,-0.000053,-0.538263,-0.252994,0.000048,-1.043517,1.269965,-0.174286,-0.000002,-0.000012,10.000000,-196.000000,65.000000,-0.671818,-0.000013,0.000000,0.000000,0.000000,-1.068869,178.000000,0.000000,0.000000,0.000000,0.000000,32.873119,75.757523,73.800766,-209.011292,-228.670090,0.000023,-1.737935,8.880000,5897,-1,27,10
32.876049,0.008277,0.077018,-2.342952,-0.000053,-0.540347,-0.250455,0.000048,-1.041318,1.269051,-0.174285,-0.000002,-0.000012,10.000000,-196.000000,65.000000,-0.671818,-0.000013,0.000000,0.000000,0.000000,-1.068869,178.000000,0.000000,0.000000,0.000000,0.000000,32.875072,75.757523,73.800766,-209.011292,-228.670090,0.000022,-1.737938,8.880000,5897,-1,27,10
32.878002,0.008277,0.075933,-2.343449,-0.000053,-0.542426,-0.247919,0.000049,-1.039147,1.268004,-0.174284,-0.000002,-0.000012,10.000000,-196.000000,65.000000,-0.671818,-0.000013,0.000000,0.000000,0.000000,-1.068869,178.000000,0.000000,0.000000,0.000000,0.000000,32.877029,75.757523,73.800766,-209.011292,-228.670090,0.000020,-1.737944,8.880000,5897,-1,27,10
32.879959,0.008277,0.074844,-2.343942,-0.000053,-0.544501,-0.245384,0.000050,-1.037002,1.266838,-0.174283,-0.000002,-0.000012,10.000000,-196.000000,65.000000,-0.671818,-0.000013,0.000000,0.000000,0.000000,-1.068869,178.000000,0.000000,0.000000,0.000000,0.000000,32.878979,75.757523,73.800766,-209.011292,-228.670090,0.000017,-1.737954,8.880000,5897,-1,27,10
32.881912,0.008277,0.073751,-2.344429,-0.000053,-0.546572,-0.242853,0.000050,-1.034882,1.265563,-0.174282,-0.000002,-0.000012,10.000000,-196.000000,65.000000,-0.671818,-0.000013,0.000000,0.000000,0.000000,-1.068869,178.000000,0.000000,0.000000,0.000000,0.000000,32.880936,75.757523,73.800766,-209.011292,-228.670090,0.000013,-1.737966,8.880000,5897,-1,27,10
32.883865,0.008277,0.072653,-2.344912,-0.000053,-0.548639,-0.240324,0.000051,-1.032783,1.264191,-0.174281,-0.000002,-0.000012,10.000000,-196.000000,65.000000,-0.671818,-0.000013,0.000000,0.000000,0.000000,-1.068869,178.000000,0.000000,0.000000,0.000000,0.000000,32.882889,75.757523,73.800766,-209.011292,-228.670090,0.000009,-1.737981,8.880000,5897,-1,27,10
32.885818,0.008277,0.071552,-2.345389,-0.000052,-0.550701,-0.237797,0.000052,-1.030705,1.262731,-0.174280,-0.000003,-0.000012,10.000000,-196.000000,65.000000,-0.671818,-0.000013,0.000000,0.000000,0.000000,-1.068869,178.000000,0.000000,0.000000,0.000000,0.000000,32.884846,75.757523,73.800766,-209.011292,-228.670090,0.000003,-1.737998,8.880000,5897,-1,27,11
32.887775,0.008276,0.070446,-2.345861,-0.000052,-0.552760,-0.235274,0.000053,-1.028647,1.261192,-0.174279,-0.000003,-0.000012,10.000000,-196.000000,65.000000,-0.671818,-0.000013,0.000000,0.000000,0.000000,-1.068869,178.000000,0.000000,0.000000,0.000000,0.000000,32.886795,75.757523,73.800766,-209.011292,-228.670090,0.000005,-1.737994,8.880000,5897,-1,27,11
32.889729,0.008276,0.069337,-2.346328,-0.000052,-0.554814,-0.232754,0.000054,-1.026605,1.259581,-0.174278,-0.000003,-0.000012,10.000000,-196.000000,65.000000,-0.671818,-0.000013,0.000000,0.000000,0.000000,-1.068869,178.000000,0.000000,0.000000,0.000000,0.000000,32.888752,75.757523,73.800766,-209.011292,-228.670090,0.000012,-1.737970,8.880000,5897,-1,27,11
32.891682,0.008276,0.068223,-2.346791,-0.000052,-0.556864,-0.230238,0.000055,-1.024580,1.257905,-0.174278,-0.000003,-0.000012,10.000000,-196.000000,65.000000,-0.671818,-0.000013,0.000000,0.000000,0.000000,-1.068869,178.000000,0.000000,0.000000,0.000000,0.000000,32.890705,75.757523,73.800766,-209.011292,-228.670090,0.000018,-1.737952,8.880000,5897,-1,27,11
32.893635,0.008276,0.067105,-2.347248,-0.000052,-0.558910,-0.227724,0.000056,-1.022570,1.256171,-0.174277,-0.000003,-0.000012,10.000000,-196.000000,65.000000,-0.671818,-0.000013,0.000000,0.000000,0.000000,-1.068869,178.000000,0.000000,0.000000,0.000000,0.000000,32.892658,75.757523,73.800766,-209.011292,-228.670090,0.000022,-1.737939,8.880000,5897,-1,27,11
32.895592,0.008276,0.065983,-2.347700,-0.000052,-0.560952,-0.225215,0.000057,-1.020575,1.254384,-0.174277,-0.000003,-0.000012,10.000000,-196.000000,65.000000,-0.671818,-0.000013,0.000000,0.000000,0.000000,-1.068869,178.000000,0.000000,0.000000,0.000000,0.000000,32.894611,75.757523,73.800766,-209.011292,-228.670090,0.000025,-1.737930,8.880000,5897,-1,27,11
32.897545,0.008276,0.064857,-2.348147,-0.000052,-0.562990,-0.222709,0.000059,-1.018593,1.252551,-0.174277,-0.000003,-0.000012,10.000000,-196.000000,65.000000,-0.671818,-0.000013,0.000000,0.000000,0.000000,-1.068869,178.000000,0.000000,0.000000,0.000000,0.000000,32.896568,75.757523,73.800766,-209.011292,-228.670090,0.000026,-1.737925,8.880000,5897,-1,27,11
32.899498,0.008276,0.063727,-2.348589,-0.000052,-0.565025,-0.220206,0.000060,-1.016624,1.250675,-0.174276,-0.000004,-0.000012,10.000000,-196.000000,65.000000,-0.671818,-0.000013,0.000000,0.000000,0.000000,-1.068869,178.000000,0.000000,0.000000,0.000000,0.000000,32.898521,75.757523,73.800766,-209.011292,-228.670090,0.000027,-1.737924,8.880000,5897,-1,27,11
32.901451,0.008276,0.062592,-2.349026,-0.000052,-0.567055,-0.217708,0.000062,-1.014667,1.248761,-0.174276,-0.000004,-0.000012,10.000000,-197.000000,69.000000,-0.671818,-0.000013,0.000000,0.000000,0.000000,-1.068869,150.000000,0.000000,0.000000,0.000000,0.000000,32.900475,75.757523,73.800766,-209.011292,-228.670090,0.000026,-1.737926,8.880000,5897,-1,27,11
32.903404,0.008276,0.061454,-2.349458,-0.000051,-0.569081,-0.215213,0.000064,-1.012721,1.246814,-0.174276,-0.000004,-0.000011,10.000000,-197.000000,69.000000,-0.717063,-0.000012,0.000000,0.000000,0.067000,-1.333468,150.000000,0.000000,0.000000,0.000000,0.000000,32.902428,59.701519,58.926983,-239.641953,-229.879898,0.000024,-1.387654,8.872015,5852,175,28,11
32.905361,0.008276,0.060312,-2.349885,-0.000051,-0.571103,-0.212716,0.000066,-1.009960,1.249528,-0.174276,-0.000004,-0.000011,10.000000,-197.000000,69.000000,-0.717063,-0.000012,0.000000,0.000000,0.000000,-1.333468,150.000000,0.000000,0.000000,0.000000,0.000000,32.904385,59.701519,58.926983,-239.641953,-229.879898,0.000026,-1.387650,8.872015,5852,175,28,11
32.907314,0.008275,0.059165,-2.350308,-0.000051,-0.573118,-0.210212,0.000069,-1.007007,1.253280,-0.174273,-0.000005,-0.000011,10.000000,-197.000000,69.000000,-0.717063,-0.000012,0.000000,0.000000,0.000000,-1.333468,150.000000,0.000000,0.000000,0.000000,0.000000,32.906338,59.701519,58.926983,-239.641953,-229.879898,0.000033,-1.387628,8.872015,5852,174,28,11
32.909267,0.008275,0.058015,-2.350725,-0.000051,-0.575128,-0.207700,0.000071,-1.004130,1.256455,-0.174266,-0.000005,-0.000011,10.000000,-197.000000,69.000000,-0.717063,-0.000012,0.000000,0.000000,0.000000,-1.333468,150.000000,0.000000,0.000000,0.000000,0.000000,32.908291,59.701519,58.926983,-239.641953,-229.879898,0.000043,-1.387597,8.872015,5852,173,28,11
32.911221,0.008275,0.056860,-2.351137,-0.000051,-0.577132,-0.205183,0.000073,-1.001304,1.259104,-0.174253,-0.000005,-0.000011,10.000000,-197.000000,69.000000,-0.717063,-0.000012,0.000000,0.000000,0.000000,-1.333468,150.000000,0.000000,0.000000,0.000000,0.000000,32.910244,59.701519,58.926983,-239.641953,-229.879898,0.000055,-1.387559,8.872015,5852,171,28,11
32.913177,0.008275,0.055702,-2.351544,-0.000051,-0.579130,-0.202662,0.000076,-0.998508,1.261273,-0.174233,-0.000005,-0.000011,10.000000,-197.000000,69.000000,-0.717063,-0.000012,0.000000,0.000000,0.000000,-1.333468,150.000000,0.000000,0.000000,0.000000,0.000000,32.912201,59.701519,58.926983,-239.641953,-229.879898,0.000069,-1.387515,8.872015,5852,169,28,11
32.915131,0.008275,0.054540,-2.351946,-0.000051,-0.581123,-0.200137,0.000077,-0.995722,1.263005,-0.174204,-0.000005,-0.000011,10.000000,-197.000000,69.000000,-0.717063,-0.000012,0.000000,0.000000,0.000000,-1.333468,150.000000,0.000000,0.000000,0.000000,0.000000,32.914150,59.701519,58.926983,-239.641953,-229.879898,0.000084,-1.387465,8.872015,5852,165,28,11
32.917084,0.008275,0.053373,-2.352343,-0.000050,-0.583110,-0.197609,0.000079,-0.992929,1.264337,-0.174166,-0.000006,-0.000010,10.000000,-197.000000,69.000000,-0.717063,-0.000012,0.000000,0.000000,0.000000,-1.333468,150.000000,0.000000,0.000000,0.000000,0.000000,32.916107,59.701519,58.926983,-239.641953,-229.879898,0.000102,-1.387411,8.872015,5852,162,28,11
32.919037,0.008275,0.052203,-2.352734,-0.000050,-0.585092,-0.195078,0.000081,-0.990112,1.265304,-0.174116,-0.000006,-0.000010,10.000000,-197.000000,69.000000,-0.717063,-0.000012,0.000000,0.000000,0.000000,-1.333468,150.000000,0.000000,0.000000,0.000000,0.000000,32.918060,59.701519,58.926983,-239.641953,-229.879898,0.000120,-1.387353,8.872015,5852,158,28,11
32.920994,0.008275,0.051029,-2.353121,-0.000050,-0.587068,-0.192547,0.000082,-0.987258,1.265938,-0.174055,-0.000006,-0.000010,10.000000,-197.000000,69.000000,-0.717063,-0.000012,0.000000,0.000000,0.000000,-1.333468,150.000000,0.000000,0.000000,0.000000,0.000000,32.920017,59.701519,58.926983,-239.641953,-229.879898,0.000140,-1.387292,8.872015,5852,153,28,11
32.922947,0.008275,0.049850,-2.353503,-0.000050,-0.589038,-0.190014,0.000083,-0.984355,1.266268,-0.173982,-0.000006,-0.000009,10.000000,-197.000000,69.000000,-0.717063,-0.000012,0.000000,0.000000,0.000000,-1.333468,150.000000,0.000000,0.000000,0.000000,0.000000,32.921967,59.701519,58.926983,-239.641953,-229.879898,0.000160,-1.387228,8.872015,5852,148,28,11
32.924900,0.008275,0.048668,-2.353879,-0.000050,-0.591002,-0.187482,0.000083,-0.981392,1.266318,-0.173895,-0.000006,-0.000009,10.000000,-197.000000,69.000000,-0.717063,-0.000012,0.000000,0.000000,0.000000,-1.333468,150.000000,0.000000,0.000000,0.000000,0.000000,32.923923,59.701519,58.926983,-239.641953,-229.879898,0.000181,-1.387163,8.872015,5852,143,28,11
32.926853,0.008274,0.047482,-2.354251,-0.000050,-0.592961,-0.184949,0.000084,-0.978361,1.266114,-0.173795,-0.000006,-0.000009,10.000000,-197.000000,69.000000,-0.717063,-0.000012,0.000000,0.000000,0.000000,-1.333468,150.000000,0.000000,0.000000,0.000000,0.000000,32.925877,59.701519,58.926983,-239.641953,-229.879898,0.000202,-1.387097,8.872015,5852,137,27,11
32.928806,0.008274,0.046292,-2.354617,-0.000049,-0.594913,-0.182418,0.000083,-0.975255,1.265677,-0.173681,-0.000006,-0.000008,10.000000,-197.000000,69.000000,-0.717063,-0.000012,0.000000,0.000000,0.000000,-1.333468,150.000000,0.000000,0.000000,0.000000,0.000000,32.927834,59.701519,58.926983,-239.641953,-229.879898,0.000223,-1.387030,8.872015,5852,131,27,11
32.930763,0.008274,0.045098,-2.354979,-0.000049,-0.596859,-0.179887,0.000083,-0.972066,1.265025,-0.173553,-0.000006,-0.000008,10.000000,-197.000000,69.000000,-0.717063,-0.000012,0.000000,0.000000,0.000000,-1.333468,150.000000,0.000000,0.000000,0.000000,0.000000,32.929783,59.701519,58.926983,-239.641953,-229.879898,0.000244,-1.386965,8.872015,5852,124,27,11
32.932716,0.008274,0.043900,-2.355335,-0.000049,-0.598798,-0.177359,0.000082,-0.968790,1.264179,-0.173411,-0.000005,-0.000007,10.000000,-197.000000,69.000000,-0.717063,-0.000012,0.000000,0.000000,0.000000,-1.333468,150.000000,0.000000,0.000000,0.000000,0.000000,32.931740,59.701519,58.926983,-239.641953,-229.879898,0.000265,-1.386899,8.872015,5852,118,27,11
32.934669,0.008274,0.042698,-2.355686,-0.000049,-0.600730,-0.174832,0.000081,-0.965423,1.263155,-0.173254,-0.000005,-0.000007,10.000000,-197.000000,69.000000,-0.717063,-0.000012,0.000000,0.000000,0.000000,-1.333468,150.000000,0.000000,0.000000,0.000000,0.000000,32.933693,59.701519,58.926983,-239.641953,-229.879898,0.000285,-1.386835,8.872015,5852,111,27,11
32.936623,0.008274,0.041493,-2.356033,-0.000049,-0.602656,-0.172307,0.000079,-0.961962,1.261966,-0.173083,-0.000005,-0.000006,10.000000,-197.000000,69.000000,-0.717063,-0.000012,0.000000,0.000000,0.000000,-1.333468,150.000000,0.000000,0.000000,0.000000,0.000000,32.935650,59.701519,58.926983,-239.641953,-229.879898,0.000305,-1.386773,8.872015,5852,104,27,11
32.938580,0.008274,0.040283,-2.356374,-0.000049,-0.604575,-0.169785,0.000077,-0.958404,1.260628,-0.172897,-0.000005,-0.000005,10.000000,-197.000000,69.000000,-0.717063,-0.000012,0.000000,0.000000,0.000000,-1.333468,150.000000,0.000000,0.000000,0.000000,0.000000,32.937599,59.701519,58.926983,-239.641953,-229.879898,0.000324,-1.386713,8.872015,5852,96,27,11
32.940533,0.008274,0.039070,-2.356710,-0.000048,-0.606486,-0.167266,0.000075,-0.954750,1.259152,-0.172697,-0.000004,-0.000005,10.000000,-197.000000,69.000000,-0.717063,-0.000012,0.000000,0.000000,0.000000,-1.333468,150.000000,0.000000,0.000000,0.000000,0.000000,32.939556,59.701519,58.926983,-239.641953,-229.879898,0.000342,-1.386656,8.872015,5852,89,27,10
32.942486,0.008274,0.037853,-2.357041,-0.000048,-0.608390,-0.164750,0.000073,-0.950997,1.257550,-0.172483,-0.000004,-0.000004,10.000000,-197.000000,69.000000,-0.717063,-0.000012,0.000000,0.000000,0.000000,-1.333468,150.000000,0.000000,0.000000,0.000000,0.000000,32.941509,59.701519,58.926983,-239.641953,-229.879898,0.000352,-1.386625,8.872015,5852,81,27,10
32.944439,0.008274,0.036632,-2.357367,-0.000048,-0.610286,-0.162238,0.000071,-0.947150,1.255834,-0.172255,-0.000003,-0.000003,10.000000,-197.000000,69.000000,-0.717063,-0.000012,0.000000,0.000000,0.000000,-1.333468,150.000000,0.000000,0.000000,0.000000,0.000000,32.943462,59.701519,58.926983,-239.641953,-229.879898,0.000354,-1.386619,8.872015,5852,73,27,10
32.946396,0.008273,0.035408,-2.357688,-0.000048,-0.612174,-0.159729,0.000068,-0.943208,1.254012,-0.172013,-0.000003,-0.000003,10.000000,-197.000000,69.000000,-0.717063,-0.000012,0.000000,0.000000,0.000000,-1.333468,150.000000,0.000000,0.000000,0.000000,0.000000,32.945415,59.701519,58.926983,-239.641953,-229.879898,0.000355,-1.386614,8.872015,5852,66,27,10
32.948349,0.008273,0.034179,-2.358004,-0.000048,-0.614055,-0.157224,0.000065,-0.939172,1.252094,-0.171759,-0.000003,-0.000002,10.000000,-197.000000,69.000000,-0.717063,-0.000012,0.000000,0.000000,0.000000,-1.333468,150.000000,0.000000,0.000000,0.000000,0.000000,32.947372,59.701519,58.926983,-239.641953,-229.879898,0.000357,-1.386610,8.872015,5852,58,27,10
32.950302,0.008273,0.032947,-2.358315,-0.000048,-0.615927,-0.154722,0.000062,-0.935047,1.250089,-0.171493,-0.000002,-0.000002,10.000000,-197.000000,69.000000,-0.717063,-0.000012,0.000000,0.000000,0.000000,-1.333468,150.000000,0.000000,0.000000,0.000000,0.000000,32.949326,59.701519,58.926983,-239.641953,-229.879898,0.000357,-1.386608,8.872015,5852,50,27,9
32.952255,0.008273,0.031711,-2.358621,-0.000048,-0.617791,-0.152225,0.000059,-0.930832,1.248003,-0.171214,-0.000002,-0.000001,10.000000,-197.000000,69.000000,-0.717063,-0.000012,0.000000,0.000000,0.000000,-1.333468,150.000000,0.000000,0.000000,0.000000,0.000000,32.951279,59.701519,58.926983,-239.641953,-229.879898,0.000350,-1.386632,8.872015,5852,43,27,9
32.954208,0.008273,0.030472,-2.358922,-0.000048,-0.619646,-0.149733,0.000056,-0.926537,1.245844,-0.170924,-0.000001,-0.000000,10.000000,-197.000000,69.000000,-0.717063,-0.000012,0.000000,0.000000,0.000000,-1.333468,150.000000,0.000000,0.000000,0.000000,0.000000,32.953232,59.701519,58.926983,-239.641953,-229.879898,0.000335,-1.386679,8.872015,5852,35,27,9
32.956165,0.008273,0.029228,-2.359218,-0.000047,-0.621493,-0.147244,0.000053,-0.922162,1.243619,-0.170623,-0.000001,0.000000,10.000000,-197.000000,69.000000,-0.717063,-0.000012,0.000000,0.000000,0.000000,-1.333468,150.000000,0.000000,0.000000,0.000000,0.000000,32.955189,59.701519,58.926983,-239.641953,-229.879898,0.000320,-1.386727,8.872015,5852,27,27,9
32.958118,0.008273,0.027981,-2.359509,-0.000047,-0.623330,-0.144760,0.000049,-0.917712,1.241335,-0.170311,-0.000000,0.000001,10.000000,-197.000000,69.000000,-0.717063,-0.000012,0.000000,0.000000,0.000000,-1.333468,150.000000,0.000000,0.000000,0.000000,0.000000,32.957142,59.701519,58.926983,-239.641953,-229.879898,0.000304,-1.386775,8.872015,5852,20,27,9
32.960072,0.008273,0.026731,-2.359795,-0.000047,-0.625159,-0.142281,0.000046,-0.913192,1.238997,-0.169991,0.000000,0.000001,10.000000,-197.000000,69.000000,-0.717063,-0.000012,0.000000,0.000000,0.000000,-1.333468,150.000000,0.000000,0.000000,0.000000,0.000000,32.959095,59.701519,58.926983,-239.641953,-229.879898,0.000289,-1.386824,8.872015,5852,13,27,9
32.962025,0.008273,0.025476,-2.360076,-0.000047,-0.626978,-0.139807,0.000043,-0.908608,1.236609,-0.169661,0.000001,0.000002,10.000000,-197.000000,69.000000,-0.717063,-0.000012,0.000000,0.000000,0.000000,-1.333468,150.000000,0.000000,0.000000,0.000000,0.000000,32.961048,59.701519,58.926983,-239.641953,-229.879898,0.000273,-1.386874,8.872015,5852,5,27,8
32.963982,0.008273,0.024219,-2.360353,-0.000047,-0.628789,-0.137337,0.000039,-0.903962,1.234177,-0.169323,0.000001,0.000002,10.000000,-197.000000,69.000000,-0.717063,-0.000012,0.000000,0.000000,0.000000,-1.333468,150.000000,0.000000,0.000000,0.000000,0.000000,32.963005,59.701519,58.926983,-239.641953,-229.879898,0.000248,-1.386951,8.872015,5852,-1,27,8
32.965935,0.008272,0.022957,-2.360624,-0.000047,-0.630589,-0.134873,0.000036,-0.899266,1.231706,-0.168978,0.000001,0.000003,10.000000,-197.000000,69.000000,-0.717063,-0.000012,0.000000,0.000000,0.000000,-1.333468,150.000000,0.000000,0.000000,0.000000,0.000000,32.964954,59.701519,58.926983,-239.641953,-229.879898,0.000216,-1.387051,8.872015,5852,-7,27,8
32.967888,0.008272,0.021692,-2.360890,-0.000047,-0.632381,-0.132413,0.000033,-0.894521,1.229200,-0.168626,0.000002,0.000003,10.000000,-197.000000,69.000000,-0.717063,-0.000012,0.000000,0.000000,0.000000,-1.333468,150.000000,0.000000,0.000000,0.000000,0.000000,32.966911,59.701519,58.926983,-239.641953,-229.879898,0.000185,-1.387150,8.872015,5852,-14,27,8
32.969841,0.008272,0.020423,-2.361152,-0.000047,-0.634163,-0.129958,0.000030,-0.889734,1.226664,-0.168268,0.000002,0.000003,10.000000,-197.000000,69.000000,-0.717063,-0.000012,0.000000,0.000000,0.000000,-1.333468,150.000000,0.000000,0.000000,0.000000,0.000000,32.968864,59.701519,58.926983,-239.641953,-229.879898,0.000153,-1.387249,8.872015,5852,-21,27,8
32.971794,0.008272,0.019151,-2.361408,-0.000047,-0.635935,-0.127509,0.000027,-0.884912,1.224100,-0.167905,0.000003,0.000003,10.000000,-197.000000,69.000000,-0.717063,-0.000012,0.000000,0.000000,0.000000,-1.333468,150.000000,0.000000,0.000000,0.000000,0.000000,32.970821,59.701519,58.926983,-239.641953,-229.879898,0.000121,-1.387350,8.872015,5852,-27,27,8
32.973751,0.008272,0.017875,-2.361660,-0.000047,-0.637698,-0.125065,0.000025,-0.880063,1.221485,-0.167537,0.000003,0.000003,10.000000,-197.000000,69.000000,-0.717063,-0.000012,0.000000,0.000000,0.000000,-1.333468,150.000000,0.000000,0.000000,0.000000,0.000000,32.972771,59.701519,58.926983,-239.641953,-229.879898,0.000085,-1.387463,8.872015,5852,-33,27,8
32.975704,0.008272,0.016596,-2.361906,-0.000047,-0.639450,-0.122625,0.000022,-0.875189,1.218872,-0.167165,0.000003,0.000003,10.000000,-197.000000,69.000000,-0.717063,-0.000012,0.000000,0.000000,0.000000,-1.333468,150.000000,0.000000,0.000000,0.000000,0.000000,32.974728,59.701519,58.926983,-239.641953,-229.879898,0.000049,-1.387576,8.872015,5852,-38,27,8
32.977657,0.008272,0.015313,-2.362148,-0.000047,-0.641193,-0.120192,0.000019,-0.870295,1.216249,-0.166790,0.000003,0.000003,10.000000,-197.000000,69.000000,-0.717063,-0.000012,0.000000,0.000000,0.000000,-1.333468,150.000000,0.000000,0.000000,0.000000,0.000000,32.976681,59.701519,58.926983,-239.641953,-229.879898,0.000016,-1.387679,8.872015,5852,-44,27,8
32.979610,0.008272,0.014027,-2.362385,-0.000047,-0.642927,-0.117763,0.000017,-0.865390,1.213610,-0.166414,0.000004,0.000003,10.000000,-197.000000,69.000000,-0.717063,-0.000012,0.000000,0.000000,0.000000,-1.333468,128.000000,0.000000,0.000000,0.000000,0.000000,32.978638,59.701519,58.926983,-239.641953,-229.879898,-0.000017,-1.387784,8.872015,5852,-49,27,8
32.981567,0.008272,0.012737,-2.362617,-0.000047,-0.644650,-0.115340,0.000015,-0.860480,1.210960,-0.166035,0.000004,0.000003,10.000000,-197.000000,69.000000,-0.749579,-0.000011,0.000000,0.000000,0.067000,-1.231818,128.000000,0.000000,0.000000,0.000000,0.000000,32.980587,0.000000,16.639492,-891.067810,-424.444214,-0.000052,-0.392022,8.875000,5789,944,27,8
32.983521,0.008272,0.011444,-2.362845,-0.000047,-0.646362,-0.112913,0.000013,-0.854471,1.214879,-0.165652,0.000004,0.000003,10.000000,-197.000000,69.000000,-0.749579,-0.000011,0.000000,0.000000,0.000000,-1.231818,128.000000,0.000000,0.000000,0.000000,0.000000,32.982544,0.000000,16.639492,-891.067810,-424.444214,-0.000066,-0.392067,8.875000,5789,939,27,8
32.985474,0.008272,0.010147,-2.363067,-0.000047,-0.648062,-0.110475,0.000011,-0.848144,1.220275,-0.165255,0.000004,0.000003,10.000000,-197.000000,69.000000,-0.749579,-0.000011,0.000000,0.000000,0.000000,-1.231818,128.000000,0.000000,0.000000,0.000000,0.000000,32.984497,0.000000,16.639492,-891.067810,-424.444214,-0.000044,-0.391998,8.875000,5789,930,27,8
32.987427,0.008271,0.008847,-2.363285,-0.000047,-0.649748,-0.108028,0.000009,-0.841795,1.224870,-0.164834,0.000004,0.000003,10.000000,-197.000000,69.000000,-0.749579,-0.000011,0.000000,0.000000,0.000000,-1.231818,128.000000,0.000000,0.000000,0.000000,0.000000,32.986450,0.000000,16.639492,-891.067810,-424.444214,-0.000004,-0.391872,8.875000,5789,918,27,8
32.989384,0.008271,0.007544,-2.363497,-0.000047,-0.651422,-0.105572,0.000008,-0.835333,1.228726,-0.164380,0.000005,0.000003,10.000000,-197.000000,69.000000,-0.749579,-0.000011,0.000000,0.000000,0.000000,-1.231818,128.000000,0.000000,0.000000,0.000000,0.000000,32.988403,0.000000,16.639492,-891.067810,-424.444214,0.000053,-0.391693,8.875000,5789,903,27,8
32.991337,0.008271,0.006237,-2.363705,-0.000046,-0.653083,-0.103110,0.000007,-0.828677,1.231897,-0.163886,0.000005,0.000003,10.000000,-197.000000,69.000000,-0.749579,-0.000011,0.000000,0.000000,0.000000,-1.231818,128.000000,0.000000,0.000000,0.000000,0.000000,32.990360,0.000000,16.639492,-891.067810,-424.444214,0.000125,-0.391469,8.875000,5789,885,27,8
32.993290,0.008271,0.004927,-2.363908,-0.000046,-0.654730,-0.100642,0.000005,-0.821756,1.234432,-0.163345,0.000005,0.000004,10.000000,-197.000000,69.000000,-0.749579,-0.000011,0.000000,0.000000,0.000000,-1.231818,128.000000,0.000000,0.000000,0.000000,0.000000,32.992313,0.000000,16.639492,-891.067810,-424.444214,0.000209,-0.391205,8.875000,5789,864,27,8
32.995243,0.008271,0.003614,-2.364105,-0.000046,-0.656363,-0.098170,0.000004,-0.814506,1.236377,-0.162752,0.000005,0.000004,10.000000,-197.000000,69.000000,-0.749579,-0.000011,0.000000,0.000000,0.000000,-1.231818,128.000000,0.000000,0.000000,0.000000,0.000000,32.994267,0.000000,16.639492,-891.067810,-424.444214,0.000303,-0.390908,8.875000,5789,840,27,8
32.997196,0.008271,0.002298,-2.364298,-0.000046,-0.657980,-0.095695,0.000003,-0.806873,1.237776,-0.162100,0.000005,0.000005,10.000000,-197.000000,69.000000,-0.749579,-0.000011,0.000000,0.000000,0.000000,-1.231818,128.000000,0.000000,0.000000,0.000000,0.000000,32.996220,0.000000,16.639492,-891.067810,-424.444214,0.000407,-0.390582,8.875000,5789,814,27,8
32.999153,0.008271,0.000978,-2.364486,-0.000046,-0.659582,-0.093218,0.000003,-0.798809,1.238664,-0.161387,0.000006,0.000006,10.000000,-197.000000,69.000000,-0.749579,-0.000011,0.000000,0.000000,0.000000,-1.231818,128.000000,0.000000,0.000000,0.000000,0.000000,32.998177,0.000000,16.639492,-891.067810,-424.444214,0.000519,-0.390231,8.875000,5789,790,27,7
33.001106,0.008271,-0.000345,-2.364669,-0.000046,-0.661167,-0.090740,0.000002,-0.790273,1.239081,-0.160607,0.000006,0.000007,10.000000,-197.000000,69.000000,-0.749579,-0.000011,0.000000,0.000000,0.000000,-1.231818,128.000000,0.000000,0.000000,0.000000,0.000000,33.000130,0.000000,16.639492,-891.067810,-424.444214,0.000629,-0.389885,8.875000,5789,759,27,7
33.003059,0.008271,-0.001671,-2.364847,-0.000046,-0.662734,-0.088262,0.000001,-0.781234,1.239058,-0.159759,0.000006,0.000009,10.000000,-197.000000,69.000000,-0.749579,-0.000011,0.000000,0.000000,0.000000,-1.231818,128.000000,0.000000,0.000000,0.000000,0.000000,33.002083,0.000000,16.639492,-891.067810,-424.444214,0.000737,-0.389544,8.875000,5789,726,27,7
33.005013,0.008271,-0.003000,-2.365020,-0.000046,-0.664282,-0.085785,0.000001,-0.771662,1.238627,-0.158839,0.000007,0.000011,10.000000,-197.000000,69.000000,-0.749579,-0.000011,0.000000,0.000000,0.000000,-1.231818,128.000000,0.000000,0.000000,0.000000,0.000000,33.004036,0.000000,16.639492,-891.067810,-424.444214,0.000850,-0.389190,8.875000,5789,692,27,6
33.006969,0.008271,-0.004332,-2.365188,-0.000046,-0.665810,-0.083309,0.000001,-0.761535,1.237818,-0.157847,0.000007,0.000013,10.000000,-197.000000,69.000000,-0.749579,-0.000011,0.000000,0.000000,0.000000,-1.231818,128.000000,0.000000,0.000000,0.000000,0.000000,33.005993,0.000000,16.639492,-891.067810,-424.444214,0.000959,-0.388850,8.875000,5789,656,27,6
33.008923,0.008270,-0.005667,-2.365351,-0.000046,-0.667317,-0.080835,0.000000,-0.750839,1.236655,-0.156781,0.000007,0.000015,10.000000,-197.000000,69.000000,-0.749579,-0.000011,0.000000,0.000000,0.000000,-1.231818,128.000000,0.000000,0.000000,0.000000,0.000000,33.007942,0.000000,16.639492,-891.067810,-424.444214,0.001062,-0.388525,8.875000,5789,619,27,5
33.010876,0.008270,-0.007006,-2.365509,-0.000046,-0.668802,-0.078364,0.000000,-0.739561,1.235167,-0.155639,0.000008,0.000017,10.000000,-197.000000,69.000000,-0.749579,-0.000011,0.000000,0.000000,0.000000,-1.231818,128.000000,0.000000,0.000000,0.000000,0.000000,33.009899,0.000000,16.639492,-891.067810,-424.444214,0.001160,-0.388218,8.875000,5789,580,27,4
33.012829,0.008270,-0.008347,-2.365662,-0.000046,-0.670264,-0.075896,0.000000,-0.727694,1.233378,-0.154423,0.000008,0.000020,10.000000,-197.000000,69.000000,-0.749579,-0.000011,0.000000,0.000000,0.000000,-1.231818,128.000000,0.000000,0.000000,0.000000,0.000000,33.011852,0.000000,16.639492,-891.067810,-424.444214,0.001244,-0.387952,8.875000,5789,540,27,3
33.014786,0.008270,-0.009691,-2.365810,-0.000046,-0.671700,-0.073432,0.000001,-0.715238,1.231309,-0.153133,0.000008,0.000022,10.000000,-197.000000,69.000000,-0.749579,-0.000011,0.000000,0.000000,0.000000,-1.231818,128.000000,0.000000,0.000000,0.000000,0.000000,33.013809,0.000000,16.639492,-891.067810,-424.444214,0.001315,-0.387731,8.875000,5789,500,27,2
33.016739,0.008270,-0.011038,-2.365954,-0.000046,-0.673111,-0.070973,0.000001,-0.702195,1.228983,-0.151768,0.000009,0.000025,10.000000,-197.000000,69.000000,-0.749579,-0.000011,0.000000,0.000000,0.000000,-1.231818,128.000000,0.000000,0.000000,0.000000,0.000000,33.015759,0.000000,16.639492,-891.067810,-424.444214,0.001372,-0.387553,8.875000,5789,458,27,1
33.018692,0.008270,-0.012387,-2.366092,-0.000046,-0.674495,-0.068519,0.000001,-0.688570,1.226421,-0.150331,0.000009,0.000028,10.000000,-197.000000,69.000000,-0.749579,-0.000011,0.000000,0.000000,0.000000,-1.231818,128.000000,0.000000,0.000000,0.000000,0.000000,33.017715,0.000000,16.639492,-891.067810,-424.444214,0.001414,-0.387419,8.875000,5789,416,27,0
33.020645,0.008270,-0.013740,-2.366225,-0.000046,-0.675851,-0.066070,0.000002,-0.674375,1.223642,-0.148823,0.000009,0.000031,10.000000,-197.000000,69.000000,-0.749579,-0.000011,0.000000,0.000000,0.000000,-1.231818,128.000000,0.000000,0.000000,0.000000,0.000000,33.019669,0.000000,16.639492,-891.067810,-424.444214,0.001443,-0.387329,8.875000,5789,374,27,0
33.022598,0.008270,-0.015095,-2.366354,-0.000046,-0.677178,-0.063627,0.000003,-0.659623,1.220664,-0.147246,0.000010,0.000034,10.000000,-197.000000,69.000000,-0.749579,-0.000011,0.000000,0.000000,0.000000,-1.231818,128.000000,0.000000,0.000000,0.000000,0.000000,33.021626,0.000000,16.639492,-891.067810,-424.444214,0.001466,-0.387258,8.875000,5789,331,27,-1
33.024555,0.008270,-0.016452,-2.366478,-0.000046,-0.678474,-0.061191,0.000004,-0.644328,1.217507,-0.145602,0.000010,0.000037,10.000000,-197.000000,69.000000,-0.749579,-0.000011,0.000000,0.000000,0.000000,-1.231818,128.000000,0.000000,0.000000,0.000000,0.000000,33.023575,0.000000,16.639492,-891.067810,-424.444214,0.001481,-0.387211,8.875000,5789,288,27,-2
33.026508,0.008270,-0.017813,-2.366597,-0.000046,-0.679739,-0.058761,0.000005,-0.628509,1.214188,-0.143893,0.000010,0.000040,10.000000,-197.000000,69.000000,-0.749579,-0.000011,0.000000,0.000000,0.000000,-1.231818,128.000000,0.000000,0.000000,0.000000,0.000000,33.025532,0.000000,16.639492,-891.067810,-424.444214,0.001481,-0.387211,8.875000,5789,245,27,-3
33.028461,0.008269,-0.019175,-2.366711,-0.000046,-0.680972,-0.056337,0.000006,-0.612189,1.210722,-0.142122,0.000010,0.000042,10.000000,-197.000000,69.000000,-0.749579,-0.000011,0.000000,0.000000,0.000000,-1.231818,128.000000,0.000000,0.000000,0.000000,0.000000,33.027485,0.000000,16.639492,-891.067810,-424.444214,0.001465,-0.387258,8.875000,5789,203,27,-4
33.030415,0.008269,-0.020540,-2.366820,-0.000046,-0.682171,-0.053921,0.000008,-0.595392,1.207126,-0.140293,0.000010,0.000045,10.000000,-197.000000,69.000000,-0.749579,-0.000011,0.000000,0.000000,0.000000,-1.231818,128.000000,0.000000,0.000000,0.000000,0.000000,33.029442,0.000000,16.639492,-891.067810,-424.444214,0.001435,-0.387354,8.875000,5789,161,27,-5
33.032372,0.008269,-0.021908,-2.366924,-0.000046,-0.683336,-0.051513,0.000010,-0.578144,1.203414,-0.138408,0.000010,0.000048,10.000000,-197.000000,69.000000,-0.749579,-0.000011,0.000000,0.000000,0.000000,-1.231818,128.000000,0.000000,0.000000,0.000000,0.000000,33.031391,0.000000,16.639492,-891.067810,-424.444214,0.001390,-0.387496,8.875000,5789,119,27,-6
33.034325,0.008269,-0.023278,-2.367024,-0.000046,-0.684466,-0.049112,0.000012,-0.560472,1.199602,-0.136472,0.000010,0.000051,10.000000,-197.000000,69.000000,-0.749579,-0.000011,0.000000,0.000000,0.000000,-1.231818,128.000000,0.000000,0.000000,0.000000,0.000000,33.033348,0.000000,16.639492,-891.067810,-424.444214,0.001330,-0.387685,8.875000,5789,78,27,-8
33.036278,0.008269,-0.024650,-2.367119,-0.000046,-0.685560,-0.046718,0.000015,-0.542404,1.195703,-0.134486,0.000010,0.000053,10.000000,-197.000000,69.000000,-0.749579,-0.000011,0.000000,0.000000,0.000000,-1.231818,128.000000,0.000000,0.000000,0.000000,0.000000,33.035301,0.000000,16.639492,-891.067810,-424.444214,0.001247,-0.387945,8.875000,5789,37,27,-9
33.038231,0.008269,-0.026024,-2.367208,-0.000046,-0.686617,-0.044333,0.000018,-0.523974,1.191730,-0.132456,0.000010,0.000056,10.000000,-198.000000,65.000000,-0.749579,-0.000011,0.000000,0.000000,0.000000,-1.231818,84.000000,0.000000,0.000000,0.000000,0.000000,33.037254,0.000000,16.639492,-891.067810,-424.444214,0.001142,-0.388273,8.875000,5789,-1,28,-10
33.040188,0.008269,-0.027400,-2.367294,-0.000046,-0.687637,-0.041955,0.000021,-0.505214,1.187696,-0.130385,0.000010,0.000058,10.000000,-198.000000,65.000000,-0.890840,-0.000011,0.000000,0.000000,0.066000,-3.551918,84.000000,0.000000,0.000000,0.000000,0.000000,33.039207,-60.606018,-39.054405,-918.272400,-586.927612,0.001025,0.922949,8.866970,5810,1277,28,-11
33.042141,0.008269,-0.028778,-2.367374,-0.000046,-0.688619,-0.039589,0.000025,-0.486442,1.181409,-0.128272,0.000010,0.000059,10.000000,-198.000000,65.000000,-0.890840,-0.000011,0.000000,0.000000,0.000000,-3.551918,84.000000,0.000000,0.000000,0.000000,0.000000,33.041164,-60.606018,-39.054405,-918.272400,-586.927612,0.000921,0.922624,8.866970,5810,1239,28,-11
33.044094,0.008269,-0.030158,-2.367450,-0.000046,-0.689564,-0.037236,0.000028,-0.467358,1.174566,-0.126107,0.000009,0.000061,10.000000,-198.000000,65.000000,-0.890840,-0.000011,0.000000,0.000000,0.000000,-3.551918,84.000000,0.000000,0.000000,0.000000,0.000000,33.043118,-60.606018,-39.054405,-918.272400,-586.927612,0.000860,0.922432,8.866970,5810,1197,28,-12
33.046047,0.008269,-0.031540,-2.367521,-0.000046,-0.690469,-0.034897,0.000033,-0.447774,1.167924,-0.123881,0.000009,0.000063,10.000000,-198.000000,65.000000,-0.890840,-0.000011,0.000000,0.000000,0.000000,-3.551918,84.000000,0.000000,0.000000,0.000000,0.000000,33.045071,-60.606018,-39.054405,-918.272400,-586.927612,0.000818,0.922300,8.866970,5810,1151,28,-13
33.048000,0.008269,-0.032923,-2.367587,-0.000046,-0.691334,-0.032571,0.000037,-0.427621,1.161456,-0.121586,0.000008,0.000065,10.000000,-198.000000,65.000000,-0.890840,-0.000011,0.000000,0.000000,0.000000,-3.551918,84.000000,0.000000,0.000000,0.000000,0.000000,33.047024,-60.606018,-39.054405,-918.272400,-586.927612,0.000785,0.922195,8.866970,5810,1102,28,-14
33.049957,0.008268,-0.034309,-2.367649,-0.000046,-0.692159,-0.030258,0.000041,-0.406838,1.155141,-0.119214,0.000008,0.000066,10.000000,-198.000000,65.000000,-0.890840,-0.000011,0.000000,0.000000,0.000000,-3.551918,84.000000,0.000000,0.000000,0.000000,0.000000,33.048981,-60.606018,-39.054405,-918.272400,-586.927612,0.000757,0.922107,8.866970,5810,1050,28,-14
33.051910,0.008268,-0.035696,-2.367706,-0.000046,-0.692940,-0.027957,0.000045,-0.385377,1.148960,-0.116761,0.000007,0.000068,10.000000,-198.000000,65.000000,-0.890840,-0.000011,0.000000,0.000000,0.000000,-3.551918,84.000000,0.000000,0.000000,0.000000,0.000000,33.050934,-60.606018,-39.054405,-918.272400,-586.927612,0.000740,0.922055,8.866970,5810,996,28,-15
33.053864,0.008268,-0.037084,-2.367759,-0.000046,-0.693678,-0.025668,0.000050,-0.363194,1.142898,-0.114221,0.000007,0.000069,10.000000,-198.000000,65.000000,-0.890840,-0.000011,0.000000,0.000000,0.000000,-3.551918,84.000000,0.000000,0.000000,0.000000,0.000000,33.052887,-60.606018,-39.054405,-918.272400,-586.927612,0.000733,0.922031,8.866970,5810,938,28,-16
33.055817,0.008268,-0.038474,-2.367807,-0.000046,-0.694370,-0.023391,0.000054,-0.340259,1.136943,-0.111591,0.000006,0.000071,10.000000,-198.000000,65.000000,-0.890840,-0.000011,0.000000,0.000000,0.000000,-3.551918,84.000000,0.000000,0.000000,0.000000,0.000000,33.054840,-60.606018,-39.054405,-918.272400,-586.927612,0.000723,0.922003,8.866970,5810,879,28,-16
33.057774,0.008268,-0.039865,-2.367850,-0.000046,-0.695015,-0.021126,0.000059,-0.316552,1.131087,-0.108870,0.000006,0.000072,10.000000,-198.000000,65.000000,-0.890840,-0.000011,0.000000,0.000000,0.000000,-3.551918,84.000000,0.000000,0.000000,0.000000,0.000000,33.056797,-60.606018,-39.054405,-918.272400,-586.927612,0.000719,0.921988,8.866970,5810,818,28,-17
33.059727,0.008268,-0.041257,-2.367889,-0.000045,-0.695611,-0.018873,0.000064,-0.292055,1.125324,-0.106054,0.000005,0.000074,10.000000,-198.000000,65.000000,-0.890840,-0.000011,0.000000,0.000000,0.000000,-3.551918,84.000000,0.000000,0.000000,0.000000,0.000000,33.058746,-60.606018,-39.054405,-918.272400,-586.927612,0.000717,0.921982,8.866970,5810,756,28,-18
33.061680,0.008268,-0.042651,-2.367923,-0.000045,-0.696158,-0.016630,0.000069,-0.266764,1.119648,-0.103145,0.000004,0.000075,10.000000,-198.000000,65.000000,-0.890840,-0.000011,0.000000,0.000000,0.000000,-3.551918,84.000000,0.000000,0.000000,0.000000,0.000000,33.060703,-60.606018,-39.054405,-918.272400,-586.927612,0.000708,0.921953,8.866970,5810,692,28,-18
33.063633,0.008268,-0.044045,-2.367953,-0.000045,-0.696652,-0.014399,0.000074,-0.240681,1.114058,-0.100141,0.000004,0.000077,10.000000,-198.000000,65.000000,-0.890840,-0.000011,0.000000,0.000000,0.000000,-3.551918,84.000000,0.000000,0.000000,0.000000,0.000000,33.062656,-60.606018,-39.054405,-918.272400,-586.927612,0.000698,0.921923,8.866970,5810,627,28,-19
33.065590,0.008268,-0.045441,-2.367979,-0.000045,-0.697093,-0.012180,0.000079,-0.213808,1.108552,-0.097044,0.000003,0.000078,10.000000,-198.000000,65.000000,-0.890840,-0.000011,0.000000,0.000000,0.000000,-3.551918,84.000000,0.000000,0.000000,0.000000,0.000000,33.064613,-60.606018,-39.054405,-918.272400,-586.927612,0.000686,0.921885,8.866970,5810,561,28,-20
33.067543,0.008268,-0.046837,-2.368000,-0.000045,-0.697479,-0.009971,0.000084,-0.186161,1.103132,-0.093856,0.000002,0.000079,10.000000,-198.000000,65.000000,-0.890840,-0.000011,0.000000,0.000000,0.000000,-3.551918,84.000000,0.000000,0.000000,0.000000,0.000000,33.066563,-60.606018,-39.054405,-918.272400,-586.927612,0.000662,0.921810,8.866970,5810,495,28,-20
33.069496,0.008268,-0.048234,-2.368016,-0.000045,-0.697809,-0.007772,0.000089,-0.157760,1.097800,-0.090577,0.000002,0.000081,10.000000,-198.000000,65.000000,-0.890840,-0.000011,0.000000,0.000000,0.000000,-3.551918,84.000000,0.000000,0.000000,0.000000,0.000000,33.068520,-60.606018,-39.054405,-918.272400,-586.927612,0.000633,0.921720,8.866970,5810,429,28,-21
33.071449,0.008267,-0.049631,-2.368029,-0.000044,-0.698081,-0.005585,0.000095,-0.128624,1.092560,-0.087213,0.000001,0.000082,10.000000,-198.000000,65.000000,-0.890840,-0.000011,0.000000,0.000000,0.000000,-3.551918,84.000000,0.000000,0.000000,0.000000,0.000000,33.070473,-60.606018,-39.054405,-918.272400,-586.927612,0.000598,0.921610,8.866970,5810,363,28,-22
33.073402,0.008267,-0.051029,-2.368037,-0.000044,-0.698294,-0.003407,0.000101,-0.098784,1.087416,-0.083764,-0.000000,0.000083,10.000000,-198.000000,65.000000,-0.890840,-0.000011,0.000000,0.000000,0.000000,-3.551918,84.000000,0.000000,0.000000,0.000000,0.000000,33.072430,-60.606018,-39.054405,-918.272400,-586.927612,0.000548,0.921454,8.866970,5810,297,28,-22
33.075359,0.008267,-0.052427,-2.368040,-0.000044,-0.698446,-0.001240,0.000107,-0.068274,1.082372,-0.080236,-0.000001,0.000084,10.000000,-198.000000,65.000000,-0.890840,-0.000011,0.000000,0.000000,0.000000,-3.551918,84.000000,0.000000,0.000000,0.000000,0.000000,33.074379,-60.606018,-39.054405,-918.272400,-586.927612,0.000491,0.921273,8.866970,5810,231,28,-23
33.077312,0.008267,-0.053826,-2.368039,-0.000044,-0.698536,0.000917,0.000113,-0.037126,1.077434,-0.076633,-0.000002,0.000085,10.000000,-198.000000,65.000000,-0.890840,-0.000011,0.000000,0.000000,0.000000,-3.551918,84.000000,0.000000,0.000000,0.000000,0.000000,33.076336,-60.606018,-39.054405,-918.272400,-586.927612,0.000424,0.921062,8.866970,5810,162,28,-23
33.079266,0.008267,-0.055224,-2.368034,-0.000044,-0.698562,0.003065,0.000120,-0.005384,1.072609,-0.072958,-0.000003,0.000086,10.000000,-198.000000,65.000000,-0.890840,-0.000011,0.000000,0.000000,0.000000,-3.551918,84.000000,0.000000,0.000000,0.000000,0.000000,33.078289,-60.606018,-39.054405,-918.272400,-586.927612,0.000347,0.920821,8.866970,5810,97,28,-24
33.081219,0.008267,-0.056622,-2.368025,-0.000043,-0.698525,0.005203,0.000128,0.026914,1.067902,-0.069217,-0.000005,0.000086,10.000000,-198.000000,65.000000,-0.890840,-0.000011,0.000000,0.000000,0.000000,-3.551918,84.000000,0.000000,0.000000,0.000000,0.000000,33.080242,-60.606018,-39.054405,-918.272400,-586.927612,0.000259,0.920546,8.866970,5810,34,29,-25
33.083176,0.008267,-0.058021,-2.368011,-0.000043,-0.698422,0.007332,0.000136,0.059719,1.063320,-0.065416,-0.000006,0.000087,10.000000,-198.000000,65.000000,-0.890840,-0.000011,0.000000,0.000000,0.000000,-3.551918,84.000000,0.000000,0.000000,0.000000,0.000000,33.082195,-60.606018,-39.054405,-918.272400,-586.927612,0.000153,0.920212,8.866970,5810,-27,29,-25
33.085129,0.008267,-0.059419,-2.367994,-0.000043,-0.698252,0.009452,0.000144,0.092982,1.058869,-0.061558,-0.000007,0.000087,10.000000,-198.000000,65.000000,-0.890840,-0.000011,0.000000,0.000000,0.000000,-3.551918,84.000000,0.000000,0.000000,0.000000,0.000000,33.084152,-60.606018,-39.054405,-918.272400,-586.927612,0.000036,0.919843,8.866970,5809,-87,29,-25
33.087082,0.008267,-0.060816,-2.367971,-0.000042,-0.698016,0.011563,0.000153,0.126661,1.054658,-0.057651,-0.000009,0.000087,10.000000,-198.000000,65.000000,-0.890840,-0.000011,0.000000,0.000000,0.000000,-3.551918,84.000000,0.000000,0.000000,0.000000,0.000000,33.086105,-60.606018,-39.054405,-918.272400,-586.927612,-0.000087,0.919458,8.866970,5809,-147,29,-26
33.089035,0.008267,-0.062213,-2.367945,-0.000042,-0.697712,0.013667,0.000163,0.160700,1.050614,-0.053700,-0.000010,0.000086,10.000000,-198.000000,65.000000,-0.890840,-0.000011,0.000000,0.000000,0.000000,-3.551918,84.000000,0.000000,0.000000,0.000000,0.000000,33.088058,-60.606018,-39.054405,-918.272400,-586.927612,-0.000223,0.919031,8.866970,5809,-204,29,-26
33.090988,0.008267,-0.063610,-2.367915,-0.000042,-0.697339,0.015762,0.000173,0.195042,1.046703,-0.049712,-0.000012,0.000086,10.000000,-198.000000,65.000000,-0.890840,-0.000011,0.000000,0.000000,0.000000,-3.551918,84.000000,0.000000,0.000000,0.000000,0.000000,33.090012,-60.606018,-39.054405,-918.272400,-586.927612,-0.000372,0.918562,8.866970,5809,-260,29,-26
33.092945,0.008267,-0.065005,-2.367880,-0.000041,-0.696897,0.017850,0.000183,0.229633,1.042932,-0.045691,-0.000013,0.000084,10.000000,-198.000000,65.000000,-0.890840,-0.000011,0.000000,0.000000,0.000000,-3.551918,84.000000,0.000000,0.000000,0.000000,0.000000,33.091969,-60.606018,-39.054405,-918.272400,-586.927612,-0.000528,0.918072,8.866970,5809,-313,29,-26
33.094898,0.008266,-0.066399,-2.367841,-0.000041,-0.696385,0.019930,0.000194,0.264420,1.039306,-0.041644,-0.000015,0.000083,10.000000,-198.000000,65.000000,-0.890840,-0.000011,0.000000,0.000000,0.000000,-3.551918,84.000000,0.000000,0.000000,0.000000,0.000000,33.093922,-60.606018,-39.054405,-918.272400,-586.927612,-0.000692,0.917559,8.866970,5809,-365,29,-26
33.096851,0.008266,-0.067793,-2.367798,-0.000041,-0.695804,0.022003,0.000205,0.299348,1.035828,-0.037578,-0.000017,0.000081,10.000000,0.000000,0.000000,-0.890840,-0.000011,0.000000,0.000000,0.000000,-3.551918,0.000000,0.000000,0.000000,0.000000,0.000000,33.095875,-60.606018,-39.054405,-918.272400,-586.927612,-0.000863,0.917023,8.866970,5809,-414,29,-26
33.098804,0.008266,-0.069185,-2.367751,-0.000040,-0.695153,0.024070,0.000217,0.334361,1.032502,-0.033498,-0.000019,0.000079,10.000000,0.000000,0.000000,-0.890840,-0.000009,0.000000,0.000000,0.067000,-0.890840,0.000000,0.000000,0.000000,0.000000,0.000000,33.097828,-39.054405,-50.877563,321.665985,-340.827026,-0.001042,1.194895,10.451045,6855,-364,29,-26
33.100761,0.008266,-0.070575,-2.367700,-0.000040,-0.694436,0.025982,0.000231,0.365918,0.918646,-0.029411,-0.000020,0.000077,10.000000,0.000000,0.000000,-0.890840,-0.000009,0.000000,0.000000,0.000000,-0.890840,0.000000,0.000000,0.000000,0.000000,0.000000,33.099785,-39.054405,-50.877563,321.665985,-340.827026,-0.001213,1.194359,10.451045,6855,-409,29,-25
33.102715,0.008266,-0.071965,-2.367645,-0.000039,-0.693657,0.027609,0.000247,0.397677,0.779739,-0.025322,-0.000022,0.000074,10.000000,0.000000,0.000000,-0.890840,-0.000009,0.000000,0.000000,0.000000,-0.890840,0.000000,0.000000,0.000000,0.000000,0.000000,33.101734,-39.054405,-50.877563,321.665985,-340.827026,-0.001368,1.193872,10.451045,6855,-456,30,-25
33.104668,0.008266,-0.073352,-2.367588,-0.000039,-0.692812,0.028978,0.000265,0.430790,0.653879,-0.021235,-0.000024,0.000071,10.000000,0.000000,0.000000,-0.890840,-0.000009,0.000000,0.000000,0.000000,-0.890840,0.000000,0.000000,0.000000,0.000000,0.000000,33.103691,-39.054405,-50.877563,321.665985,-340.827026,-0.001525,1.193378,10.451045,6855,-497,30,-24
33.106621,0.008266,-0.074738,-2.367528,-0.000038,-0.691899,0.030114,0.000283,0.465024,0.539875,-0.017157,-0.000027,0.000068,10.000000,0.000000,0.000000,-0.890840,-0.000009,0.000000,0.000000,0.000000,-0.890840,0.000000,0.000000,0.000000,0.000000,0.000000,33.105644,-39.054405,-50.877563,321.665985,-340.827026,-0.001686,1.192873,10.451045,6855,-535,30,-23
33.108578,0.008266,-0.076121,-2.367466,-0.000038,-0.690917,0.031037,0.000304,0.500172,0.436643,-0.013091,-0.000029,0.000064,10.000000,0.000000,0.000000,-0.890840,-0.000009,0.000000,0.000000,0.000000,-0.890840,0.000000,0.000000,0.000000,0.000000,0.000000,33.107601,-39.054405,-50.877563,321.665985,-340.827026,-0.001843,1.192379,10.451045,6855,-571,30,-22
33.110531,0.008266,-0.077503,-2.367403,-0.000037,-0.689863,0.031769,0.000326,0.536041,0.343200,-0.009044,-0.000032,0.000060,10.000000,0.000000,0.000000,-0.890840,-0.000009,0.000000,0.000000,0.000000,-0.890840,0.000000,0.000000,0.000000,0.000000,0.000000,33.109550,-39.054405,-50.877563,321.665985,-340.827026,-0.001998,1.191892,10.451045,6855,-605,30,-21
33.112484,0.008266,-0.078882,-2.367339,-0.000036,-0.688736,0.032328,0.000351,0.572456,0.258653,-0.005020,-0.000034,0.000055,10.000000,0.000000,0.000000,-0.890840,-0.000009,0.000000,0.000000,0.000000,-0.890840,0.000000,0.000000,0.000000,0.000000,0.000000,33.111507,-39.054405,-50.877563,321.665985,-340.827026,-0.002152,1.191409,10.451045,6855,-636,31,-20
33.114437,0.008266,-0.080259,-2.367274,-0.000036,-0.687536,0.032730,0.000378,0.609255,0.182190,-0.001024,-0.000037,0.000051,10.000000,0.000000,0.000000,-0.890840,-0.000009,0.000000,0.000000,0.000000,-0.890840,0.000000,0.000000,0.000000,0.000000,0.000000,33.113461,-39.054405,-50.877563,321.665985,-340.827026,-0.002306,1.190927,10.451045,6855,-665,31,-19
33.116390,0.008266,-0.081634,-2.367208,-0.000035,-0.686262,0.032989,0.000407,0.646291,0.113075,0.002938,-0.000040,0.000046,10.000000,0.000000,0.000000,-0.890840,-0.000009,0.000000,0.000000,0.000000,-0.890840,0.000000,0.000000,0.000000,0.000000,0.000000,33.115417,-39.054405,-50.877563,321.665985,-340.827026,-0.002459,1.190446,10.451045,6855,-691,31,-18
33.118347,0.008266,-0.083006,-2.367141,-0.000034,-0.684914,0.033121,0.000439,0.683428,0.050636,0.006863,-0.000044,0.000040,10.000000,0.000000,0.000000,-0.890840,-0.000009,0.000000,0.000000,0.000000,-0.890840,0.000000,0.000000,0.000000,0.000000,0.000000,33.117367,-39.054405,-50.877563,321.665985,-340.827026,-0.002613,1.189963,10.451045,6855,-715,31,-16
33.120300,0.008265,-0.084375,-2.367075,-0.000033,-0.683491,0.033137,0.000473,0.720543,-0.005737,0.010745,-0.000047,0.000035,10.000000,0.000000,0.000000,-0.890840,-0.000009,0.000000,0.000000,0.000000,-0.890840,0.000000,0.000000,0.000000,0.000000,0.000000,33.119324,-39.054405,-50.877563,321.665985,-340.827026,-0.002760,1.189501,10.451045,6855,-736,32,-15
33.122253,0.008265,-0.085741,-2.367009,-0.000032,-0.681994,0.033049,0.000510,0.757524,-0.056596,0.014580,-0.000051,0.000029,10.000000,0.000000,0.000000,-0.890840,-0.000009,0.000000,0.000000,0.000000,-0.890840,0.000000,0.000000,0.000000,0.000000,0.000000,33.121277,-39.054405,-50.877563,321.665985,-340.827026,-0.002902,1.189056,10.451045,6855,-755,32,-13
33.124207,0.008265,-0.087104,-2.366943,-0.000031,-0.680424,0.032866,0.000550,0.794267,-0.102447,0.018364,-0.000055,0.000023,10.000000,0.000000,0.000000,-0.890840,-0.000009,0.000000,0.000000,0.000000,-0.890840,0.000000,0.000000,0.000000,0.000000,0.000000,33.123234,-39.054405,-50.877563,321.665985,-340.827026,-0.003038,1.188627,10.451045,6855,-776,32,-11
33.126163,0.008265,-0.088464,-2.366877,-0.000030,-0.678781,0.032599,0.000592,0.830678,-0.143748,0.022093,-0.000059,0.000016,10.000000,0.000000,0.000000,-0.890840,-0.000009,0.000000,0.000000,0.000000,-0.890840,0.000000,0.000000,0.000000,0.000000,0.000000,33.125183,-39.054405,-50.877563,321.665985,-340.827026,-0.003163,1.188235,10.451045,6855,-791,33,-10
33.128117,0.008265,-0.089820,-2.366813,-0.000028,-0.677066,0.032255,0.000637,0.866674,-0.180915,0.025762,-0.000064,0.000009,10.000000,0.000000,0.000000,-0.890840,-0.000009,0.000000,0.000000,0.000000,-0.890840,0.000000,0.000000,0.000000,0.000000,0.000000,33.127140,-39.054405,-50.877563,321.665985,-340.827026,-0.003285,1.187852,10.451045,6855,-803,33,-8
33.130070,0.008265,-0.091173,-2.366749,-0.000027,-0.675279,0.031843,0.000684,0.902173,-0.214328,0.029369,-0.000068,0.000002,10.000000,0.000000,0.000000,-0.890840,-0.000009,0.000000,0.000000,0.000000,-0.890840,0.000000,0.000000,0.000000,0.000000,0.000000,33.129093,-39.054405,-50.877563,321.665985,-340.827026,-0.003403,1.187480,10.451045,6855,-812,33,-6
33.132023,0.008265,-0.092522,-2.366686,-0.000026,-0.673422,0.031368,0.000733,0.937106,-0.244335,0.032908,-0.000073,-0.000005,10.000000,0.000000,0.000000,-0.890840,-0.000009,0.000000,0.000000,0.000000,-0.890840,0.000000,0.000000,0.000000,0.000000,0.000000,33.131046,-39.054405,-50.877563,321.665985,-340.827026,-0.003512,1.187140,10.451045,6855,-819,34,-3
33.133980,0.008265,-0.093867,-2.366624,-0.000024,-0.671497,0.030839,0.000785,0.971408,-0.271248,0.036378,-0.000078,-0.000012,10.000000,0.000000,0.000000,-0.890840,-0.000009,0.000000,0.000000,0.000000,-0.890840,0.000000,0.000000,0.000000,0.000000,0.000000,33.132999,-39.054405,-50.877563,321.665985,-340.827026,-0.003603,1.186854,10.451045,6855,-824,34,-1
33.135933,0.008265,-0.095209,-2.366563,-0.000022,-0.669503,0.030260,0.000838,1.005025,-0.295355,0.039776,-0.000083,-0.000020,10.000000,0.000000,0.000000,-0.890840,-0.000009,0.000000,0.000000,0.000000,-0.890840,0.000000,0.000000,0.000000,0.000000,0.000000,33.134956,-39.054405,-50.877563,321.665985,-340.827026,-0.003679,1.186616,10.451045,6855,-827,34,0
33.137886,0.008265,-0.096546,-2.366503,-0.000021,-0.667444,0.029637,0.000893,1.037906,-0.316916,0.043097,-0.000088,-0.000028,10.000000,0.000000,0.000000,-0.890840,-0.000009,0.000000,0.000000,0.000000,-0.890840,0.000000,0.000000,0.000000,0.000000,0.000000,33.136909,-39.054405,-50.877563,321.665985,-340.827026,-0.003753,1.186382,10.451045,6855,-827,35,2
33.139839,0.008265,-0.097879,-2.366445,-0.000019,-0.665320,0.028974,0.000949,1.070001,-0.336169,0.046340,-0.000093,-0.000036,10.000000,0.000000,0.000000,-0.890840,-0.000009,0.000000,0.000000,0.000000,-0.890840,0.000000,0.000000,0.000000,0.000000,0.000000,33.138863,-39.054405,-50.877563,321.665985,-340.827026,-0.003827,1.186151,10.451045,6855,-826,35,5
33.141792,0.008265,-0.099208,-2.366388,-0.000017,-0.663133,0.028275,0.001007,1.101271,-0.353331,0.049503,-0.000099,-0.000044,10.000000,0.000000,0.000000,-0.890840,-0.000009,0.000000,0.000000,0.000000,-0.890840,0.000000,0.000000,0.000000,0.000000,0.000000,33.140816,-39.054405,-50.877563,321.665985,-340.827026,-0.003884,1.185970,10.451045,6855,-823,35,7
33.143749,0.008265,-0.100532,-2.366332,-0.000015,-0.660884,0.027546,0.001066,1.131683,-0.368600,0.052582,-0.000104,-0.000052,10.000000,0.000000,0.000000,-0.890840,-0.000009,0.000000,0.000000,0.000000,-0.890840,0.000000,0.000000,0.000000,0.000000,0.000000,33.142773,-39.054405,-50.877563,321.665985,-340.827026,-0.003927,1.185836,10.451045,6855,-817,36,10
33.145702,0.008265,-0.101852,-2.366278,-0.000013,-0.658577,0.026788,0.001125,1.161203,-0.382156,0.055577,-0.000109,-0.000060,10.000000,0.000000,0.000000,-0.890840,-0.000009,0.000000,0.000000,0.000000,-0.890840,0.000000,0.000000,0.000000,0.000000,0.000000,33.144726,-39.054405,-50.877563,321.665985,-340.827026,-0.003955,1.185748,10.451045,6855,-810,36,12
33.147655,0.008265,-0.103167,-2.366226,-0.000010,-0.656211,0.026005,0.001184,1.189809,-0.394161,0.058486,-0.000115,-0.000068,10.000000,0.000000,0.000000,-0.890840,-0.000009,0.000000,0.000000,0.000000,-0.890840,0.000000,0.000000,0.000000,0.000000,0.000000,33.146679,-39.054405,-50.877563,321.665985,-340.827026,-0.003969,1.185705,10.451045,6855,-802,36,15
33.149609,0.008265,-0.104477,-2.366175,-0.000008,-0.653790,0.025201,0.001244,1.217475,-0.404766,0.061307,-0.000120,-0.000076,10.000000,0.000000,0.000000,-0.890840,-0.000009,0.000000,0.000000,0.000000,-0.890840,0.000000,0.000000,0.000000,0.000000,0.000000,33.148632,-39.054405,-50.877563,321.665985,-340.827026,-0.003968,1.185707,10.451045,6855,-791,36,18
33.151566,0.008265,-0.105782,-2.366126,-0.000005,-0.651315,0.024377,0.001304,1.244185,-0.414107,0.064039,-0.000125,-0.000085,10.000000,0.000000,0.000000,-0.890840,-0.000009,0.000000,0.000000,0.000000,-0.890840,0.000000,0.000000,0.000000,0.000000,0.000000,33.150589,-39.054405,-50.877563,321.665985,-340.827026,-0.003947,1.185774,10.451045,6855,-779,37,20
33.153519,0.008265,-0.107082,-2.366078,-0.000002,-0.648788,0.023537,0.001363,1.269926,-0.422307,0.066682,-0.000130,-0.000093,10.000000,0.000000,0.000000,-0.890840,-0.000009,0.000000,0.000000,0.000000,-0.890840,0.000000,0.000000,0.000000,0.000000,0.000000,33.152538,-39.054405,-50.877563,321.665985,-340.827026,-0.003913,1.185880,10.451045,6855,-766,37,23
33.155472,0.008265,-0.108377,-2.366032,0.000000,-0.646211,0.022681,0.001421,1.294683,-0.429480,0.069234,-0.000135,-0.000101,10.000000,0.000000,0.000000,-0.890840,-0.000009,0.000000,0.000000,0.000000,-0.890840,0.000000,0.000000,0.000000,0.000000,0.000000,33.154495,-39.054405,-50.877563,321.665985,-340.827026,-0.003867,1.186026,10.451045,6855,-751,37,25
33.157425,0.008265,-0.109667,-2.365988,0.000003,-0.643585,0.021813,0.001479,1.318453,-0.435727,0.071695,-0.000140,-0.000109,10.000000,0.000000,0.000000,-0.890840,-0.000009,0.000000,0.000000,0.000000,-0.890840,0.000000,0.000000,0.000000,0.000000,0.000000,33.156448,-39.054405,-50.877563,321.665985,-340.827026,-0.003807,1.186212,10.451045,6855,-735,37,28
33.159382,0.008265,-0.110951,-2.365946,0.000006,-0.640914,0.020933,0.001535,1.341227,-0.441143,0.074065,-0.000145,-0.000117,10.000000,0.000000,0.000000,-0.890840,-0.000009,0.000000,0.000000,0.000000,-0.890840,0.000000,0.000000,0.000000,0.000000,0.000000,33.158405,-39.054405,-50.877563,321.665985,-340.827026,-0.003735,1.186440,10.451045,6855,-718,37,31
33.161335,0.008265,-0.112230,-2.365905,0.000009,-0.638199,0.020044,0.001590,1.363005,-0.445814,0.076343,-0.000150,-0.000124,10.000000,0.000000,0.000000,-0.890840,-0.000009,0.000000,0.000000,0.000000,-0.890840,0.000000,0.000000,0.000000,0.000000,0.000000,33.160355,-39.054405,-50.877563,321.665985,-340.827026,-0.003642,1.186730,10.451045,6855,-700,38,33
33.163288,0.008265,-0.113504,-2.365867,0.000013,-0.635442,0.019146,0.001643,1.383791,-0.449816,0.078531,-0.000154,-0.000132,10.000000,0.000000,0.000000,-0.890840,-0.000009,0.000000,0.000000,0.000000,-0.890840,0.000000,0.000000,0.000000,0.000000,0.000000,33.162312,-39.054405,-50.877563,321.665985,-340.827026,-0.003538,1.187057,10.451045,6855,-680,38,36
33.165241,0.008265,-0.114772,-2.365830,0.000016,-0.632644,0.018241,0.001694,1.403585,-0.453219,0.080628,-0.000158,-0.000139,10.000000,0.000000,0.000000,-0.890840,-0.000009,0.000000,0.000000,0.000000,-0.890840,0.000000,0.000000,0.000000,0.000000,0.000000,33.164265,-39.054405,-50.877563,321.665985,-340.827026,-0.003421,1.187423,10.451045,6855,-660,38,38
33.167194,0.008265,-0.116034,-2.365794,0.000020,-0.629809,0.017330,0.001743,1.422395,-0.456088,0.082635,-0.000162,-0.000146,10.000000,0.000000,0.000000,-0.890840,-0.000009,0.000000,0.000000,0.000000,-0.890840,0.000000,0.000000,0.000000,0.000000,0.000000,33.166222,-39.054405,-50.877563,321.665985,-340.827026,-0.003292,1.187830,10.451045,6855,-640,38,40
33.169151,0.008265,-0.117291,-2.365761,0.000023,-0.626937,0.016414,0.001789,1.440229,-0.458482,0.084552,-0.000166,-0.000152,10.000000,0.000000,0.000000,-0.890840,-0.000009,0.000000,0.000000,0.000000,-0.890840,0.000000,0.000000,0.000000,0.000000,0.000000,33.168171,-39.054405,-50.877563,321.665985,-340.827026,-0.003157,1.188255,10.451045,6855,-618,38,43
33.171104,0.008265,-0.118541,-2.365730,0.000027,-0.624031,0.015494,0.001833,1.457096,-0.460453,0.086382,-0.000170,-0.000159,10.000000,0.000000,0.000000,-0.890840,-0.000009,0.000000,0.000000,0.000000,-0.890840,0.000000,0.000000,0.000000,0.000000,0.000000,33.170128,-39.054405,-50.877563,321.665985,-340.827026,-0.003008,1.188723,10.451045,6855,-596,38,45
33.173058,0.008265,-0.119786,-2.365700,0.000030,-0.621093,0.014571,0.001873,1.473011,-0.462047,0.088123,-0.000173,-0.000164,10.000000,0.000000,0.000000,-0.890840,-0.000009,0.000000,0.000000,0.000000,-0.890840,0.000000,0.000000,0.000000,0.000000,0.000000,33.172081,-39.054405,-50.877563,321.665985,-340.827026,-0.002845,1.189233,10.451045,6855,-569,38,47
33.175011,0.008265,-0.121025,-2.365672,0.000034,-0.618124,0.013645,0.001910,1.487987,-0.463310,0.089779,-0.000176,-0.000170,10.000000,0.000000,0.000000,-0.890840,-0.000009,0.000000,0.000000,0.000000,-0.890840,0.000000,0.000000,0.000000,0.000000,0.000000,33.174034,-39.054405,-50.877563,321.665985,-340.827026,-0.002676,1.189765,10.451045,6855,-546,38,49
33.176968,0.008265,-0.122258,-2.365646,0.000038,-0.615127,0.012717,0.001944,1.502040,-0.464278,0.091350,-0.000179,-0.000175,10.000000,0.000000,0.000000,-0.890840,0.000008,0.000000,0.000000,0.067000,-0.890840,0.000000,0.000000,0.000000,0.000000,0.000000,33.175987,-50.877563,-61.506203,-176.464966,-279.967896,-0.002499,1.440624,9.860000,6494,-237,38,51
33.178921,0.008265,-0.123485,-2.365622,0.000042,-0.612108,0.011838,0.001967,1.511671,-0.426932,0.092839,-0.000181,-0.000180,10.000000,0.000000,0.000000,-0.890840,0.000008,0.000000,0.000000,0.000000,-0.890840,0.000000,0.000000,0.000000,0.000000,0.000000,33.177944,-50.877563,-61.506203,-176.464966,-279.967896,-0.002304,1.441237,9.860000,6494,-214,38,53
33.180874,0.008265,-0.124706,-2.365600,0.000046,-0.609073,0.011054,0.001984,1.519523,-0.380710,0.094251,-0.000183,-0.000184,10.000000,0.000000,0.000000,-0.890840,0.000008,0.000000,0.000000,0.000000,-0.890840,0.000000,0.000000,0.000000,0.000000,0.000000,33.179897,-50.877563,-61.506203,-176.464966,-279.967896,-0.002085,1.441925,9.860000,6494,-191,37,55
33.182827,0.008265,-0.125921,-2.365579,0.000050,-0.606023,0.010356,0.001998,1.526863,-0.338736,0.095591,-0.000185,-0.000188,10.000000,0.000000,0.000000,-0.890840,0.000008,0.000000,0.000000,0.000000,-0.890840,0.000000,0.000000,0.000000,0.000000,0.000000,33.181850,-50.877563,-61.506203,-176.464966,-279.967896,-0.001850,1.442662,9.860000,6494,-170,37,56
33.184780,0.008266,-0.127130,-2.365559,0.000054,-0.602959,0.009737,0.002009,1.533733,-0.300617,0.096862,-0.000186,-0.000191,10.000000,0.000000,0.000000,-0.890840,0.000008,0.000000,0.000000,0.000000,-0.890840,0.000000,0.000000,0.000000,0.000000,0.000000,33.183804,-50.877563,-61.506203,-176.464966,-279.967896,-0.001608,1.443423,9.860000,6494,-149,37,58
33.186737,0.008266,-0.128332,-2.365540,0.000058,-0.599882,0.009188,0.002016,1.540161,-0.265996,0.098070,-0.000187,-0.000194,10.000000,0.000000,0.000000,-0.890840,0.000008,0.000000,0.000000,0.000000,-0.890840,0.000000,0.000000,0.000000,0.000000,0.000000,33.185760,-50.877563,-61.506203,-176.464966,-279.967896,-0.001357,1.444210,9.860000,6494,-130,37,59
33.188690,0.008266,-0.129528,-2.365522,0.000062,-0.596792,0.008703,0.002019,1.546185,-0.234550,0.099219,-0.000188,-0.000196,10.000000,0.000000,0.000000,-0.890840,0.000008,0.000000,0.000000,0.000000,-0.890840,0.000000,0.000000,0.000000,0.000000,0.000000,33.187714,-50.877563,-61.506203,-176.464966,-279.967896,-0.001099,1.445021,9.860000,6494,-107,37,60
33.190643,0.008266,-0.130719,-2.365506,0.000066,-0.593691,0.008277,0.002018,1.551832,-0.205983,0.100312,-0.000188,-0.000198,10.000000,0.000000,0.000000,-0.890840,0.000008,0.000000,0.000000,0.000000,-0.890840,0.000000,0.000000,0.000000,0.000000,0.000000,33.189667,-50.877563,-61.506203,-176.464966,-279.967896,-0.000839,1.445836,9.860000,6494,-90,36,61
33.192596,0.008266,-0.131902,-2.365490,0.000070,-0.590580,0.007905,0.002013,1.557131,-0.180031,0.101354,-0.000188,-0.000199,10.000000,0.000000,0.000000,-0.890840,0.000008,0.000000,0.000000,0.000000,-0.890840,0.000000,0.000000,0.000000,0.000000,0.000000,33.191620,-50.877563,-61.506203,-176.464966,-279.967896,-0.000577,1.446658,9.860000,6494,-74,36,62
33.194553,0.008266,-0.133080,-2.365474,0.000074,-0.587458,0.007580,0.002005,1.562109,-0.156450,0.102349,-0.000188,-0.000199,10.000000,0.000000,0.000000,-0.890840,0.000008,0.000000,0.000000,0.000000,-0.890840,0.000000,0.000000,0.000000,0.000000,0.000000,33.193577,-50.877563,-61.506203,-176.464966,-279.967896,-0.000314,1.447486,9.860000,6495,-59,36,63
33.196507,0.008266,-0.134251,-2.365460,0.000078,-0.584327,0.007300,0.001993,1.566804,-0.135126,0.103300,-0.000187,-0.000199,10.000000,0.000000,0.000000,-0.890840,0.000008,0.000000,0.000000,0.000000,-0.890840,0.000000,0.000000,0.000000,0.000000,0.000000,33.195526,-50.877563,-61.506203,-176.464966,-279.967896,-0.000047,1.448323,9.860000,6495,-45,36,63
33.198460,0.008267,-0.135417,-2.365445,0.000082,-0.581186,0.007059,0.001976,1.571232,-0.115779,0.104210,-0.000186,-0.000198,10.000000,0.000000,0.000000,-0.890840,0.000008,0.000000,0.000000,0.000000,-0.890840,0.000000,0.000000,0.000000,0.000000,0.000000,33.197483,-50.877563,-61.506203,-176.464966,-279.967896,0.000215,1.449146,9.860000,6495,-32,35,63
33.200413,0.008267,-0.136575,-2.365432,0.000086,-0.578038,0.006854,0.001956,1.575411,-0.098191,0.105083,-0.000184,-0.000197,10.000000,0.000000,0.000000,-0.890840,0.000008,0.000000,0.000000,0.000000,-0.890840,0.000000,0.000000,0.000000,0.000000,0.000000,33.199436,-50.877563,-61.506203,-176.464966,-279.967896,0.000467,1.449938,9.860000,6495,-16,35,63
33.202370,0.008267,-0.137728,-2.365418,0.000090,-0.574881,0.006681,0.001931,1.579364,-0.082199,0.105922,-0.000182,-0.000195,10.000000,0.000000,0.000000,-0.890840,0.000008,0.000000,0.000000,0.000000,-0.890840,0.000000,0.000000,0.000000,0.000000,0.000000,33.201393,-50.877563,-61.506203,-176.464966,-279.967896,0.000710,1.450701,9.860000,6495,-5,35,63
33.204323,0.008267,-0.138874,-2.365405,0.000094,-0.571716,0.006539,0.001903,1.583110,-0.067654,0.106730,-0.000180,-0.000193,10.000000,0.000000,0.000000,-0.890840,0.000008,0.000000,0.000000,0.000000,-0.890840,0.000000,0.000000,0.000000,0.000000,0.000000,33.203342,-50.877563,-61.506203,-176.464966,-279.967896,0.000946,1.451440,9.860000,6495,3,34,63
33.206276,0.008267,-0.140014,-2.365392,0.000098,-0.568545,0.006424,0.001872,1.586672,-0.054423,0.107510,-0.000177,-0.000190,10.000000,0.000000,0.000000,-0.890840,0.000008,0.000000,0.000000,0.000000,-0.890840,0.000000,0.000000,0.000000,0.000000,0.000000,33.205299,-50.877563,-61.506203,-176.464966,-279.967896,0.001174,1.452157,9.860000,6495,12,34,63
33.208229,0.008267,-0.141147,-2.365379,0.000101,-0.565366,0.006333,0.001836,1.590066,-0.042382,0.108265,-0.000174,-0.000187,10.000000,0.000000,0.000000,-0.890840,0.000008,0.000000,0.000000,0.000000,-0.890840,0.000000,0.000000,0.000000,0.000000,0.000000,33.207253,-50.877563,-61.506203,-176.464966,-279.967896,0.001396,1.452854,9.860000,6495,19,34,63
33.210182,0.008268,-0.142274,-2.365367,0.000105,-0.562181,0.006265,0.001797,1.593313,-0.031422,0.108996,-0.000171,-0.000183,10.000000,0.000000,0.000000,-0.890840,0.000008,0.000000,0.000000,0.000000,-0.890840,0.000000,0.000000,0.000000,0.000000,0.000000,33.209209,-50.877563,-61.506203,-176.464966,-279.967896,0.001612,1.453534,9.860000,6495,26,34,62
33.212139,0.008268,-0.143395,-2.365354,0.000108,-0.558990,0.006217,0.001755,1.596429,-0.021439,0.109707,-0.000167,-0.000179,10.000000,0.000000,0.000000,-0.890840,0.000008,0.000000,0.000000,0.000000,-0.890840,0.000000,0.000000,0.000000,0.000000,0.000000,33.211159,-50.877563,-61.506203,-176.464966,-279.967896,0.001817,1.454176,9.860000,6495,31,33,61
33.214092,0.008268,-0.144509,-2.365342,0.000112,-0.555793,0.006188,0.001709,1.599429,-0.012345,0.110399,-0.000163,-0.000175,10.000000,0.000000,0.000000,-0.890840,0.000008,0.000000,0.000000,0.000000,-0.890840,0.000000,0.000000,0.000000,0.000000,0.000000,33.213116,-50.877563,-61.506203,-176.464966,-279.967896,0.002003,1.454762,9.860000,6495,40,33,60
33.216045,0.008268,-0.145617,-2.365330,0.000115,-0.552589,0.006176,0.001660,1.602328,-0.004055,0.111076,-0.000159,-0.000170,10.000000,0.000000,0.000000,-0.890840,0.000008,0.000000,0.000000,0.000000,-0.890840,0.000000,0.000000,0.000000,0.000000,0.000000,33.215069,-50.877563,-61.506203,-176.464966,-279.967896,0.002174,1.455297,9.860000,6495,43,33,59
33.217999,0.008269,-0.146719,-2.365317,0.000118,-0.549381,0.006179,0.001608,1.605139,0.003507,0.111737,-0.000154,-0.000164,10.000000,0.000000,0.000000,-0.890840,0.000008,0.000000,0.000000,0.000000,-0.890840,0.000000,0.000000,0.000000,0.000000,0.000000,33.217026,-50.877563,-61.506203,-176.464966,-279.967896,0.002329,1.455785,9.860000,6495,46,32,58
33.219955,0.008269,-0.147814,-2.365305,0.000122,-0.546166,0.006197,0.001553,1.607877,0.010408,0.112387,-0.000150,-0.000159,10.000000,0.000000,0.000000,-0.890840,0.000008,0.000000,0.000000,0.000000,-0.890840,0.000000,0.000000,0.000000,0.000000,0.000000,33.218975,-50.877563,-61.506203,-176.464966,-279.967896,0.002471,1.456230,9.860000,6495,48,32,57
33.221909,0.008269,-0.148902,-2.365292,0.000125,-0.542946,0.006227,0.001496,1.610554,0.016710,0.113026,-0.000145,-0.000153,10.000000,0.000000,0.000000,-0.890840,0.000008,0.000000,0.000000,0.000000,-0.890840,0.000000,0.000000,0.000000,0.000000,0.000000,33.220932,-50.877563,-61.506203,-176.464966,-279.967896,0.002600,1.456634,9.860000,6495,49,32,56
33.223862,0.008269,-0.149985,-2.365280,0.000127,-0.539721,0.006269,0.001435,1.613180,0.022471,0.113655,-0.000139,-0.000147,10.000000,0.000000,0.000000,-0.890840,0.000008,0.000000,0.000000,0.000000,-0.890840,0.000000,0.000000,0.000000,0.000000,0.000000,33.222885,-50.877563,-61.506203,-176.464966,-279.967896,0.002717,1.457001,9.860000,6495,49,31,55
33.225815,0.008270,-0.151060,-2.365267,0.000130,-0.536491,0.006322,0.001373,1.615766,0.027741,0.114277,-0.000134,-0.000141,10.000000,0.000000,0.000000,-0.890840,0.000008,0.000000,0.000000,0.000000,-0.890840,0.000000,0.000000,0.000000,0.000000,0.000000,33.224838,-50.877563,-61.506203,-176.464966,-279.967896,0.002823,1.457334,9.860000,6495,48,31,53
33.227772,0.008270,-0.152129,-2.365254,0.000133,-0.533256,0.006385,0.001308,1.618324,0.032567,0.114893,-0.000128,-0.000134,10.000000,0.000000,0.000000,-0.890840,0.000008,0.000000,0.000000,0.000000,-0.890840,0.000000,0.000000,0.000000,0.000000,0.000000,33.226791,-50.877563,-61.506203,-176.464966,-279.967896,0.002911,1.457611,9.860000,6496,47,31,52
33.229725,0.008270,-0.153192,-2.365242,0.000135,-0.530015,0.006456,0.001241,1.620869,0.036886,0.115503,-0.000122,-0.000127,10.000000,0.000000,0.000000,-0.890840,0.000008,0.000000,0.000000,0.000000,-0.890840,0.000000,0.000000,0.000000,0.000000,0.000000,33.228748,-50.877563,-61.506203,-176.464966,-279.967896,0.002983,1.457838,9.860000,6496,45,30,50
33.231678,0.008270,-0.154248,-2.365228,0.000138,-0.526770,0.006536,0.001173,1.623404,0.040817,0.116109,-0.000116,-0.000120,10.000000,0.000000,0.000000,-0.890840,0.000008,0.000000,0.000000,0.000000,-0.890840,0.000000,0.000000,0.000000,0.000000,0.000000,33.230701,-50.877563,-61.506203,-176.464966,-279.967896,0.003040,1.458016,9.860000,6496,43,30,49
33.233631,0.008271,-0.155298,-2.365215,0.000140,-0.523519,0.006623,0.001103,1.625927,0.044431,0.116711,-0.000110,-0.000113,10.000000,0.000000,0.000000,-0.890840,0.000008,0.000000,0.000000,0.000000,-0.890840,0.000000,0.000000,0.000000,0.000000,0.000000,33.232655,-50.877563,-61.506203,-176.464966,-279.967896,0.003083,1.458150,9.860000,6496,40,30,47
33.235584,0.008271,-0.156341,-2.365202,0.000142,-0.520263,0.006717,0.001032,1.628448,0.047758,0.117311,-0.000103,-0.000106,10.000000,0.000000,0.000000,-0.890840,0.000008,0.000000,0.000000,-0.933999,-0.890840,0.000000,0.000000,0.000000,0.000000,0.000000,33.234608,-50.877563,-61.506203,-176.464966,-279.967896,0.003112,1.458241,9.860000,6496,36,30,46
33.237541,0.008271,-0.157378,-2.365188,0.000144,-0.517003,0.006817,0.000959,1.630967,0.050827,0.117909,-0.000097,-0.000099,10.000000,0.000000,0.000000,-0.890840,0.000008,0.000000,0.000000,0.000000,-0.890840,0.000000,0.000000,0.000000,0.000000,0.000000,33.236565,-50.877563,-61.506203,-176.464966,-279.967896,0.003128,1.458293,9.860000,6496,32,29,44
33.239494,0.008272,-0.158408,-2.365175,0.000146,-0.513737,0.006923,0.000886,1.633492,0.053662,0.118506,-0.000090,-0.000092,10.000000,0.000000,0.000000,-0.890840,0.000008,0.000000,0.000000,0.000000,-0.890840,0.000000,0.000000,0.000000,0.000000,0.000000,33.238518,-50.877563,-61.506203,-176.464966,-279.967896,0.003132,1.458306,9.860000,6496,28,29,43
33.241447,0.008272,-0.159432,-2.365160,0.000148,-0.510466,0.007034,0.000812,1.636023,0.056284,0.119102,-0.000084,-0.000085,10.000000,0.000000,0.000000,-0.890840,0.000008,0.000000,0.000000,0.000000,-0.890840,0.000000,0.000000,0.000000,0.000000,0.000000,33.240471,-50.877563,-61.506203,-176.464966,-279.967896,0.003125,1.458284,9.860000,6496,23,29,41
33.243401,0.008272,-0.160449,-2.365146,0.000149,-0.507190,0.007151,0.000738,1.638565,0.058715,0.119698,-0.000077,-0.000078,10.000000,0.000000,0.000000,-0.890840,0.000008,0.000000,0.000000,0.000000,-0.890840,0.000000,0.000000,0.000000,0.000000,0.000000,33.242424,-50.877563,-61.506203,-176.464966,-279.967896,0.003107,1.458227,9.860000,6496,18,29,40
33.245358,0.008272,-0.161459,-2.365132,0.000150,-0.503909,0.007271,0.000664,1.641115,0.060973,0.120294,-0.000070,-0.000071,10.000000,0.000000,0.000000,-0.890840,0.000008,0.000000,0.000000,0.000000,-0.890840,0.000000,0.000000,0.000000,0.000000,0.000000,33.244381,-50.877563,-61.506203,-176.464966,-279.967896,0.003078,1.458137,9.860000,6496,12,28,38
33.247311,0.008273,-0.162463,-2.365117,0.000152,-0.500623,0.007397,0.000590,1.643680,0.063074,0.120889,-0.000064,-0.000064,10.000000,0.000000,0.000000,-0.890840,0.000008,0.000000,0.000000,0.000000,-0.890840,0.000000,0.000000,0.000000,0.000000,0.000000,33.246330,-50.877563,-61.506203,-176.464966,-279.967896,0.003040,1.458016,9.860000,6496,7,28,36
33.249264,0.008273,-0.163460,-2.365102,0.000153,-0.497332,0.007526,0.000516,1.646256,0.065033,0.121485,-0.000057,-0.000057,10.000000,0.000000,0.000000,-0.890840,0.000008,0.000000,0.000000,0.000000,-0.890840,0.000000,0.000000,0.000000,0.000000,0.000000,33.248287,-50.877563,-61.506203,-176.464966,-279.967896,0.002984,1.457842,9.860000,6496,1,28,35
33.251217,0.008273,-0.164451,-2.365087,0.000154,-0.494036,0.007659,0.000443,1.648842,0.066865,0.122081,-0.000050,-0.000051,10.000000,0.000000,0.000000,-0.890840,0.000008,0.000000,0.000000,0.000000,-0.890840,0.000000,0.000000,0.000000,0.000000,0.000000,33.250240,-50.877563,-61.506203,-176.464966,-279.967896,0.002920,1.457641,9.860000,6496,-4,28,33
33.253174,0.008274,-0.165435,-2.365071,0.000154,-0.490734,0.007795,0.000370,1.651439,0.068581,0.122678,-0.000044,-0.000044,10.000000,0.000000,0.000000,-0.890840,0.000008,0.000000,0.000000,0.000000,-0.890840,0.000000,0.000000,0.000000,0.000000,0.000000,33.252197,-50.877563,-61.506203,-176.464966,-279.967896,0.002847,1.457412,9.860000,6496,-10,28,32
33.255127,0.008274,-0.166413,-2.365055,0.000155,-0.487427,0.007934,0.000298,1.654042,0.070193,0.123274,-0.000037,-0.000038,10.000000,0.000000,0.000000,-0.890840,0.000008,0.000000,0.000000,0.000000,-0.890840,0.000000,0.000000,0.000000,0.000000,0.000000,33.254147,-50.877563,-61.506203,-176.464966,-279.967896,0.002766,1.457158,9.860000,6495,-16,28,31
33.257080,0.008274,-0.167384,-2.365039,0.000156,-0.484115,0.008077,0.000228,1.656639,0.071813,0.123871,-0.000031,-0.000032,10.000000,0.000000,0.000000,-0.890840,0.000008,0.000000,0.000000,0.000000,-0.890840,0.000000,0.000000,0.000000,0.000000,0.000000,33.256104,-50.877563,-61.506203,-176.464966,-279.967896,0.002685,1.456900,9.860000,6495,-23,28,29
33.259033,0.008275,-0.168348,-2.365023,0.000156,-0.480798,0.008223,0.000158,1.659238,0.073373,0.124467,-0.000024,-0.000026,10.000000,0.000000,0.000000,-0.890840,0.000008,0.000000,0.000000,0.000000,-0.890840,0.000000,0.000000,0.000000,0.000000,0.000000,33.258057,-50.877563,-61.506203,-176.464966,-279.967896,0.002594,1.456616,9.860000,6495,-29,28,28
33.260986,0.008275,-0.169305,-2.365006,0.000156,-0.477476,0.008372,0.000091,1.661837,0.074842,0.125063,-0.000018,-0.000020,10.000000,0.000000,0.000000,-0.890840,0.000008,0.000000,0.000000,0.000000,-0.890840,0.000000,0.000000,0.000000,0.000000,0.000000,33.260014,-50.877563,-61.506203,-176.464966,-279.967896,0.002495,1.456307,9.860000,6495,-35,28,27
33.262943,0.008275,-0.170256,-2.364989,0.000156,-0.474148,0.008524,0.000025,1.664434,0.076229,0.125658,-0.000012,-0.000014,10.000000,0.000000,0.000000,-0.890840,0.000008,0.000000,0.000000,0.000000,-0.890840,0.000000,0.000000,0.000000,0.000000,0.000000,33.261963,-50.877563,-61.506203,-176.464966,-279.967896,0.002396,1.455994,9.860000,6495,-41,27,26
33.264896,0.008276,-0.171200,-2.364972,0.000156,-0.470816,0.008678,-0.000040,1.667025,0.077541,0.126252,-0.000006,-0.000009,10.000000,0.000000,0.000000,-0.890840,0.000008,0.000000,0.000000,0.000000,-0.890840,0.000000,0.000000,0.000000,0.000000,0.000000,33.263920,-50.877563,-61.506203,-176.464966,-279.967896,0.002295,1.455677,9.860000,6495,-47,27,25
33.266850,0.008276,-0.172138,-2.364954,0.000156,-0.467478,0.008835,-0.000103,1.669605,0.078784,0.126845,-0.000001,-0.000004,10.000000,0.000000,0.000000,-0.890840,0.000008,0.000000,0.000000,0.000000,-0.890840,0.000000,0.000000,0.000000,0.000000,0.000000,33.265873,-50.877563,-61.506203,-176.464966,-279.967896,0.002193,1.455356,9.860000,6495,-53,27,24
33.268803,0.008276,-0.173069,-2.364936,0.000156,-0.464135,0.008995,-0.000163,1.672170,0.079965,0.127435,0.000005,0.000001,10.000000,0.000000,0.000000,-0.890840,0.000008,0.000000,0.000000,0.000000,-0.890840,0.000000,0.000000,0.000000,0.000000,0.000000,33.267830,-50.877563,-61.506203,-176.464966,-279.967896,0.002088,1.455028,9.860000,6495,-59,27,23
33.270760,0.008276,-0.173993,-2.364918,0.000155,-0.460786,0.009156,-0.000222,1.674716,0.081089,0.128023,0.000010,0.000005,10.000000,0.000000,0.000000,-0.890840,0.000008,0.000000,0.000000,0.000000,-0.890840,0.000000,0.000000,0.000000,0.000000,0.000000,33.269779,-50.877563,-61.506203,-176.464966,-279.967896,0.001982,1.454694,9.860000,6495,-69,27,22
33.272713,0.008277,-0.174911,-2.364899,0.000155,-0.457433,0.009320,-0.000278,1.677236,0.082161,0.128608,0.000015,0.000010,10.000000,0.000000,0.000000,-0.890840,0.000008,0.000000,0.000000,0.000000,-0.890840,0.000000,0.000000,0.000000,0.000000,0.000000,33.271736,-50.877563,-61.506203,-176.464966,-279.967896,0.001873,1.454353,9.860000,6495,-74,27,21
33.274666,0.008277,-0.175821,-2.364881,0.000154,-0.454075,0.009486,-0.000332,1.679726,0.083184,0.129190,0.000020,0.000014,10.000000,0.000000,0.000000,-0.890840,0.000008,0.000000,0.000000,0.000000,-0.890840,0.000000,0.000000,0.000000,0.000000,0.000000,33.273689,-50.877563,-61.506203,-176.464966,-279.967896,0.001762,1.454003,9.860000,6495,-79,27,20
33.276619,0.008277,-0.176725,-2.364861,0.000153,-0.450712,0.009654,-0.000383,1.682180,0.084163,0.129767,0.000025,0.000018,10.000000,0.000000,0.000000,-0.890840,0.000008,0.000000,0.000000,0.000000,-0.890840,0.000000,0.000000,0.000000,0.000000,0.000000,33.275642,-50.877563,-61.506203,-176.464966,-279.967896,0.001648,1.453645,9.860000,6495,-84,28,20
33.278572,0.008278,-0.177623,-2.364842,0.000152,-0.447344,0.009824,-0.000432,1.684590,0.085101,0.130341,0.000030,0.000022,10.000000,0.000000,0.000000,-0.890840,0.000008,0.000000,0.000000,0.000000,-0.890840,0.000000,0.000000,0.000000,0.000000,0.000000,33.277596,-50.877563,-61.506203,-176.464966,-279.967896,0.001538,1.453301,9.860000,6495,-88,28,19
33.280529,0.008278,-0.178513,-2.364822,0.000152,-0.443971,0.009995,-0.000478,1.686954,0.086000,0.130909,0.000034,0.000025,10.000000,0.000000,0.000000,-0.890840,0.000008,0.000000,0.000000,0.000000,-0.890840,0.000000,0.000000,0.000000,0.000000,0.000000,33.279552,-50.877563,-61.506203,-176.464966,-279.967896,0.001432,1.452967,9.860000,6495,-93,28,18
33.282482,0.008278,-0.179397,-2.364802,0.000151,-0.440594,0.010168,-0.000521,1.689264,0.086862,0.131471,0.000038,0.000028,10.000000,0.000000,0.000000,-0.890840,0.000008,0.000000,0.000000,0.000000,-0.890840,0.000000,0.000000,0.000000,0.000000,0.000000,33.281506,-50.877563,-61.506203,-176.464966,-279.967896,0.001321,1.452620,9.860000,6495,-97,28,18
33.284435,0.008279,-0.180274,-2.364781,0.000149,-0.437212,0.010343,-0.000561,1.691513,0.087690,0.132027,0.000041,0.000031,10.000000,0.000000,0.000000,-0.890840,0.000008,0.000000,0.000000,0.000000,-0.890840,0.000000,0.000000,0.000000,0.000000,0.000000,33.283459,-50.877563,-61.506203,-176.464966,-279.967896,0.001214,1.452284,9.860000,6495,-100,28,17
33.286388,0.008279,-0.181144,-2.364760,0.000148,-0.433825,0.010520,-0.000599,1.693703,0.088460,0.132576,0.000045,0.000034,10.000000,0.000000,0.000000,-0.890840,0.000008,0.000000,0.000000,0.000000,-0.890840,0.000000,0.000000,0.000000,0.000000,0.000000,33.285412,-50.877563,-61.506203,-176.464966,-279.967896,0.001113,1.451966,9.860000,6495,-104,28,17
33.288345,0.008279,-0.182007,-2.364739,0.000147,-0.430435,0.010698,-0.000634,1.695819,0.089219,0.133118,0.000048,0.000036,10.000000,0.000000,0.000000,-0.890840,0.000008,0.000000,0.000000,0.000000,-0.890840,0.000000,0.000000,0.000000,0.000000,0.000000,33.287369,-50.877563,-61.506203,-176.464966,-279.967896,0.001014,1.451654,9.860000,6495,-107,28,17
33.290298,0.008280,-0.182864,-2.364717,0.000146,-0.427040,0.010878,-0.000666,1.697858,0.089957,0.133652,0.000051,0.000038,10.000000,0.000000,0.000000,-0.890840,0.000008,0.000000,0.000000,0.000000,-0.890840,0.000000,0.000000,0.000000,0.000000,0.000000,33.289322,-50.877563,-61.506203,-176.464966,-279.967896,0.000919,1.451358,9.860000,6495,-109,28,16
33.292252,0.008280,-0.183714,-2.364695,0.000144,-0.423642,0.011059,-0.000696,1.699818,0.090668,0.134178,0.000054,0.000040,10.000000,0.000000,0.000000,-0.890840,0.000008,0.000000,0.000000,0.000000,-0.890840,0.000000,0.000000,0.000000,0.000000,0.000000,33.291275,-50.877563,-61.506203,-176.464966,-279.967896,0.000826,1.451065,9.860000,6495,-112,28,16
33.294205,0.008280,-0.184557,-2.364672,0.000143,-0.420239,0.011241,-0.000722,1.701690,0.091351,0.134694,0.000056,0.000042,10.000000,0.000000,0.000000,-0.890840,0.000033,0.000000,0.000000,0.067000,-0.890840,0.000000,0.000000,0.000000,0.000000,0.000000,33.293228,-61.506203,-70.376717,-158.636398,-233.073776,0.000733,1.659675,9.860000,6516,70,28,16
33.296162,0.008280,-0.185393,-2.364650,0.000141,-0.416833,0.011422,-0.000746,1.703771,0.089804,0.135202,0.000059,0.000044,10.000000,0.000000,0.000000,-0.890840,0.000033,0.000000,0.000000,0.000000,-0.890840,0.000000,0.000000,0.000000,0.000000,0.000000,33.295185,-61.506203,-70.376717,-158.636398,-233.073776,0.000651,1.659417,9.860000,6516,69,28,16
33.298115,0.008281,-0.186223,-2.364627,0.000140,-0.413422,0.011598,-0.000768,1.705844,0.087733,0.135703,0.000061,0.000045,10.000000,0.000000,0.000000,-0.890840,0.000033,0.000000,0.000000,0.000000,-0.890840,0.000000,0.000000,0.000000,0.000000,0.000000,33.297134,-61.506203,-70.376717,-158.636398,-233.073776,0.000582,1.659200,9.860000,6516,67,29,16
33.300068,0.008281,-0.187045,-2.364603,0.000138,-0.410007,0.011771,-0.000786,1.707821,0.085900,0.136198,0.000062,0.000046,10.000000,0.000000,0.000000,-0.890840,0.000033,0.000000,0.000000,0.000000,-0.890840,0.000000,0.000000,0.000000,0.000000,0.000000,33.299091,-61.506203,-70.376717,-158.636398,-233.073776,0.000523,1.659014,9.860000,6516,64,29,15
33.302021,0.008281,-0.187861,-2.364579,0.000137,-0.406589,0.011940,-0.000802,1.709718,0.084283,0.136688,0.000064,0.000047,10.000000,0.000000,0.000000,-0.890840,0.000033,0.000000,0.000000,0.000000,-0.890840,0.000000,0.000000,0.000000,0.000000,0.000000,33.301044,-61.506203,-70.376717,-158.636398,-233.073776,0.000466,1.658834,9.860000,6516,61,29,15
33.303974,0.008281,-0.188670,-2.364555,0.000135,-0.403167,0.012107,-0.000814,1.711548,0.082863,0.137176,0.000065,0.000048,10.000000,0.000000,0.000000,-0.890840,0.000033,0.000000,0.000000,0.000000,-0.890840,0.000000,0.000000,0.000000,0.000000,0.000000,33.303001,-61.506203,-70.376717,-158.636398,-233.073776,0.000410,1.658658,9.860000,6516,58,29,15
33.305931,0.008282,-0.189472,-2.364531,0.000133,-0.399741,0.012270,-0.000825,1.713324,0.081623,0.137661,0.000066,0.000049,10.000000,0.000000,0.000000,-0.890840,0.000033,0.000000,0.000000,0.000000,-0.890840,0.000000,0.000000,0.000000,0.000000,0.000000,33.304951,-61.506203,-70.376717,-158.636398,-233.073776,0.000362,1.658509,9.860000,6516,54,29,15
33.307884,0.008282,-0.190267,-2.364506,0.000132,-0.396312,0.012432,-0.000833,1.715059,0.080547,0.138144,0.000067,0.000050,10.000000,0.000000,0.000000,-0.890840,0.000033,0.000000,0.000000,0.000000,-0.890840,0.000000,0.000000,0.000000,0.000000,0.000000,33.306908,-61.506203,-70.376717,-158.636398,-233.073776,0.000322,1.658382,9.860000,6516,51,29,15
33.309837,0.008282,-0.191055,-2.364481,0.000130,-0.392879,0.012592,-0.000838,1.716762,0.079620,0.138627,0.000067,0.000051,10.000000,0.000000,0.000000,-0.890840,0.000033,0.000000,0.000000,0.000000,-0.890840,0.000000,0.000000,0.000000,0.000000,0.000000,33.308861,-61.506203,-70.376717,-158.636398,-233.073776,0.000288,1.658277,9.860000,6516,47,29,15
33.311790,0.008283,-0.191836,-2.364455,0.000128,-0.389443,0.012750,-0.000841,1.718441,0.078830,0.139110,0.000067,0.000051,10.000000,0.000000,0.000000,-0.890840,0.000033,0.000000,0.000000,0.000000,-0.890840,0.000000,0.000000,0.000000,0.000000,0.000000,33.310818,-61.506203,-70.376717,-158.636398,-233.073776,0.000260,1.658190,9.860000,6516,43,30,15
33.313747,0.008283,-0.192611,-2.364429,0.000127,-0.386003,0.012906,-0.000841,1.720104,0.078166,0.139594,0.000067,0.000052,10.000000,0.000000,0.000000,-0.890840,0.000033,0.000000,0.000000,0.000000,-0.890840,0.000000,0.000000,0.000000,0.000000,0.000000,33.312767,-61.506203,-70.376717,-158.636398,-233.073776,0.000238,1.658119,9.860000,6516,38,30,15
33.315701,0.008283,-0.193379,-2.364403,0.000125,-0.382561,0.013062,-0.000839,1.721756,0.077616,0.140078,0.000067,0.000052,10.000000,0.000000,0.000000,-0.890840,0.000033,0.000000,0.000000,0.000000,-0.890840,0.000000,0.000000,0.000000,0.000000,0.000000,33.314724,-61.506203,-70.376717,-158.636398,-233.073776,0.000220,1.658064,9.860000,6516,34,30,15
33.317654,0.008283,-0.194139,-2.364377,0.000123,-0.379115,0.013216,-0.000835,1.723404,0.077169,0.140564,0.000067,0.000052,10.000000,0.000000,0.000000,-0.890840,0.000033,0.000000,0.000000,0.000000,-0.890840,0.000000,0.000000,0.000000,0.000000,0.000000,33.316677,-61.506203,-70.376717,-158.636398,-233.073776,0.000207,1.658022,9.860000,6516,29,30,15
33.319607,0.008284,-0.194893,-2.364350,0.000122,-0.375666,0.013370,-0.000829,1.725052,0.076817,0.141052,0.000066,0.000053,10.000000,0.000000,0.000000,-0.890840,0.000033,0.000000,0.000000,0.000000,-0.890840,0.000000,0.000000,0.000000,0.000000,0.000000,33.318630,-61.506203,-70.376717,-158.636398,-233.073776,0.000197,1.657991,9.860000,6516,25,30,15
33.321564,0.008284,-0.195640,-2.364323,0.000120,-0.372213,0.013523,-0.000820,1.726701,0.076553,0.141541,0.000065,0.000053,10.000000,0.000000,0.000000,-0.890840,0.000033,0.000000,0.000000,0.000000,-0.890840,0.000000,0.000000,0.000000,0.000000,0.000000,33.320583,-61.506203,-70.376717,-158.636398,-233.073776,0.000191,1.657971,9.860000,6516,20,30,15
33.323517,0.008284,-0.196380,-2.364296,0.000118,-0.368757,0.013676,-0.000810,1.728355,0.076368,0.142032,0.000064,0.000053,10.000000,0.000000,0.000000,-0.890840,0.000033,0.000000,0.000000,0.000000,-0.890840,0.000000,0.000000,0.000000,0.000000,0.000000,33.322540,-61.506203,-70.376717,-158.636398,-233.073776,0.000187,1.657960,9.860000,6516,15,31,15
33.325470,0.008284,-0.197113,-2.364269,0.000117,-0.365298,0.013829,-0.000798,1.730015,0.076255,0.142525,0.000063,0.000053,10.000000,0.000000,0.000000,-0.890840,0.000033,0.000000,0.000000,0.000000,-0.890840,0.000000,0.000000,0.000000,0.000000,0.000000,33.324493,-61.506203,-70.376717,-158.636398,-233.073776,0.000186,1.657956,9.860000,6516,10,31,15
33.327423,0.008284,-0.197839,-2.364240,0.000115,-0.361835,0.013981,-0.000785,1.731683,0.076209,0.143020,0.000061,0.000053,10.000000,0.000000,0.000000,-0.890840,0.000033,0.000000,0.000000,0.000000,-0.890840,0.000000,0.000000,0.000000,0.000000,0.000000,33.326447,-61.506203,-70.376717,-158.636398,-233.073776,0.000187,1.657960,9.860000,6516,5,31,15
33.329376,0.008285,-0.198558,-2.364212,0.000114,-0.358369,0.014134,-0.000770,1.733357,0.076223,0.143517,0.000060,0.000054,10.000000,0.000000,0.000000,-0.890840,0.000033,0.000000,0.000000,0.000000,-0.890840,0.000000,0.000000,0.000000,0.000000,0.000000,33.328400,-61.506203,-70.376717,-158.636398,-233.073776,0.000190,1.657969,9.860000,6516,0,31,15
33.331333,0.008285,-0.199271,-2.364184,0.000112,-0.354900,0.014286,-0.000753,1.735039,0.076292,0.144015,0.000058,0.000054,10.000000,0.000000,0.000000,-0.890840,0.000033,0.000000,0.000000,0.000000,-0.890840,0.000000,0.000000,0.000000,0.000000,0.000000,33.330357,-61.506203,-70.376717,-158.636398,-233.073776,0.000195,1.657984,9.860000,6516,-4,31,15
33.333286,0.008285,-0.199976,-2.364155,0.000111,-0.351428,0.014439,-0.000735,1.736727,0.076412,0.144515,0.000056,0.000054,10.000000,0.000000,0.000000,-0.890840,0.000033,0.000000,0.000000,0.000000,-0.890840,0.000000,0.000000,0.000000,0.000000,0.000000,33.332310,-61.506203,-70.376717,-158.636398,-233.073776,0.000201,1.658003,9.860000,6516,-9,31,14
33.335239,0.008285,-0.200674,-2.364126,0.000109,-0.347952,0.014592,-0.000716,1.738421,0.076577,0.145016,0.000054,0.000054,10.000000,0.000000,0.000000,-0.890840,0.000033,0.000000,0.000000,0.000000,-0.890840,0.000000,0.000000,0.000000,0.000000,0.000000,33.334263,-61.506203,-70.376717,-158.636398,-233.073776,0.000201,1.658002,9.860000,6516,-14,31,14
33.337193,0.008286,-0.201366,-2.364096,0.000108,-0.344472,0.014746,-0.000696,1.740117,0.076783,0.145519,0.000052,0.000054,10.000000,0.000000,0.000000,-0.890840,0.000033,0.000000,0.000000,0.000000,-0.890840,0.000000,0.000000,0.000000,0.000000,0.000000,33.336216,-61.506203,-70.376717,-158.636398,-233.073776,0.000195,1.657985,9.860000,6516,-19,31,14
33.339149,0.008286,-0.202050,-2.364067,0.000107,-0.340989,0.014899,-0.000675,1.741814,0.077025,0.146022,0.000050,0.000054,10.000000,0.000000,0.000000,-0.890840,0.000033,0.000000,0.000000,0.000000,-0.890840,0.000000,0.000000,0.000000,0.000000,0.000000,33.338173,-61.506203,-70.376717,-158.636398,-233.073776,0.000192,1.657973,9.860000,6516,-23,32,14
33.341103,0.008286,-0.202727,-2.364037,0.000105,-0.337503,0.015054,-0.000653,1.743509,0.077302,0.146525,0.000048,0.000054,10.000000,0.000000,0.000000,-0.890840,0.000033,0.000000,0.000000,0.000000,-0.890840,0.000000,0.000000,0.000000,0.000000,0.000000,33.340122,-61.506203,-70.376717,-158.636398,-233.073776,0.000189,1.657966,9.860000,6516,-28,32,14
33.343056,0.008286,-0.203398,-2.364006,0.000104,-0.334014,0.015209,-0.000630,1.745201,0.077609,0.147029,0.000046,0.000054,10.000000,0.000000,0.000000,-0.890840,0.000033,0.000000,0.000000,0.000000,-0.890840,0.000000,0.000000,0.000000,0.000000,0.000000,33.342079,-61.506203,-70.376717,-158.636398,-233.073776,0.000188,1.657963,9.860000,6516,-33,32,13
33.345009,0.008286,-0.204061,-2.363976,0.000103,-0.330521,0.015365,-0.000606,1.746887,0.077944,0.147533,0.000043,0.000054,10.000000,0.000000,0.000000,-0.890840,0.000033,0.000000,0.000000,0.000000,-0.890840,0.000000,0.000000,0.000000,0.000000,0.000000,33.344032,-61.506203,-70.376717,-158.636398,-233.073776,0.000181,1.657940,9.860000,6516,-37,32,13
33.346966,0.008287,-0.204718,-2.363945,0.000102,-0.327025,0.015521,-0.000582,1.748561,0.078302,0.148036,0.000041,0.000054,10.000000,0.000000,0.000000,-0.890840,0.000033,0.000000,0.000000,0.000000,-0.890840,0.000000,0.000000,0.000000,0.000000,0.000000,33.345989,-61.506203,-70.376717,-158.636398,-233.073776,0.000168,1.657900,9.860000,6516,-42,32,13
33.348919,0.008287,-0.205367,-2.363913,0.000100,-0.323525,0.015678,-0.000557,1.750221,0.078682,0.148538,0.000038,0.000054,10.000000,0.000000,0.000000,-0.890840,0.000033,0.000000,0.000000,0.000000,-0.890840,0.000000,0.000000,0.000000,0.000000,0.000000,33.347939,-61.506203,-70.376717,-158.636398,-233.073776,0.000157,1.657865,9.860000,6516,-46,32,13
33.350872,0.008287,-0.206010,-2.363882,0.000099,-0.320022,0.015836,-0.000532,1.751864,0.079081,0.149039,0.000036,0.000054,10.000000,0.000000,0.000000,-0.890840,0.000033,0.000000,0.000000,0.000000,-0.890840,0.000000,0.000000,0.000000,0.000000,0.000000,33.349895,-61.506203,-70.376717,-158.636398,-233.073776,0.000148,1.657835,9.860000,6516,-50,32,13
33.352825,0.008287,-0.206645,-2.363850,0.000098,-0.316516,0.015995,-0.000507,1.753486,0.079496,0.149538,0.000033,0.000054,10.000000,0.000000,0.000000,-0.890840,0.000033,0.000000,0.000000,0.000000,-0.890840,0.000000,0.000000,0.000000,0.000000,0.000000,33.351849,-61.506203,-70.376717,-158.636398,-233.073776,0.000139,1.657809,9.860000,6516,-54,32,12
33.354778,0.008287,-0.207273,-2.363817,0.000097,-0.313006,0.016155,-0.000482,1.755085,0.079925,0.150034,0.000031,0.000054,10.000000,0.000000,0.000000,-0.890840,0.000033,0.000000,0.000000,0.000000,-0.890840,0.000000,0.000000,0.000000,0.000000,0.000000,33.353806,-61.506203,-70.376717,-158.636398,-233.073776,0.000125,1.657763,9.860000,6516,-58,32,12
33.356735,0.008288,-0.207895,-2.363785,0.000096,-0.309494,0.016315,-0.000456,1.756652,0.080366,0.150528,0.000028,0.000054,10.000000,0.000000,0.000000,-0.890840,0.000033,0.000000,0.000000,0.000000,-0.890840,0.000000,0.000000,0.000000,0.000000,0.000000,33.355755,-61.506203,-70.376717,-158.636398,-233.073776,0.000105,1.657700,9.860000,6516,-62,32,12
33.358688,0.008288,-0.208509,-2.363752,0.000096,-0.305978,0.016477,-0.000431,1.758187,0.080817,0.151019,0.000026,0.000054,10.000000,0.000000,0.000000,-0.890840,0.000033,0.000000,0.000000,0.000000,-0.890840,0.000000,0.000000,0.000000,0.000000,0.000000,33.357712,-61.506203,-70.376717,-158.636398,-233.073776,0.000086,1.657643,9.860000,6516,-65,32,12
33.360641,0.008288,-0.209116,-2.363719,0.000095,-0.302460,0.016639,-0.000405,1.759685,0.081276,0.151507,0.000023,0.000053,10.000000,0.000000,0.000000,-0.890840,0.000033,0.000000,0.000000,0.000000,-0.890840,0.000000,0.000000,0.000000,0.000000,0.000000,33.359665,-61.506203,-70.376717,-158.636398,-233.073776,0.000069,1.657590,9.860000,6516,-68,32,11
33.362595,0.008288,-0.209717,-2.363685,0.000094,-0.298938,0.016802,-0.000379,1.761143,0.081743,0.151990,0.000021,0.000053,10.000000,0.000000,0.000000,-0.890840,0.000033,0.000000,0.000000,0.000000,-0.890840,0.000000,0.000000,0.000000,0.000000,0.000000,33.361622,-61.506203,-70.376717,-158.636398,-233.073776,0.000047,1.657518,9.860000,6516,-71,32,11
33.364552,0.008288,-0.210310,-2.363651,0.000093,-0.295414,0.016966,-0.000354,1.762555,0.082213,0.152469,0.000018,0.000053,10.000000,0.000000,0.000000,-0.890840,0.000033,0.000000,0.000000,0.000000,-0.890840,0.000000,0.000000,0.000000,0.000000,0.000000,33.363571,-61.506203,-70.376717,-158.636398,-233.073776,0.000019,1.657430,9.860000,6516,-74,32,11
33.366505,0.008289,-0.210896,-2.363617,0.000093,-0.291887,0.017131,-0.000329,1.763917,0.082686,0.152943,0.000016,0.000052,10.000000,0.000000,0.000000,-0.890840,0.000033,0.000000,0.000000,0.000000,-0.890840,0.000000,0.000000,0.000000,0.000000,0.000000,33.365528,-61.506203,-70.376717,-158.636398,-233.073776,-0.000007,1.657349,9.860000,6516,-77,32,11
33.368458,0.008289,-0.211475,-2.363582,0.000092,-0.288357,0.017298,-0.000304,1.765227,0.083161,0.153412,0.000013,0.000052,10.000000,0.000000,0.000000,-0.890840,0.000033,0.000000,0.000000,0.000000,-0.890840,0.000000,0.000000,0.000000,0.000000,0.000000,33.367481,-61.506203,-70.376717,-158.636398,-233.073776,-0.000032,1.657272,9.860000,6516,-79,32,11
33.370411,0.008289,-0.212047,-2.363548,0.000091,-0.284824,0.017465,-0.000279,1.766479,0.083636,0.153875,0.000011,0.000051,10.000000,0.000000,0.000000,-0.890840,0.000033,0.000000,0.000000,0.000000,-0.890840,0.000000,0.000000,0.000000,0.000000,0.000000,33.369434,-61.506203,-70.376717,-158.636398,-233.073776,-0.000054,1.657201,9.860000,6516,-82,32,10
33.372368,0.008289,-0.212612,-2.363512,0.000091,-0.281290,0.017633,-0.000254,1.767673,0.084110,0.154332,0.000008,0.000051,10.000000,0.000000,0.000000,-0.890840,0.000021,0.000000,0.000000,0.067000,-0.890840,0.000000,0.000000,0.000000,0.000000,0.000000,33.371387,-70.376717,-77.764542,-132.395721,-194.115952,-0.000083,1.831094,9.860000,6536,-13,33,10
33.374321,0.008289,-0.213170,-2.363477,0.000090,-0.277752,0.017799,-0.000230,1.769127,0.082490,0.154783,0.000006,0.000050,10.000000,0.000000,0.000000,-0.890840,0.000021,0.000000,0.000000,0.000000,-0.890840,0.000000,0.000000,0.000000,0.000000,0.000000,33.373344,-70.376717,-77.764542,-132.395721,-194.115952,-0.000116,1.830992,9.860000,6536,-15,33,10
33.376274,0.008289,-0.213721,-2.363441,0.000090,-0.274212,0.017960,-0.000206,1.770596,0.080391,0.155228,0.000004,0.000049,10.000000,0.000000,0.000000,-0.890840,0.000021,0.000000,0.000000,0.000000,-0.890840,0.000000,0.000000,0.000000,0.000000,0.000000,33.375298,-70.376717,-77.764542,-132.395721,-194.115952,-0.000143,1.830904,9.860000,6536,-16,33,10
33.378227,0.008290,-0.214264,-2.363405,0.000090,-0.270668,0.018118,-0.000183,1.771971,0.078535,0.155668,0.000001,0.000049,10.000000,0.000000,0.000000,-0.890840,0.000021,0.000000,0.000000,0.000000,-0.890840,0.000000,0.000000,0.000000,0.000000,0.000000,33.377251,-70.376717,-77.764542,-132.395721,-194.115952,-0.000168,1.830827,9.860000,6536,-18,33,10
33.380180,0.008290,-0.214801,-2.363368,0.000089,-0.267123,0.018273,-0.000160,1.773259,0.076897,0.156102,-0.000001,0.000048,10.000000,0.000000,0.000000,-0.890840,0.000021,0.000000,0.000000,0.000000,-0.890840,0.000000,0.000000,0.000000,0.000000,0.000000,33.379204,-70.376717,-77.764542,-132.395721,-194.115952,-0.000190,1.830759,9.860000,6536,-20,33,10
33.382137,0.008290,-0.215330,-2.363331,0.000089,-0.263574,0.018425,-0.000138,1.774466,0.075457,0.156532,-0.000003,0.000047,10.000000,0.000000,0.000000,-0.890840,0.000021,0.000000,0.000000,0.000000,-0.890840,0.000000,0.000000,0.000000,0.000000,0.000000,33.381161,-70.376717,-77.764542,-132.395721,-194.115952,-0.000209,1.830699,9.860000,6536,-22,33,10
33.384090,0.008290,-0.215853,-2.363294,0.000089,-0.260024,0.018574,-0.000117,1.775597,0.074197,0.156957,-0.000005,0.000046,10.000000,0.000000,0.000000,-0.890840,0.000021,0.000000,0.000000,0.000000,-0.890840,0.000000,0.000000,0.000000,0.000000,0.000000,33.383114,-70.376717,-77.764542,-132.395721,-194.115952,-0.000225,1.830647,9.860000,6536,-24,33,10
33.386044,0.008290,-0.216368,-2.363257,0.000089,-0.256471,0.018720,-0.000097,1.776657,0.073099,0.157377,-0.000007,0.000046,10.000000,0.000000,0.000000,-0.890840,0.000021,0.000000,0.000000,0.000000,-0.890840,0.000000,0.000000,0.000000,0.000000,0.000000,33.385067,-70.376717,-77.764542,-132.395721,-194.115952,-0.000240,1.830602,9.860000,6536,-26,33,10
33.387997,0.008291,-0.216876,-2.363219,0.000088,-0.252916,0.018865,-0.000077,1.777650,0.072147,0.157793,-0.000009,0.000045,10.000000,0.000000,0.000000,-0.890840,0.000021,0.000000,0.000000,0.000000,-0.890840,0.000000,0.000000,0.000000,0.000000,0.000000,33.387020,-70.376717,-77.764542,-132.395721,-194.115952,-0.000252,1.830563,9.860000,6535,-28,33,10
33.389954,0.008291,-0.217377,-2.363181,0.000088,-0.249359,0.019008,-0.000059,1.778561,0.071434,0.158205,-0.000010,0.000044,10.000000,0.000000,0.000000,-0.890840,0.000021,0.000000,0.000000,0.000000,-0.890840,0.000000,0.000000,0.000000,0.000000,0.000000,33.388977,-70.376717,-77.764542,-132.395721,-194.115952,-0.000263,1.830529,9.860000,6535,-30,33,10
33.391907,0.008291,-0.217871,-2.363143,0.000088,-0.245801,0.019150,-0.000041,1.779406,0.070864,0.158613,-0.000012,0.000043,10.000000,0.000000,0.000000,-0.890840,0.000021,0.000000,0.000000,0.000000,-0.890840,0.000000,0.000000,0.000000,0.000000,0.000000,33.390926,-70.376717,-77.764542,-132.395721,-194.115952,-0.000272,1.830500,9.860000,6535,-32,33,10
33.393860,0.008291,-0.218358,-2.363104,0.000088,-0.242241,0.019291,-0.000024,1.780195,0.070390,0.159016,-0.000014,0.000042,10.000000,0.000000,0.000000,-0.890840,0.000021,0.000000,0.000000,0.000000,-0.890840,0.000000,0.000000,0.000000,0.000000,0.000000,33.392883,-70.376717,-77.764542,-132.395721,-194.115952,-0.000280,1.830475,9.860000,6535,-34,32,10
33.395813,0.008291,-0.218837,-2.363065,0.000088,-0.238679,0.019432,-0.000009,1.780927,0.070002,0.159415,-0.000015,0.000042,10.000000,0.000000,0.000000,-0.890840,0.000021,0.000000,0.000000,0.000000,-0.890840,0.000000,0.000000,0.000000,0.000000,0.000000,33.394836,-70.376717,-77.764542,-132.395721,-194.115952,-0.000287,1.830455,9.860000,6535,-36,32,10
33.397766,0.008291,-0.219310,-2.363026,0.000088,-0.235117,0.019571,0.000006,1.781605,0.069692,0.159810,-0.000016,0.000041,10.000000,0.000000,0.000000,-0.890840,0.000021,0.000000,0.000000,0.000000,-0.890840,0.000000,0.000000,0.000000,0.000000,0.000000,33.396793,-70.376717,-77.764542,-132.395721,-194.115952,-0.000292,1.830437,9.860000,6535,-37,32,10
33.399723,0.008292,-0.219775,-2.362987,0.000088,-0.231552,0.019710,0.000019,1.782230,0.069452,0.160201,-0.000018,0.000040,10.000000,0.000000,0.000000,-0.890840,0.000021,0.000000,0.000000,0.000000,-0.890840,0.000000,0.000000,0.000000,0.000000,0.000000,33.398743,-70.376717,-77.764542,-132.395721,-194.115952,-0.000297,1.830423,9.860000,6535,-39,32,10
33.401676,0.008292,-0.220233,-2.362947,0.000088,-0.227987,0.019849,0.000032,1.782802,0.069274,0.160587,-0.000019,0.000039,10.000000,0.000000,0.000000,-0.890840,0.000021,0.000000,0.000000,0.000000,-0.890840,0.000000,0.000000,0.000000,0.000000,0.000000,33.400700,-70.376717,-77.764542,-132.395721,-194.115952,-0.000300,1.830412,9.860000,6535,-41,32,10
33.403629,0.008292,-0.220684,-2.362907,0.000088,-0.224421,0.019987,0.000043,1.783321,0.069153,0.160970,-0.000020,0.000038,10.000000,0.000000,0.000000,-0.890840,0.000021,0.000000,0.000000,0.000000,-0.890840,0.000000,0.000000,0.000000,0.000000,0.000000,33.402653,-70.376717,-77.764542,-132.395721,-194.115952,-0.000303,1.830403,9.860000,6535,-42,32,10
33.405582,0.008292,-0.221128,-2.362867,0.000088,-0.220853,0.020125,0.000054,1.783789,0.069082,0.161348,-0.000021,0.000038,10.000000,0.000000,0.000000,-0.890840,0.000021,0.000000,0.000000,0.000000,-0.890840,0.000000,0.000000,0.000000,0.000000,0.000000,33.404610,-70.376717,-77.764542,-132.395721,-194.115952,-0.000305,1.830396,9.860000,6535,-44,32,9
33.407539,0.008292,-0.221565,-2.362827,0.000088,-0.217285,0.020263,0.000064,1.784206,0.069057,0.161721,-0.000021,0.000037,10.000000,0.000000,0.000000,-0.890840,0.000021,0.000000,0.000000,0.000000,-0.890840,0.000000,0.000000,0.000000,0.000000,0.000000,33.406559,-70.376717,-77.764542,-132.395721,-194.115952,-0.000314,1.830369,9.860000,6535,-45,32,9
33.409492,0.008292,-0.221995,-2.362786,0.000089,-0.213716,0.020402,0.000072,1.784570,0.069072,0.162090,-0.000022,0.000036,10.000000,0.000000,0.000000,-0.890840,0.000021,0.000000,0.000000,0.000000,-0.890840,0.000000,0.000000,0.000000,0.000000,0.000000,33.408516,-70.376717,-77.764542,-132.395721,-194.115952,-0.000329,1.830323,9.860000,6535,-47,32,9
33.411446,0.008293,-0.222417,-2.362745,0.000089,-0.210147,0.020540,0.000080,1.784881,0.069121,0.162454,-0.000023,0.000035,10.000000,0.000000,0.000000,-0.890840,0.000021,0.000000,0.000000,0.000000,-0.890840,0.000000,0.000000,0.000000,0.000000,0.000000,33.410469,-70.376717,-77.764542,-132.395721,-194.115952,-0.000342,1.830282,9.860000,6535,-48,32,10
33.413399,0.008293,-0.222832,-2.362704,0.000089,-0.206576,0.020678,0.000087,1.785138,0.069202,0.162813,-0.000024,0.000034,10.000000,0.000000,0.000000,-0.890840,0.000021,0.000000,0.000000,0.000000,-0.890840,0.000000,0.000000,0.000000,0.000000,0.000000,33.412422,-70.376717,-77.764542,-132.395721,-194.115952,-0.000346,1.830267,9.860000,6535,-49,32,10
33.415356,0.008293,-0.223241,-2.362662,0.000089,-0.203006,0.020817,0.000094,1.785343,0.069310,0.163167,-0.000024,0.000034,10.000000,0.000000,0.000000,-0.890840,0.000021,0.000000,0.000000,0.000000,-0.890840,0.000000,0.000000,0.000000,0.000000,0.000000,33.414375,-70.376717,-77.764542,-132.395721,-194.115952,-0.000343,1.830277,9.860000,6535,-50,32,10
33.417309,0.008293,-0.223642,-2.362620,0.000089,-0.199435,0.020955,0.000099,1.785495,0.069443,0.163517,-0.000024,0.000033,10.000000,0.000000,0.000000,-0.890840,0.000021,0.000000,0.000000,0.000000,-0.890840,0.000000,0.000000,0.000000,0.000000,0.000000,33.416332,-70.376717,-77.764542,-132.395721,-194.115952,-0.000340,1.830287,9.860000,6535,-51,32,10
33.419262,0.008293,-0.224036,-2.362578,0.000090,-0.195864,0.021095,0.000104,1.785593,0.069596,0.163861,-0.000025,0.000032,10.000000,0.000000,0.000000,-0.890840,0.000021,0.000000,0.000000,0.000000,-0.890840,0.000000,0.000000,0.000000,0.000000,0.000000,33.418285,-70.376717,-77.764542,-132.395721,-194.115952,-0.000337,1.830297,9.860000,6535,-52,32,10
33.421215,0.008294,-0.224422,-2.362535,0.000090,-0.192292,0.021234,0.000108,1.785635,0.069767,0.164200,-0.000025,0.000031,10.000000,0.000000,0.000000,-0.890840,0.000021,0.000000,0.000000,0.000000,-0.890840,0.000000,0.000000,0.000000,0.000000,0.000000,33.420238,-70.376717,-77.764542,-132.395721,-194.115952,-0.000334,1.830307,9.860000,6535,-53,32,10
33.423168,0.008294,-0.224802,-2.362493,0.000090,-0.188721,0.021374,0.000112,1.785622,0.069954,0.164533,-0.000025,0.000031,10.000000,0.000000,0.000000,-0.890840,0.000021,0.000000,0.000000,0.000000,-0.890840,0.000000,0.000000,0.000000,0.000000,0.000000,33.422192,-70.376717,-77.764542,-132.395721,-194.115952,-0.000330,1.830318,9.860000,6535,-54,32,10
33.425125,0.008294,-0.225174,-2.362450,0.000090,-0.185150,0.021514,0.000114,1.785553,0.070153,0.164861,-0.000026,0.000030,10.000000,0.000000,0.000000,-0.890840,0.000021,0.000000,0.000000,0.000000,-0.890840,0.000000,0.000000,0.000000,0.000000,0.000000,33.424149,-70.376717,-77.764542,-132.395721,-194.115952,-0.000327,1.830330,9.860000,6535,-55,32,10
33.427078,0.008294,-0.225540,-2.362406,0.000090,-0.181579,0.021655,0.000116,1.785426,0.070363,0.165184,-0.000026,0.000029,10.000000,0.000000,0.000000,-0.890840,0.000021,0.000000,0.000000,0.000000,-0.890840,0.000000,0.000000,0.000000,0.000000,0.000000,33.426102,-70.376717,-77.764542,-132.395721,-194.115952,-0.000323,1.830341,9.860000,6535,-55,32,10
33.429031,0.008294,-0.225898,-2.362363,0.000091,-0.178009,0.021796,0.000118,1.785242,0.070581,0.165500,-0.000026,0.000029,10.000000,0.000000,0.000000,-0.890840,0.000021,0.000000,0.000000,0.000000,-0.890840,0.000000,0.000000,0.000000,0.000000,0.000000,33.428055,-70.376717,-77.764542,-132.395721,-194.115952,-0.000319,1.830353,9.860000,6535,-56,32,10
33.430984,0.008294,-0.226249,-2.362319,0.000091,-0.174438,0.021937,0.000118,1.784999,0.070807,0.165811,-0.000026,0.000028,10.000000,0.000000,0.000000,-0.890840,0.000021,0.000000,0.000000,0.066000,-0.890840,0.000000,0.000000,0.000000,0.000000,0.000000,33.430008,-77.764542,-83.851555,-111.936745,-162.314423,-0.000315,1.973714,9.860000,6553,-56,32,10
33.432941,0.008295,-0.226593,-2.362275,0.000091,-0.170868,0.022077,0.000118,1.785012,0.069158,0.166116,-0.000025,0.000027,10.000000,0.000000,0.000000,-0.890840,0.000021,0.000000,0.000000,0.000000,-0.890840,0.000000,0.000000,0.000000,0.000000,0.000000,33.431965,-77.764542,-83.851555,-111.936745,-162.314423,-0.000311,1.973727,9.860000,6553,-56,32,10
33.434895,0.008295,-0.226930,-2.362231,0.000091,-0.167298,0.022212,0.000118,1.785037,0.067085,0.166415,-0.000025,0.000027,10.000000,0.000000,0.000000,-0.890840,0.000021,0.000000,0.000000,0.000000,-0.890840,0.000000,0.000000,0.000000,0.000000,0.000000,33.433914,-77.764542,-83.851555,-111.936745,-162.314423,-0.000307,1.973739,9.860000,6553,-57,32,10
33.436848,0.008295,-0.227259,-2.362186,0.000092,-0.163728,0.022343,0.000116,1.784967,0.065234,0.166707,-0.000025,0.000026,10.000000,0.000000,0.000000,-0.890840,0.000021,0.000000,0.000000,0.000000,-0.890840,0.000000,0.000000,0.000000,0.000000,0.000000,33.435871,-77.764542,-83.851555,-111.936745,-162.314423,-0.000303,1.973752,9.860000,6553,-57,32,10
33.438801,0.008295,-0.227582,-2.362141,0.000092,-0.160159,0.022471,0.000114,1.784803,0.063582,0.166994,-0.000025,0.000026,10.000000,0.000000,0.000000,-0.890840,0.000021,0.000000,0.000000,0.000000,-0.890840,0.000000,0.000000,0.000000,0.000000,0.000000,33.437824,-77.764542,-83.851555,-111.936745,-162.314423,-0.000299,1.973766,9.860000,6553,-57,32,9
33.440758,0.008295,-0.227897,-2.362096,0.000092,-0.156589,0.022596,0.000111,1.784549,0.062111,0.167274,-0.000024,0.000025,10.000000,0.000000,0.000000,-0.890840,0.000021,0.000000,0.000000,0.000000,-0.890840,0.000000,0.000000,0.000000,0.000000,0.000000,33.439781,-77.764542,-83.851555,-111.936745,-162.314423,-0.000301,1.973758,9.860000,6553,-57,32,9
33.442711,0.008296,-0.228205,-2.362050,0.000092,-0.153021,0.022718,0.000108,1.784205,0.060802,0.167547,-0.000024,0.000025,10.000000,0.000000,0.000000,-0.890840,0.000021,0.000000,0.000000,0.000000,-0.890840,0.000000,0.000000,0.000000,0.000000,0.000000,33.441730,-77.764542,-83.851555,-111.936745,-162.314423,-0.000310,1.973730,9.860000,6553,-57,31,9
33.444664,0.008296,-0.228506,-2.362005,0.000092,-0.149453,0.022838,0.000104,1.783774,0.059639,0.167814,-0.000023,0.000024,10.000000,0.000000,0.000000,-0.890840,0.000021,0.000000,0.000000,0.000000,-0.890840,0.000000,0.000000,0.000000,0.000000,0.000000,33.443687,-77.764542,-83.851555,-111.936745,-162.314423,-0.000318,1.973706,9.860000,6553,-56,31,9
33.446617,0.008296,-0.228800,-2.361959,0.000093,-0.145886,0.022956,0.000099,1.783258,0.058608,0.168075,-0.000023,0.000023,10.000000,0.000000,0.000000,-0.890840,0.000021,0.000000,0.000000,0.000000,-0.890840,0.000000,0.000000,0.000000,0.000000,0.000000,33.445641,-77.764542,-83.851555,-111.936745,-162.314423,-0.000324,1.973686,9.860000,6553,-56,31,9
33.448570,0.008296,-0.229086,-2.361913,0.000093,-0.142321,0.023072,0.000094,1.782658,0.057694,0.168329,-0.000022,0.000023,10.000000,0.000000,0.000000,-0.890840,0.000021,0.000000,0.000000,0.000000,-0.890840,0.000000,0.000000,0.000000,0.000000,0.000000,33.447598,-77.764542,-83.851555,-111.936745,-162.314423,-0.000330,1.973668,9.860000,6553,-56,31,9
33.450527,0.008296,-0.229366,-2.361866,0.000093,-0.138756,0.023186,0.000088,1.781977,0.056886,0.168576,-0.000021,0.000022,10.000000,0.000000,0.000000,-0.890840,0.000021,0.000000,0.000000,0.000000,-0.890840,0.000000,0.000000,0.000000,0.000000,0.000000,33.449547,-77.764542,-83.851555,-111.936745,-162.314423,-0.000334,1.973654,9.860000,6553,-55,31,9
33.452480,0.008296,-0.229639,-2.361820,0.000093,-0.135194,0.023299,0.000082,1.781215,0.056173,0.168817,-0.000021,0.000022,10.000000,0.000000,0.000000,-0.890840,0.000021,0.000000,0.000000,0.000000,-0.890840,0.000000,0.000000,0.000000,0.000000,0.000000,33.451504,-77.764542,-83.851555,-111.936745,-162.314423,-0.000338,1.973643,9.860000,6553,-55,31,10
33.454433,0.008297,-0.229904,-2.361773,0.000093,-0.131632,0.023410,0.000076,1.780372,0.055544,0.169051,-0.000020,0.000021,10.000000,0.000000,0.000000,-0.890840,0.000021,0.000000,0.000000,0.000000,-0.890840,0.000000,0.000000,0.000000,0.000000,0.000000,33.453457,-77.764542,-83.851555,-111.936745,-162.314423,-0.000334,1.973657,9.860000,6553,-54,31,10
33.456387,0.008297,-0.230162,-2.361726,0.000093,-0.128073,0.023520,0.000069,1.779454,0.054992,0.169279,-0.000019,0.000021,10.000000,0.000000,0.000000,-0.890840,0.000021,0.000000,0.000000,0.000000,-0.890840,0.000000,0.000000,0.000000,0.000000,0.000000,33.455414,-77.764542,-83.851555,-111.936745,-162.314423,-0.000322,1.973693,9.860000,6553,-53,31,10
33.458344,0.008297,-0.230413,-2.361679,0.000094,-0.124516,0.023629,0.000062,1.778459,0.054507,0.169499,-0.000018,0.000020,10.000000,0.000000,0.000000,-0.890840,0.000021,0.000000,0.000000,0.000000,-0.890840,0.000000,0.000000,0.000000,0.000000,0.000000,33.457363,-77.764542,-83.851555,-111.936745,-162.314423,-0.000310,1.973729,9.860000,6553,-52,31,10
33.460297,0.008297,-0.230657,-2.361631,0.000094,-0.120960,0.023738,0.000055,1.777389,0.054083,0.169713,-0.000018,0.000020,10.000000,0.000000,0.000000,-0.890840,0.000021,0.000000,0.000000,0.000000,-0.890840,0.000000,0.000000,0.000000,0.000000,0.000000,33.459320,-77.764542,-83.851555,-111.936745,-162.314423,-0.000299,1.973765,9.860000,6553,-52,31,10
33.462250,0.008297,-0.230894,-2.361583,0.000094,-0.117407,0.023845,0.000048,1.776245,0.053713,0.169920,-0.000017,0.000019,10.000000,0.000000,0.000000,-0.890840,0.000021,0.000000,0.000000,0.000000,-0.890840,0.000000,0.000000,0.000000,0.000000,0.000000,33.461273,-77.764542,-83.851555,-111.936745,-162.314423,-0.000287,1.973801,9.860000,6553,-51,31,10
33.464203,0.008298,-0.231124,-2.361536,0.000094,-0.113856,0.023952,0.000041,1.775029,0.053391,0.170121,-0.000016,0.000019,10.000000,0.000000,0.000000,-0.890840,0.000021,0.000000,0.000000,0.000000,-0.890840,0.000000,0.000000,0.000000,0.000000,0.000000,33.463226,-77.764542,-83.851555,-111.936745,-162.314423,-0.000276,1.973837,9.860000,6553,-50,31,10
33.466160,0.008298,-0.231346,-2.361487,0.000094,-0.110308,0.024059,0.000034,1.773742,0.053111,0.170315,-0.000015,0.000019,10.000000,0.000000,0.000000,-0.890840,0.000021,0.000000,0.000000,0.000000,-0.890840,0.000000,0.000000,0.000000,0.000000,0.000000,33.465179,-77.764542,-83.851555,-111.936745,-162.314423,-0.000264,1.973874,9.860000,6553,-49,31,10
33.468113,0.008298,-0.231562,-2.361439,0.000094,-0.106763,0.024165,0.000026,1.772385,0.052868,0.170502,-0.000014,0.000018,10.000000,0.000000,0.000000,-0.890840,0.000021,0.000000,0.000000,0.000000,-0.890840,0.000000,0.000000,0.000000,0.000000,0.000000,33.467136,-77.764542,-83.851555,-111.936745,-162.314423,-0.000253,1.973910,9.860000,6553,-47,31,10
33.470066,0.008298,-0.231770,-2.361391,0.000094,-0.103220,0.024270,0.000019,1.770960,0.052659,0.170683,-0.000014,0.000018,10.000000,0.000000,0.000000,-0.890840,0.000021,0.000000,0.000000,0.000000,-0.890840,0.000000,0.000000,0.000000,0.000000,0.000000,33.469090,-77.764542,-83.851555,-111.936745,-162.314423,-0.000241,1.973947,9.860000,6553,-46,31,10
33.472019,0.008298,-0.231971,-2.361342,0.000094,-0.099681,0.024375,0.000012,1.769467,0.052478,0.170858,-0.000013,0.000017,10.000000,0.000000,0.000000,-0.890840,0.000021,0.000000,0.000000,0.000000,-0.890840,0.000000,0.000000,0.000000,0.000000,0.000000,33.471043,-77.764542,-83.851555,-111.936745,-162.314423,-0.000229,1.973985,9.860000,6553,-45,31,10
33.473972,0.008299,-0.232166,-2.361293,0.000094,-0.096144,0.024480,0.000005,1.767909,0.052322,0.171026,-0.000012,0.000017,10.000000,0.000000,0.000000,-0.890840,0.000021,0.000000,0.000000,0.000000,-0.890840,0.000000,0.000000,0.000000,0.000000,0.000000,33.472996,-77.764542,-83.851555,-111.936745,-162.314423,-0.000217,1.974023,9.860000,6553,-44,31,9
33.475929,0.008299,-0.232353,-2.361244,0.000094,-0.092611,0.024584,-0.000002,1.766287,0.052189,0.171187,-0.000011,0.000017,10.000000,0.000000,0.000000,-0.890840,0.000021,0.000000,0.000000,0.000000,-0.890840,0.000000,0.000000,0.000000,0.000000,0.000000,33.474953,-77.764542,-83.851555,-111.936745,-162.314423,-0.000211,1.974040,9.860000,6553,-43,31,9
33.477882,0.008299,-0.232533,-2.361194,0.000094,-0.089081,0.024688,-0.000009,1.764601,0.052074,0.171343,-0.000011,0.000017,10.000000,0.000000,0.000000,-0.890840,0.000021,0.000000,0.000000,0.000000,-0.890840,0.000000,0.000000,0.000000,0.000000,0.000000,33.476906,-77.764542,-83.851555,-111.936745,-162.314423,-0.000212,1.974038,9.860000,6553,-41,31,9
33.479836,0.008299,-0.232706,-2.361145,0.000094,-0.085554,0.024792,-0.000016,1.762854,0.051976,0.171492,-0.000010,0.000016,10.000000,0.000000,0.000000,-0.890840,0.000021,0.000000,0.000000,0.000000,-0.890840,0.000000,0.000000,0.000000,0.000000,0.000000,33.478859,-77.764542,-83.851555,-111.936745,-162.314423,-0.000211,1.974040,9.860000,6553,-40,31,9
33.481789,0.008299,-0.232872,-2.361095,0.000094,-0.082031,0.024896,-0.000023,1.761045,0.051892,0.171635,-0.000009,0.000016,10.000000,0.000000,0.000000,-0.890840,0.000021,0.000000,0.000000,0.000000,-0.890840,0.000000,0.000000,0.000000,0.000000,0.000000,33.480812,-77.764542,-83.851555,-111.936745,-162.314423,-0.000210,1.974046,9.860000,6553,-39,31,9
33.483746,0.008299,-0.233031,-2.361045,0.000094,-0.078512,0.025000,-0.000029,1.759179,0.051819,0.171772,-0.000008,0.000016,10.000000,0.000000,0.000000,-0.890840,0.000021,0.000000,0.000000,0.000000,-0.890840,0.000000,0.000000,0.000000,0.000000,0.000000,33.482769,-77.764542,-83.851555,-111.936745,-162.314423,-0.000207,1.974056,9.860000,6553,-38,31,9
33.485699,0.008300,-0.233183,-2.360995,0.000094,-0.074996,0.025103,-0.000036,1.757255,0.051758,0.171904,-0.000008,0.000015,10.000000,0.000000,0.000000,-0.890840,0.000021,0.000000,0.000000,0.000000,-0.890840,0.000000,0.000000,0.000000,0.000000,0.000000,33.484718,-77.764542,-83.851555,-111.936745,-162.314423,-0.000202,1.974069,9.860000,6553,-36,31,9
33.487652,0.008300,-0.233328,-2.360944,0.000094,-0.071485,0.025207,-0.000042,1.755275,0.051704,0.172029,-0.000007,0.000015,10.000000,-200.000000,-47.000000,-0.890840,0.000021,0.000000,0.000000,0.000000,-0.890840,16.000000,0.000000,0.000000,0.000000,0.000000,33.486675,-77.764542,-83.851555,-111.936745,-162.314423,-0.000197,1.974085,9.860000,6553,-35,31,9
33.489605,0.008300,-0.233466,-2.360894,0.000094,-0.067977,0.025310,-0.000048,1.753241,0.051657,0.172149,-0.000006,0.000015,10.000000,-200.000000,-47.000000,-0.890840,0.000022,0.000000,0.000000,0.067000,-0.890840,16.000000,0.000000,0.000000,0.000000,0.000000,33.488628,-83.851555,-88.989265,-90.850945,-134.878876,-0.000191,2.095098,8.262985,5555,-33,31,9
33.491562,0.008300,-0.233596,-2.360843,0.000094,-0.064498,0.025553,-0.000054,1.733047,0.155711,0.172264,-0.000006,0.000015,10.000000,-200.000000,-47.000000,-0.890840,0.000022,0.000000,0.000000,0.000000,-0.890840,16.000000,0.000000,0.000000,0.000000,0.000000,33.490585,-83.851555,-88.989265,-90.850945,-134.878876,-0.000178,2.095137,8.262985,5555,-32,31,9
33.493515,0.008300,-0.233720,-2.360791,0.000094,-0.061069,0.026057,-0.000060,1.708659,0.283444,0.172373,-0.000005,0.000014,10.000000,-200.000000,-47.000000,-0.890840,0.000022,0.000000,0.000000,0.000000,-0.890840,16.000000,0.000000,0.000000,0.000000,0.000000,33.492535,-83.851555,-88.989265,-90.850945,-134.878876,-0.000161,2.095192,8.262985,5555,-31,31,9
33.495468,0.008301,-0.233838,-2.360738,0.000093,-0.057685,0.026799,-0.000067,1.686310,0.399031,0.172477,-0.000004,0.000014,10.000000,-200.000000,-47.000000,-0.890840,0.000022,0.000000,0.000000,0.000000,-0.890840,16.000000,0.000000,0.000000,0.000000,0.000000,33.494492,-83.851555,-88.989265,-90.850945,-134.878876,-0.000143,2.095248,8.262985,5555,-29,31,9
33.497421,0.008301,-0.233948,-2.360682,0.000093,-0.054344,0.027755,-0.000073,1.665809,0.503601,0.172576,-0.000003,0.000014,10.000000,-200.000000,-47.000000,-0.890840,0.000022,0.000000,0.000000,0.000000,-0.890840,16.000000,0.000000,0.000000,0.000000,0.000000,33.496445,-83.851555,-88.989265,-90.850945,-134.878876,-0.000125,2.095305,8.262985,5555,-28,31,9
33.499374,0.008301,-0.234052,-2.360625,0.000093,-0.051040,0.028906,-0.000081,1.646985,0.598182,0.172669,-0.000003,0.000014,10.000000,-200.000000,-47.000000,-0.890840,0.000022,0.000000,0.000000,0.000000,-0.890840,16.000000,0.000000,0.000000,0.000000,0.000000,33.498402,-83.851555,-88.989265,-90.850945,-134.878876,-0.000106,2.095363,8.262985,5555,-27,31,9
33.501331,0.008301,-0.234149,-2.360565,0.000093,-0.047773,0.030231,-0.000090,1.629681,0.683703,0.172758,-0.000002,0.000014,10.000000,-200.000000,-47.000000,-0.890840,0.000022,0.000000,0.000000,0.000000,-0.890840,16.000000,0.000000,0.000000,0.000000,0.000000,33.500351,-83.851555,-88.989265,-90.850945,-134.878876,-0.000088,2.095421,8.262985,5555,-25,31,9
33.503284,0.008301,-0.234240,-2.360503,0.000093,-0.044537,0.031716,-0.000100,1.613755,0.761008,0.172842,-0.000000,0.000014,10.000000,-200.000000,-47.000000,-0.890840,0.000022,0.000000,0.000000,0.000000,-0.890840,16.000000,0.000000,0.000000,0.000000,0.000000,33.502308,-83.851555,-88.989265,-90.850945,-134.878876,-0.000069,2.095481,8.262985,5555,-24,31,9
33.505238,0.008302,-0.234324,-2.360437,0.000093,-0.041332,0.033343,-0.000111,1.599078,0.830861,0.172922,0.000001,0.000014,10.000000,-200.000000,-47.000000,-0.890840,0.000022,0.000000,0.000000,0.000000,-0.890840,16.000000,0.000000,0.000000,0.000000,0.000000,33.504261,-83.851555,-88.989265,-90.850945,-134.878876,-0.000050,2.095541,8.262985,5555,-23,30,9
33.507191,0.008302,-0.234402,-2.360367,0.000092,-0.038154,0.035101,-0.000124,1.585534,0.893956,0.172997,0.000003,0.000015,10.000000,-200.000000,-47.000000,-0.890840,0.000022,0.000000,0.000000,0.000000,-0.890840,16.000000,0.000000,0.000000,0.000000,0.000000,33.506214,-83.851555,-88.989265,-90.850945,-134.878876,-0.000030,2.095603,8.262985,5555,-21,30,9
33.509148,0.008302,-0.234474,-2.360294,0.000092,-0.035002,0.036975,-0.000139,1.573016,0.950922,0.173068,0.000004,0.000015,10.000000,-200.000000,-47.000000,-0.890840,0.000022,0.000000,0.000000,0.000000,-0.890840,16.000000,0.000000,0.000000,0.000000,0.000000,33.508167,-83.851555,-88.989265,-90.850945,-134.878876,-0.000010,2.095666,8.262985,5555,-20,30,8
33.511101,0.008302,-0.234539,-2.360217,0.000092,-0.031873,0.038954,-0.000156,1.561430,1.002330,0.173135,0.000006,0.000015,10.000000,-200.000000,-47.000000,-0.890840,0.000022,0.000000,0.000000,0.000000,-0.890840,16.000000,0.000000,0.000000,0.000000,0.000000,33.510124,-83.851555,-88.989265,-90.850945,-134.878876,0.000003,2.095706,8.262985,5555,-19,30,8
33.513054,0.008302,-0.234598,-2.360136,0.000091,-0.028767,0.041029,-0.000174,1.550685,1.048697,0.173198,0.000009,0.000016,10.000000,-200.000000,-47.000000,-0.890840,0.000022,0.000000,0.000000,0.000000,-0.890840,16.000000,0.000000,0.000000,0.000000,0.000000,33.512077,-83.851555,-88.989265,-90.850945,-134.878876,0.000009,2.095726,8.262985,5555,-18,29,8
33.515007,0.008302,-0.234651,-2.360051,0.000091,-0.025680,0.043190,-0.000194,1.540703,1.090492,0.173257,0.000011,0.000016,10.000000,-200.000000,-47.000000,-0.890840,0.000022,0.000000,0.000000,0.000000,-0.890840,16.000000,0.000000,0.000000,0.000000,0.000000,33.514030,-83.851555,-88.989265,-90.850945,-134.878876,0.000017,2.095751,8.262985,5555,-17,29,8
33.516960,0.008303,-0.234698,-2.359961,0.000091,-0.022613,0.045428,-0.000216,1.531414,1.128142,0.173313,0.000014,0.000017,10.000000,-200.000000,-47.000000,-0.890840,0.000022,0.000000,0.000000,0.000000,-0.890840,16.000000,0.000000,0.000000,0.000000,0.000000,33.515984,-83.851555,-88.989265,-90.850945,-134.878876,0.000026,2.095780,8.262985,5555,-15,29,8
33.518917,0.008303,-0.234739,-2.359867,0.000090,-0.019563,0.047735,-0.000240,1.522752,1.162032,0.173365,0.000017,0.000017,10.000000,-200.000000,-47.000000,-0.890840,0.000022,0.000000,0.000000,0.000000,-0.890840,16.000000,0.000000,0.000000,0.000000,0.000000,33.517941,-83.851555,-88.989265,-90.850945,-134.878876,0.000037,2.095813,8.262985,5555,-14,29,8
33.520870,0.008303,-0.234773,-2.359767,0.000090,-0.016530,0.050105,-0.000266,1.514657,1.192512,0.173413,0.000020,0.000018,10.000000,-200.000000,-47.000000,-0.890840,0.000022,0.000000,0.000000,0.000000,-0.890840,16.000000,0.000000,0.000000,0.000000,0.000000,33.519894,-83.851555,-88.989265,-90.850945,-134.878876,0.000048,2.095849,8.262985,5555,-13,28,8
33.522823,0.008303,-0.234802,-2.359663,0.000089,-0.013512,0.052532,-0.000293,1.507078,1.219900,0.173459,0.000023,0.000019,10.000000,-200.000000,-47.000000,-0.890840,0.000022,0.000000,0.000000,0.000000,-0.890840,16.000000,0.000000,0.000000,0.000000,0.000000,33.521847,-83.851555,-88.989265,-90.850945,-134.878876,0.000061,2.095890,8.262985,5555,-12,28,7
33.524776,0.008303,-0.234825,-2.359555,0.000088,-0.010509,0.055009,-0.000322,1.499966,1.244485,0.173501,0.000027,0.000019,10.000000,-200.000000,-47.000000,-0.890840,0.000022,0.000000,0.000000,0.000000,-0.890840,16.000000,0.000000,0.000000,0.000000,0.000000,33.523800,-83.851555,-88.989265,-90.850945,-134.878876,0.000068,2.095909,8.262985,5555,-11,28,7
33.526733,0.008304,-0.234841,-2.359441,0.000088,-0.007519,0.057531,-0.000353,1.493274,1.266528,0.173541,0.000030,0.000020,10.000000,-200.000000,-47.000000,-0.890840,0.000022,0.000000,0.000000,0.000000,-0.890840,16.000000,0.000000,0.000000,0.000000,0.000000,33.525757,-83.851555,-88.989265,-90.850945,-134.878876,0.000068,2.095911,8.262985,5555,-10,27,7
33.528687,0.008304,-0.234852,-2.359322,0.000087,-0.004542,0.060094,-0.000385,1.486966,1.286264,0.173577,0.000034,0.000021,10.000000,-200.000000,-47.000000,-0.890840,0.000022,0.000000,0.000000,0.000000,-0.890840,16.000000,0.000000,0.000000,0.000000,0.000000,33.527706,-83.851555,-88.989265,-90.850945,-134.878876,0.000070,2.095918,8.262985,5555,-9,27,7
33.530640,0.008304,-0.234856,-2.359198,0.000086,-0.001577,0.062693,-0.000419,1.481004,1.303909,0.173611,0.000038,0.000022,10.000000,-200.000000,-47.000000,-0.890840,0.000022,0.000000,0.000000,0.000000,-0.890840,16.000000,0.000000,0.000000,0.000000,0.000000,33.529663,-83.851555,-88.989265,-90.850945,-134.878876,0.000075,2.095932,8.262985,5555,-8,27,7
33.532593,0.008304,-0.234855,-2.359068,0.000085,0.001377,0.065325,-0.000454,1.475357,1.319659,0.173643,0.000043,0.000023,10.000000,-200.000000,-47.000000,-0.890840,0.000022,0.000000,0.000000,0.000000,-0.890840,16.000000,0.000000,0.000000,0.000000,0.000000,33.531616,-83.851555,-88.989265,-90.850945,-134.878876,0.000081,2.095951,8.262985,5555,-8,27,7
33.534550,0.008304,-0.234848,-2.358933,0.000084,0.004319,0.067986,-0.000490,1.469994,1.333689,0.173672,0.000047,0.000024,10.000000,-200.000000,-47.000000,-0.890840,0.000022,0.000000,0.000000,0.000000,-0.890840,16.000000,0.000000,0.000000,0.000000,0.000000,33.533573,-83.851555,-88.989265,-90.850945,-134.878876,0.000089,2.095976,8.262985,5555,-7,26,6
33.536503,0.008304,-0.234835,-2.358793,0.000083,0.007252,0.070672,-0.000527,1.464891,1.346161,0.173699,0.000052,0.000025,10.000000,-200.000000,-47.000000,-0.890840,0.000022,0.000000,0.000000,0.000000,-0.890840,16.000000,0.000000,0.000000,0.000000,0.000000,33.535522,-83.851555,-88.989265,-90.850945,-134.878876,0.000090,2.095981,8.262985,5555,-6,26,6
33.538456,0.008305,-0.234816,-2.358648,0.000082,0.010174,0.073381,-0.000565,1.460021,1.357219,0.173724,0.000056,0.000026,10.000000,-200.000000,-47.000000,-0.890840,0.000022,0.000000,0.000000,0.000000,-0.890840,16.000000,0.000000,0.000000,0.000000,0.000000,33.537479,-83.851555,-88.989265,-90.850945,-134.878876,0.000086,2.095969,8.262985,5555,-5,26,6
33.540409,0.008305,-0.234791,-2.358497,0.000081,0.013087,0.076110,-0.000604,1.455363,1.366996,0.173747,0.000061,0.000027,10.000000,-200.000000,-47.000000,-0.890840,0.000022,0.000000,0.000000,0.000000,-0.890840,16.000000,0.000000,0.000000,0.000000,0.000000,33.539433,-83.851555,-88.989265,-90.850945,-134.878876,0.000085,2.095964,8.262985,5555,-5,25,6
33.542362,0.008305,-0.234761,-2.358340,0.000080,0.015991,0.078857,-0.000643,1.450897,1.375610,0.173768,0.000066,0.000028,10.000000,-200.000000,-47.000000,-0.890840,0.000022,0.000000,0.000000,0.000000,-0.890840,16.000000,0.000000,0.000000,0.000000,0.000000,33.541389,-83.851555,-88.989265,-90.850945,-134.878876,0.000086,2.095967,8.262985,5555,-4,25,6
33.544319,0.008305,-0.234724,-2.358178,0.000078,0.018886,0.081620,-0.000683,1.446605,1.383172,0.173787,0.000071,0.000029,10.000000,-200.000000,-47.000000,-0.890840,0.000022,0.000000,0.000000,0.000000,-0.890840,16.000000,0.000000,0.000000,0.000000,0.000000,33.543339,-83.851555,-88.989265,-90.850945,-134.878876,0.000089,2.095976,8.262985,5555,-3,25,5
33.546272,0.008305,-0.234682,-2.358011,0.000077,0.021773,0.084396,-0.000724,1.442474,1.389779,0.173805,0.000076,0.000030,10.000000,-200.000000,-47.000000,-0.890840,0.000022,0.000000,0.000000,0.000000,-0.890840,16.000000,0.000000,0.000000,0.000000,0.000000,33.545296,-83.851555,-88.989265,-90.850945,-134.878876,0.000086,2.095967,8.262985,5555,-3,25,5
33.548225,0.008305,-0.234634,-2.357837,0.000075,0.024652,0.087185,-0.000764,1.438485,1.395521,0.173821,0.000081,0.000031,10.000000,-200.000000,-47.000000,-0.890840,0.000022,0.000000,0.000000,0.000000,-0.890840,16.000000,0.000000,0.000000,0.000000,0.000000,33.547249,-83.851555,-88.989265,-90.850945,-134.878876,0.000078,2.095941,8.262985,5555,-2,24,5
33.550179,0.008305,-0.234581,-2.357659,0.000074,0.027523,0.089983,-0.000804,1.434627,1.400477,0.173836,0.000085,0.000032,10.000000,-200.000000,-47.000000,-0.890840,0.000022,0.000000,0.000000,0.000000,-0.890840,16.000000,0.000000,0.000000,0.000000,0.000000,33.549206,-83.851555,-88.989265,-90.850945,-134.878876,0.000072,2.095925,8.262985,5555,-2,24,5
33.552135,0.008306,-0.234521,-2.357474,0.000072,0.030387,0.092791,-0.000845,1.430887,1.404722,0.173850,0.000090,0.000033,10.000000,-200.000000,-47.000000,-0.890840,0.000022,0.000000,0.000000,0.000000,-0.890840,16.000000,0.000000,0.000000,0.000000,0.000000,33.551155,-83.851555,-88.989265,-90.850945,-134.878876,0.000070,2.095916,8.262985,5555,-1,24,5
33.554089,0.008306,-0.234456,-2.357284,0.000070,0.033243,0.095606,-0.000885,1.427256,1.408323,0.173862,0.000095,0.000034,10.000000,-200.000000,-47.000000,-0.890840,0.000022,0.000000,0.000000,0.000000,-0.890840,16.000000,0.000000,0.000000,0.000000,0.000000,33.553112,-83.851555,-88.989265,-90.850945,-134.878876,0.000069,2.095914,8.262985,5555,-1,24,5
33.556042,0.008306,-0.234385,-2.357089,0.000069,0.036093,0.098427,-0.000924,1.423723,1.411340,0.173874,0.000100,0.000035,10.000000,-200.000000,-47.000000,-0.890840,0.000022,0.000000,0.000000,0.000000,-0.890840,16.000000,0.000000,0.000000,0.000000,0.000000,33.555065,-83.851555,-88.989265,-90.850945,-134.878876,0.000071,2.095919,8.262985,5555,0,24,4
33.557995,0.008306,-0.234309,-2.356887,0.000067,0.038935,0.101253,-0.000963,1.420282,1.413828,0.173884,0.000105,0.000036,10.000000,-200.000000,-47.000000,-0.890840,0.000022,0.000000,0.000000,0.000000,-0.890840,16.000000,0.000000,0.000000,0.000000,0.000000,33.557018,-83.851555,-88.989265,-90.850945,-134.878876,0.000067,2.095906,8.262985,5555,0,24,4
33.559952,0.008306,-0.234226,-2.356680,0.000065,0.041770,0.104084,-0.001001,1.416920,1.415836,0.173893,0.000109,0.000037,10.000000,-200.000000,-47.000000,-0.890840,0.000022,0.000000,0.000000,0.000000,-0.890840,16.000000,0.000000,0.000000,0.000000,0.000000,33.558971,-83.851555,-88.989265,-90.850945,-134.878876,0.000057,2.095877,8.262985,5555,0,24,4
33.561905,0.008306,-0.234139,-2.356468,0.000063,0.044599,0.106918,-0.001038,1.413633,1.417410,0.173902,0.000114,0.000038,10.000000,-200.000000,-47.000000,-0.890840,0.000022,0.000000,0.000000,0.000000,-0.890840,16.000000,0.000000,0.000000,0.000000,0.000000,33.560928,-83.851555,-88.989265,-90.850945,-134.878876,0.000051,2.095857,8.262985,5555,0,23,4
33.563858,0.008306,-0.234045,-2.356250,0.000060,0.047422,0.109755,-0.001074,1.410414,1.418590,0.173910,0.000118,0.000038,10.000000,-200.000000,-47.000000,-0.890840,0.000022,0.000000,0.000000,0.000000,-0.890840,16.000000,0.000000,0.000000,0.000000,0.000000,33.562881,-83.851555,-88.989265,-90.850945,-134.878876,0.000047,2.095844,8.262985,5555,0,23,4
33.565811,0.008307,-0.233946,-2.356025,0.000058,0.050238,0.112593,-0.001108,1.407257,1.419413,0.173917,0.000123,0.000039,10.000000,-199.000000,-51.000000,-0.890840,0.000022,0.000000,0.000000,0.000000,-0.890840,52.000000,0.000000,0.000000,0.000000,0.000000,33.564835,-83.851555,-88.989265,-90.850945,-134.878876,0.000045,2.095839,8.262985,5555,0,23,4
33.567764,0.008307,-0.233841,-2.355796,0.000056,0.053048,0.115433,-0.001142,1.404157,1.419914,0.173924,0.000127,0.000040,10.000000,-199.000000,-51.000000,-0.587381,0.000013,0.000000,0.000000,0.067000,6.646266,52.000000,0.000000,0.000000,0.000000,0.000000,33.566788,-59.701492,-75.257919,360.448700,16.805206,0.000046,1.772467,8.867985,5893,0,23,4
33.569721,0.008307,-0.233731,-2.355561,0.000054,0.055860,0.118226,-0.001178,1.407301,1.384878,0.173930,0.000131,0.000041,10.000000,-199.000000,-51.000000,-0.587381,0.000013,0.000000,0.000000,0.000000,6.646266,52.000000,0.000000,0.000000,0.000000,0.000000,33.568745,-59.701492,-75.257919,360.448700,16.805206,0.000047,1.772471,8.867985,5893,1,23,3
33.571674,0.008307,-0.233615,-2.355320,0.000051,0.058681,0.120930,-0.001214,1.411904,1.341561,0.173936,0.000134,0.000042,10.000000,-199.000000,-51.000000,-0.587381,0.000013,0.000000,0.000000,0.000000,6.646266,52.000000,0.000000,0.000000,0.000000,0.000000,33.570698,-59.701492,-75.257919,360.448700,16.805206,0.000041,1.772453,8.867985,5893,1,23,3
33.573627,0.008307,-0.233493,-2.355074,0.000049,0.061511,0.123554,-0.001248,1.415827,1.302117,0.173941,0.000138,0.000042,10.000000,-199.000000,-51.000000,-0.587381,0.000013,0.000000,0.000000,0.000000,6.646266,52.000000,0.000000,0.000000,0.000000,0.000000,33.572651,-59.701492,-75.257919,360.448700,16.805206,0.000030,1.772420,8.867985,5893,1,23,3
33.575581,0.008307,-0.233365,-2.354822,0.000046,0.064348,0.126103,-0.001280,1.419134,1.266185,0.173946,0.000141,0.000043,10.000000,-199.000000,-51.000000,-0.587381,0.000013,0.000000,0.000000,0.000000,6.646266,52.000000,0.000000,0.000000,0.000000,0.000000,33.574604,-59.701492,-75.257919,360.448700,16.805206,0.000023,1.772396,8.867985,5893,1,23,3
33.577538,0.008307,-0.233232,-2.354566,0.000044,0.067190,0.128586,-0.001309,1.421885,1.233439,0.173950,0.000144,0.000043,10.000000,-199.000000,-51.000000,-0.587381,0.000013,0.000000,0.000000,0.000000,6.646266,52.000000,0.000000,0.000000,0.000000,0.000000,33.576561,-59.701492,-75.257919,360.448700,16.805206,0.000018,1.772380,8.867985,5893,1,23,3
33.579491,0.008307,-0.233094,-2.354305,0.000041,0.070037,0.131008,-0.001335,1.424131,1.203582,0.173954,0.000147,0.000044,10.000000,-199.000000,-51.000000,-0.587381,0.000013,0.000000,0.000000,0.000000,6.646266,52.000000,0.000000,0.000000,0.000000,0.000000,33.578510,-59.701492,-75.257919,360.448700,16.805206,0.000015,1.772372,8.867985,5893,1,23,3
33.581444,0.008307,-0.232949,-2.354039,0.000038,0.072888,0.133374,-0.001358,1.425919,1.176347,0.173958,0.000149,0.000044,10.000000,-199.000000,-51.000000,-0.587381,0.000013,0.000000,0.000000,0.000000,6.646266,52.000000,0.000000,0.000000,0.000000,0.000000,33.580467,-59.701492,-75.257919,360.448700,16.805206,0.000015,1.772370,8.867985,5893,1,23,3
33.583397,0.008307,-0.232799,-2.353769,0.000036,0.075742,0.135689,-0.001378,1.427293,1.151489,0.173962,0.000151,0.000045,10.000000,-199.000000,-51.000000,-0.587381,0.000013,0.000000,0.000000,0.000000,6.646266,52.000000,0.000000,0.000000,0.000000,0.000000,33.582420,-59.701492,-75.257919,360.448700,16.805206,0.000016,1.772375,8.867985,5893,1,24,3
33.585354,0.008307,-0.232643,-2.353494,0.000033,0.078598,0.137958,-0.001396,1.428292,1.128788,0.173965,0.000153,0.000045,10.000000,-199.000000,-51.000000,-0.587381,0.000013,0.000000,0.000000,0.000000,6.646266,52.000000,0.000000,0.000000,0.000000,0.000000,33.584377,-59.701492,-75.257919,360.448700,16.805206,0.000020,1.772386,8.867985,5893,1,24,2
33.587307,0.008308,-0.232481,-2.353214,0.000030,0.081456,0.140184,-0.001410,1.428953,1.108044,0.173968,0.000154,0.000045,10.000000,-199.000000,-51.000000,-0.587381,0.000013,0.000000,0.000000,0.000000,6.646266,52.000000,0.000000,0.000000,0.000000,0.000000,33.586327,-59.701492,-75.257919,360.448700,16.805206,0.000017,1.772378,8.867985,5893,2,24,2
33.589260,0.008308,-0.232314,-2.352930,0.000027,0.084315,0.142372,-0.001420,1.429305,1.089073,0.173971,0.000155,0.000046,10.000000,-199.000000,-51.000000,-0.587381,0.000013,0.000000,0.000000,0.000000,6.646266,52.000000,0.000000,0.000000,0.000000,0.000000,33.588284,-59.701492,-75.257919,360.448700,16.805206,0.000009,1.772354,8.867985,5893,2,24,2
33.591213,0.008308,-0.232141,-2.352642,0.000024,0.087173,0.144523,-0.001428,1.429378,1.071712,0.173974,0.000156,0.000046,10.000000,-199.000000,-51.000000,-0.587381,0.000013,0.000000,0.000000,0.000000,6.646266,52.000000,0.000000,0.000000,0.000000,0.000000,33.590237,-59.701492,-75.257919,360.448700,16.805206,0.000004,1.772337,8.867985,5893,2,24,2
33.593166,0.008308,-0.231962,-2.352350,0.000021,0.090032,0.146643,-0.001432,1.429200,1.055812,0.173977,0.000156,0.000046,10.000000,-199.000000,-51.000000,-0.587381,0.000013,0.000000,0.000000,0.000000,6.646266,52.000000,0.000000,0.000000,0.000000,0.000000,33.592194,-59.701492,-75.257919,360.448700,16.805206,0.000001,1.772328,8.867985,5893,2,24,2
33.595123,0.008308,-0.231777,-2.352053,0.000018,0.092890,0.148732,-0.001433,1.428793,1.041236,0.173980,0.000156,0.000046,10.000000,-199.000000,-51.000000,-0.587381,0.000013,0.000000,0.000000,0.000000,6.646266,52.000000,0.000000,0.000000,0.000000,0.000000,33.594143,-59.701492,-75.257919,360.448700,16.805206,0.000000,1.772325,8.867985,5893,2,25,2
33.597076,0.008308,-0.231587,-2.351752,0.000016,0.095746,0.150795,-0.001430,1.428181,1.027862,0.173983,0.000156,0.000046,10.000000,-199.000000,-51.000000,-0.587381,0.000013,0.000000,0.000000,0.000000,6.646266,52.000000,0.000000,0.000000,0.000000,0.000000,33.596100,-59.701492,-75.257919,360.448700,16.805206,0.000001,1.772328,8.867985,5893,2,25,2
33.599030,0.008308,-0.231391,-2.351447,0.000013,0.098602,0.152832,-0.001424,1.427383,1.015578,0.173986,0.000155,0.000046,10.000000,-199.000000,-51.000000,-0.587381,0.000013,0.000000,0.000000,0.000000,6.646266,52.000000,0.000000,0.000000,0.000000,0.000000,33.598053,-59.701492,-75.257919,360.448700,16.805206,0.000004,1.772337,8.867985,5893,2,25,2
33.600983,0.008308,-0.231190,-2.351138,0.000010,0.101455,0.154846,-0.001415,1.426417,1.004283,0.173989,0.000154,0.000045,10.000000,-199.000000,-51.000000,-0.587381,0.000013,0.000000,0.000000,0.000000,6.646266,52.000000,0.000000,0.000000,0.000000,0.000000,33.600006,-59.701492,-75.257919,360.448700,16.805206,0.000009,1.772351,8.867985,5893,2,25,2
33.602940,0.008308,-0.230982,-2.350825,0.000007,0.104306,0.156839,-0.001403,1.425299,0.993886,0.173992,0.000152,0.000045,10.000000,-199.000000,-51.000000,-0.587381,0.000013,0.000000,0.000000,0.000000,6.646266,52.000000,0.000000,0.000000,0.000000,0.000000,33.601959,-59.701492,-75.257919,360.448700,16.805206,0.000014,1.772369,8.867985,5893,2,26,1
33.604893,0.008308,-0.230769,-2.350508,0.000004,0.107155,0.158812,-0.001387,1.424046,0.984303,0.173995,0.000151,0.000045,10.000000,-199.000000,-51.000000,-0.587381,0.000013,0.000000,0.000000,0.000000,6.646266,52.000000,0.000000,0.000000,0.000000,0.000000,33.603916,-59.701492,-75.257919,360.448700,16.805206,0.000014,1.772368,8.867985,5893,1,26,1
33.606846,0.008308,-0.230550,-2.350187,0.000002,0.110001,0.160767,-0.001369,1.422668,0.975459,0.173998,0.000149,0.000045,10.000000,-199.000000,-51.000000,-0.587381,0.000013,0.000000,0.000000,0.000000,6.646266,52.000000,0.000000,0.000000,0.000000,0.000000,33.605869,-59.701492,-75.257919,360.448700,16.805206,0.000008,1.772350,8.867985,5893,1,26,1
33.608799,0.008308,-0.230326,-2.349862,-0.000001,0.112844,0.162706,-0.001348,1.421178,0.967285,0.174001,0.000146,0.000044,10.000000,-199.000000,-51.000000,-0.587381,0.000013,0.000000,0.000000,0.000000,6.646266,52.000000,0.000000,0.000000,0.000000,0.000000,33.607822,-59.701492,-75.257919,360.448700,16.805206,0.000005,1.772339,8.867985,5893,1,26,1
33.610756,0.008308,-0.230096,-2.349534,-0.000004,0.115684,0.164629,-0.001324,1.419587,0.959719,0.174005,0.000144,0.000044,10.000000,-199.000000,-51.000000,-0.587381,0.000013,0.000000,0.000000,0.000000,6.646266,52.000000,0.000000,0.000000,0.000000,0.000000,33.609776,-59.701492,-75.257919,360.448700,16.805206,0.000003,1.772334,8.867985,5893,1,27,1
33.612709,0.008308,-0.229860,-2.349201,-0.000006,0.118521,0.166538,-0.001297,1.417906,0.952705,0.174008,0.000141,0.000043,10.000000,-199.000000,-51.000000,-0.587381,0.000013,0.000000,0.000000,0.000000,6.646266,52.000000,0.000000,0.000000,0.000000,0.000000,33.611732,-59.701492,-75.257919,360.448700,16.805206,0.000003,1.772334,8.867985,5893,1,27,1
33.614662,0.008308,-0.229618,-2.348865,-0.000009,0.121354,0.168434,-0.001267,1.416143,0.946192,0.174012,0.000137,0.000043,10.000000,-199.000000,-51.000000,-0.587381,0.000013,0.000000,0.000000,0.000000,6.646266,52.000000,0.000000,0.000000,0.000000,0.000000,33.613686,-59.701492,-75.257919,360.448700,16.805206,0.000005,1.772340,8.867985,5893,1,27,1
33.616615,0.008308,-0.229371,-2.348525,-0.000011,0.124183,0.170317,-0.001236,1.414306,0.940133,0.174015,0.000134,0.000042,10.000000,-199.000000,-51.000000,-0.587381,0.000013,0.000000,0.000000,0.000000,6.646266,52.000000,0.000000,0.000000,0.000000,0.000000,33.615639,-59.701492,-75.257919,360.448700,16.805206,0.000009,1.772351,8.867985,5893,1,27,1
33.618568,0.008308,-0.229118,-2.348181,-0.000014,0.127009,0.172189,-0.001202,1.412403,0.934487,0.174019,0.000130,0.000041,10.000000,-199.000000,-51.000000,-0.587381,0.000013,0.000000,0.000000,0.000000,6.646266,52.000000,0.000000,0.000000,0.000000,0.000000,33.617592,-59.701492,-75.257919,360.448700,16.805206,0.000014,1.772367,8.867985,5893,1,28,1
33.620525,0.008308,-0.228860,-2.347834,-0.000016,0.129831,0.174050,-0.001165,1.410441,0.929216,0.174023,0.000126,0.000041,10.000000,-199.000000,-51.000000,-0.587381,0.000013,0.000000,0.000000,0.000000,6.646266,52.000000,0.000000,0.000000,0.000000,0.000000,33.619549,-59.701492,-75.257919,360.448700,16.805206,0.000020,1.772387,8.867985,5893,1,28,0
33.622478,0.008308,-0.228595,-2.347482,-0.000018,0.132649,0.175901,-0.001127,1.408427,0.924286,0.174027,0.000122,0.000040,10.000000,-199.000000,-51.000000,-0.587381,0.000013,0.000000,0.000000,0.000000,6.646266,52.000000,0.000000,0.000000,0.000000,0.000000,33.621498,-59.701492,-75.257919,360.448700,16.805206,0.000020,1.772386,8.867985,5893,1,28,0
33.624432,0.008308,-0.228326,-2.347128,-0.000021,0.135463,0.177742,-0.001086,1.406364,0.919663,0.174031,0.000118,0.000039,10.000000,-198.000000,-57.000000,-0.587381,0.000013,0.000000,0.000000,0.000000,6.646266,100.000000,0.000000,0.000000,0.000000,0.000000,33.623455,-59.701492,-75.257919,360.448700,16.805206,0.000014,1.772368,8.867985,5893,1,28,0
33.626385,0.008308,-0.228050,-2.346769,-0.000023,0.138272,0.179575,-0.001044,1.404258,0.915321,0.174035,0.000113,0.000039,10.000000,-198.000000,-57.000000,-0.322667,-0.000005,0.000000,0.000000,0.066000,4.225603,100.000000,0.000000,0.000000,0.000000,0.000000,33.625408,-90.909111,-86.893845,-472.842804,-111.173752,0.000011,2.046383,8.873031,5934,1,29,0
33.628342,0.008308,-0.227769,-2.346407,-0.000025,0.141078,0.181394,-0.001001,1.402865,0.906958,0.174040,0.000108,0.000038,10.000000,-198.000000,-57.000000,-0.322667,-0.000005,0.000000,0.000000,0.000000,4.225603,100.000000,0.000000,0.000000,0.000000,0.000000,33.627365,-90.909111,-86.893845,-472.842804,-111.173752,0.000009,2.046378,8.873031,5934,0,29,0
33.630295,0.008307,-0.227483,-2.346041,-0.000027,0.143882,0.183194,-0.000957,1.401609,0.897853,0.174044,0.000103,0.000037,10.000000,-198.000000,-57.000000,-0.322667,-0.000005,0.000000,0.000000,0.000000,4.225603,100.000000,0.000000,0.000000,0.000000,0.000000,33.629314,-90.909111,-86.893845,-472.842804,-111.173752,0.000009,2.046378,8.873031,5934,0,29,0
33.632248,0.008307,-0.227190,-2.345671,-0.000029,0.146683,0.184977,-0.000911,1.400235,0.889457,0.174049,0.000098,0.000036,10.000000,-198.000000,-57.000000,-0.322667,-0.000005,0.000000,0.000000,0.000000,4.225603,100.000000,0.000000,0.000000,0.000000,0.000000,33.631271,-90.909111,-86.893845,-472.842804,-111.173752,0.000010,2.046383,8.873031,5934,0,29,0
33.634201,0.008307,-0.226892,-2.345299,-0.000030,0.149482,0.186744,-0.000864,1.398754,0.881704,0.174053,0.000093,0.000035,10.000000,-198.000000,-57.000000,-0.322667,-0.000005,0.000000,0.000000,0.000000,4.225603,100.000000,0.000000,0.000000,0.000000,0.000000,33.633224,-90.909111,-86.893845,-472.842804,-111.173752,0.000014,2.046393,8.873031,5934,0,29,0
33.636154,0.008307,-0.226589,-2.344922,-0.000032,0.152277,0.188497,-0.000816,1.397176,0.874535,0.174058,0.000088,0.000034,10.000000,-198.000000,-57.000000,-0.322667,-0.000005,0.000000,0.000000,0.000000,4.225603,100.000000,0.000000,0.000000,0.000000,0.000000,33.635181,-90.909111,-86.893845,-472.842804,-111.173752,0.000018,2.046407,8.873031,5934,0,30,0
33.638111,0.008307,-0.226280,-2.344542,-0.000034,0.155069,0.190236,-0.000767,1.395512,0.867894,0.174063,0.000082,0.000033,10.000000,-198.000000,-57.000000,-0.322667,-0.000005,0.000000,0.000000,0.000000,4.225603,100.000000,0.000000,0.000000,0.000000,0.000000,33.637131,-90.909111,-86.893845,-472.842804,-111.173752,0.000024,2.046425,8.873031,5934,0,30,0
33.640064,0.008307,-0.225965,-2.344159,-0.000035,0.157857,0.191962,-0.000717,1.393769,0.861734,0.174068,0.000077,0.000032,10.000000,-198.000000,-57.000000,-0.322667,-0.000005,0.000000,0.000000,0.000000,4.225603,100.000000,0.000000,0.000000,0.000000,0.000000,33.639088,-90.909111,-86.893845,-472.842804,-111.173752,0.000031,2.046447,8.873031,5934,0,30,0
33.642017,0.008307,-0.225645,-2.343772,-0.000036,0.160642,0.193677,-0.000667,1.391955,0.856010,0.174073,0.000072,0.000032,10.000000,-198.000000,-57.000000,-0.322667,-0.000005,0.000000,0.000000,0.000000,4.225603,100.000000,0.000000,0.000000,0.000000,0.000000,33.641041,-90.909111,-86.893845,-472.842804,-111.173752,0.000039,2.046472,8.873031,5934,0,30,0
33.643970,0.008307,-0.225319,-2.343381,-0.000038,0.163423,0.195381,-0.000616,1.390078,0.850681,0.174078,0.000066,0.000031,10.000000,-198.000000,-57.000000,-0.322667,-0.000005,0.000000,0.000000,0.000000,4.225603,100.000000,0.000000,0.000000,0.000000,0.000000,33.642998,-90.909111,-86.893845,-472.842804,-111.173752,0.000048,2.046500,8.873031,5934,0,30,0
33.645927,0.008307,-0.224988,-2.342988,-0.000039,0.166200,0.197075,-0.000565,1.388144,0.845712,0.174083,0.000060,0.000030,10.000000,-198.000000,-57.000000,-0.322667,-0.000005,0.000000,0.000000,0.000000,4.225603,100.000000,0.000000,0.000000,0.000000,0.000000,33.644947,-90.909111,-86.893845,-472.842804,-111.173752,0.000058,2.046531,8.873031,5934,0,30,0
33.647881,0.008307,-0.224651,-2.342591,-0.000040,0.168974,0.198759,-0.000514,1.386158,0.841068,0.174088,0.000055,0.000029,10.000000,-198.000000,-57.000000,-0.322667,-0.000005,0.000000,0.000000,0.000000,4.225603,100.000000,0.000000,0.000000,0.000000,0.000000,33.646904,-90.909111,-86.893845,-472.842804,-111.173752,0.000068,2.046565,8.873031,5934,0,31,0
33.649834,0.008307,-0.224309,-2.342190,-0.000041,0.171743,0.200435,-0.000463,1.384125,0.836719,0.174093,0.000049,0.000028,10.000000,-198.000000,-57.000000,-0.322667,-0.000005,0.000000,0.000000,0.000000,4.225603,100.000000,0.000000,0.000000,0.000000,0.000000,33.648857,-90.909111,-86.893845,-472.842804,-111.173752,0.000080,2.046602,8.873031,5934,0,31,-1
33.651787,0.008307,-0.223961,-2.341786,-0.000042,0.174508,0.202102,-0.000412,1.382053,0.832640,0.174099,0.000044,0.000027,10.000000,-198.000000,-57.000000,-0.322667,-0.000005,0.000000,0.000000,0.000000,4.225603,100.000000,0.000000,0.000000,0.000000,0.000000,33.650810,-90.909111,-86.893845,-472.842804,-111.173752,0.000085,2.046617,8.873031,5934,0,31,-1
33.653744,0.008307,-0.223607,-2.341379,-0.000042,0.177269,0.203762,-0.000362,1.379941,0.828804,0.174104,0.000038,0.000027,10.000000,-198.000000,-57.000000,-0.322667,-0.000005,0.000000,0.000000,0.000000,4.225603,100.000000,0.000000,0.000000,0.000000,0.000000,33.652763,-90.909111,-86.893845,-472.842804,-111.173752,0.000084,2.046613,8.873031,5934,0,31,-1
33.655697,0.008307,-0.223248,-2.340969,-0.000043,0.180026,0.205414,-0.000312,1.377796,0.825189,0.174109,0.000033,0.000026,10.000000,-198.000000,-57.000000,-0.322667,-0.000005,0.000000,0.000000,0.000000,4.225603,100.000000,0.000000,0.000000,0.000000,0.000000,33.654720,-90.909111,-86.893845,-472.842804,-111.173752,0.000084,2.046615,8.873031,5934,0,31,-1
33.657650,0.008306,-0.222884,-2.340555,-0.000044,0.182778,0.207059,-0.000263,1.375621,0.821775,0.174115,0.000027,0.000025,10.000000,-198.000000,-57.000000,-0.322667,-0.000005,0.000000,0.000000,0.000000,4.225603,100.000000,0.000000,0.000000,0.000000,0.000000,33.656673,-90.909111,-86.893845,-472.842804,-111.173752,0.000086,2.046621,8.873031,5934,0,31,-1
33.659603,0.008306,-0.222514,-2.340138,-0.000044,0.185526,0.208698,-0.000215,1.373420,0.818544,0.174120,0.000022,0.000024,10.000000,-198.000000,-57.000000,-0.322667,-0.000005,0.000000,0.000000,0.000000,4.225603,100.000000,0.000000,0.000000,0.000000,0.000000,33.658627,-90.909111,-86.893845,-472.842804,-111.173752,0.000090,2.046633,8.873031,5934,0,31,-1
33.661556,0.008306,-0.222138,-2.339718,-0.000044,0.188270,0.210330,-0.000167,1.371194,0.815479,0.174125,0.000017,0.000024,10.000000,-198.000000,-57.000000,-0.322667,-0.000005,0.000000,0.000000,0.000000,4.225603,100.000000,0.000000,0.000000,0.000000,0.000000,33.660580,-90.909111,-86.893845,-472.842804,-111.173752,0.000095,2.046648,8.873031,5934,0,31,-2
33.663513,0.008306,-0.221757,-2.339294,-0.000045,0.191009,0.211957,-0.000121,1.368950,0.812563,0.174131,0.000012,0.000023,10.000000,-198.000000,-57.000000,-0.322667,-0.000005,0.000000,0.000000,0.000000,4.225603,100.000000,0.000000,0.000000,0.000000,0.000000,33.662537,-90.909111,-86.893845,-472.842804,-111.173752,0.000093,2.046643,8.873031,5934,0,31,-2
33.665466,0.008306,-0.221370,-2.338868,-0.000045,0.193743,0.213578,-0.000075,1.366685,0.809785,0.174136,0.000007,0.000022,10.000000,-198.000000,-57.000000,-0.322667,-0.000005,0.000000,0.000000,0.000000,4.225603,100.000000,0.000000,0.000000,0.000000,0.000000,33.664490,-90.909111,-86.893845,-472.842804,-111.173752,0.000086,2.046621,8.873031,5934,0,31,-2
33.667419,0.008306,-0.220978,-2.338438,-0.000045,0.196473,0.215193,-0.000030,1.364403,0.807130,0.174142,0.000002,0.000021,10.000000,-198.000000,-57.000000,-0.322667,-0.000005,0.000000,0.000000,0.000000,4.225603,100.000000,0.000000,0.000000,0.000000,0.000000,33.666443,-90.909111,-86.893845,-472.842804,-111.173752,0.000082,2.046606,8.873031,5934,0,31,-2
33.669373,0.008306,-0.220581,-2.338004,-0.000045,0.199198,0.216804,0.000013,1.362107,0.804589,0.174147,-0.000003,0.000021,10.000000,-198.000000,-57.000000,-0.322667,-0.000005,0.000000,0.000000,0.000000,4.225603,100.000000,0.000000,0.000000,0.000000,0.000000,33.668396,-90.909111,-86.893845,-472.842804,-111.173752,0.000079,2.046597,8.873031,5934,0,31,-2
33.671329,0.008306,-0.220178,-2.337568,-0.000045,0.201919,0.218409,0.000055,1.359797,0.802151,0.174153,-0.000007,0.000020,10.000000,-198.000000,-57.000000,-0.322667,-0.000005,0.000000,0.000000,0.000000,4.225603,100.000000,0.000000,0.000000,0.000000,0.000000,33.670353,-90.909111,-86.893845,-472.842804,-111.173752,0.000077,2.046593,8.873031,5934,0,31,-2
33.673283,0.008306,-0.219770,-2.337128,-0.000045,0.204635,0.220010,0.000097,1.357477,0.799806,0.174158,-0.000012,0.000019,10.000000,-198.000000,-57.000000,-0.322667,-0.000005,0.000000,0.000000,0.000000,4.225603,100.000000,0.000000,0.000000,0.000000,0.000000,33.672302,-90.909111,-86.893845,-472.842804,-111.173752,0.000078,2.046594,8.873031,5934,-1,31,-3
33.675236,0.008306,-0.219356,-2.336685,-0.000044,0.207347,0.221606,0.000137,1.355149,0.797547,0.174164,-0.000016,0.000019,10.000000,-198.000000,-57.000000,-0.322667,-0.000005,0.000000,0.000000,0.000000,4.225603,100.000000,0.000000,0.000000,0.000000,0.000000,33.674259,-90.909111,-86.893845,-472.842804,-111.173752,0.000072,2.046576,8.873031,5934,-1,31,-3
33.677189,0.008306,-0.218937,-2.336239,-0.000044,0.210053,0.223198,0.000176,1.352810,0.795364,0.174169,-0.000021,0.000018,10.000000,-198.000000,-57.000000,-0.322667,-0.000005,0.000000,0.000000,0.000000,4.225603,100.000000,0.000000,0.000000,0.000000,0.000000,33.676212,-90.909111,-86.893845,-472.842804,-111.173752,0.000061,2.046541,8.873031,5934,-1,31,-3
33.679146,0.008305,-0.218512,-2.335790,-0.000044,0.212756,0.224786,0.000213,1.350464,0.793252,0.174175,-0.000025,0.000018,10.000000,-198.000000,-57.000000,-0.322667,-0.000005,0.000000,0.000000,0.000000,4.225603,100.000000,0.000000,0.000000,0.000000,0.000000,33.678169,-90.909111,-86.893845,-472.842804,-111.173752,0.000052,2.046514,8.873031,5934,-1,31,-3
33.681099,0.008305,-0.218082,-2.335338,-0.000043,0.215453,0.226369,0.000250,1.348111,0.791204,0.174180,-0.000029,0.000017,10.000000,-198.000000,-57.000000,-0.322667,-0.000005,0.000000,0.000000,0.000000,4.225603,100.000000,0.000000,0.000000,0.000000,0.000000,33.680119,-90.909111,-86.893845,-472.842804,-111.173752,0.000045,2.046493,8.873031,5934,-1,31,-3
33.683052,0.008305,-0.217647,-2.334882,-0.000043,0.218146,0.227948,0.000285,1.345752,0.789215,0.174185,-0.000033,0.000016,10.000000,-197.000000,-64.000000,-0.322667,-0.000005,0.000000,0.000000,0.000000,4.225603,164.000000,0.000000,0.000000,0.000000,0.000000,33.682076,-90.909111,-86.893845,-472.842804,-111.173752,0.000041,2.046478,8.873031,5934,-1,31,-3
33.685005,0.008305,-0.217206,-2.334424,-0.000042,0.220834,0.229524,0.000318,1.343389,0.787278,0.174191,-0.000036,0.000016,10.000000,-197.000000,-64.000000,-0.065742,-0.000010,0.000000,0.000000,0.067000,3.270615,164.000000,0.000000,0.000000,0.000000,0.000000,33.684029,-104.477608,-99.946587,-202.514877,-142.335022,0.000038,2.353860,8.877985,5986,-1,31,-4
33.686958,0.008305,-0.216760,-2.333962,-0.000041,0.223518,0.231088,0.000350,1.341978,0.779968,0.174196,-0.000040,0.000015,10.000000,-197.000000,-64.000000,-0.065742,-0.000010,0.000000,0.000000,0.000000,3.270615,164.000000,0.000000,0.000000,0.000000,0.000000,33.685986,-104.477608,-99.946587,-202.514877,-142.335022,0.000029,2.353832,8.877985,5986,-1,31,-4
33.688915,0.008305,-0.216309,-2.333497,-0.000041,0.226200,0.232636,0.000381,1.340778,0.771469,0.174201,-0.000043,0.000015,10.000000,-197.000000,-64.000000,-0.065742,-0.000010,0.000000,0.000000,0.000000,3.270615,164.000000,0.000000,0.000000,0.000000,0.000000,33.687935,-104.477608,-99.946587,-202.514877,-142.335022,0.000015,2.353788,8.877985,5986,-1,31,-4
33.690868,0.008305,-0.215852,-2.333029,-0.000040,0.228880,0.234167,0.000411,1.339465,0.763642,0.174206,-0.000047,0.000014,10.000000,-197.000000,-64.000000,-0.065742,-0.000010,0.000000,0.000000,0.000000,3.270615,164.000000,0.000000,0.000000,0.000000,0.000000,33.689892,-104.477608,-99.946587,-202.514877,-142.335022,0.000003,2.353752,8.877985,5986,-1,31,-4
33.692822,0.008305,-0.215389,-2.332557,-0.000039,0.231557,0.235683,0.000439,1.338048,0.756426,0.174211,-0.000050,0.000014,10.000000,-197.000000,-64.000000,-0.065742,-0.000010,0.000000,0.000000,0.000000,3.270615,164.000000,0.000000,0.000000,0.000000,0.000000,33.691845,-104.477608,-99.946587,-202.514877,-142.335022,-0.000006,2.353722,8.877985,5986,-1,31,-4
33.694775,0.008305,-0.214922,-2.332083,-0.000038,0.234231,0.237186,0.000465,1.336538,0.749763,0.174216,-0.000052,0.000013,10.000000,-197.000000,-64.000000,-0.065742,-0.000010,0.000000,0.000000,0.000000,3.270615,164.000000,0.000000,0.000000,0.000000,0.000000,33.693802,-104.477608,-99.946587,-202.514877,-142.335022,-0.000014,2.353699,8.877985,5986,-1,31,-4
33.696732,0.008305,-0.214449,-2.331606,-0.000037,0.236901,0.238676,0.000490,1.334944,0.743603,0.174221,-0.000055,0.000012,10.000000,-197.000000,-64.000000,-0.065742,-0.000010,0.000000,0.000000,0.000000,3.270615,164.000000,0.000000,0.000000,0.000000,0.000000,33.695751,-104.477608,-99.946587,-202.514877,-142.335022,-0.000019,2.353682,8.877985,5986,-1,31,-4
33.698685,0.008305,-0.213971,-2.331126,-0.000036,0.239569,0.240155,0.000513,1.333274,0.737899,0.174226,-0.000058,0.000012,10.000000,-197.000000,-64.000000,-0.065742,-0.000010,0.000000,0.000000,0.000000,3.270615,164.000000,0.000000,0.000000,0.000000,0.000000,33.697708,-104.477608,-99.946587,-202.514877,-142.335022,-0.000023,2.353670,8.877985,5986,-1,31,-4
33.700638,0.008305,-0.213487,-2.330643,-0.000035,0.242233,0.241622,0.000535,1.331536,0.732609,0.174230,-0.000060,0.000012,10.000000,-197.000000,-64.000000,-0.065742,-0.000010,0.000000,0.000000,0.000000,3.270615,164.000000,0.000000,0.000000,0.000000,0.000000,33.699661,-104.477608,-99.946587,-202.514877,-142.335022,-0.000025,2.353663,8.877985,5986,-1,31,-5
33.702591,0.008305,-0.212998,-2.330157,-0.000034,0.244893,0.243080,0.000555,1.329738,0.727694,0.174235,-0.000062,0.000011,10.000000,-197.000000,-64.000000,-0.065742,-0.000010,0.000000,0.000000,0.000000,3.270615,164.000000,0.000000,0.000000,0.000000,0.000000,33.701614,-104.477608,-99.946587,-202.514877,-142.335022,-0.000033,2.353637,8.877985,5986,-1,31,-5
33.704544,0.008304,-0.212504,-2.329669,-0.000033,0.247550,0.244529,0.000574,1.327882,0.723119,0.174240,-0.000064,0.000011,10.000000,-197.000000,-64.000000,-0.065742,-0.000010,0.000000,0.000000,0.000000,3.270615,164.000000,0.000000,0.000000,0.000000,0.000000,33.703568,-104.477608,-99.946587,-202.514877,-142.335022,-0.000047,2.353594,8.877985,5986,-1,31,-5
33.706501,0.008304,-0.212004,-2.329177,-0.000032,0.250203,0.245969,0.000591,1.325976,0.718853,0.174244,-0.000066,0.000010,10.000000,-197.000000,-64.000000,-0.065742,-0.000010,0.000000,0.000000,0.000000,3.270615,164.000000,0.000000,0.000000,0.000000,0.000000,33.705524,-104.477608,-99.946587,-202.514877,-142.335022,-0.000058,2.353559,8.877985,5986,-1,31,-5
33.708454,0.008304,-0.211499,-2.328682,-0.000030,0.252852,0.247400,0.000607,1.324024,0.714868,0.174248,-0.000068,0.000010,10.000000,-197.000000,-64.000000,-0.065742,-0.000010,0.000000,0.000000,0.000000,3.270615,164.000000,0.000000,0.000000,0.000000,0.000000,33.707478,-104.477608,-99.946587,-202.514877,-142.335022,-0.000068,2.353529,8.877985,5986,-1,31,-5
33.710407,0.008304,-0.210989,-2.328185,-0.000029,0.255497,0.248824,0.000621,1.322032,0.711139,0.174253,-0.000069,0.000009,10.000000,-197.000000,-64.000000,-0.065742,-0.000010,0.000000,0.000000,0.000000,3.270615,164.000000,0.000000,0.000000,0.000000,0.000000,33.709431,-104.477608,-99.946587,-202.514877,-142.335022,-0.000075,2.353506,8.877985,5986,-1,31,-5
33.712360,0.008304,-0.210474,-2.327685,-0.000028,0.258138,0.250241,0.000633,1.320002,0.707640,0.174257,-0.000071,0.000009,10.000000,-197.000000,-64.000000,-0.065742,-0.000010,0.000000,0.000000,0.000000,3.270615,164.000000,0.000000,0.000000,0.000000,0.000000,33.711384,-104.477608,-99.946587,-202.514877,-142.335022,-0.000081,2.353487,8.877985,5986,-1,31,-5
33.714317,0.008304,-0.209953,-2.327181,-0.000027,0.260775,0.251652,0.000644,1.317940,0.704350,0.174261,-0.000072,0.000009,10.000000,-197.000000,-64.000000,-0.065742,-0.000010,0.000000,0.000000,0.000000,3.270615,164.000000,0.000000,0.000000,0.000000,0.000000,33.713341,-104.477608,-99.946587,-202.514877,-142.335022,-0.000085,2.353474,8.877985,5986,-2,31,-5
33.716270,0.008304,-0.209427,-2.326676,-0.000025,0.263407,0.253056,0.000653,1.315848,0.701251,0.174264,-0.000073,0.000008,10.000000,-197.000000,-64.000000,-0.065742,-0.000010,0.000000,0.000000,0.000000,3.270615,164.000000,0.000000,0.000000,0.000000,0.000000,33.715294,-104.477608,-99.946587,-202.514877,-142.335022,-0.000088,2.353466,8.877985,5986,-2,31,-5
33.718224,0.008304,-0.208896,-2.326167,-0.000024,0.266036,0.254454,0.000661,1.313729,0.698325,0.174268,-0.000074,0.000008,10.000000,-197.000000,-64.000000,-0.065742,-0.000010,0.000000,0.000000,0.000000,3.270615,164.000000,0.000000,0.000000,0.000000,0.000000,33.717247,-104.477608,-99.946587,-202.514877,-142.335022,-0.000089,2.353462,8.877985,5986,-2,31,-5
33.720177,0.008304,-0.208359,-2.325655,-0.000023,0.268660,0.255846,0.000667,1.311586,0.695556,0.174272,-0.000074,0.000008,10.000000,-197.000000,-64.000000,-0.065742,-0.000010,0.000000,0.000000,0.000000,3.270615,164.000000,0.000000,0.000000,0.000000,0.000000,33.719200,-104.477608,-99.946587,-202.514877,-142.335022,-0.000089,2.353462,8.877985,5986,-2,31,-5
33.722134,0.008304,-0.207817,-2.325141,-0.000021,0.271280,0.257233,0.000671,1.309422,0.692930,0.174275,-0.000075,0.000007,10.000000,-197.000000,-64.000000,-0.065742,-0.000010,0.000000,0.000000,0.000000,3.270615,164.000000,0.000000,0.000000,0.000000,0.000000,33.721157,-104.477608,-99.946587,-202.514877,-142.335022,-0.000088,2.353465,8.877985,5986,-2,31,-5
33.724087,0.008304,-0.207270,-2.324624,-0.000020,0.273896,0.258616,0.000674,1.307238,0.690434,0.174278,-0.000075,0.000007,10.000000,-197.000000,-64.000000,-0.065742,-0.000010,0.000000,0.000000,0.000000,3.270615,164.000000,0.000000,0.000000,0.000000,0.000000,33.723106,-104.477608,-99.946587,-202.514877,-142.335022,-0.000086,2.353472,8.877985,5986,-2,31,-5
33.726040,0.008304,-0.206718,-2.324104,-0.000019,0.276507,0.259993,0.000675,1.305037,0.688055,0.174281,-0.000075,0.000007,10.000000,-197.000000,-64.000000,-0.065742,-0.000010,0.000000,0.000000,0.000000,3.270615,164.000000,0.000000,0.000000,0.000000,0.000000,33.725063,-104.477608,-99.946587,-202.514877,-142.335022,-0.000083,2.353481,8.877985,5986,-2,30,-5
33.727993,0.008304,-0.206161,-2.323582,-0.000017,0.279114,0.261366,0.000675,1.302821,0.685783,0.174284,-0.000075,0.000007,10.000000,-197.000000,-64.000000,-0.065742,-0.000010,0.000000,0.000000,0.000000,3.270615,164.000000,0.000000,0.000000,0.000000,0.000000,33.727016,-104.477608,-99.946587,-202.514877,-142.335022,-0.000079,2.353494,8.877985,5986,-1,30,-6
33.729946,0.008304,-0.205598,-2.323056,-0.000016,0.281716,0.262734,0.000673,1.300593,0.683607,0.174287,-0.000075,0.000007,10.000000,-197.000000,-64.000000,-0.065742,-0.000010,0.000000,0.000000,0.000000,3.270615,164.000000,0.000000,0.000000,0.000000,0.000000,33.728973,-104.477608,-99.946587,-202.514877,-142.335022,-0.000082,2.353486,8.877985,5986,-1,30,-6
33.731903,0.008304,-0.205030,-2.322528,-0.000014,0.284314,0.264098,0.000670,1.298351,0.681520,0.174290,-0.000075,0.000006,10.000000,-197.000000,-64.000000,-0.065742,-0.000010,0.000000,0.000000,0.000000,3.270615,164.000000,0.000000,0.000000,0.000000,0.000000,33.730923,-104.477608,-99.946587,-202.514877,-142.335022,-0.000090,2.353459,8.877985,5986,-1,30,-6
33.733856,0.008304,-0.204457,-2.321997,-0.000013,0.286907,0.265458,0.000665,1.296099,0.679513,0.174292,-0.000074,0.000006,10.000000,-197.000000,-64.000000,-0.065742,-0.000010,0.000000,0.000000,0.000000,3.270615,164.000000,0.000000,0.000000,0.000000,0.000000,33.732880,-104.477608,-99.946587,-202.514877,-142.335022,-0.000097,2.353438,8.877985,5986,-1,30,-6
33.735809,0.008304,-0.203879,-2.321464,-0.000012,0.289496,0.266814,0.000659,1.293837,0.677579,0.174295,-0.000074,0.000006,10.000000,-197.000000,-64.000000,-0.065742,-0.000010,0.000000,0.000000,0.000000,3.270615,164.000000,0.000000,0.000000,0.000000,0.000000,33.734833,-104.477608,-99.946587,-202.514877,-142.335022,-0.000102,2.353422,8.877985,5986,-1,30,-6
33.737762,0.008304,-0.203295,-2.320928,-0.000011,0.292080,0.268166,0.000652,1.291567,0.675712,0.174297,-0.000073,0.000006,10.000000,-197.000000,-64.000000,-0.065742,-0.000010,0.000000,0.000000,0.000000,3.270615,164.000000,0.000000,0.000000,0.000000,0.000000,33.736790,-104.477608,-99.946587,-202.514877,-142.335022,-0.000105,2.353411,8.877985,5986,-1,30,-6
33.739719,0.008304,-0.202706,-2.320389,-0.000009,0.294660,0.269515,0.000644,1.289290,0.673905,0.174299,-0.000072,0.000006,10.000000,-197.000000,-64.000000,-0.065742,-0.000010,0.000000,0.000000,0.000000,3.270615,164.000000,0.000000,0.000000,0.000000,0.000000,33.738739,-104.477608,-99.946587,-202.514877,-142.335022,-0.000108,2.353404,8.877985,5986,-1,30,-6
33.741673,0.008304,-0.202113,-2.319847,-0.000008,0.297235,0.270860,0.000635,1.287006,0.672153,0.174301,-0.000071,0.000006,10.000000,-197.000000,-64.000000,-0.065742,-0.000010,0.000000,0.000000,0.000000,3.270615,164.000000,0.000000,0.000000,0.000000,0.000000,33.740696,-104.477608,-99.946587,-202.514877,-142.335022,-0.000109,2.353401,8.877985,5986,-1,30,-6
33.743626,0.008304,-0.201514,-2.319303,-0.000007,0.299806,0.272202,0.000625,1.284718,0.670452,0.174303,-0.000070,0.000006,10.000000,-197.000000,-64.000000,-0.065742,-0.000010,0.000000,0.000000,0.000000,3.270615,164.000000,0.000000,0.000000,0.000000,0.000000,33.742649,-104.477608,-99.946587,-202.514877,-142.335022,-0.000108,2.353402,8.877985,5986,-1,30,-6
33.745579,0.008304,-0.200910,-2.318756,-0.000005,0.302372,0.273540,0.000613,1.282426,0.668795,0.174305,-0.000069,0.000006,10.000000,-197.000000,-64.000000,-0.065742,-0.000010,0.000000,0.000000,0.000000,3.270615,164.000000,0.000000,0.000000,0.000000,0.000000,33.744602,-104.477608,-99.946587,-202.514877,-142.335022,-0.000107,2.353407,8.877985,5986,-1,30,-6
33.747536,0.008304,-0.200300,-2.318206,-0.000004,0.304933,0.274876,0.000601,1.280129,0.667181,0.174306,-0.000068,0.000006,10.000000,-197.000000,-64.000000,-0.065742,-0.000010,0.000000,0.000000,0.000000,3.270615,164.000000,0.000000,0.000000,0.000000,0.000000,33.746555,-104.477608,-99.946587,-202.514877,-142.335022,-0.000104,2.353415,8.877985,5986,-1,30,-6
33.749489,0.008304,-0.199686,-2.317654,-0.000003,0.307490,0.276208,0.000589,1.277830,0.665604,0.174308,-0.000066,0.000006,10.000000,-197.000000,-64.000000,-0.065742,-0.000010,0.000000,0.000000,0.000000,3.270615,164.000000,0.000000,0.000000,0.000000,0.000000,33.748512,-104.477608,-99.946587,-202.514877,-142.335022,-0.000101,2.353425,8.877985,5986,-1,29,-6
33.751442,0.008304,-0.199067,-2.317099,-0.000002,0.310042,0.277536,0.000575,1.275529,0.664062,0.174309,-0.000065,0.000006,10.000000,-197.000000,-64.000000,-0.065742,-0.000010,0.000000,0.000000,0.000000,3.270615,164.000000,0.000000,0.000000,0.000000,0.000000,33.750465,-104.477608,-99.946587,-202.514877,-142.335022,-0.000097,2.353438,8.877985,5986,-1,29,-6
33.753395,0.008304,-0.198442,-2.316541,-0.000001,0.312590,0.278862,0.000561,1.273225,0.662551,0.174310,-0.000063,0.000006,10.000000,-197.000000,-64.000000,-0.065742,-0.000010,0.000000,0.000000,0.000000,3.270615,164.000000,0.000000,0.000000,0.000000,0.000000,33.752419,-104.477608,-99.946587,-202.514877,-142.335022,-0.000092,2.353454,8.877985,5986,-1,29,-6
33.755348,0.008304,-0.197813,-2.315981,0.000000,0.315133,0.280185,0.000546,1.270921,0.661068,0.174312,-0.000062,0.000006,10.000000,-197.000000,-64.000000,-0.065742,-0.000010,0.000000,0.000000,0.000000,3.270615,164.000000,0.000000,0.000000,0.000000,0.000000,33.754372,-104.477608,-99.946587,-202.514877,-142.335022,-0.000086,2.353472,8.877985,5986,-1,29,-6
33.757305,0.008304,-0.197178,-2.315418,0.000001,0.317671,0.281505,0.000530,1.268615,0.659613,0.174313,-0.000060,0.000006,10.000000,-197.000000,-64.000000,-0.065742,-0.000010,0.000000,0.000000,0.000000,3.270615,164.000000,0.000000,0.000000,0.000000,0.000000,33.756329,-104.477608,-99.946587,-202.514877,-142.335022,-0.000080,2.353492,8.877985,5986,-1,29,-6
33.759258,0.008304,-0.196538,-2.314853,0.000002,0.320205,0.282822,0.000514,1.266308,0.658181,0.174313,-0.000058,0.000007,10.000000,-197.000000,-64.000000,-0.065742,-0.000010,0.000000,0.000000,0.000000,3.270615,164.000000,0.000000,0.000000,0.000000,0.000000,33.758282,-104.477608,-99.946587,-202.514877,-142.335022,-0.000072,2.353515,8.877985,5986,-1,29,-6
33.761211,0.008304,-0.195893,-2.314285,0.000003,0.322734,0.284136,0.000498,1.264001,0.656772,0.174314,-0.000057,0.000007,10.000000,-195.000000,-71.000000,-0.065742,-0.000010,0.000000,0.000000,0.000000,3.270615,226.000000,0.000000,0.000000,0.000000,0.000000,33.760235,-104.477608,-99.946587,-202.514877,-142.335022,-0.000065,2.353539,8.877985,5986,-1,29,-6
33.763165,0.008304,-0.195243,-2.313714,0.000004,0.325258,0.285448,0.000481,1.261694,0.655382,0.174315,-0.000055,0.000007,10.000000,-195.000000,-71.000000,0.125363,0.000001,0.000000,0.000000,0.067000,2.211060,226.000000,0.000000,0.000000,0.000000,0.000000,33.762188,-104.477608,-105.701736,0.000000,-104.993423,-0.000056,2.489099,8.890970,6017,-1,29,-7
33.765121,0.008304,-0.194588,-2.313140,0.000005,0.327779,0.286752,0.000465,1.259959,0.650779,0.174315,-0.000053,0.000007,10.000000,-195.000000,-71.000000,0.125363,0.000001,0.000000,0.000000,0.000000,2.211060,226.000000,0.000000,0.000000,0.000000,0.000000,33.764145,-104.477608,-105.701736,0.000000,-104.993423,-0.000055,2.489104,8.890970,6017,-1,29,-7
33.767075,0.008304,-0.193928,-2.312564,0.000006,0.330297,0.288046,0.000448,1.258351,0.645458,0.174315,-0.000051,0.000007,10.000000,-195.000000,-71.000000,0.125363,0.000001,0.000000,0.000000,0.000000,2.211060,226.000000,0.000000,0.000000,0.000000,0.000000,33.766094,-104.477608,-105.701736,0.000000,-104.993423,-0.000059,2.489089,8.890970,6017,-1,29,-7
33.769028,0.008304,-0.193263,-2.311986,0.000007,0.332811,0.289329,0.000430,1.256677,0.640529,0.174316,-0.000050,0.000008,10.000000,-195.000000,-71.000000,0.125363,0.000001,0.000000,0.000000,0.000000,2.211060,226.000000,0.000000,0.000000,0.000000,0.000000,33.768051,-104.477608,-105.701736,0.000000,-104.993423,-0.000062,2.489080,8.890970,6017,-1,29,-7
33.770981,0.008304,-0.192593,-2.311405,0.000008,0.335322,0.290603,0.000413,1.254945,0.635956,0.174316,-0.000048,0.000008,10.000000,-195.000000,-71.000000,0.125363,0.000001,0.000000,0.000000,0.000000,2.211060,226.000000,0.000000,0.000000,0.000000,0.000000,33.770004,-104.477608,-105.701736,0.000000,-104.993423,-0.000064,2.489074,8.890970,6017,-1,29,-7
33.772938,0.008304,-0.191918,-2.310821,0.000009,0.337829,0.291869,0.000395,1.253159,0.631707,0.174316,-0.000046,0.000008,10.000000,-195.000000,-71.000000,0.125363,0.000001,0.000000,0.000000,0.000000,2.211060,226.000000,0.000000,0.000000,0.000000,0.000000,33.771961,-104.477608,-105.701736,0.000000,-104.993423,-0.000065,2.489073,8.890970,6017,-1,29,-7
33.774891,0.008304,-0.191238,-2.310235,0.000009,0.340332,0.293126,0.000378,1.251324,0.627751,0.174315,-0.000044,0.000008,10.000000,-195.000000,-71.000000,0.125363,0.000001,0.000000,0.000000,0.000000,2.211060,226.000000,0.000000,0.000000,0.000000,0.000000,33.773911,-104.477608,-105.701736,0.000000,-104.993423,-0.000064,2.489076,8.890970,6017,-1,29,-7
33.776844,0.008304,-0.190553,-2.309646,0.000010,0.342832,0.294376,0.000360,1.249447,0.624061,0.174315,-0.000042,0.000008,10.000000,-195.000000,-71.000000,0.125363,0.000001,0.000000,0.000000,0.000000,2.211060,226.000000,0.000000,0.000000,0.000000,0.000000,33.775867,-104.477608,-105.701736,0.000000,-104.993423,-0.000062,2.489082,8.890970,6017,-1,29,-7
33.778797,0.008304,-0.189863,-2.309055,0.000011,0.345328,0.295619,0.000343,1.247530,0.620614,0.174315,-0.000040,0.000009,10.000000,-195.000000,-71.000000,0.125363,0.000001,0.000000,0.000000,0.000000,2.211060,226.000000,0.000000,0.000000,0.000000,0.000000,33.777821,-104.477608,-105.701736,0.000000,-104.993423,-0.000059,2.489091,8.890970,6017,-1,29,-7
33.780750,0.008304,-0.189168,-2.308461,0.000012,0.347820,0.296856,0.000325,1.245579,0.617385,0.174314,-0.000038,0.000009,10.000000,-195.000000,-71.000000,0.125363,0.000001,0.000000,0.000000,0.000000,2.211060,226.000000,0.000000,0.000000,0.000000,0.000000,33.779778,-104.477608,-105.701736,0.000000,-104.993423,-0.000055,2.489103,8.890970,6017,-1,29,-7
33.782707,0.008304,-0.188468,-2.307865,0.000012,0.350309,0.298086,0.000307,1.243596,0.614356,0.174313,-0.000036,0.000009,10.000000,-195.000000,-71.000000,0.125363,0.000001,0.000000,0.000000,0.000000,2.211060,226.000000,0.000000,0.000000,0.000000,0.000000,33.781727,-104.477608,-105.701736,0.000000,-104.993423,-0.000050,2.489118,8.890970,6017,0,29,-7
33.784660,0.008304,-0.187763,-2.307266,0.000013,0.352793,0.299310,0.000290,1.241585,0.611507,0.174313,-0.000035,0.000009,10.000000,-195.000000,-71.000000,0.125363,0.000001,0.000000,0.000000,0.000000,2.211060,226.000000,0.000000,0.000000,0.000000,0.000000,33.783684,-104.477608,-105.701736,0.000000,-104.993423,-0.000045,2.489136,8.890970,6017,0,29,-7
33.786613,0.008304,-0.187053,-2.306665,0.000013,0.355273,0.300529,0.000273,1.239549,0.608823,0.174312,-0.000033,0.000009,10.000000,-195.000000,-71.000000,0.125363,0.000001,0.000000,0.000000,0.000000,2.211060,226.000000,0.000000,0.000000,0.000000,0.000000,33.785637,-104.477608,-105.701736,0.000000,-104.993423,-0.000038,2.489156,8.890970,6017,0,29,-7
33.788567,0.008304,-0.186338,-2.306062,0.000014,0.357749,0.301743,0.000255,1.237490,0.606288,0.174311,-0.000031,0.000010,10.000000,-195.000000,-71.000000,0.125363,0.000001,0.000000,0.000000,0.000000,2.211060,226.000000,0.000000,0.000000,0.000000,0.000000,33.787594,-104.477608,-105.701736,0.000000,-104.993423,-0.000031,2.489178,8.890970,6017,0,29,-8
33.790524,0.008304,-0.185618,-2.305456,0.000014,0.360221,0.302952,0.000238,1.235413,0.603888,0.174310,-0.000029,0.000010,10.000000,-195.000000,-71.000000,0.125363,0.000001,0.000000,0.000000,0.000000,2.211060,226.000000,0.000000,0.000000,0.000000,0.000000,33.789543,-104.477608,-105.701736,0.000000,-104.993423,-0.000031,2.489178,8.890970,6017,0,29,-8
33.792477,0.008304,-0.184893,-2.304847,0.000015,0.362688,0.304156,0.000221,1.233317,0.601611,0.174309,-0.000027,0.000010,10.000000,-195.000000,-71.000000,0.125363,0.000001,0.000000,0.000000,0.000000,2.211060,226.000000,0.000000,0.000000,0.000000,0.000000,33.791500,-104.477608,-105.701736,0.000000,-104.993423,-0.000037,2.489160,8.890970,6017,0,28,-8
33.794430,0.008304,-0.184163,-2.304237,0.000015,0.365152,0.305356,0.000203,1.231205,0.599445,0.174307,-0.000025,0.000010,10.000000,-195.000000,-71.000000,0.125363,0.000001,0.000000,0.000000,0.000000,2.211060,226.000000,0.000000,0.000000,0.000000,0.000000,33.793453,-104.477608,-105.701736,0.000000,-104.993423,-0.000041,2.489147,8.890970,6017,0,28,-8
33.796383,0.008304,-0.183428,-2.303624,0.000016,0.367611,0.306552,0.000186,1.229079,0.597380,0.174306,-0.000023,0.000011,10.000000,-195.000000,-71.000000,0.125363,0.000001,0.000000,0.000000,0.000000,2.211060,226.000000,0.000000,0.000000,0.000000,0.000000,33.795406,-104.477608,-105.701736,0.000000,-104.993423,-0.000044,2.489139,8.890970,6017,0,28,-8
33.798340,0.008304,-0.182689,-2.303008,0.000016,0.370066,0.307744,0.000170,1.226941,0.595408,0.174305,-0.000022,0.000011,10.000000,-195.000000,-71.000000,0.125363,0.000001,0.000000,0.000000,0.000000,2.211060,226.000000,0.000000,0.000000,0.000000,0.000000,33.797359,-104.477608,-105.701736,0.000000,-104.993423,-0.000045,2.489135,8.890970,6017,0,28,-8
33.800293,0.008304,-0.181944,-2.302390,0.000016,0.372517,0.308932,0.000153,1.224792,0.593519,0.174304,-0.000020,0.000011,10.000000,-195.000000,-71.000000,0.125363,0.000001,0.000000,0.000000,0.000000,2.211060,226.000000,0.000000,0.000000,0.000000,0.000000,33.799316,-104.477608,-105.701736,0.000000,-104.993423,-0.000045,2.489134,8.890970,6017,0,28,-8
33.802246,0.008304,-0.181195,-2.301770,0.000017,0.374963,0.310116,0.000137,1.222635,0.591707,0.174302,-0.000018,0.000011,10.000000,-195.000000,-71.000000,0.125363,0.000001,0.000000,0.000000,0.000000,2.211060,226.000000,0.000000,0.000000,0.000000,0.000000,33.801270,-104.477608,-105.701736,0.000000,-104.993423,-0.000044,2.489138,8.890970,6017,0,28,-8
33.804199,0.008304,-0.180440,-2.301147,0.000017,0.377405,0.311297,0.000122,1.220469,0.589964,0.174301,-0.000017,0.000012,10.000000,-195.000000,-71.000000,0.125363,0.000001,0.000000,0.000000,0.000000,2.211060,226.000000,0.000000,0.000000,0.000000,0.000000,33.803223,-104.477608,-105.701736,0.000000,-104.993423,-0.000042,2.489145,8.890970,6017,0,28,-8
33.806152,0.008304,-0.179681,-2.300523,0.000017,0.379843,0.312474,0.000108,1.218296,0.588284,0.174299,-0.000015,0.000012,10.000000,-195.000000,-71.000000,0.125363,0.000001,0.000000,0.000000,0.000000,2.211060,226.000000,0.000000,0.000000,0.000000,0.000000,33.805176,-104.477608,-105.701736,0.000000,-104.993423,-0.000039,2.489154,8.890970,6017,0,28,-8
33.808109,0.008304,-0.178917,-2.299895,0.000017,0.382276,0.313648,0.000094,1.216117,0.586662,0.174298,-0.000014,0.000012,10.000000,-195.000000,-71.000000,0.125363,0.000001,0.000000,0.000000,0.000000,2.211060,226.000000,0.000000,0.000000,0.000000,0.000000,33.807133,-104.477608,-105.701736,0.000000,-104.993423,-0.000035,2.489167,8.890970,6017,0,28,-8
33.810062,0.008304,-0.178148,-2.299265,0.000017,0.384705,0.314819,0.000081,1.213934,0.585091,0.174296,-0.000012,0.000012,10.000000,-195.000000,-71.000000,0.125363,0.000001,0.000000,0.000000,0.000000,2.211060,226.000000,0.000000,0.000000,0.000000,0.000000,33.809086,-104.477608,-105.701736,0.000000,-104.993423,-0.000030,2.489183,8.890970,6017,0,29,-8
33.812016,0.008304,-0.177374,-2.298633,0.000018,0.387130,0.315987,0.000069,1.211746,0.583569,0.174295,-0.000011,0.000012,10.000000,-195.000000,-71.000000,0.125363,0.000001,0.000000,0.000000,0.000000,2.211060,226.000000,0.000000,0.000000,0.000000,0.000000,33.811039,-104.477608,-105.701736,0.000000,-104.993423,-0.000024,2.489201,8.890970,6017,0,29,-9
33.813969,0.008304,-0.176596,-2.297999,0.000018,0.389550,0.317152,0.000058,1.209557,0.582091,0.174293,-0.000010,0.000012,10.000000,-195.000000,-71.000000,0.125363,0.000001,0.000000,0.000000,0.000000,2.211060,226.000000,0.000000,0.000000,0.000000,0.000000,33.812992,-104.477608,-105.701736,0.000000,-104.993423,-0.000025,2.489198,8.890970,6017,0,29,-9
33.815926,0.008304,-0.175812,-2.297362,0.000018,0.391966,0.318314,0.000048,1.207363,0.580652,0.174292,-0.000009,0.000013,10.000000,-195.000000,-71.000000,0.125363,0.000001,0.000000,0.000000,0.000000,2.211060,226.000000,0.000000,0.000000,0.000000,0.000000,33.814949,-104.477608,-105.701736,0.000000,-104.993423,-0.000032,2.489176,8.890970,6017,0,29,-9
33.817879,0.008304,-0.175024,-2.296723,0.000018,0.394377,0.319473,0.000038,1.205168,0.579248,0.174290,-0.000008,0.000013,10.000000,-195.000000,-71.000000,0.125363,0.000001,0.000000,0.000000,0.000000,2.211060,226.000000,0.000000,0.000000,0.000000,0.000000,33.816898,-104.477608,-105.701736,0.000000,-104.993423,-0.000037,2.489159,8.890970,6017,0,29,-9
33.819832,0.008304,-0.174231,-2.296082,0.000018,0.396784,0.320630,0.000029,1.202971,0.577878,0.174288,-0.000007,0.000013,10.000000,-193.000000,-76.000000,0.125363,0.000001,0.000000,0.000000,0.000000,2.211060,270.000000,0.000000,0.000000,0.000000,0.000000,33.818855,-104.477608,-105.701736,0.000000,-104.993423,-0.000041,2.489147,8.890970,6017,0,29,-9
33.821785,0.008304,-0.173433,-2.295439,0.000018,0.399187,0.321784,0.000020,1.200773,0.576537,0.174287,-0.000006,0.000013,10.000000,-193.000000,-76.000000,0.230565,0.000004,0.000000,0.000000,0.066000,1.289435,270.000000,0.000000,0.000000,0.000000,0.000000,33.820808,-75.757591,-90.140289,435.151855,55.181915,-0.000043,2.122668,8.901061,5963,0,29,-9
33.823738,0.008305,-0.172630,-2.294792,0.000018,0.401584,0.322942,0.000012,1.197583,0.580855,0.174285,-0.000005,0.000013,10.000000,-193.000000,-76.000000,0.230565,0.000004,0.000000,0.000000,0.000000,1.289435,270.000000,0.000000,0.000000,0.000000,0.000000,33.822765,-75.757591,-90.140289,435.151855,55.181915,-0.000045,2.122664,8.901061,5963,0,29,-9
33.825695,0.008305,-0.171822,-2.294144,0.000018,0.403974,0.324112,0.000005,1.194168,0.586477,0.174283,-0.000004,0.000013,10.000000,-193.000000,-76.000000,0.230565,0.000004,0.000000,0.000000,0.000000,1.289435,270.000000,0.000000,0.000000,0.000000,0.000000,33.824715,-75.757591,-90.140289,435.151855,55.181915,-0.000045,2.122663,8.901061,5963,0,29,-9
33.827648,0.008305,-0.171010,-2.293494,0.000018,0.406357,0.325293,-0.000003,1.190868,0.591465,0.174282,-0.000003,0.000013,10.000000,-193.000000,-76.000000,0.230565,0.000004,0.000000,0.000000,0.000000,1.289435,270.000000,0.000000,0.000000,0.000000,0.000000,33.826672,-75.757591,-90.140289,435.151855,55.181915,-0.000044,2.122665,8.901061,5963,0,29,-9
33.829601,0.008305,-0.170193,-2.292840,0.000018,0.408734,0.326483,-0.000010,1.187675,0.595879,0.174280,-0.000003,0.000013,10.000000,-193.000000,-76.000000,0.230565,0.000004,0.000000,0.000000,0.000000,1.289435,270.000000,0.000000,0.000000,0.000000,0.000000,33.828625,-75.757591,-90.140289,435.151855,55.181915,-0.000042,2.122671,8.901061,5963,0,29,-9
33.831554,0.008305,-0.169371,-2.292185,0.000018,0.411105,0.327680,-0.000017,1.184578,0.599772,0.174278,-0.000002,0.000013,10.000000,-193.000000,-76.000000,0.230565,0.000004,0.000000,0.000000,0.000000,1.289435,270.000000,0.000000,0.000000,0.000000,0.000000,33.830582,-75.757591,-90.140289,435.151855,55.181915,-0.000040,2.122680,8.901061,5963,0,29,-9
33.833511,0.008305,-0.168544,-2.291527,0.000018,0.413469,0.328885,-0.000024,1.181568,0.603192,0.174276,-0.000001,0.000013,10.000000,-193.000000,-76.000000,0.230565,0.000004,0.000000,0.000000,0.000000,1.289435,270.000000,0.000000,0.000000,0.000000,0.000000,33.832531,-75.757591,-90.140289,435.151855,55.181915,-0.000036,2.122691,8.901061,5963,0,29,-9
33.835464,0.008305,-0.167713,-2.290867,0.000018,0.415828,0.330096,-0.000030,1.178638,0.606184,0.174275,-0.000000,0.000013,10.000000,-193.000000,-76.000000,0.230565,0.000004,0.000000,0.000000,0.000000,1.289435,270.000000,0.000000,0.000000,0.000000,0.000000,33.834488,-75.757591,-90.140289,435.151855,55.181915,-0.000031,2.122706,8.901061,5963,0,29,-9
33.837418,0.008305,-0.166877,-2.290204,0.000018,0.418181,0.331312,-0.000037,1.175780,0.608787,0.174273,0.000000,0.000013,10.000000,-193.000000,-76.000000,0.230565,0.000004,0.000000,0.000000,0.000000,1.289435,270.000000,0.000000,0.000000,0.000000,0.000000,33.836441,-75.757591,-90.140289,435.151855,55.181915,-0.000026,2.122723,8.901061,5963,0,29,-9
33.839371,0.008305,-0.166036,-2.289539,0.000018,0.420528,0.332533,-0.000044,1.172990,0.611039,0.174271,0.000001,0.000013,10.000000,-193.000000,-76.000000,0.230565,0.000004,0.000000,0.000000,0.000000,1.289435,270.000000,0.000000,0.000000,0.000000,0.000000,33.838394,-75.757591,-90.140289,435.151855,55.181915,-0.000020,2.122742,8.901061,5963,0,29,-10
33.841328,0.008305,-0.165191,-2.288872,0.000018,0.422870,0.333758,-0.000050,1.170261,0.612971,0.174269,0.000002,0.000014,10.000000,-193.000000,-76.000000,0.230565,0.000004,0.000000,0.000000,0.000000,1.289435,270.000000,0.000000,0.000000,0.000000,0.000000,33.840347,-75.757591,-90.140289,435.151855,55.181915,-0.000020,2.122740,8.901061,5963,0,29,-10
33.843281,0.008305,-0.164341,-2.288202,0.000017,0.425207,0.334987,-0.000057,1.167586,0.614614,0.174268,0.000003,0.000014,10.000000,-193.000000,-76.000000,0.230565,0.000004,0.000000,0.000000,0.000000,1.289435,270.000000,0.000000,0.000000,0.000000,0.000000,33.842304,-75.757591,-90.140289,435.151855,55.181915,-0.000027,2.122719,8.901061,5963,0,29,-10
33.845234,0.008305,-0.163486,-2.287529,0.000017,0.427538,0.336218,-0.000064,1.164962,0.615996,0.174266,0.000003,0.000014,10.000000,-193.000000,-76.000000,0.230565,0.000004,0.000000,0.000000,0.000000,1.289435,270.000000,0.000000,0.000000,0.000000,0.000000,33.844257,-75.757591,-90.140289,435.151855,55.181915,-0.000032,2.122702,8.901061,5963,0,29,-10
33.847187,0.008305,-0.162627,-2.286854,0.000017,0.429864,0.337452,-0.000071,1.162383,0.617139,0.174264,0.000004,0.000014,10.000000,-193.000000,-76.000000,0.230565,0.000004,0.000000,0.000000,0.000000,1.289435,270.000000,0.000000,0.000000,0.000000,0.000000,33.846210,-75.757591,-90.140289,435.151855,55.181915,-0.000036,2.122691,8.901061,5963,0,29,-10
33.849140,0.008305,-0.161763,-2.286177,0.000017,0.432185,0.338687,-0.000077,1.159847,0.618068,0.174262,0.000005,0.000014,10.000000,-193.000000,-76.000000,0.230565,0.000004,0.000000,0.000000,0.000000,1.289435,270.000000,0.000000,0.000000,0.000000,0.000000,33.848164,-75.757591,-90.140289,435.151855,55.181915,-0.000038,2.122684,8.901061,5963,0,29,-10
33.851097,0.008305,-0.160894,-2.285497,0.000017,0.434501,0.339925,-0.000084,1.157350,0.618801,0.174261,0.000006,0.000014,10.000000,-193.000000,-76.000000,0.230565,0.000004,0.000000,0.000000,0.000000,1.289435,270.000000,0.000000,0.000000,0.000000,0.000000,33.850121,-75.757591,-90.140289,435.151855,55.181915,-0.000039,2.122681,8.901061,5963,0,29,-10
33.853050,0.008305,-0.160021,-2.284814,0.000017,0.436812,0.341163,-0.000091,1.154888,0.619359,0.174259,0.000006,0.000014,10.000000,-193.000000,-76.000000,0.230565,0.000004,0.000000,0.000000,0.000000,1.289435,270.000000,0.000000,0.000000,0.000000,0.000000,33.852074,-75.757591,-90.140289,435.151855,55.181915,-0.000039,2.122681,8.901061,5963,0,29,-10
33.855003,0.008305,-0.159143,-2.284130,0.000017,0.439118,0.342402,-0.000097,1.152458,0.619756,0.174257,0.000007,0.000014,10.000000,-193.000000,-76.000000,0.230565,0.000004,0.000000,0.000000,0.000000,1.289435,270.000000,0.000000,0.000000,0.000000,0.000000,33.854027,-75.757591,-90.140289,435.151855,55.181915,-0.000038,2.122685,8.901061,5963,0,28,-10
33.856956,0.008305,-0.158260,-2.283442,0.000016,0.441419,0.343642,-0.000104,1.150059,0.620008,0.174255,0.000008,0.000014,10.000000,-193.000000,-76.000000,0.230565,0.000004,0.000000,0.000000,0.000000,1.289435,270.000000,0.000000,0.000000,0.000000,0.000000,33.855980,-75.757591,-90.140289,435.151855,55.181915,-0.000035,2.122693,8.901061,5963,0,28,-10
33.858913,0.008305,-0.157373,-2.282752,0.000016,0.443716,0.344883,-0.000110,1.147686,0.620129,0.174253,0.000009,0.000014,10.000000,-193.000000,-76.000000,0.230565,0.000004,0.000000,0.000000,0.000000,1.289435,270.000000,0.000000,0.000000,0.000000,0.000000,33.857937,-75.757591,-90.140289,435.151855,55.181915,-0.000032,2.122703,8.901061,5963,0,28,-10
33.860867,0.008305,-0.156481,-2.282060,0.000016,0.446008,0.346123,-0.000116,1.145340,0.620131,0.174252,0.000009,0.000014,10.000000,-193.000000,-76.000000,0.230565,0.000004,0.000000,0.000000,0.000000,1.289435,270.000000,0.000000,0.000000,0.000000,0.000000,33.859886,-75.757591,-90.140289,435.151855,55.181915,-0.000028,2.122715,8.901061,5963,0,28,-10
33.862820,0.008305,-0.155585,-2.281365,0.000016,0.448295,0.347363,-0.000122,1.143016,0.620025,0.174250,0.000010,0.000014,10.000000,-193.000000,-76.000000,0.230565,0.000004,0.000000,0.000000,0.000000,1.289435,270.000000,0.000000,0.000000,0.000000,0.000000,33.861843,-75.757591,-90.140289,435.151855,55.181915,-0.000023,2.122730,8.901061,5963,0,28,-10
33.864773,0.008305,-0.154684,-2.280668,0.000015,0.450578,0.348603,-0.000127,1.140714,0.619822,0.174248,0.000011,0.000014,10.000000,-193.000000,-76.000000,0.230565,0.000004,0.000000,0.000000,0.000000,1.289435,270.000000,0.000000,0.000000,0.000000,0.000000,33.863796,-75.757591,-90.140289,435.151855,55.181915,-0.000018,2.122748,8.901061,5963,0,28,-10
33.866730,0.008305,-0.153778,-2.279968,0.000015,0.452856,0.349842,-0.000132,1.138432,0.619532,0.174246,0.000011,0.000014,10.000000,-193.000000,-76.000000,0.230565,0.000004,0.000000,0.000000,0.000000,1.289435,270.000000,0.000000,0.000000,0.000000,0.000000,33.865753,-75.757591,-90.140289,435.151855,55.181915,-0.000011,2.122768,8.901061,5963,0,28,-10
33.868683,0.008305,-0.152868,-2.279266,0.000015,0.455129,0.351081,-0.000136,1.136168,0.619161,0.174244,0.000011,0.000014,10.000000,-193.000000,-76.000000,0.230565,0.000004,0.000000,0.000000,0.000000,1.289435,270.000000,0.000000,0.000000,0.000000,0.000000,33.867702,-75.757591,-90.140289,435.151855,55.181915,-0.000005,2.122790,8.901061,5963,0,28,-11
33.870636,0.008305,-0.151954,-2.278561,0.000015,0.457398,0.352318,-0.000139,1.133923,0.618720,0.174243,0.000012,0.000014,10.000000,-193.000000,-76.000000,0.230565,0.000004,0.000000,0.000000,0.000000,1.289435,270.000000,0.000000,0.000000,0.000000,0.000000,33.869659,-75.757591,-90.140289,435.151855,55.181915,-0.000004,2.122790,8.901061,5963,0,29,-11
33.872589,0.008305,-0.151035,-2.277854,0.000014,0.459663,0.353555,-0.000142,1.131691,0.618213,0.174241,0.000012,0.000014,10.000000,-193.000000,-76.000000,0.230565,0.000004,0.000000,0.000000,0.000000,1.289435,270.000000,0.000000,0.000000,0.000000,0.000000,33.871613,-75.757591,-90.140289,435.151855,55.181915,-0.000011,2.122771,8.901061,5963,0,29,-11
33.874542,0.008305,-0.150111,-2.277144,0.000014,0.461923,0.354790,-0.000144,1.129474,0.617648,0.174239,0.000012,0.000014,10.000000,-193.000000,-76.000000,0.230565,0.000004,0.000000,0.000000,0.000000,1.289435,270.000000,0.000000,0.000000,0.000000,0.000000,33.873569,-75.757591,-90.140289,435.151855,55.181915,-0.000015,2.122756,8.901061,5963,0,29,-11
33.876499,0.008305,-0.149183,-2.276432,0.000014,0.464178,0.356025,-0.000146,1.127271,0.617030,0.174237,0.000013,0.000014,10.000000,-193.000000,-76.000000,0.230565,0.000004,0.000000,0.000000,0.000000,1.289435,270.000000,0.000000,0.000000,0.000000,0.000000,33.875519,-75.757591,-90.140289,435.151855,55.181915,-0.000018,2.122747,8.901061,5963,0,29,-11
33.878452,0.008305,-0.148250,-2.275718,0.000013,0.466430,0.357258,-0.000147,1.125080,0.616364,0.174235,0.000013,0.000014,10.000000,-190.000000,-80.000000,0.230565,0.000004,0.000000,0.000000,0.000000,1.289435,294.000000,0.000000,0.000000,0.000000,0.000000,33.877476,-75.757591,-90.140289,435.151855,55.181915,-0.000020,2.122741,8.901061,5963,1,29,-11
33.880405,0.008305,-0.147313,-2.275001,0.000013,0.468676,0.358490,-0.000148,1.122902,0.615653,0.174234,0.000013,0.000014,10.000000,-190.000000,-80.000000,0.268055,0.000003,0.000000,0.000000,0.067000,0.622167,294.000000,0.000000,0.000000,0.000000,0.000000,33.879429,-59.701466,-72.243813,239.643555,124.628754,-0.000021,1.701277,8.918955,5917,1,29,-11
33.882359,0.008305,-0.146371,-2.274281,0.000013,0.470918,0.359726,-0.000148,1.119891,0.619699,0.174232,0.000013,0.000014,10.000000,-190.000000,-80.000000,0.268055,0.000003,0.000000,0.000000,0.000000,0.622167,294.000000,0.000000,0.000000,0.000000,0.000000,33.881386,-59.701466,-72.243813,239.643555,124.628754,-0.000020,1.701278,8.918955,5917,1,29,-11
33.884315,0.008306,-0.145425,-2.273559,0.000013,0.473153,0.360973,-0.000148,1.116698,0.624802,0.174230,0.000013,0.000014,10.000000,-190.000000,-80.000000,0.268055,0.000003,0.000000,0.000000,0.000000,0.622167,294.000000,0.000000,0.000000,0.000000,0.000000,33.883335,-59.701466,-72.243813,239.643555,124.628754,-0.000019,1.701282,8.918955,5917,1,29,-11
33.886269,0.008306,-0.144475,-2.272834,0.000012,0.475382,0.362230,-0.000148,1.113614,0.629312,0.174228,0.000013,0.000014,10.000000,-190.000000,-80.000000,0.268055,0.000003,0.000000,0.000000,0.000000,0.622167,294.000000,0.000000,0.000000,0.000000,0.000000,33.885292,-59.701466,-72.243813,239.643555,124.628754,-0.000017,1.701288,8.918955,5917,1,29,-11
33.888222,0.008306,-0.143520,-2.272107,0.000012,0.477604,0.363494,-0.000147,1.110628,0.633287,0.174226,0.000013,0.000014,10.000000,-190.000000,-80.000000,0.268055,0.000003,0.000000,0.000000,0.000000,0.622167,294.000000,0.000000,0.000000,0.000000,0.000000,33.887245,-59.701466,-72.243813,239.643555,124.628754,-0.000014,1.701298,8.918955,5917,1,29,-11
33.890175,0.008306,-0.142560,-2.271378,0.000012,0.479821,0.364766,-0.000146,1.107733,0.636776,0.174225,0.000013,0.000014,10.000000,-190.000000,-80.000000,0.268055,0.000003,0.000000,0.000000,0.000000,0.622167,294.000000,0.000000,0.000000,0.000000,0.000000,33.889198,-59.701466,-72.243813,239.643555,124.628754,-0.000010,1.701310,8.918955,5917,1,29,-11
33.892132,0.008306,-0.141596,-2.270645,0.000011,0.482032,0.366044,-0.000145,1.104920,0.639825,0.174223,0.000013,0.000014,10.000000,-190.000000,-80.000000,0.268055,0.000003,0.000000,0.000000,0.000000,0.622167,294.000000,0.000000,0.000000,0.000000,0.000000,33.891151,-59.701466,-72.243813,239.643555,124.628754,-0.000005,1.701325,8.918955,5917,1,29,-11
33.894085,0.008306,-0.140628,-2.269911,0.000011,0.484238,0.367328,-0.000144,1.102182,0.642473,0.174221,0.000013,0.000014,10.000000,-190.000000,-80.000000,0.268055,0.000003,0.000000,0.000000,0.000000,0.622167,294.000000,0.000000,0.000000,0.000000,0.000000,33.893108,-59.701466,-72.243813,239.643555,124.628754,0.000000,1.701342,8.918955,5917,1,29,-12
33.896038,0.008306,-0.139655,-2.269173,0.000011,0.486439,0.368617,-0.000143,1.099514,0.644760,0.174220,0.000012,0.000014,10.000000,-190.000000,-80.000000,0.268055,0.000003,0.000000,0.000000,0.000000,0.622167,294.000000,0.000000,0.000000,0.000000,0.000000,33.895061,-59.701466,-72.243813,239.643555,124.628754,-0.000001,1.701338,8.918955,5917,1,29,-12
33.897991,0.008306,-0.138678,-2.268434,0.000010,0.488634,0.369909,-0.000141,1.096906,0.646719,0.174218,0.000012,0.000014,10.000000,-190.000000,-80.000000,0.268055,0.000003,0.000000,0.000000,0.000000,0.622167,294.000000,0.000000,0.000000,0.000000,0.000000,33.897015,-59.701466,-72.243813,239.643555,124.628754,-0.000008,1.701315,8.918955,5917,1,29,-12
33.899944,0.008306,-0.137696,-2.267691,0.000010,0.490824,0.371205,-0.000139,1.094356,0.648381,0.174217,0.000012,0.000014,10.000000,-190.000000,-80.000000,0.268055,0.000003,0.000000,0.000000,0.000000,0.622167,294.000000,0.000000,0.000000,0.000000,0.000000,33.898968,-59.701466,-72.243813,239.643555,124.628754,-0.000014,1.701297,8.918955,5917,1,29,-12
33.901901,0.008306,-0.136710,-2.266946,0.000010,0.493009,0.372504,-0.000138,1.091857,0.649774,0.174216,0.000012,0.000014,10.000000,-190.000000,-80.000000,0.268055,0.000003,0.000000,0.000000,0.000000,0.622167,294.000000,0.000000,0.000000,0.000000,0.000000,33.900925,-59.701466,-72.243813,239.643555,124.628754,-0.000018,1.701284,8.918955,5917,1,29,-12
33.903854,0.008306,-0.135720,-2.266198,0.000010,0.495189,0.373805,-0.000136,1.089407,0.650922,0.174214,0.000012,0.000014,10.000000,-190.000000,-80.000000,0.268055,0.000003,0.000000,0.000000,0.000000,0.622167,294.000000,0.000000,0.000000,0.000000,0.000000,33.902878,-59.701466,-72.243813,239.643555,124.628754,-0.000021,1.701275,8.918955,5917,1,29,-12
33.905807,0.008306,-0.134726,-2.265448,0.000009,0.497364,0.375108,-0.000133,1.087001,0.651849,0.174213,0.000012,0.000014,10.000000,-190.000000,-80.000000,0.268055,0.000003,0.000000,0.000000,0.000000,0.622167,294.000000,0.000000,0.000000,0.000000,0.000000,33.904831,-59.701466,-72.243813,239.643555,124.628754,-0.000023,1.701271,8.918955,5917,1,29,-12
33.907761,0.008306,-0.133727,-2.264695,0.000009,0.499534,0.376413,-0.000131,1.084635,0.652576,0.174212,0.000011,0.000014,10.000000,-190.000000,-80.000000,0.268055,0.000003,0.000000,0.000000,0.000000,0.622167,294.000000,0.000000,0.000000,0.000000,0.000000,33.906784,-59.701466,-72.243813,239.643555,124.628754,-0.000023,1.701270,8.918955,5917,1,29,-12
33.909718,0.008306,-0.132723,-2.263939,0.000009,0.501700,0.377719,-0.000129,1.082307,0.653121,0.174211,0.000011,0.000014,10.000000,-190.000000,-80.000000,0.268055,0.000003,0.000000,0.000000,0.000000,0.622167,294.000000,0.000000,0.000000,0.000000,0.000000,33.908741,-59.701466,-72.243813,239.643555,124.628754,-0.000022,1.701272,8.918955,5917,1,29,-12
33.911671,0.008306,-0.131716,-2.263181,0.000009,0.503861,0.379026,-0.000126,1.080012,0.653503,0.174210,0.000011,0.000014,10.000000,-190.000000,-80.000000,0.268055,0.000003,0.000000,0.000000,0.000000,0.622167,294.000000,0.000000,0.000000,0.000000,0.000000,33.910690,-59.701466,-72.243813,239.643555,124.628754,-0.000020,1.701278,8.918955,5917,1,29,-12
33.913624,0.008306,-0.130704,-2.262420,0.000008,0.506018,0.380333,-0.000124,1.077749,0.653735,0.174210,0.000011,0.000014,10.000000,-190.000000,-80.000000,0.268055,0.000003,0.000000,0.000000,0.000000,0.622167,294.000000,0.000000,0.000000,0.000000,0.000000,33.912647,-59.701466,-72.243813,239.643555,124.628754,-0.000018,1.701287,8.918955,5917,1,29,-12
33.915577,0.008306,-0.129687,-2.261657,0.000008,0.508170,0.381641,-0.000121,1.075515,0.653832,0.174209,0.000010,0.000013,10.000000,-190.000000,-80.000000,0.268055,0.000003,0.000000,0.000000,0.000000,0.622167,294.000000,0.000000,0.000000,0.000000,0.000000,33.914600,-59.701466,-72.243813,239.643555,124.628754,-0.000014,1.701298,8.918955,5917,1,29,-12
33.917534,0.008306,-0.128667,-2.260891,0.000008,0.510318,0.382949,-0.000118,1.073307,0.653808,0.174209,0.000010,0.000013,10.000000,-190.000000,-80.000000,0.268055,0.000003,0.000000,0.000000,0.000000,0.622167,294.000000,0.000000,0.000000,0.000000,0.000000,33.916557,-59.701466,-72.243813,239.643555,124.628754,-0.000010,1.701312,8.918955,5917,1,29,-12
33.919487,0.008306,-0.127642,-2.260123,0.000008,0.512461,0.384256,-0.000116,1.071124,0.653673,0.174208,0.000010,0.000013,10.000000,-190.000000,-80.000000,0.268055,0.000003,0.000000,0.000000,0.000000,0.622167,294.000000,0.000000,0.000000,0.000000,0.000000,33.918507,-59.701466,-72.243813,239.643555,124.628754,-0.000004,1.701328,8.918955,5917,1,29,-12
33.921440,0.008306,-0.126613,-2.259351,0.000007,0.514600,0.385563,-0.000113,1.068965,0.653439,0.174208,0.000010,0.000013,10.000000,-190.000000,-80.000000,0.268055,0.000003,0.000000,0.000000,0.000000,0.622167,294.000000,0.000000,0.000000,0.000000,0.000000,33.920464,-59.701466,-72.243813,239.643555,124.628754,0.000002,1.701347,8.918955,5917,1,29,-13
33.923393,0.008306,-0.125579,-2.258577,0.000007,0.516735,0.386870,-0.000110,1.066828,0.653114,0.174208,0.000009,0.000013,10.000000,-190.000000,-80.000000,0.268055,0.000003,0.000000,0.000000,0.000000,0.622167,294.000000,0.000000,0.000000,0.000000,0.000000,33.922417,-59.701466,-72.243813,239.643555,124.628754,0.000000,1.701343,8.918955,5917,0,29,-13
33.925346,0.008306,-0.124542,-2.257801,0.000007,0.518865,0.388175,-0.000107,1.064709,0.652708,0.174208,0.000009,0.000013,10.000000,-190.000000,-80.000000,0.268055,0.000003,0.000000,0.000000,0.000000,0.622167,294.000000,0.000000,0.000000,0.000000,0.000000,33.924374,-59.701466,-72.243813,239.643555,124.628754,-0.000007,1.701321,8.918955,5917,0,29,-13
33.927303,0.008306,-0.123500,-2.257022,0.000007,0.520991,0.389480,-0.000104,1.062608,0.652228,0.174209,0.000009,0.000013,10.000000,-190.000000,-80.000000,0.268055,0.000003,0.000000,0.000000,0.000000,0.622167,294.000000,0.000000,0.000000,0.000000,0.000000,33.926323,-59.701466,-72.243813,239.643555,124.628754,-0.000012,1.701303,8.918955,5917,0,29,-13
33.929256,0.008306,-0.122453,-2.256240,0.000007,0.523114,0.390784,-0.000100,1.060524,0.651681,0.174209,0.000008,0.000013,10.000000,-190.000000,-80.000000,0.268055,0.000003,0.000000,0.000000,0.000000,0.622167,294.000000,0.000000,0.000000,0.000000,0.000000,33.928280,-59.701466,-72.243813,239.643555,124.628754,-0.000017,1.701290,8.918955,5917,0,29,-13
33.931210,0.008306,-0.121403,-2.255456,0.000006,0.525231,0.392086,-0.000097,1.058456,0.651074,0.174210,0.000008,0.000013,10.000000,-190.000000,-80.000000,0.268055,0.000003,0.000000,0.000000,0.000000,0.622167,294.000000,0.000000,0.000000,0.000000,0.000000,33.930233,-59.701466,-72.243813,239.643555,124.628754,-0.000019,1.701281,8.918955,5917,0,29,-13
33.933163,0.008306,-0.120348,-2.254669,0.000006,0.527345,0.393387,-0.000094,1.056403,0.650412,0.174210,0.000008,0.000013,10.000000,-190.000000,-80.000000,0.268055,0.000003,0.000000,0.000000,0.000000,0.622167,294.000000,0.000000,0.000000,0.000000,0.000000,33.932186,-59.701466,-72.243813,239.643555,124.628754,-0.000021,1.701276,8.918955,5917,0,29,-13
33.935120,0.008306,-0.119289,-2.253879,0.000006,0.529455,0.394687,-0.000091,1.054363,0.649701,0.174211,0.000007,0.000013,10.000000,-190.000000,-80.000000,0.268055,0.000003,0.000000,0.000000,0.000000,0.622167,294.000000,0.000000,0.000000,0.000000,0.000000,33.934139,-59.701466,-72.243813,239.643555,124.628754,-0.000022,1.701274,8.918955,5917,0,29,-13
33.937073,0.008306,-0.118226,-2.253087,0.000006,0.531561,0.395985,-0.000089,1.052335,0.648946,0.174211,0.000007,0.000013,10.000000,-190.000000,-80.000000,0.268055,0.000003,0.000000,0.000000,0.000000,0.622167,294.000000,0.000000,0.000000,0.000000,0.000000,33.936096,-59.701466,-72.243813,239.643555,124.628754,-0.000021,1.701276,8.918955,5917,0,29,-13
33.939026,0.008306,-0.117159,-2.252293,0.000006,0.533662,0.397282,-0.000086,1.050319,0.648150,0.174212,0.000007,0.000013,10.000000,-190.000000,-80.000000,0.268055,0.000003,0.000000,0.000000,0.000000,0.622167,294.000000,0.000000,0.000000,0.000000,0.000000,33.938049,-59.701466,-72.243813,239.643555,124.628754,-0.000020,1.701280,8.918955,5917,0,29,-13
33.940979,0.008306,-0.116087,-2.251495,0.000005,0.535760,0.398577,-0.000084,1.048314,0.647318,0.174213,0.000007,0.000012,10.000000,-190.000000,-80.000000,0.268055,0.000003,0.000000,0.000000,0.000000,0.622167,294.000000,0.000000,0.000000,0.000000,0.000000,33.940002,-59.701466,-72.243813,239.643555,124.628754,-0.000017,1.701288,8.918955,5917,0,29,-13
33.942932,0.008306,-0.115012,-2.250695,0.000005,0.537854,0.399870,-0.000082,1.046320,0.646452,0.174214,0.000006,0.000012,10.000000,-190.000000,-80.000000,0.268055,0.000003,0.000000,0.000000,0.000000,0.622167,294.000000,0.000000,0.000000,0.000000,0.000000,33.941956,-59.701466,-72.243813,239.643555,124.628754,-0.000014,1.701298,8.918955,5917,0,29,-13
33.944889,0.008306,-0.113932,-2.249893,0.000005,0.539943,0.401162,-0.000080,1.044335,0.645558,0.174215,0.000006,0.000012,10.000000,-190.000000,-80.000000,0.268055,0.000003,0.000000,0.000000,0.000000,0.622167,294.000000,0.000000,0.000000,0.000000,0.000000,33.943913,-59.701466,-72.243813,239.643555,124.628754,-0.000010,1.701310,8.918955,5917,0,29,-13
33.946842,0.008306,-0.112848,-2.249088,0.000005,0.542029,0.402452,-0.000079,1.042359,0.644638,0.174216,0.000006,0.000012,10.000000,-190.000000,-80.000000,0.268055,0.000003,0.000000,0.000000,0.000000,0.622167,294.000000,0.000000,0.000000,0.000000,0.000000,33.945866,-59.701466,-72.243813,239.643555,124.628754,-0.000005,1.701325,8.918955,5917,0,29,-13
33.948795,0.008306,-0.111759,-2.248280,0.000005,0.544111,0.403739,-0.000078,1.040392,0.643693,0.174217,0.000006,0.000012,10.000000,-190.000000,-80.000000,0.268055,0.000003,0.000000,0.000000,0.000000,0.622167,294.000000,0.000000,0.000000,0.000000,0.000000,33.947819,-59.701466,-72.243813,239.643555,124.628754,0.000000,1.701342,8.918955,5917,0,29,-13
33.950748,0.008306,-0.110667,-2.247470,0.000005,0.546189,0.405025,-0.000077,1.038432,0.642728,0.174218,0.000006,0.000012,10.000000,-190.000000,-80.000000,0.268055,0.000003,0.000000,0.000000,0.000000,0.622167,294.000000,0.000000,0.000000,0.000000,0.000000,33.949772,-59.701466,-72.243813,239.643555,124.628754,0.000006,1.701360,8.918955,5917,0,29,-13
33.952705,0.008306,-0.109570,-2.246657,0.000005,0.548263,0.406309,-0.000076,1.036481,0.641743,0.174219,0.000006,0.000012,10.000000,-190.000000,-80.000000,0.268055,0.000003,0.000000,0.000000,0.000000,0.622167,294.000000,0.000000,0.000000,0.000000,0.000000,33.951729,-59.701466,-72.243813,239.643555,124.628754,0.000013,1.701381,8.918955,5917,0,29,-14
33.954659,0.008306,-0.108470,-2.245842,0.000004,0.550333,0.407591,-0.000076,1.034538,0.640741,0.174220,0.000006,0.000012,10.000000,-190.000000,-80.000000,0.268055,0.000003,0.000000,0.000000,0.000000,0.622167,294.000000,0.000000,0.000000,0.000000,0.000000,33.953678,-59.701466,-72.243813,239.643555,124.628754,0.000012,1.701380,8.918955,5917,0,29,-14
33.956612,0.008306,-0.107365,-2.245024,0.000004,0.552399,0.408871,-0.000076,1.032601,0.639724,0.174221,0.000006,0.000012,10.000000,-187.000000,-83.000000,0.268055,0.000003,0.000000,0.000000,0.000000,0.622167,306.000000,0.000000,0.000000,0.000000,0.000000,33.955635,-59.701466,-72.243813,239.643555,124.628754,0.000005,1.701359,8.918955,5917,0,29,-14
33.958565,0.008306,-0.106256,-2.244203,0.000004,0.554461,0.410149,-0.000076,1.030670,0.638693,0.174223,0.000006,0.000012,10.000000,-187.000000,-83.000000,0.270743,0.000001,0.000000,0.000000,0.067000,0.295580,306.000000,0.000000,0.000000,0.000000,0.000000,33.957588,-44.776138,-54.084827,222.766174,166.668900,0.000000,1.273698,8.933955,5881,-294,29,-14
33.960522,0.008306,-0.105143,-2.243380,0.000004,0.556519,0.411430,-0.000077,1.028085,0.641402,0.174223,0.000006,0.000012,10.000000,-187.000000,-83.000000,0.270743,0.000001,0.000000,0.000000,0.000000,0.295580,306.000000,0.000000,0.000000,0.000000,0.000000,33.959545,-44.776138,-54.084827,222.766174,166.668900,-0.000010,1.273665,8.933955,5881,-294,29,-14
33.962475,0.008306,-0.104025,-2.242555,0.000004,0.558571,0.412718,-0.000078,1.025331,0.644950,0.174219,0.000006,0.000012,10.000000,-187.000000,-83.000000,0.270743,0.000001,0.000000,0.000000,0.000000,0.295580,306.000000,0.000000,0.000000,0.000000,0.000000,33.961494,-44.776138,-54.084827,222.766174,166.668900,-0.000031,1.273601,8.933955,5881,-293,29,-14
33.964428,0.008306,-0.102904,-2.241727,0.000004,0.560617,0.414013,-0.000079,1.022611,0.648042,0.174207,0.000007,0.000012,10.000000,-187.000000,-83.000000,0.270743,0.000001,0.000000,0.000000,0.000000,0.295580,306.000000,0.000000,0.000000,0.000000,0.000000,33.963451,-44.776138,-54.084827,222.766174,166.668900,-0.000056,1.273522,8.933955,5881,-295,29,-14
33.966381,0.008306,-0.101779,-2.240896,0.000003,0.562658,0.415313,-0.000080,1.019890,0.650715,0.174186,0.000007,0.000012,10.000000,-187.000000,-83.000000,0.270743,0.000001,0.000000,0.000000,0.000000,0.295580,306.000000,0.000000,0.000000,0.000000,0.000000,33.965405,-44.776138,-54.084827,222.766174,166.668900,-0.000085,1.273431,8.933955,5881,-291,29,-14
33.968334,0.008306,-0.100649,-2.240062,0.000003,0.564694,0.416618,-0.000081,1.017139,0.653003,0.174152,0.000007,0.000012,10.000000,-187.000000,-83.000000,0.270743,0.000001,0.000000,0.000000,0.000000,0.295580,306.000000,0.000000,0.000000,0.000000,0.000000,33.967361,-44.776138,-54.084827,222.766174,166.668900,-0.000118,1.273328,8.933955,5881,-287,29,-14
33.970291,0.008306,-0.099516,-2.239226,0.000003,0.566724,0.417927,-0.000083,1.014333,0.654936,0.174104,0.000007,0.000012,10.000000,-187.000000,-83.000000,0.270743,0.000001,0.000000,0.000000,0.000000,0.295580,306.000000,0.000000,0.000000,0.000000,0.000000,33.969311,-44.776138,-54.084827,222.766174,166.668900,-0.000153,1.273216,8.933955,5881,-281,29,-14
33.972244,0.008306,-0.098378,-2.238388,0.000003,0.568749,0.419239,-0.000084,1.011447,0.656544,0.174039,0.000007,0.000011,10.000000,-187.000000,-83.000000,0.270743,0.000001,0.000000,0.000000,0.000000,0.295580,306.000000,0.000000,0.000000,0.000000,0.000000,33.971268,-44.776138,-54.084827,222.766174,166.668900,-0.000192,1.273095,8.933955,5881,-275,28,-14
33.974197,0.008306,-0.097236,-2.237546,0.000003,0.570767,0.420554,-0.000086,1.008461,0.657850,0.173955,0.000008,0.000011,10.000000,-187.000000,-83.000000,0.270743,0.000001,0.000000,0.000000,0.000000,0.295580,306.000000,0.000000,0.000000,0.000000,0.000000,33.973221,-44.776138,-54.084827,222.766174,166.668900,-0.000232,1.272968,8.933955,5881,-268,28,-14
33.976151,0.008306,-0.096091,-2.236702,0.000003,0.572779,0.421872,-0.000088,1.005357,0.658879,0.173852,0.000008,0.000010,10.000000,-187.000000,-83.000000,0.270743,0.000001,0.000000,0.000000,0.000000,0.295580,306.000000,0.000000,0.000000,0.000000,0.000000,33.975178,-44.776138,-54.084827,222.766174,166.668900,-0.000275,1.272835,8.933955,5881,-260,28,-14
33.978107,0.008306,-0.094941,-2.235856,0.000002,0.574785,0.423190,-0.000090,1.002118,0.659653,0.173728,0.000008,0.000010,10.000000,-187.000000,-83.000000,0.270743,0.000001,0.000000,0.000000,0.000000,0.295580,306.000000,0.000000,0.000000,0.000000,0.000000,33.977127,-44.776138,-54.084827,222.766174,166.668900,-0.000318,1.272698,8.933955,5881,-252,28,-14
33.980061,0.008306,-0.093787,-2.235007,0.000002,0.576784,0.424511,-0.000092,0.998733,0.660190,0.173581,0.000009,0.000009,10.000000,-187.000000,-83.000000,0.270743,0.000001,0.000000,0.000000,0.000000,0.295580,306.000000,0.000000,0.000000,0.000000,0.000000,33.979084,-44.776138,-54.084827,222.766174,166.668900,-0.000363,1.272558,8.933955,5881,-242,28,-14
33.982014,0.008306,-0.092629,-2.234155,0.000002,0.578776,0.425831,-0.000093,0.995189,0.660508,0.173411,0.000009,0.000008,10.000000,-187.000000,-83.000000,0.270743,0.000001,0.000000,0.000000,0.000000,0.295580,306.000000,0.000000,0.000000,0.000000,0.000000,33.981037,-44.776138,-54.084827,222.766174,166.668900,-0.000408,1.272416,8.933955,5881,-232,28,-13
33.983967,0.008306,-0.091468,-2.233300,0.000002,0.580761,0.427153,-0.000094,0.991476,0.660625,0.173218,0.000009,0.000007,10.000000,-187.000000,-83.000000,0.270743,0.000001,0.000000,0.000000,0.000000,0.295580,306.000000,0.000000,0.000000,0.000000,0.000000,33.982990,-44.776138,-54.084827,222.766174,166.668900,-0.000446,1.272297,8.933955,5881,-222,28,-13
33.985924,0.008306,-0.090302,-2.232443,0.000002,0.582738,0.428474,-0.000095,0.987589,0.660555,0.173001,0.000010,0.000006,10.000000,-187.000000,-83.000000,0.270743,0.000001,0.000000,0.000000,0.000000,0.295580,306.000000,0.000000,0.000000,0.000000,0.000000,33.984943,-44.776138,-54.084827,222.766174,166.668900,-0.000478,1.272198,8.933955,5881,-211,28,-13
33.987877,0.008306,-0.089132,-2.231583,0.000001,0.584707,0.429795,-0.000096,0.983522,0.660312,0.172759,0.000010,0.000005,10.000000,-187.000000,-83.000000,0.270743,0.000001,0.000000,0.000000,0.000000,0.295580,306.000000,0.000000,0.000000,0.000000,0.000000,33.986900,-44.776138,-54.084827,222.766174,166.668900,-0.000510,1.272097,8.933955,5881,-200,28,-13
33.989830,0.008306,-0.087959,-2.230721,0.000001,0.586668,0.431115,-0.000096,0.979271,0.659909,0.172493,0.000010,0.000004,10.000000,-187.000000,-83.000000,0.270743,0.000001,0.000000,0.000000,0.000000,0.295580,306.000000,0.000000,0.000000,0.000000,0.000000,33.988853,-44.776138,-54.084827,222.766174,166.668900,-0.000542,1.271994,8.933955,5881,-188,28,-12
33.991783,0.008306,-0.086781,-2.229856,0.000001,0.588620,0.432434,-0.000096,0.974831,0.659356,0.172202,0.000010,0.000003,10.000000,-187.000000,-83.000000,0.270743,0.000001,0.000000,0.000000,0.000000,0.295580,306.000000,0.000000,0.000000,0.000000,0.000000,33.990807,-44.776138,-54.084827,222.766174,166.668900,-0.000567,1.271916,8.933955,5881,-176,29,-12
33.993736,0.008306,-0.085600,-2.228988,0.000001,0.590563,0.433751,-0.000096,0.970205,0.658667,0.171886,0.000010,0.000002,10.000000,-187.000000,-83.000000,0.270743,0.000001,0.000000,0.000000,0.000000,0.295580,306.000000,0.000000,0.000000,0.000000,0.000000,33.992760,-44.776138,-54.084827,222.766174,166.668900,-0.000586,1.271859,8.933955,5881,-163,29,-12
33.995693,0.008306,-0.084415,-2.228118,0.000001,0.592496,0.435068,-0.000095,0.965392,0.657851,0.171547,0.000011,0.000001,10.000000,-187.000000,-83.000000,0.270743,0.000001,0.000000,0.000000,0.000000,0.295580,306.000000,0.000000,0.000000,0.000000,0.000000,33.994717,-44.776138,-54.084827,222.766174,166.668900,-0.000604,1.271800,8.933955,5881,-151,29,-11
33.997646,0.008306,-0.083226,-2.227245,0.000001,0.594419,0.436382,-0.000093,0.960391,0.656917,0.171183,0.000011,-0.000001,10.000000,-187.000000,-83.000000,0.270743,0.000001,0.000000,0.000000,0.000000,0.295580,306.000000,0.000000,0.000000,0.000000,0.000000,33.996670,-44.776138,-54.084827,222.766174,166.668900,-0.000616,1.271765,8.933955,5881,-138,29,-11
33.999599,0.008306,-0.082033,-2.226369,0.000000,0.596332,0.437694,-0.000091,0.955209,0.655875,0.170797,0.000011,-0.000002,10.000000,-187.000000,-83.000000,0.270743,0.000001,0.000000,0.000000,0.000000,0.295580,306.000000,0.000000,0.000000,0.000000,0.000000,33.998623,-44.776138,-54.084827,222.766174,166.668900,-0.000620,1.271752,8.933955,5881,-125,29,-10
34.001553,0.008306,-0.080836,-2.225491,0.000000,0.598235,0.439004,-0.000089,0.949847,0.654733,0.170387,0.000011,-0.000003,10.000000,-187.000000,-83.000000,0.270743,0.000001,0.000000,0.000000,0.000000,0.295580,306.000000,0.000000,0.000000,0.000000,0.000000,34.000576,-44.776138,-54.084827,222.766174,166.668900,-0.000617,1.271761,8.933955,5881,-112,29,-10
34.003510,0.008306,-0.079636,-2.224610,-0.000000,0.600126,0.440312,-0.000086,0.944312,0.653498,0.169956,0.000010,-0.000004,10.000000,-187.000000,-83.000000,0.270743,0.000001,0.000000,0.000000,0.000000,0.295580,306.000000,0.000000,0.000000,0.000000,0.000000,34.002533,-44.776138,-54.084827,222.766174,166.668900,-0.000607,1.271791,8.933955,5881,-98,29,-10
34.005463,0.008306,-0.078431,-2.223727,-0.000000,0.602006,0.441617,-0.000084,0.938608,0.652178,0.169503,0.000010,-0.000005,10.000000,-187.000000,-83.000000,0.270743,0.000001,0.000000,0.000000,0.000000,0.295580,306.000000,0.000000,0.000000,0.000000,0.000000,34.004482,-44.776138,-54.084827,222.766174,166.668900,-0.000598,1.271819,8.933955,5881,-85,29,-9
34.007416,0.008306,-0.077223,-2.222841,-0.000000,0.603875,0.442919,-0.000080,0.932742,0.650779,0.169030,0.000010,-0.000007,10.000000,-187.000000,-83.000000,0.270743,0.000001,0.000000,0.000000,0.000000,0.295580,306.000000,0.000000,0.000000,0.000000,0.000000,34.006439,-44.776138,-54.084827,222.766174,166.668900,-0.000582,1.271870,8.933955,5881,-72,29,-9
34.009369,0.008306,-0.076012,-2.221952,-0.000000,0.605731,0.444218,-0.000077,0.926722,0.649308,0.168538,0.000010,-0.000008,10.000000,-187.000000,-83.000000,0.270743,0.000001,0.000000,0.000000,0.000000,0.295580,306.000000,0.000000,0.000000,0.000000,0.000000,34.008392,-44.776138,-54.084827,222.766174,166.668900,-0.000559,1.271941,8.933955,5881,-59,29,-8
34.011326,0.008306,-0.074796,-2.221061,-0.000001,0.607575,0.445515,-0.000074,0.920554,0.647772,0.168027,0.000010,-0.000009,10.000000,-187.000000,-83.000000,0.270743,0.000001,0.000000,0.000000,0.000000,0.295580,306.000000,0.000000,0.000000,0.000000,0.000000,34.010349,-44.776138,-54.084827,222.766174,166.668900,-0.000529,1.272035,8.933955,5881,-46,29,-8
34.013279,0.008306,-0.073577,-2.220167,-0.000001,0.609407,0.446808,-0.000070,0.914250,0.646177,0.167499,0.000010,-0.000010,10.000000,-187.000000,-83.000000,0.270743,0.000001,0.000000,0.000000,0.000000,0.295580,306.000000,0.000000,0.000000,0.000000,0.000000,34.012299,-44.776138,-54.084827,222.766174,166.668900,-0.000493,1.272149,8.933955,5881,-34,29,-8
34.015232,0.008306,-0.072354,-2.219270,-0.000001,0.611226,0.448098,-0.000066,0.907817,0.644528,0.166954,0.000009,-0.000011,10.000000,-185.000000,-83.000000,0.270743,0.000001,0.000000,0.000000,0.000000,0.295580,314.000000,0.000000,0.000000,0.000000,0.000000,34.014256,-44.776138,-54.084827,222.766174,166.668900,-0.000458,1.272260,8.933955,5881,-21,29,-7
34.017185,0.008306,-0.071128,-2.218371,-0.000001,0.613032,0.449384,-0.000062,0.901262,0.642829,0.166395,0.000009,-0.000012,10.000000,-185.000000,-83.000000,0.263289,-0.000000,0.000000,0.000000,0.066000,0.194259,314.000000,0.000000,0.000000,0.000000,0.000000,34.016209,0.000000,-18.038645,678.425903,326.845734,-0.000415,0.423506,8.941061,5833,-859,29,-7
34.019138,0.008306,-0.069898,-2.217470,-0.000001,0.614823,0.450674,-0.000057,0.893761,0.646098,0.165818,0.000009,-0.000013,10.000000,-185.000000,-83.000000,0.263289,-0.000000,0.000000,0.000000,0.000000,0.194259,314.000000,0.000000,0.000000,0.000000,0.000000,34.018166,0.000000,-18.038645,678.425903,326.845734,-0.000385,0.423600,8.941061,5833,-846,29,-7
34.021095,0.008306,-0.068664,-2.216565,-0.000001,0.616599,0.451973,-0.000053,0.885906,0.650458,0.165217,0.000008,-0.000013,10.000000,-185.000000,-83.000000,0.263289,-0.000000,0.000000,0.000000,0.000000,0.194259,314.000000,0.000000,0.000000,0.000000,0.000000,34.020115,0.000000,-18.038645,678.425903,326.845734,-0.000388,0.423590,8.941061,5833,-831,29,-7
34.023048,0.008306,-0.067427,-2.215659,-0.000001,0.618359,0.453279,-0.000048,0.877922,0.654175,0.164583,0.000008,-0.000014,10.000000,-185.000000,-83.000000,0.263289,-0.000000,0.000000,0.000000,0.000000,0.194259,314.000000,0.000000,0.000000,0.000000,0.000000,34.022072,0.000000,-18.038645,678.425903,326.845734,-0.000409,0.423527,8.941061,5833,-813,29,-6
34.025002,0.008306,-0.066187,-2.214749,-0.000001,0.620102,0.454593,-0.000043,0.869736,0.657296,0.163911,0.000007,-0.000015,10.000000,-185.000000,-83.000000,0.263289,-0.000000,0.000000,0.000000,0.000000,0.194259,314.000000,0.000000,0.000000,0.000000,0.000000,34.024025,0.000000,-18.038645,678.425903,326.845734,-0.000436,0.423441,8.941061,5833,-792,29,-6
34.026955,0.008306,-0.064943,-2.213837,-0.000002,0.621829,0.455911,-0.000038,0.861289,0.659865,0.163194,0.000007,-0.000016,10.000000,-185.000000,-83.000000,0.263289,-0.000000,0.000000,0.000000,0.000000,0.194259,314.000000,0.000000,0.000000,0.000000,0.000000,34.025982,0.000000,-18.038645,678.425903,326.845734,-0.000469,0.423337,8.941061,5833,-769,29,-6
34.028912,0.008306,-0.063695,-2.212922,-0.000002,0.623539,0.457234,-0.000033,0.852525,0.661921,0.162426,0.000007,-0.000018,10.000000,-185.000000,-83.000000,0.263289,-0.000000,0.000000,0.000000,0.000000,0.194259,314.000000,0.000000,0.000000,0.000000,0.000000,34.027931,0.000000,-18.038645,678.425903,326.845734,-0.000515,0.423194,8.941061,5833,-744,29,-5
34.030865,0.008306,-0.062444,-2.212005,-0.000002,0.625230,0.458560,-0.000028,0.843394,0.663502,0.161605,0.000006,-0.000019,10.000000,-185.000000,-83.000000,0.263289,-0.000000,0.000000,0.000000,0.000000,0.194259,314.000000,0.000000,0.000000,0.000000,0.000000,34.029888,0.000000,-18.038645,678.425903,326.845734,-0.000563,0.423042,8.941061,5833,-716,29,-5
34.032818,0.008306,-0.061190,-2.211085,-0.000002,0.626903,0.459889,-0.000023,0.833861,0.664640,0.160727,0.000006,-0.000020,10.000000,-185.000000,-83.000000,0.263289,-0.000000,0.000000,0.000000,0.000000,0.194259,314.000000,0.000000,0.000000,0.000000,0.000000,34.031841,0.000000,-18.038645,678.425903,326.845734,-0.000613,0.422885,8.941061,5833,-687,29,-5
34.034771,0.008306,-0.059933,-2.210162,-0.000002,0.628555,0.461219,-0.000018,0.823890,0.665368,0.159787,0.000005,-0.000022,10.000000,-185.000000,-83.000000,0.263289,-0.000000,0.000000,0.000000,0.000000,0.194259,314.000000,0.000000,0.000000,0.000000,0.000000,34.033794,0.000000,-18.038645,678.425903,326.845734,-0.000671,0.422703,8.941061,5833,-655,29,-4
34.036728,0.008306,-0.058672,-2.209237,-0.000002,0.630188,0.462551,-0.000013,0.813453,0.665715,0.158785,0.000005,-0.000023,10.000000,-185.000000,-83.000000,0.263289,-0.000000,0.000000,0.000000,0.000000,0.194259,314.000000,0.000000,0.000000,0.000000,0.000000,34.035748,0.000000,-18.038645,678.425903,326.845734,-0.000728,0.422525,8.941061,5833,-623,29,-4
34.038681,0.008306,-0.057408,-2.208309,-0.000002,0.631798,0.463882,-0.000008,0.802531,0.665708,0.157719,0.000005,-0.000025,10.000000,-185.000000,-83.000000,0.263289,-0.000000,0.000000,0.000000,0.000000,0.194259,314.000000,0.000000,0.000000,0.000000,0.000000,34.037704,0.000000,-18.038645,678.425903,326.845734,-0.000783,0.422352,8.941061,5833,-588,29,-3
34.040634,0.008306,-0.056140,-2.207378,-0.000002,0.633386,0.465213,-0.000003,0.791105,0.665373,0.156587,0.000004,-0.000027,10.000000,-185.000000,-83.000000,0.263289,-0.000000,0.000000,0.000000,0.000000,0.194259,314.000000,0.000000,0.000000,0.000000,0.000000,34.039658,0.000000,-18.038645,678.425903,326.845734,-0.000835,0.422188,8.941061,5833,-553,29,-3
34.042587,0.008306,-0.054870,-2.206445,-0.000002,0.634951,0.466543,0.000002,0.779167,0.664735,0.155389,0.000004,-0.000028,10.000000,-185.000000,-83.000000,0.263289,-0.000000,0.000000,0.000000,0.000000,0.194259,314.000000,0.000000,0.000000,0.000000,0.000000,34.041611,0.000000,-18.038645,678.425903,326.845734,-0.000884,0.422035,8.941061,5833,-517,29,-2
34.044540,0.008306,-0.053597,-2.205509,-0.000002,0.636490,0.467871,0.000007,0.766708,0.663816,0.154124,0.000004,-0.000030,10.000000,-185.000000,-83.000000,0.263289,-0.000000,0.000000,0.000000,0.000000,0.194259,314.000000,0.000000,0.000000,0.000000,0.000000,34.043564,0.000000,-18.038645,678.425903,326.845734,-0.000928,0.421896,8.941061,5833,-479,29,-1
34.046497,0.008306,-0.052320,-2.204570,-0.000002,0.638004,0.469197,0.000012,0.753727,0.662638,0.152793,0.000003,-0.000032,10.000000,-185.000000,-83.000000,0.263289,-0.000000,0.000000,0.000000,0.000000,0.194259,314.000000,0.000000,0.000000,0.000000,0.000000,34.045521,0.000000,-18.038645,678.425903,326.845734,-0.000960,0.421797,8.941061,5833,-441,29,-1
34.048450,0.008306,-0.051041,-2.203629,-0.000002,0.639492,0.470520,0.000018,0.740227,0.661222,0.151396,0.000003,-0.000034,10.000000,-185.000000,-83.000000,0.263289,-0.000000,0.000000,0.000000,0.000000,0.194259,314.000000,0.000000,0.000000,0.000000,0.000000,34.047470,0.000000,-18.038645,678.425903,326.845734,-0.000987,0.421712,8.941061,5833,-402,29,0
34.050404,0.008306,-0.049758,-2.202685,-0.000002,0.640951,0.471840,0.000023,0.726210,0.659588,0.149935,0.000003,-0.000037,10.000000,-185.000000,-83.000000,0.263289,-0.000000,0.000000,0.000000,0.000000,0.194259,314.000000,0.000000,0.000000,0.000000,0.000000,34.049427,0.000000,-18.038645,678.425903,326.845734,-0.001007,0.421647,8.941061,5833,-363,29,0
34.052357,0.008306,-0.048473,-2.201738,-0.000002,0.642382,0.473157,0.000028,0.711690,0.657753,0.148412,0.000002,-0.000039,10.000000,-185.000000,-83.000000,0.263289,-0.000000,0.000000,0.000000,0.000000,0.194259,314.000000,0.000000,0.000000,0.000000,0.000000,34.051380,0.000000,-18.038645,678.425903,326.845734,-0.001022,0.421601,8.941061,5833,-324,29,1
34.054314,0.008306,-0.047185,-2.200789,-0.000002,0.643783,0.474469,0.000033,0.696675,0.655736,0.146826,0.000002,-0.000041,10.000000,-185.000000,-83.000000,0.263289,-0.000000,0.000000,0.000000,0.000000,0.194259,314.000000,0.000000,0.000000,0.000000,0.000000,34.053337,0.000000,-18.038645,678.425903,326.845734,-0.001030,0.421577,8.941061,5833,-284,29,1
34.056267,0.008306,-0.045894,-2.199837,-0.000001,0.645153,0.475777,0.000039,0.681182,0.653553,0.145182,0.000002,-0.000043,10.000000,-185.000000,-83.000000,0.263289,-0.000000,0.000000,0.000000,0.000000,0.194259,314.000000,0.000000,0.000000,0.000000,0.000000,34.055286,0.000000,-18.038645,678.425903,326.845734,-0.001030,0.421576,8.941061,5833,-245,29,2
34.058220,0.008306,-0.044600,-2.198883,-0.000001,0.646491,0.477081,0.000044,0.665227,0.651221,0.143481,0.000001,-0.000045,10.000000,-185.000000,-83.000000,0.263289,-0.000000,0.000000,0.000000,0.000000,0.194259,314.000000,0.000000,0.000000,0.000000,0.000000,34.057243,0.000000,-18.038645,678.425903,326.845734,-0.001022,0.421600,8.941061,5833,-205,29,3
34.060173,0.008306,-0.043304,-2.197926,-0.000001,0.647797,0.478380,0.000049,0.648831,0.648755,0.141725,0.000001,-0.000047,10.000000,-185.000000,-83.000000,0.263289,-0.000000,0.000000,0.000000,0.000000,0.194259,314.000000,0.000000,0.000000,0.000000,0.000000,34.059196,0.000000,-18.038645,678.425903,326.845734,-0.000999,0.421673,8.941061,5833,-166,30,4
34.062126,0.008306,-0.042005,-2.196966,-0.000001,0.649070,0.479673,0.000055,0.632016,0.646170,0.139918,0.000000,-0.000049,10.000000,-185.000000,-83.000000,0.263289,-0.000000,0.000000,0.000000,0.000000,0.194259,314.000000,0.000000,0.000000,0.000000,0.000000,34.061153,0.000000,-18.038645,678.425903,326.845734,-0.000961,0.421794,8.941061,5833,-127,30,5
34.064083,0.008306,-0.040704,-2.196004,-0.000001,0.650308,0.480962,0.000060,0.614807,0.643479,0.138063,-0.000000,-0.000051,10.000000,-185.000000,-83.000000,0.263289,-0.000000,0.000000,0.000000,0.000000,0.194259,314.000000,0.000000,0.000000,0.000000,0.000000,34.063103,0.000000,-18.038645,678.425903,326.845734,-0.000907,0.421963,8.941061,5833,-88,30,5
34.066036,0.008306,-0.039400,-2.195039,-0.000001,0.651511,0.482244,0.000066,0.597230,0.640697,0.136161,-0.000001,-0.000053,10.000000,-185.000000,-83.000000,0.263289,-0.000000,0.000000,0.000000,0.000000,0.194259,314.000000,0.000000,0.000000,0.000000,0.000000,34.065060,0.000000,-18.038645,678.425903,326.845734,-0.000845,0.422156,8.941061,5833,-51,30,6
34.067989,0.008306,-0.038094,-2.194072,-0.000001,0.652679,0.483522,0.000071,0.579311,0.637836,0.134218,-0.000001,-0.000054,10.000000,-185.000000,-83.000000,0.263289,-0.000000,0.000000,0.000000,0.000000,0.194259,314.000000,0.000000,0.000000,0.000000,0.000000,34.067013,0.000000,-18.038645,678.425903,326.845734,-0.000776,0.422375,8.941061,5833,-14,30,7
34.069942,0.008306,-0.036786,-2.193102,-0.000001,0.653810,0.484793,0.000077,0.561078,0.634908,0.132236,-0.000002,-0.000056,10.000000,-185.000000,-83.000000,0.263289,-0.000000,0.000000,0.000000,0.000000,0.194259,314.000000,0.000000,0.000000,0.000000,0.000000,34.068970,0.000000,-18.038645,678.425903,326.845734,-0.000690,0.422643,8.941061,5833,22,30,8
34.071899,0.008306,-0.035475,-2.192129,-0.000001,0.654905,0.486058,0.000082,0.542563,0.631925,0.130219,-0.000002,-0.000057,10.000000,-185.000000,-83.000000,0.263289,-0.000000,0.000000,0.000000,0.000000,0.194259,314.000000,0.000000,0.000000,0.000000,0.000000,34.070919,0.000000,-18.038645,678.425903,326.845734,-0.000589,0.422961,8.941061,5833,57,30,8
34.073853,0.008306,-0.034162,-2.191154,-0.000000,0.655962,0.487318,0.000088,0.523798,0.628897,0.128171,-0.000003,-0.000058,10.000000,-185.000000,-75.000000,0.263289,-0.000000,0.000000,0.000000,0.000000,0.194259,328.000000,0.000000,0.000000,0.000000,0.000000,34.072876,0.000000,-18.038645,678.425903,326.845734,-0.000480,0.423303,8.941061,5833,91,30,9
34.075806,0.008306,-0.032847,-2.190177,-0.000000,0.656981,0.488571,0.000093,0.504810,0.625836,0.126095,-0.000003,-0.000059,10.000000,-185.000000,-75.000000,0.269226,-0.000000,0.000000,0.000000,0.067000,0.322004,328.000000,0.000000,0.000000,0.000000,0.000000,34.074829,119.403038,72.048828,1782.135620,775.611938,-0.000363,-1.697890,8.935000,5927,-1856,30,9
34.077759,0.008306,-0.031531,-2.189197,0.000000,0.657963,0.489805,0.000098,0.486877,0.612875,0.123987,-0.000004,-0.000059,10.000000,-185.000000,-75.000000,0.269226,-0.000000,0.000000,0.000000,0.000000,0.322004,328.000000,0.000000,0.000000,0.000000,0.000000,34.076782,119.403038,72.048828,1782.135620,775.611938,-0.000282,-1.697635,8.935000,5927,-1823,30,10
34.079716,0.008306,-0.030212,-2.188214,0.000000,0.658910,0.491007,0.000103,0.468862,0.597628,0.121831,-0.000005,-0.000060,10.000000,-185.000000,-75.000000,0.269226,-0.000000,0.000000,0.000000,0.000000,0.322004,328.000000,0.000000,0.000000,0.000000,0.000000,34.078735,119.403038,72.048828,1782.135620,775.611938,-0.000268,-1.697590,8.935000,5927,-1784,30,10
34.081669,0.008306,-0.028892,-2.187230,0.000000,0.659820,0.492181,0.000107,0.450193,0.583480,0.119609,-0.000005,-0.000061,10.000000,-185.000000,-75.000000,0.269226,-0.000000,0.000000,0.000000,0.000000,0.322004,328.000000,0.000000,0.000000,0.000000,0.000000,34.080692,119.403038,72.048828,1782.135620,775.611938,-0.000283,-1.697638,8.935000,5927,-1739,30,10
34.083622,0.008306,-0.027569,-2.186243,0.000001,0.660691,0.493328,0.000112,0.430750,0.570314,0.117308,-0.000006,-0.000061,10.000000,-185.000000,-75.000000,0.269226,-0.000000,0.000000,0.000000,0.000000,0.322004,328.000000,0.000000,0.000000,0.000000,0.000000,34.082645,119.403038,72.048828,1782.135620,775.611938,-0.000331,-1.697789,8.935000,5927,-1688,30,11
34.085575,0.008306,-0.026245,-2.185253,0.000001,0.661522,0.494450,0.000117,0.410429,0.558028,0.114914,-0.000006,-0.000062,10.000000,-185.000000,-75.000000,0.269226,-0.000000,0.000000,0.000000,0.000000,0.322004,328.000000,0.000000,0.000000,0.000000,0.000000,34.084599,119.403038,72.048828,1782.135620,775.611938,-0.000400,-1.698005,8.935000,5927,-1632,30,11
34.087528,0.008306,-0.024920,-2.184262,0.000001,0.662311,0.495549,0.000121,0.389144,0.546529,0.112417,-0.000007,-0.000063,10.000000,-185.000000,-75.000000,0.269226,-0.000000,0.000000,0.000000,0.000000,0.322004,328.000000,0.000000,0.000000,0.000000,0.000000,34.086552,119.403038,72.048828,1782.135620,775.611938,-0.000486,-1.698277,8.935000,5927,-1571,30,12
34.089485,0.008306,-0.023593,-2.183268,0.000001,0.663056,0.496626,0.000125,0.366817,0.535737,0.109807,-0.000007,-0.000065,10.000000,-185.000000,-75.000000,0.269226,-0.000000,0.000000,0.000000,0.000000,0.322004,328.000000,0.000000,0.000000,0.000000,0.000000,34.088509,119.403038,72.048828,1782.135620,775.611938,-0.000586,-1.698591,8.935000,5927,-1506,30,12
34.091438,0.008306,-0.022264,-2.182272,0.000002,0.663755,0.497682,0.000129,0.343391,0.525554,0.107077,-0.000008,-0.000066,10.000000,-185.000000,-75.000000,0.269226,-0.000000,0.000000,0.000000,0.000000,0.322004,328.000000,0.000000,0.000000,0.000000,0.000000,34.090462,119.403038,72.048828,1782.135620,775.611938,-0.000694,-1.698929,8.935000,5927,-1436,30,13
34.093391,0.008306,-0.020934,-2.181274,0.000002,0.664405,0.498719,0.000134,0.318811,0.515966,0.104221,-0.000008,-0.000068,10.000000,-185.000000,-75.000000,0.269226,-0.000000,0.000000,0.000000,0.000000,0.322004,328.000000,0.000000,0.000000,0.000000,0.000000,34.092415,119.403038,72.048828,1782.135620,775.611938,-0.000810,-1.699295,8.935000,5927,-1363,30,14
34.095345,0.008306,-0.019603,-2.180274,0.000002,0.665004,0.499737,0.000138,0.293040,0.506907,0.101233,-0.000009,-0.000070,10.000000,-185.000000,-75.000000,0.269226,-0.000000,0.000000,0.000000,0.000000,0.322004,328.000000,0.000000,0.000000,0.000000,0.000000,34.094368,119.403038,72.048828,1782.135620,775.611938,-0.000928,-1.699664,8.935000,5927,-1287,30,14
34.097301,0.008306,-0.018271,-2.179272,0.000002,0.665550,0.500738,0.000142,0.266053,0.498324,0.098111,-0.000009,-0.000072,10.000000,-185.000000,-75.000000,0.269226,-0.000000,0.000000,0.000000,0.000000,0.322004,328.000000,0.000000,0.000000,0.000000,0.000000,34.096325,119.403038,72.048828,1782.135620,775.611938,-0.001049,-1.700045,8.935000,5927,-1208,30,15
34.099255,0.008306,-0.016938,-2.178268,0.000003,0.666040,0.501722,0.000146,0.237832,0.490176,0.094851,-0.000010,-0.000075,10.000000,-185.000000,-75.000000,0.269226,-0.000000,0.000000,0.000000,0.000000,0.322004,328.000000,0.000000,0.000000,0.000000,0.000000,34.098274,119.403038,72.048828,1782.135620,775.611938,-0.001171,-1.700427,8.935000,5927,-1127,30,16
34.101208,0.008306,-0.015604,-2.177262,0.000003,0.666472,0.502691,0.000150,0.208371,0.482430,0.091454,-0.000010,-0.000077,10.000000,-185.000000,-75.000000,0.269226,-0.000000,0.000000,0.000000,0.000000,0.322004,328.000000,0.000000,0.000000,0.000000,0.000000,34.100231,119.403038,72.048828,1782.135620,775.611938,-0.001284,-1.700781,8.935000,5927,-1043,30,17
34.103161,0.008306,-0.014269,-2.176255,0.000003,0.666842,0.503645,0.000154,0.177673,0.475062,0.087919,-0.000011,-0.000080,10.000000,-185.000000,-75.000000,0.269226,-0.000000,0.000000,0.000000,0.000000,0.322004,328.000000,0.000000,0.000000,0.000000,0.000000,34.102184,119.403038,72.048828,1782.135620,775.611938,-0.001387,-1.701104,8.935000,5927,-958,30,18
34.105118,0.008306,-0.012934,-2.175245,0.000004,0.667150,0.504584,0.000159,0.145748,0.468047,0.084246,-0.000012,-0.000083,10.000000,-185.000000,-75.000000,0.269226,-0.000000,0.000000,0.000000,0.000000,0.322004,328.000000,0.000000,0.000000,0.000000,0.000000,34.104141,119.403038,72.048828,1782.135620,775.611938,-0.001477,-1.701387,8.935000,5927,-871,30,20
34.107071,0.008306,-0.011598,-2.174233,0.000004,0.667392,0.505510,0.000163,0.112613,0.461367,0.080439,-0.000012,-0.000086,10.000000,-185.000000,-75.000000,0.269226,-0.000000,0.000000,0.000000,0.000000,0.322004,328.000000,0.000000,0.000000,0.000000,0.000000,34.106091,119.403038,72.048828,1782.135620,775.611938,-0.001546,-1.701606,8.935000,5927,-783,30,21
34.109024,0.008306,-0.010261,-2.173220,0.000004,0.667566,0.506423,0.000168,0.078300,0.455009,0.076499,-0.000013,-0.000090,10.000000,-185.000000,-75.000000,0.269226,-0.000000,0.000000,0.000000,0.000000,0.322004,328.000000,0.000000,0.000000,0.000000,0.000000,34.108047,119.403038,72.048828,1782.135620,775.611938,-0.001595,-1.701759,8.935000,5928,-695,30,22
34.110977,0.008306,-0.008925,-2.172205,0.000005,0.667669,0.507324,0.000172,0.042846,0.448856,0.072429,-0.000013,-0.000093,10.000000,-185.000000,-75.000000,0.269226,-0.000000,0.000000,0.000000,0.000000,0.322004,328.000000,0.000000,0.000000,0.000000,0.000000,34.110001,119.403038,72.048828,1782.135620,775.611938,-0.001629,-1.701865,8.935000,5928,-606,30,24
34.112930,0.008306,-0.007588,-2.171188,0.000005,0.667700,0.508213,0.000178,0.006282,0.442983,0.068235,-0.000014,-0.000096,10.000000,-185.000000,-75.000000,0.269226,-0.000000,0.000000,0.000000,0.000000,0.322004,328.000000,0.000000,0.000000,0.000000,0.000000,34.111958,119.403038,72.048828,1782.135620,775.611938,-0.001639,-1.701897,8.935000,5928,-516,30,25
34.114887,0.008306,-0.006251,-2.170169,0.000005,0.667657,0.509091,0.000183,-0.031345,0.437420,0.063921,-0.000015,-0.000100,10.000000,-185.000000,-75.000000,0.269226,-0.000000,0.000000,0.000000,0.000000,0.322004,328.000000,0.000000,0.000000,0.000000,0.000000,34.113907,119.403038,72.048828,1782.135620,775.611938,-0.001626,-1.701856,8.935000,5928,-427,30,27
34.116840,0.008306,-0.004915,-2.169148,0.000006,0.667536,0.509958,0.000189,-0.069989,0.432163,0.059491,-0.000016,-0.000103,10.000000,-185.000000,-75.000000,0.269226,-0.000000,0.000000,0.000000,0.000000,0.322004,328.000000,0.000000,0.000000,0.000000,0.000000,34.115864,119.403038,72.048828,1782.135620,775.611938,-0.001589,-1.701739,8.935000,5928,-339,30,28
34.118793,0.008306,-0.003579,-2.168126,0.000006,0.667337,0.510814,0.000196,-0.109591,0.427211,0.054954,-0.000017,-0.000106,10.000000,-185.000000,-75.000000,0.269226,-0.000000,0.000000,0.000000,0.000000,0.322004,328.000000,0.000000,0.000000,0.000000,0.000000,34.117817,119.403038,72.048828,1782.135620,775.611938,-0.001528,-1.701547,8.935000,5927,-251,31,30
34.120747,0.008306,-0.002243,-2.167102,0.000007,0.667057,0.511662,0.000203,-0.150101,0.422669,0.050314,-0.000018,-0.000109,10.000000,-185.000000,-75.000000,0.269226,-0.000000,0.000000,0.000000,0.000000,0.322004,328.000000,0.000000,0.000000,0.000000,0.000000,34.119774,119.403038,72.048828,1782.135620,775.611938,-0.001443,-1.701280,8.935000,5927,-165,31,31
34.122704,0.008306,-0.000908,-2.166077,0.000007,0.666695,0.512501,0.000211,-0.191445,0.418453,0.045578,-0.000020,-0.000112,10.000000,-185.000000,-75.000000,0.269226,-0.000000,0.000000,0.000000,0.000000,0.322004,328.000000,0.000000,0.000000,0.000000,0.000000,34.121723,119.403038,72.048828,1782.135620,775.611938,-0.001333,-1.700936,8.935000,5927,-79,31,33
34.124657,0.008306,0.000426,-2.165049,0.000007,0.666249,0.513332,0.000219,-0.233559,0.414529,0.040754,-0.000021,-0.000114,10.000000,-185.000000,-75.000000,0.269226,-0.000000,0.000000,0.000000,0.000000,0.322004,328.000000,0.000000,0.000000,0.000000,0.000000,34.123680,119.403038,72.048828,1782.135620,775.611938,-0.001198,-1.700513,8.935000,5927,3,31,34
34.126610,0.008306,0.001759,-2.164021,0.000008,0.665718,0.514156,0.000228,-0.276370,0.410899,0.035850,-0.000023,-0.000116,10.000000,-185.000000,-75.000000,0.269226,-0.000000,0.000000,0.000000,0.000000,0.322004,328.000000,0.000000,0.000000,0.000000,0.000000,34.125633,119.403038,72.048828,1782.135620,775.611938,-0.001038,-1.700010,8.935000,5927,85,31,35
34.128563,0.008306,0.003091,-2.162990,0.000008,0.665100,0.514972,0.000238,-0.319808,0.407565,0.030873,-0.000025,-0.000118,10.000000,-185.000000,-75.000000,0.269226,-0.000000,0.000000,0.000000,0.000000,0.322004,328.000000,0.000000,0.000000,0.000000,0.000000,34.127586,119.403038,72.048828,1782.135620,775.611938,-0.000860,-1.699450,8.935000,5927,165,31,36
34.130520,0.008306,0.004421,-2.161958,0.000009,0.664394,0.515783,0.000249,-0.363798,0.404529,0.025830,-0.000026,-0.000119,10.000000,-185.000000,-75.000000,0.269226,-0.000000,0.000000,0.000000,0.000000,0.322004,328.000000,0.000000,0.000000,0.000000,0.000000,34.129539,119.403038,72.048828,1782.135620,775.611938,-0.000663,-1.698832,8.935000,5927,243,31,37
34.132473,0.008306,0.005750,-2.160924,0.000009,0.663600,0.516588,0.000260,-0.408267,0.401794,0.020731,-0.000028,-0.000120,10.000000,-185.000000,-75.000000,0.269226,-0.000000,0.000000,0.000000,0.000000,0.322004,328.000000,0.000000,0.000000,0.000000,0.000000,34.131496,119.403038,72.048828,1782.135620,775.611938,-0.000447,-1.698153,8.935000,5927,318,31,38
34.134426,0.008306,0.007078,-2.159889,0.000010,0.662716,0.517388,0.000272,-0.453135,0.399361,0.015584,-0.000030,-0.000120,10.000000,-185.000000,-75.000000,0.269226,-0.000000,0.000000,0.000000,0.000000,0.322004,328.000000,0.000000,0.000000,0.000000,0.000000,34.133450,119.403038,72.048828,1782.135620,775.611938,-0.000211,-1.697414,8.935000,5927,391,32,39
34.136379,0.008306,0.008403,-2.158851,0.000010,0.661742,0.518183,0.000285,-0.498327,0.397230,0.010397,-0.000033,-0.000120,10.000000,-185.000000,-75.000000,0.269226,-0.000000,0.000000,0.000000,0.000000,0.322004,328.000000,0.000000,0.000000,0.000000,0.000000,34.135403,119.403038,72.048828,1782.135620,775.611938,0.000044,-1.696612,8.935000,5927,461,32,40
34.138332,0.008306,0.009726,-2.157813,0.000011,0.660677,0.518975,0.000298,-0.543764,0.395401,0.005178,-0.000035,-0.000119,10.000000,-185.000000,-75.000000,0.269226,-0.000000,0.000000,0.000000,0.000000,0.322004,328.000000,0.000000,0.000000,0.000000,0.000000,34.137356,119.403038,72.048828,1782.135620,775.611938,0.000319,-1.695748,8.935000,5927,528,32,40
34.140289,0.008306,0.011047,-2.156773,0.000012,0.659522,0.519763,0.000313,-0.589366,0.393873,-0.000064,-0.000037,-0.000118,10.000000,-185.000000,-75.000000,0.269226,-0.000000,0.000000,0.000000,0.000000,0.322004,328.000000,0.000000,0.000000,0.000000,0.000000,34.139313,119.403038,72.048828,1782.135620,775.611938,0.000607,-1.694845,8.935000,5927,592,32,40
34.142242,0.008306,0.012366,-2.155731,0.000012,0.658274,0.520549,0.000328,-0.635056,0.392644,-0.005320,-0.000040,-0.000116,10.000000,-185.000000,-75.000000,0.269226,-0.000000,0.000000,0.000000,0.000000,0.322004,328.000000,0.000000,0.000000,0.000000,0.000000,34.141266,119.403038,72.048828,1782.135620,775.611938,0.000900,-1.693923,8.935000,5927,652,32,40
34.144196,0.008306,0.013681,-2.154688,0.000013,0.656936,0.521333,0.000344,-0.680757,0.391711,-0.010582,-0.000042,-0.000113,10.000000,-185.000000,-75.000000,0.269226,-0.000000,0.000000,0.000000,0.000000,0.322004,328.000000,0.000000,0.000000,0.000000,0.000000,34.143219,119.403038,72.048828,1782.135620,775.611938,0.001201,-1.692980,8.935000,5926,710,32,40
34.146149,0.008306,0.014994,-2.153643,0.000014,0.655506,0.522116,0.000360,-0.726392,0.391174,-0.015842,-0.000045,-0.000110,10.000000,-185.000000,-75.000000,0.269226,-0.000000,0.000000,0.000000,0.000000,0.322004,328.000000,0.000000,0.000000,0.000000,0.000000,34.145172,119.403038,72.048828,1782.135620,775.611938,0.001509,-1.692013,8.935000,5926,764,33,39
34.148106,0.008307,0.016305,-2.152596,0.000014,0.653985,0.522897,0.000378,-0.771881,0.390947,-0.021092,-0.000047,-0.000106,10.000000,-185.000000,-75.000000,0.269226,-0.000000,0.000000,0.000000,0.000000,0.322004,328.000000,0.000000,0.000000,0.000000,0.000000,34.147129,119.403038,72.048828,1782.135620,775.611938,0.001817,-1.691044,8.935000,5926,814,33,39
34.150059,0.008307,0.017611,-2.151548,0.000015,0.652373,0.523679,0.000396,-0.817156,0.390987,-0.026322,-0.000050,-0.000102,10.000000,-185.000000,-75.000000,0.269226,-0.000000,0.000000,0.000000,0.000000,0.322004,328.000000,0.000000,0.000000,0.000000,0.000000,34.149078,119.403038,72.048828,1782.135620,775.611938,0.002128,-1.690068,8.935000,5926,861,33,38
34.152012,0.008307,0.018915,-2.150499,0.000016,0.650671,0.524462,0.000415,-0.862140,0.391286,-0.031527,-0.000052,-0.000097,10.000000,-189.000000,-51.000000,0.269226,-0.000000,0.000000,0.000000,0.000000,0.322004,352.000000,0.000000,0.000000,0.000000,0.000000,34.151035,119.403038,72.048828,1782.135620,775.611938,0.002441,-1.689084,8.935000,5926,904,33,37
34.153965,0.008307,0.020215,-2.149447,0.000017,0.648880,0.525245,0.000434,-0.906764,0.391836,-0.036697,-0.000055,-0.000091,10.000000,-189.000000,-51.000000,0.295265,0.000004,0.000000,0.000000,0.067000,0.517801,352.000000,0.000000,0.000000,0.000000,0.000000,34.152988,358.209106,260.675446,3564.270996,1648.794922,0.002750,-6.130271,8.903060,7044,944,33,36
34.155918,0.008307,0.021511,-2.148395,0.000018,0.646994,0.525872,0.000460,-0.955601,0.274356,-0.041825,-0.000057,-0.000085,10.000000,-189.000000,-51.000000,0.295265,0.000004,0.000000,0.000000,0.000000,0.517801,352.000000,0.000000,0.000000,0.000000,0.000000,34.154945,358.209106,260.675446,3564.270996,1648.794922,0.003029,-6.129395,8.903060,7044,980,33,34
34.157875,0.008307,0.022803,-2.147342,0.000019,0.645006,0.526202,0.000489,-1.006352,0.130264,-0.046905,-0.000060,-0.000078,10.000000,-189.000000,-51.000000,0.295265,0.000004,0.000000,0.000000,0.000000,0.517801,352.000000,0.000000,0.000000,0.000000,0.000000,34.156895,358.209106,260.675446,3564.270996,1648.794922,0.003276,-6.128620,8.903060,7044,1013,33,32
34.159828,0.008307,0.024092,-2.146288,0.000020,0.642917,0.526266,0.000518,-1.057326,0.000257,-0.051929,-0.000063,-0.000070,10.000000,-189.000000,-51.000000,0.295265,0.000004,0.000000,0.000000,0.000000,0.517801,352.000000,0.000000,0.000000,0.000000,0.000000,34.158852,358.209106,260.675446,3564.270996,1648.794922,0.003512,-6.127881,8.903060,7044,1042,34,30
34.161781,0.008307,0.025375,-2.145235,0.000021,0.640726,0.526089,0.000549,-1.108300,-0.116961,-0.056890,-0.000065,-0.000063,10.000000,-189.000000,-51.000000,0.295265,0.000004,0.000000,0.000000,0.000000,0.517801,352.000000,0.000000,0.000000,0.000000,0.000000,34.160805,358.209106,260.675446,3564.270996,1648.794922,0.003738,-6.127171,8.903060,7043,1067,34,28
34.163734,0.008307,0.026655,-2.144182,0.000022,0.638433,0.525696,0.000582,-1.159067,-0.222465,-0.061782,-0.000068,-0.000055,10.000000,-189.000000,-51.000000,0.295265,0.000004,0.000000,0.000000,0.000000,0.517801,352.000000,0.000000,0.000000,0.000000,0.000000,34.162762,358.209106,260.675446,3564.270996,1648.794922,0.003956,-6.126487,8.903060,7043,1089,34,26
34.165691,0.008307,0.027929,-2.143131,0.000023,0.636040,0.525107,0.000616,-1.209450,-0.317407,-0.066599,-0.000071,-0.000046,10.000000,-189.000000,-51.000000,0.295265,0.000004,0.000000,0.000000,0.000000,0.517801,352.000000,0.000000,0.000000,0.000000,0.000000,34.164711,358.209106,260.675446,3564.270996,1648.794922,0.004166,-6.125826,8.903060,7043,1107,34,24
34.167645,0.008307,0.029199,-2.142080,0.000025,0.633546,0.524343,0.000652,-1.259290,-0.402802,-0.071335,-0.000074,-0.000037,10.000000,-189.000000,-51.000000,0.295265,0.000004,0.000000,0.000000,0.000000,0.517801,352.000000,0.000000,0.000000,0.000000,0.000000,34.166668,358.209106,260.675446,3564.270996,1648.794922,0.004369,-6.125187,8.903060,7043,1121,34,21
34.169598,0.008307,0.030463,-2.141032,0.000026,0.630954,0.523421,0.000690,-1.308443,-0.479536,-0.075985,-0.000077,-0.000027,10.000000,-189.000000,-51.000000,0.295265,0.000004,0.000000,0.000000,0.000000,0.517801,352.000000,0.000000,0.000000,0.000000,0.000000,34.168621,358.209106,260.675446,3564.270996,1648.794922,0.004559,-6.124591,8.903060,7042,1133,35,18
34.171551,0.008307,0.031723,-2.139986,0.000027,0.628264,0.522358,0.000730,-1.356773,-0.548308,-0.080544,-0.000080,-0.000018,10.000000,-189.000000,-51.000000,0.295265,0.000004,0.000000,0.000000,0.000000,0.517801,352.000000,0.000000,0.000000,0.000000,0.000000,34.170574,358.209106,260.675446,3564.270996,1648.794922,0.004729,-6.124057,8.903060,7042,1141,35,15
34.173508,0.008307,0.032976,-2.138942,0.000029,0.625479,0.521168,0.000772,-1.404174,-0.609935,-0.085006,-0.000083,-0.000007,10.000000,-189.000000,-51.000000,0.295265,0.000004,0.000000,0.000000,0.000000,0.517801,352.000000,0.000000,0.000000,0.000000,0.000000,34.172527,358.209106,260.675446,3564.270996,1648.794922,0.004882,-6.123579,8.903060,7042,1145,35,12
34.175461,0.008307,0.034224,-2.137900,0.000030,0.622601,0.519865,0.000816,-1.450549,-0.665121,-0.089368,-0.000086,0.000003,10.000000,-189.000000,-51.000000,0.295265,0.000004,0.000000,0.000000,0.000000,0.517801,352.000000,0.000000,0.000000,0.000000,0.000000,34.174484,358.209106,260.675446,3564.270996,1648.794922,0.005016,-6.123155,8.903060,7042,1147,36,9
34.177414,0.008307,0.035466,-2.136862,0.000032,0.619632,0.518460,0.000862,-1.495811,-0.714474,-0.093626,-0.000090,0.000014,10.000000,-189.000000,-51.000000,0.295265,0.000004,0.000000,0.000000,0.000000,0.517801,352.000000,0.000000,0.000000,0.000000,0.000000,34.176437,358.209106,260.675446,3564.270996,1648.794922,0.005135,-6.122783,8.903060,7042,1146,36,6
34.179367,0.008307,0.036702,-2.135826,0.000034,0.616574,0.516964,0.000910,-1.539884,-0.758545,-0.097776,-0.000093,0.000025,10.000000,-189.000000,-51.000000,0.295265,0.000004,0.000000,0.000000,0.000000,0.517801,352.000000,0.000000,0.000000,0.000000,0.000000,34.178391,358.209106,260.675446,3564.270996,1648.794922,0.005238,-6.122460,8.903060,7042,1141,36,3
34.181320,0.008307,0.037932,-2.134793,0.000036,0.613430,0.515388,0.000960,-1.582704,-0.797837,-0.101814,-0.000097,0.000036,10.000000,-189.000000,-51.000000,0.295265,0.000004,0.000000,0.000000,0.000000,0.517801,352.000000,0.000000,0.000000,0.000000,0.000000,34.180344,358.209106,260.675446,3564.270996,1648.794922,0.005325,-6.122186,8.903060,7042,1134,37,0
34.183277,0.008307,0.039155,-2.133764,0.000038,0.610202,0.513739,0.001011,-1.624216,-0.832807,-0.105738,-0.000101,0.000047,10.000000,-189.000000,-51.000000,0.295265,0.000004,0.000000,0.000000,0.000000,0.517801,352.000000,0.000000,0.000000,0.000000,0.000000,34.182301,358.209106,260.675446,3564.270996,1648.794922,0.005398,-6.121958,8.903060,7041,1124,37,-3
34.185230,0.008307,0.040372,-2.132738,0.000040,0.606893,0.512026,0.001064,-1.664360,-0.863768,-0.109545,-0.000104,0.000058,10.000000,-189.000000,-51.000000,0.295265,0.000004,0.000000,0.000000,0.000000,0.517801,352.000000,0.000000,0.000000,0.000000,0.000000,34.184254,358.209106,260.675446,3564.270996,1648.794922,0.005455,-6.121777,8.903060,7041,1112,37,-7
34.187183,0.008308,0.041582,-2.131716,0.000042,0.603506,0.510257,0.001118,-1.703106,-0.891179,-0.113233,-0.000108,0.000070,10.000000,-189.000000,-51.000000,0.295265,0.000004,0.000000,0.000000,0.000000,0.517801,352.000000,0.000000,0.000000,0.000000,0.000000,34.186207,358.209106,260.675446,3564.270996,1648.794922,0.005491,-6.121665,8.903060,7041,1097,37,-10
34.189137,0.008308,0.042785,-2.130697,0.000044,0.600044,0.508438,0.001173,-1.740431,-0.915421,-0.116800,-0.000112,0.000081,10.000000,-189.000000,-51.000000,0.295265,0.000004,0.000000,0.000000,0.000000,0.517801,352.000000,0.000000,0.000000,0.000000,0.000000,34.188160,358.209106,260.675446,3564.270996,1648.794922,0.005505,-6.121620,8.903060,7041,1080,38,-14
34.191093,0.008308,0.043981,-2.129682,0.000047,0.596509,0.506575,0.001229,-1.776306,-0.936807,-0.120245,-0.000116,0.000093,10.000000,-189.000000,-51.000000,0.295265,0.000004,0.000000,0.000000,0.000000,0.517801,352.000000,0.000000,0.000000,0.000000,0.000000,34.190117,358.209106,260.675446,3564.270996,1648.794922,0.005500,-6.121638,8.903060,7041,1061,38,-17
34.193047,0.008308,0.045169,-2.128670,0.000049,0.592905,0.504673,0.001286,-1.810717,-0.955620,-0.123566,-0.000119,0.000104,10.000000,-189.000000,-51.000000,0.295265,0.000004,0.000000,0.000000,0.000000,0.517801,352.000000,0.000000,0.000000,0.000000,0.000000,34.192066,358.209106,260.675446,3564.270996,1648.794922,0.005474,-6.121718,8.903060,7041,1040,38,-21
34.195000,0.008308,0.046351,-2.127663,0.000052,0.589234,0.502737,0.001343,-1.843651,-0.972120,-0.126763,-0.000123,0.000116,10.000000,-189.000000,-51.000000,0.295265,0.000004,0.000000,0.000000,0.000000,0.517801,352.000000,0.000000,0.000000,0.000000,0.000000,34.194023,358.209106,260.675446,3564.270996,1648.794922,0.005428,-6.121863,8.903060,7041,1017,38,-25
34.196953,0.008308,0.047525,-2.126659,0.000055,0.585499,0.500771,0.001400,-1.875102,-0.986542,-0.129835,-0.000127,0.000127,10.000000,-189.000000,-51.000000,0.295265,0.000004,0.000000,0.000000,0.000000,0.517801,352.000000,0.000000,0.000000,0.000000,0.000000,34.195976,358.209106,260.675446,3564.270996,1648.794922,0.005355,-6.122092,8.903060,7041,992,39,-28
34.198910,0.008308,0.048691,-2.125660,0.000058,0.581704,0.498778,0.001457,-1.905072,-0.999098,-0.132782,-0.000130,0.000138,10.000000,-189.000000,-51.000000,0.295265,0.000004,0.000000,0.000000,0.000000,0.517801,352.000000,0.000000,0.000000,0.000000,0.000000,34.197933,358.209106,260.675446,3564.270996,1648.794922,0.005263,-6.122380,8.903060,7042,966,39,-32
34.200863,0.008308,0.049850,-2.124664,0.000061,0.577851,0.496764,0.001513,-1.933574,-1.010087,-0.135604,-0.000134,0.000149,10.000000,-189.000000,-51.000000,0.295265,0.000004,0.000000,0.000000,0.000000,0.517801,352.000000,0.000000,0.000000,0.000000,0.000000,34.199883,358.209106,260.675446,3564.270996,1648.794922,0.005152,-6.122729,8.903060,7042,938,39,-35
34.202816,0.008308,0.051001,-2.123673,0.000064,0.573943,0.494729,0.001568,-1.960609,-1.019604,-0.138302,-0.000138,0.000159,10.000000,-189.000000,-51.000000,0.295265,0.000004,0.000000,0.000000,0.000000,0.517801,352.000000,0.000000,0.000000,0.000000,0.000000,34.201839,358.209106,260.675446,3564.270996,1648.794922,0.005022,-6.123138,8.903060,7042,909,39,-39
34.204769,0.008309,0.052144,-2.122685,0.000067,0.569983,0.492677,0.001622,-1.986182,-1.027772,-0.140876,-0.000141,0.000170,10.000000,-189.000000,-51.000000,0.295265,0.000004,0.000000,0.000000,0.000000,0.517801,352.000000,0.000000,0.000000,0.000000,0.000000,34.203793,358.209106,260.675446,3564.270996,1648.794922,0.004872,-6.123609,8.903060,7042,879,39,-42
34.206722,0.008309,0.053279,-2.121702,0.000070,0.565974,0.490611,0.001675,-2.010310,-1.034737,-0.143328,-0.000144,0.000180,10.000000,-189.000000,-51.000000,0.295265,0.000004,0.000000,0.000000,0.000000,0.517801,352.000000,0.000000,0.000000,0.000000,0.000000,34.205750,358.209106,260.675446,3564.270996,1648.794922,0.004703,-6.124139,8.903060,7042,848,40,-45
34.208679,0.008309,0.054406,-2.120723,0.000074,0.561919,0.488533,0.001726,-2.033011,-1.040630,-0.145658,-0.000147,0.000189,10.000000,-189.000000,-51.000000,0.295265,0.000004,0.000000,0.000000,0.000000,0.517801,352.000000,0.000000,0.000000,0.000000,0.000000,34.207699,358.209106,260.675446,3564.270996,1648.794922,0.004523,-6.124706,8.903060,7042,816,40,-49
34.210632,0.008309,0.055525,-2.119748,0.000077,0.557821,0.486444,0.001775,-2.054304,-1.045571,-0.147868,-0.000151,0.000198,10.000000,-190.000000,-20.000000,0.295265,0.000004,0.000000,0.000000,0.000000,0.517801,396.000000,0.000000,0.000000,0.000000,0.000000,34.209656,358.209106,260.675446,3564.270996,1648.794922,0.004322,-6.125337,8.903060,7043,783,40,-52
34.212585,0.008309,0.056636,-2.118778,0.000081,0.553683,0.484346,0.001821,-2.074234,-1.049773,-0.149960,-0.000153,0.000207,10.000000,-190.000000,-20.000000,0.295265,0.000004,0.000000,0.000000,-0.933999,0.517801,396.000000,0.000000,0.000000,0.000000,0.000000,34.211609,358.209106,260.675446,3564.270996,1648.794922,0.004100,-6.126032,8.898060,7040,750,40,-55
34.214539,0.008309,0.057738,-2.117811,0.000085,0.549506,0.482242,0.001866,-2.092765,-1.052937,-0.151936,-0.000156,0.000215,10.000000,-190.000000,-20.000000,0.295265,0.000004,0.000000,0.000000,0.000000,0.517801,396.000000,0.000000,0.000000,0.000000,0.000000,34.213566,358.209106,260.675446,3564.270996,1648.794922,0.003866,-6.126768,8.898060,7041,716,40,-57
34.216496,0.008309,0.058832,-2.116849,0.000088,0.545295,0.480132,0.001907,-2.109976,-1.055462,-0.153798,-0.000159,0.000223,10.000000,-190.000000,-20.000000,0.295265,0.000004,0.000000,0.000000,0.000000,0.517801,396.000000,0.000000,0.000000,0.000000,0.000000,34.215515,358.209106,260.675446,3564.270996,1648.794922,0.003625,-6.127524,8.898060,7041,682,40,-60
34.218449,0.008310,0.059917,-2.115891,0.000092,0.541051,0.478018,0.001946,-2.125897,-1.057457,-0.155548,-0.000161,0.000230,10.000000,-190.000000,-20.000000,0.295265,0.000004,0.000000,0.000000,0.000000,0.517801,396.000000,0.000000,0.000000,0.000000,0.000000,34.217472,358.209106,260.675446,3564.270996,1648.794922,0.003376,-6.128307,8.898060,7041,647,40,-63
34.220402,0.008310,0.060994,-2.114937,0.000096,0.536777,0.475901,0.001981,-2.140560,-1.058954,-0.157189,-0.000163,0.000236,10.000000,-190.000000,-20.000000,0.295265,0.000004,0.000000,0.000000,0.000000,0.517801,396.000000,0.000000,0.000000,0.000000,0.000000,34.219425,358.209106,260.675446,3564.270996,1648.794922,0.003111,-6.129138,8.898060,7041,613,40,-65
34.222355,0.008310,0.062062,-2.113987,0.000100,0.532475,0.473782,0.002013,-2.153999,-1.060014,-0.158723,-0.000165,0.000242,10.000000,-190.000000,-20.000000,0.295265,0.000004,0.000000,0.000000,0.000000,0.517801,396.000000,0.000000,0.000000,0.000000,0.000000,34.221378,358.209106,260.675446,3564.270996,1648.794922,0.002837,-6.129999,8.898060,7042,579,40,-67
34.224312,0.008310,0.063122,-2.113042,0.000104,0.528149,0.471660,0.002041,-2.166267,-1.060799,-0.160154,-0.000167,0.000247,10.000000,-190.000000,-20.000000,0.295265,0.000004,0.000000,0.000000,0.000000,0.517801,396.000000,0.000000,0.000000,0.000000,0.000000,34.223331,358.209106,260.675446,3564.270996,1648.794922,0.002560,-6.130870,8.898060,7042,544,40,-70
34.226265,0.008310,0.064172,-2.112101,0.000108,0.523799,0.469538,0.002066,-2.177386,-1.061278,-0.161484,-0.000168,0.000252,10.000000,-190.000000,-20.000000,0.295265,0.000004,0.000000,0.000000,0.000000,0.517801,396.000000,0.000000,0.000000,0.000000,0.000000,34.225288,358.209106,260.675446,3564.270996,1648.794922,0.002271,-6.131777,8.898060,7042,510,40,-71
34.228218,0.008311,0.065214,-2.111164,0.000113,0.519430,0.467415,0.002086,-2.187394,-1.061459,-0.162717,-0.000169,0.000256,10.000000,-190.000000,-20.000000,0.295265,0.000004,0.000000,0.000000,0.000000,0.517801,396.000000,0.000000,0.000000,0.000000,0.000000,34.227242,358.209106,260.675446,3564.270996,1648.794922,0.001977,-6.132699,8.898060,7043,477,39,-73
34.230171,0.008311,0.066248,-2.110231,0.000117,0.515041,0.465292,0.002103,-2.196342,-1.061488,-0.163856,-0.000170,0.000259,10.000000,-190.000000,-20.000000,0.295265,0.000004,0.000000,0.000000,0.000000,0.517801,396.000000,0.000000,0.000000,0.000000,0.000000,34.229195,358.209106,260.675446,3564.270996,1648.794922,0.001684,-6.133619,8.898060,7043,443,39,-75
34.232124,0.008311,0.067272,-2.109303,0.000121,0.510637,0.463169,0.002116,-2.204260,-1.061322,-0.164904,-0.000171,0.000262,10.000000,-190.000000,-20.000000,0.295265,0.000004,0.000000,0.000000,0.000000,0.517801,396.000000,0.000000,0.000000,0.000000,0.000000,34.231148,358.209106,260.675446,3564.270996,1648.794922,0.001383,-6.134564,8.898060,7043,411,39,-76
34.234081,0.008311,0.068288,-2.108379,0.000125,0.506217,0.461047,0.002125,-2.211184,-1.060953,-0.165864,-0.000171,0.000264,10.000000,-190.000000,-20.000000,0.295265,0.000004,0.000000,0.000000,0.000000,0.517801,396.000000,0.000000,0.000000,0.000000,0.000000,34.233105,358.209106,260.675446,3564.270996,1648.794922,0.001081,-6.135512,8.898060,7044,378,39,-77
34.236034,0.008312,0.069295,-2.107459,0.000130,0.501786,0.458926,0.002129,-2.217171,-1.060518,-0.166740,-0.000171,0.000266,10.000000,-190.000000,-20.000000,0.295265,0.000004,0.000000,0.000000,0.000000,0.517801,396.000000,0.000000,0.000000,0.000000,0.000000,34.235058,358.209106,260.675446,3564.270996,1648.794922,0.000784,-6.136446,8.898060,7044,347,39,-78
34.237988,0.008312,0.070293,-2.106544,0.000134,0.497344,0.456806,0.002130,-2.222249,-1.059961,-0.167536,-0.000171,0.000267,10.000000,-190.000000,-20.000000,0.295265,0.000004,0.000000,0.000000,0.000000,0.517801,396.000000,0.000000,0.000000,0.000000,0.000000,34.237011,358.209106,260.675446,3564.270996,1648.794922,0.000489,-6.137372,8.898060,7044,316,39,-79
34.239941,0.008312,0.071282,-2.105632,0.000138,0.492893,0.454687,0.002127,-2.226454,-1.059268,-0.168254,-0.000171,0.000267,10.000000,-190.000000,-20.000000,0.295265,0.000004,0.000000,0.000000,0.000000,0.517801,396.000000,0.000000,0.000000,0.000000,0.000000,34.238964,358.209106,260.675446,3564.270996,1648.794922,0.000196,-6.138292,8.898060,7045,286,38,-80
34.241898,0.008313,0.072262,-2.104725,0.000142,0.488435,0.452569,0.002119,-2.229846,-1.058566,-0.168899,-0.000170,0.000266,10.000000,-190.000000,-20.000000,0.295265,0.000004,0.000000,0.000000,0.000000,0.517801,396.000000,0.000000,0.000000,0.000000,0.000000,34.240921,358.209106,260.675446,3564.270996,1648.794922,-0.000097,-6.139212,8.898060,7045,257,38,-80
34.243851,0.008313,0.073233,-2.103822,0.000147,0.483971,0.450453,0.002108,-2.232456,-1.057792,-0.169474,-0.000169,0.000265,10.000000,-190.000000,-20.000000,0.295265,0.000004,0.000000,0.000000,0.000000,0.517801,396.000000,0.000000,0.000000,0.000000,0.000000,34.242870,358.209106,260.675446,3564.270996,1648.794922,-0.000384,-6.140113,8.898060,7045,229,38,-81
34.245804,0.008313,0.074195,-2.102924,0.000151,0.479503,0.448339,0.002093,-2.234315,-1.056926,-0.169983,-0.000168,0.000264,10.000000,-190.000000,-20.000000,0.295265,0.000004,0.000000,0.000000,0.000000,0.517801,396.000000,0.000000,0.000000,0.000000,0.000000,34.244827,358.209106,260.675446,3564.270996,1648.794922,-0.000666,-6.141000,8.898060,7046,202,38,-81
34.247757,0.008313,0.075148,-2.102029,0.000155,0.475033,0.446227,0.002074,-2.235487,-1.056085,-0.170429,-0.000167,0.000261,10.000000,-190.000000,-20.000000,0.295265,0.000004,0.000000,0.000000,0.000000,0.517801,396.000000,0.000000,0.000000,0.000000,0.000000,34.246780,358.209106,260.675446,3564.270996,1648.794922,-0.000945,-6.141876,8.898060,7046,176,37,-81
34.249714,0.008314,0.076093,-2.101139,0.000159,0.470561,0.444116,0.002052,-2.235996,-1.055204,-0.170816,-0.000165,0.000258,10.000000,-190.000000,-20.000000,0.295265,0.000004,0.000000,0.000000,0.000000,0.517801,396.000000,0.000000,0.000000,0.000000,0.000000,34.248737,358.209106,260.675446,3564.270996,1648.794922,-0.001216,-6.142724,8.898060,7046,150,37,-81
34.251667,0.008314,0.077028,-2.100253,0.000163,0.466089,0.442007,0.002026,-2.235877,-1.054256,-0.171147,-0.000163,0.000255,10.000000,-190.000000,-20.000000,0.295265,0.000004,0.000000,0.000000,0.000000,0.517801,396.000000,0.000000,0.000000,0.000000,0.000000,34.250687,358.209106,260.675446,3564.270996,1648.794922,-0.001479,-6.143549,8.898060,7047,126,37,-80
34.253620,0.008314,0.077954,-2.099371,0.000167,0.461618,0.439900,0.001997,-2.235191,-1.053356,-0.171427,-0.000161,0.000251,10.000000,-190.000000,-20.000000,0.295265,0.000004,0.000000,0.000000,0.000000,0.517801,396.000000,0.000000,0.000000,0.000000,0.000000,34.252644,358.209106,260.675446,3564.270996,1648.794922,-0.001728,-6.144334,8.898060,7047,103,37,-80
34.255573,0.008315,0.078872,-2.098494,0.000171,0.457150,0.437794,0.001964,-2.233959,-1.052432,-0.171657,-0.000159,0.000246,10.000000,-190.000000,-20.000000,0.295265,0.000004,0.000000,0.000000,0.000000,0.517801,396.000000,0.000000,0.000000,0.000000,0.000000,34.254597,358.209106,260.675446,3564.270996,1648.794922,-0.001967,-6.145083,8.898060,7047,81,37,-79
34.257526,0.008315,0.079780,-2.097620,0.000175,0.452685,0.435691,0.001928,-2.232217,-1.051455,-0.171842,-0.000157,0.000241,10.000000,-190.000000,-20.000000,0.295265,0.000004,0.000000,0.000000,0.000000,0.517801,396.000000,0.000000,0.000000,0.000000,0.000000,34.256554,358.209106,260.675446,3564.270996,1648.794922,-0.002196,-6.145801,8.898060,7048,60,36,-79
34.259483,0.008315,0.080680,-2.096751,0.000179,0.448223,0.433589,0.001889,-2.230019,-1.050538,-0.171986,-0.000154,0.000236,10.000000,-190.000000,-20.000000,0.295265,0.000004,0.000000,0.000000,0.000000,0.517801,396.000000,0.000000,0.000000,0.000000,0.000000,34.258503,358.209106,260.675446,3564.270996,1648.794922,-0.002416,-6.146493,8.898060,7048,41,36,-78
34.261436,0.008316,0.081571,-2.095886,0.000182,0.443767,0.431490,0.001847,-2.227391,-1.049605,-0.172090,-0.000151,0.000230,10.000000,-190.000000,-20.000000,0.295265,0.000004,0.000000,0.000000,0.000000,0.517801,396.000000,0.000000,0.000000,0.000000,0.000000,34.260460,358.209106,260.675446,3564.270996,1648.794922,-0.002629,-6.147162,8.898060,7048,22,36,-77
34.263390,0.008316,0.082452,-2.095026,0.000186,0.439317,0.429392,0.001803,-2.224361,-1.048625,-0.172159,-0.000148,0.000224,10.000000,-190.000000,-20.000000,0.295265,0.000004,0.000000,0.000000,0.000000,0.517801,396.000000,0.000000,0.000000,0.000000,0.000000,34.262413,358.209106,260.675446,3564.270996,1648.794922,-0.002829,-6.147789,8.898060,7048,5,36,-75
34.265343,0.008317,0.083325,-2.094169,0.000190,0.434873,0.427296,0.001756,-2.220965,-1.047604,-0.172196,-0.000145,0.000217,10.000000,-190.000000,-20.000000,0.295265,0.000004,0.000000,0.000000,0.000000,0.517801,396.000000,0.000000,0.000000,0.000000,0.000000,34.264366,358.209106,260.675446,3564.270996,1648.794922,-0.003010,-6.148358,8.898060,7049,-10,35,-74
34.267300,0.008317,0.084189,-2.093317,0.000193,0.430437,0.425202,0.001707,-2.217253,-1.046652,-0.172203,-0.000142,0.000210,10.000000,-190.000000,-20.000000,0.295265,0.000004,0.000000,0.000000,0.000000,0.517801,396.000000,0.000000,0.000000,0.000000,0.000000,34.266319,358.209106,260.675446,3564.270996,1648.794922,-0.003174,-6.148874,8.898060,7049,-25,35,-73
34.269253,0.008317,0.085044,-2.092469,0.000196,0.426008,0.423110,0.001656,-2.213246,-1.045690,-0.172184,-0.000138,0.000202,10.000000,-188.000000,-6.000000,0.295265,0.000004,0.000000,0.000000,0.000000,0.517801,406.000000,0.000000,0.000000,0.000000,0.000000,34.268276,358.209106,260.675446,3564.270996,1648.794922,-0.003330,-6.149364,8.898060,7049,-39,35,-71
34.271206,0.008318,0.085890,-2.091625,0.000200,0.421588,0.421021,0.001603,-2.208970,-1.044685,-0.172141,-0.000135,0.000195,10.000000,-188.000000,-6.000000,0.282855,0.000047,0.000000,0.000000,0.067000,0.184956,406.000000,0.000000,0.000000,0.000000,0.000000,34.270229,671.641785,540.828613,4678.099609,2645.045654,-0.003471,-12.747415,8.922985,9600,-52,35,-70
34.273159,0.008318,0.086728,-2.090786,0.000203,0.417116,0.418584,0.001591,-2.249898,-1.304494,-0.172077,-0.000131,0.000188,10.000000,-188.000000,-6.000000,0.282855,0.000047,0.000000,0.000000,0.000000,0.184956,406.000000,0.000000,0.000000,0.000000,0.000000,34.272182,671.641785,540.828613,4678.099609,2645.045654,-0.003190,-12.746531,8.922985,9600,-64,35,-68
34.275112,0.008319,0.087556,-2.089952,0.000206,0.412539,0.415494,0.001586,-2.300575,-1.622376,-0.171995,-0.000127,0.000182,10.000000,-188.000000,-6.000000,0.282855,0.000047,0.000000,0.000000,0.000000,0.184956,406.000000,0.000000,0.000000,0.000000,0.000000,34.274136,671.641785,540.828613,4678.099609,2645.045654,-0.002507,-12.744387,8.922985,9600,-74,35,-67
34.277069,0.008319,0.088375,-2.089126,0.000209,0.407870,0.411816,0.001573,-2.345452,-1.908262,-0.171896,-0.000123,0.000178,10.000000,-188.000000,-6.000000,0.282855,0.000047,0.000000,0.000000,0.000000,0.184956,406.000000,0.000000,0.000000,0.000000,0.000000,34.276093,671.641785,540.828613,4678.099609,2645.045654,-0.001805,-12.742181,8.922985,9600,-84,34,-66
34.279022,0.008319,0.089184,-2.088308,0.000212,0.403119,0.407610,0.001554,-2.385124,-2.165448,-0.171784,-0.000118,0.000176,10.000000,-188.000000,-6.000000,0.282855,0.000047,0.000000,0.000000,0.000000,0.184956,406.000000,0.000000,0.000000,0.000000,0.000000,34.278046,671.641785,540.828613,4678.099609,2645.045654,-0.001101,-12.739969,8.922985,9600,-92,34,-66
34.280975,0.008320,0.089984,-2.087499,0.000215,0.398296,0.402929,0.001532,-2.420146,-2.397022,-0.171661,-0.000114,0.000174,10.000000,-188.000000,-6.000000,0.282855,0.000047,0.000000,0.000000,0.000000,0.184956,406.000000,0.000000,0.000000,0.000000,0.000000,34.279999,671.641785,540.828613,4678.099609,2645.045654,-0.000442,-12.737903,8.922985,9600,-100,35,-66
34.282928,0.008320,0.090774,-2.086699,0.000218,0.393409,0.397820,0.001507,-2.450988,-2.605468,-0.171529,-0.000110,0.000174,10.000000,-188.000000,-6.000000,0.282855,0.000047,0.000000,0.000000,0.000000,0.184956,406.000000,0.000000,0.000000,0.000000,0.000000,34.281952,671.641785,540.828613,4678.099609,2645.045654,0.000140,-12.736073,8.922985,9600,-106,35,-67
34.284885,0.008321,0.091554,-2.085911,0.000221,0.388466,0.392325,0.001483,-2.478085,-2.793147,-0.171389,-0.000106,0.000175,10.000000,-188.000000,-6.000000,0.282855,0.000047,0.000000,0.000000,0.000000,0.184956,406.000000,0.000000,0.000000,0.000000,0.000000,34.283909,671.641785,540.828613,4678.099609,2645.045654,0.000657,-12.734451,8.922985,9600,-112,35,-68
34.286839,0.008321,0.092325,-2.085135,0.000224,0.383474,0.386483,0.001461,-2.501815,-2.962061,-0.171245,-0.000102,0.000177,10.000000,-188.000000,-6.000000,0.282855,0.000047,0.000000,0.000000,0.000000,0.184956,406.000000,0.000000,0.000000,0.000000,0.000000,34.285858,671.641785,540.828613,4678.099609,2645.045654,0.001116,-12.733009,8.922985,9600,-116,35,-69
34.288792,0.008322,0.093085,-2.084370,0.000227,0.378439,0.380329,0.001441,-2.522525,-3.114058,-0.171097,-0.000099,0.000180,10.000000,-188.000000,-6.000000,0.282855,0.000047,0.000000,0.000000,0.000000,0.184956,406.000000,0.000000,0.000000,0.000000,0.000000,34.287815,671.641785,540.828613,4678.099609,2645.045654,0.001525,-12.731726,8.922985,9600,-120,36,-71
34.290745,0.008322,0.093835,-2.083618,0.000230,0.373366,0.373894,0.001426,-2.540503,-3.250642,-0.170947,-0.000096,0.000183,10.000000,-188.000000,-6.000000,0.282855,0.000047,0.000000,0.000000,0.000000,0.184956,406.000000,0.000000,0.000000,0.000000,0.000000,34.289768,671.641785,540.828613,4678.099609,2645.045654,0.001890,-12.730581,8.922985,9600,-123,36,-73
34.292702,0.008322,0.094575,-2.082880,0.000233,0.368262,0.367207,0.001416,-2.556055,-3.373420,-0.170797,-0.000094,0.000188,10.000000,-188.000000,-6.000000,0.282855,0.000047,0.000000,0.000000,0.000000,0.184956,406.000000,0.000000,0.000000,0.000000,0.000000,34.291725,671.641785,540.828613,4678.099609,2645.045654,0.002215,-12.729560,8.922985,9600,-125,37,-75
34.294655,0.008323,0.095304,-2.082155,0.000236,0.363129,0.360293,0.001412,-2.569438,-3.483744,-0.170648,-0.000092,0.000192,10.000000,-188.000000,-6.000000,0.282855,0.000047,0.000000,0.000000,0.000000,0.184956,406.000000,0.000000,0.000000,0.000000,0.000000,34.293674,671.641785,540.828613,4678.099609,2645.045654,0.002505,-12.728648,8.922985,9600,-127,37,-78
34.296608,0.008323,0.096023,-2.081444,0.000238,0.357973,0.353176,0.001414,-2.580895,-3.582875,-0.170502,-0.000091,0.000198,10.000000,-188.000000,-6.000000,0.282855,0.000047,0.000000,0.000000,0.000000,0.184956,406.000000,0.000000,0.000000,0.000000,0.000000,34.295631,671.641785,540.828613,4678.099609,2645.045654,0.002764,-12.727834,8.922985,9600,-128,38,-81
34.298561,0.008324,0.096732,-2.080748,0.000241,0.352796,0.345875,0.001424,-2.590616,-3.671782,-0.170360,-0.000091,0.000204,10.000000,-188.000000,-6.000000,0.282855,0.000047,0.000000,0.000000,0.000000,0.184956,406.000000,0.000000,0.000000,0.000000,0.000000,34.297585,671.641785,540.828613,4678.099609,2645.045654,0.002996,-12.727106,8.922985,9600,-128,38,-84
34.300514,0.008324,0.097431,-2.080067,0.000244,0.347603,0.338411,0.001442,-2.598815,-3.751588,-0.170223,-0.000090,0.000211,10.000000,-188.000000,-6.000000,0.282855,0.000047,0.000000,0.000000,0.000000,0.184956,406.000000,0.000000,0.000000,0.000000,0.000000,34.299541,671.641785,540.828613,4678.099609,2645.045654,0.003203,-12.726456,8.922985,9600,-127,39,-88
34.302471,0.008325,0.098119,-2.079401,0.000247,0.342395,0.330799,0.001468,-2.605669,-3.823207,-0.170092,-0.000091,0.000218,10.000000,-188.000000,-6.000000,0.282855,0.000047,0.000000,0.000000,0.000000,0.184956,406.000000,0.000000,0.000000,0.000000,0.000000,34.301491,671.641785,540.828613,4678.099609,2645.045654,0.003388,-12.725875,8.922985,9600,-126,40,-91
34.304424,0.008325,0.098796,-2.078750,0.000250,0.337175,0.323056,0.001502,-2.611326,-3.887398,-0.169968,-0.000092,0.000225,10.000000,-188.000000,-6.000000,0.282855,0.000047,0.000000,0.000000,0.000000,0.184956,406.000000,0.000000,0.000000,0.000000,0.000000,34.303448,671.641785,540.828613,4678.099609,2645.045654,0.003554,-12.725355,8.922985,9600,-124,40,-95
34.306377,0.008326,0.099464,-2.078115,0.000253,0.331945,0.315194,0.001545,-2.615956,-3.945058,-0.169852,-0.000094,0.000233,10.000000,-188.000000,-6.000000,0.282855,0.000047,0.000000,0.000000,0.000000,0.184956,406.000000,0.000000,0.000000,0.000000,0.000000,34.305401,671.641785,540.828613,4678.099609,2645.045654,0.003702,-12.724891,8.922985,9600,-121,41,-99
34.308331,0.008326,0.100120,-2.077496,0.000256,0.326707,0.307225,0.001596,-2.619671,-3.996755,-0.169744,-0.000096,0.000241,10.000000,-188.000000,-6.000000,0.282855,0.000047,0.000000,0.000000,0.000000,0.184956,406.000000,0.000000,0.000000,0.000000,0.000000,34.307358,671.641785,540.828613,4678.099609,2645.045654,0.003834,-12.724476,8.922985,9600,-119,42,-103
34.310287,0.008327,0.100767,-2.076893,0.000260,0.321464,0.299162,0.001656,-2.622572,-4.043007,-0.169645,-0.000099,0.000250,10.000000,-188.000000,-6.000000,0.282855,0.000047,0.000000,0.000000,0.000000,0.184956,406.000000,0.000000,0.000000,0.000000,0.000000,34.309307,671.641785,540.828613,4678.099609,2645.045654,0.003952,-12.724106,8.922985,9600,-115,43,-107
34.312241,0.008327,0.101402,-2.076307,0.000263,0.316215,0.291013,0.001723,-2.624787,-4.084530,-0.169556,-0.000103,0.000259,10.000000,-188.000000,-6.000000,0.282855,0.000047,0.000000,0.000000,0.000000,0.184956,406.000000,0.000000,0.000000,0.000000,0.000000,34.311264,671.641785,540.828613,4678.099609,2645.045654,0.004039,-12.723832,8.922985,9600,-112,43,-111
34.314194,0.008328,0.102027,-2.075736,0.000267,0.310963,0.282787,0.001799,-2.626434,-4.121932,-0.169477,-0.000107,0.000268,10.000000,-188.000000,-6.000000,0.282855,0.000047,0.000000,0.000000,0.000000,0.184956,406.000000,0.000000,0.000000,0.000000,0.000000,34.313217,671.641785,540.828613,4678.099609,2645.045654,0.004074,-12.723721,8.922985,9600,-108,44,-115
34.316147,0.008329,0.102642,-2.075183,0.000270,0.305708,0.274492,0.001882,-2.627626,-4.155835,-0.169408,-0.000111,0.000277,10.000000,-188.000000,-6.000000,0.282855,0.000047,0.000000,0.000000,0.000000,0.184956,406.000000,0.000000,0.000000,0.000000,0.000000,34.315170,671.641785,540.828613,4678.099609,2645.045654,0.004044,-12.723816,8.922985,9600,-103,45,-119
34.318104,0.008329,0.103246,-2.074646,0.000274,0.300452,0.266134,0.001972,-2.628420,-4.186523,-0.169350,-0.000117,0.000285,10.000000,-188.000000,-6.000000,0.282855,0.000047,0.000000,0.000000,0.000000,0.184956,406.000000,0.000000,0.000000,0.000000,0.000000,34.317123,671.641785,540.828613,4678.099609,2645.045654,0.003941,-12.724138,8.922985,9600,-99,46,-123
34.320057,0.008330,0.103840,-2.074126,0.000278,0.295194,0.257719,0.002068,-2.628866,-4.214261,-0.169303,-0.000122,0.000294,10.000000,-188.000000,-6.000000,0.282855,0.000047,0.000000,0.000000,0.000000,0.184956,406.000000,0.000000,0.000000,0.000000,0.000000,34.319080,671.641785,540.828613,4678.099609,2645.045654,0.003772,-12.724670,8.922985,9600,-94,46,-127
34.322010,0.008330,0.104423,-2.073622,0.000283,0.289936,0.249252,0.002171,-2.629053,-4.239529,-0.169267,-0.000128,0.000302,10.000000,-188.000000,-6.000000,0.282855,0.000047,0.000000,0.000000,0.000000,0.184956,406.000000,0.000000,0.000000,0.000000,0.000000,34.321033,671.641785,540.828613,4678.099609,2645.045654,0.003546,-12.725380,8.922985,9600,-89,47,-131
34.323963,0.008331,0.104995,-2.073136,0.000287,0.284678,0.240739,0.002279,-2.628993,-4.262412,-0.169242,-0.000135,0.000310,10.000000,-188.000000,-6.000000,0.282855,0.000047,0.000000,0.000000,0.000000,0.184956,406.000000,0.000000,0.000000,0.000000,0.000000,34.322987,671.641785,540.828613,4678.099609,2645.045654,0.003268,-12.726254,8.922985,9600,-83,48,-135
34.325916,0.008331,0.105557,-2.072667,0.000292,0.279420,0.232182,0.002392,-2.628749,-4.283271,-0.169228,-0.000142,0.000317,10.000000,-188.000000,-6.000000,0.282855,0.000047,0.000000,0.000000,0.000000,0.184956,406.000000,0.000000,0.000000,0.000000,0.000000,34.324940,671.641785,540.828613,4678.099609,2645.045654,0.002928,-12.727319,8.922985,9600,-78,48,-139
34.327873,0.008332,0.106109,-2.072215,0.000297,0.274163,0.223587,0.002509,-2.628368,-4.302359,-0.169226,-0.000150,0.000323,10.000000,-188.000000,-6.000000,0.282855,0.000047,0.000000,0.000000,0.000000,0.184956,406.000000,0.000000,0.000000,0.000000,0.000000,34.326897,671.641785,540.828613,4678.099609,2645.045654,0.002532,-12.728562,8.922985,9600,-72,49,-142
34.329826,0.008333,0.106650,-2.071780,0.000302,0.268908,0.214956,0.002629,-2.627857,-4.319734,-0.169234,-0.000157,0.000328,10.000000,-188.000000,-6.000000,0.282855,0.000047,0.000000,0.000000,0.000000,0.184956,406.000000,0.000000,0.000000,0.000000,0.000000,34.328850,671.641785,540.828613,4678.099609,2645.045654,0.002089,-12.729954,8.922985,9600,-67,49,-145
34.331779,0.008333,0.107180,-2.071363,0.000307,0.263653,0.206293,0.002753,-2.627238,-4.335519,-0.169252,-0.000166,0.000333,10.000000,-188.000000,-6.000000,0.282855,0.000047,0.000000,0.000000,0.000000,0.184956,406.000000,0.000000,0.000000,0.000000,0.000000,34.330803,671.641785,540.828613,4678.099609,2645.045654,0.001608,-12.731465,8.922985,9600,-61,50,-148
34.333733,0.008334,0.107700,-2.070963,0.000313,0.258399,0.197600,0.002878,-2.626563,-4.350069,-0.169281,-0.000174,0.000336,10.000000,-188.000000,-6.000000,0.282855,0.000047,0.000000,0.000000,0.000000,0.184956,406.000000,0.000000,0.000000,0.000000,0.000000,34.332756,671.641785,540.828613,4678.099609,2645.045654,0.001084,-12.733110,8.922985,9600,-55,50,-150
34.335690,0.008334,0.108210,-2.070580,0.000319,0.253147,0.188879,0.003005,-2.625813,-4.363251,-0.169321,-0.000183,0.000338,10.000000,-188.000000,-6.000000,0.282855,0.000047,0.000000,0.000000,0.000000,0.184956,406.000000,0.000000,0.000000,0.000000,0.000000,34.334713,671.641785,540.828613,4678.099609,2645.045654,0.000520,-12.734880,8.922985,9600,-50,51,-152
34.337643,0.008335,0.108709,-2.070215,0.000325,0.247897,0.180136,0.003132,-2.624915,-4.374671,-0.169370,-0.000192,0.000339,10.000000,-188.000000,-6.000000,0.282855,0.000047,0.000000,0.000000,0.000000,0.184956,406.000000,0.000000,0.000000,0.000000,0.000000,34.336662,671.641785,540.828613,4678.099609,2645.045654,-0.000063,-12.736713,8.922985,9600,-44,51,-154
34.339596,0.008336,0.109197,-2.069868,0.000332,0.242649,0.171372,0.003260,-2.623806,-4.383940,-0.169428,-0.000201,0.000339,10.000000,-188.000000,-6.000000,0.282855,0.000047,0.000000,0.000000,0.000000,0.184956,406.000000,0.000000,0.000000,0.000000,0.000000,34.338619,671.641785,540.828613,4678.099609,2645.045654,-0.000619,-12.738458,8.922985,9600,-38,52,-155
34.341549,0.008336,0.109675,-2.069538,0.000338,0.237403,0.162593,0.003387,-2.622502,-4.391229,-0.169496,-0.000210,0.000339,10.000000,-188.000000,-6.000000,0.282855,0.000047,0.000000,0.000000,0.000000,0.184956,406.000000,0.000000,0.000000,0.000000,0.000000,34.340572,671.641785,540.828613,4678.099609,2645.045654,-0.001097,-12.739959,8.922985,9600,-33,52,-155
34.343506,0.008337,0.110142,-2.069226,0.000345,0.232160,0.153802,0.003512,-2.621029,-4.396759,-0.169572,-0.000220,0.000337,10.000000,-188.000000,-6.000000,0.282855,0.000047,0.000000,0.000000,0.000000,0.184956,406.000000,0.000000,0.000000,0.000000,0.000000,34.342529,671.641785,540.828613,4678.099609,2645.045654,-0.001504,-12.741235,8.922985,9600,-27,52,-156
34.345459,0.008338,0.110599,-2.068931,0.000353,0.226921,0.145003,0.003636,-2.619394,-4.400589,-0.169657,-0.000229,0.000335,10.000000,-188.000000,-6.000000,0.282855,0.000047,0.000000,0.000000,0.000000,0.184956,406.000000,0.000000,0.000000,0.000000,0.000000,34.344479,671.641785,540.828613,4678.099609,2645.045654,-0.001850,-12.742323,8.922985,9600,-22,53,-156
34.347412,0.008339,0.111046,-2.068654,0.000360,0.221684,0.136198,0.003756,-2.617630,-4.402948,-0.169750,-0.000238,0.000332,10.000000,-184.000000,0.000000,0.282855,0.000047,0.000000,0.000000,0.000000,0.184956,426.000000,0.000000,0.000000,0.000000,0.000000,34.346436,671.641785,540.828613,4678.099609,2645.045654,-0.002135,-12.743217,8.922985,9600,-17,53,-156
34.349365,0.008339,0.111482,-2.068394,0.000368,0.216452,0.127390,0.003874,-2.615775,-4.404115,-0.169849,-0.000247,0.000328,10.000000,-184.000000,0.000000,0.291120,0.000086,0.000000,0.000000,0.067000,0.354573,426.000000,0.000000,0.000000,0.000000,0.000000,34.348389,89.552238,311.176392,-8687.903320,-565.911865,-0.002363,-7.335624,8.951941,7543,-12,53,-156
34.351318,0.008340,0.111907,-2.068152,0.000376,0.211272,0.118861,0.003923,-2.577789,-4.195049,-0.169956,-0.000256,0.000323,10.000000,-184.000000,0.000000,0.291120,0.000086,0.000000,0.000000,0.000000,0.354573,426.000000,0.000000,0.000000,0.000000,0.000000,34.350346,89.552238,311.176392,-8687.903320,-565.911865,-0.003212,-7.338289,8.951941,7544,-7,53,-155
34.353275,0.008341,0.112323,-2.067926,0.000383,0.206186,0.110861,0.003949,-2.531733,-3.937635,-0.170069,-0.000266,0.000314,10.000000,-184.000000,0.000000,0.291120,0.000086,0.000000,0.000000,0.000000,0.354573,426.000000,0.000000,0.000000,0.000000,0.000000,34.352295,89.552238,311.176392,-8687.903320,-565.911865,-0.004650,-7.342804,8.951941,7545,-2,53,-153
34.355228,0.008342,0.112728,-2.067716,0.000391,0.201186,0.103339,0.003973,-2.489800,-3.704037,-0.170187,-0.000275,0.000303,10.000000,-184.000000,0.000000,0.291120,0.000086,0.000000,0.000000,0.000000,0.354573,426.000000,0.000000,0.000000,0.000000,0.000000,34.354252,89.552238,311.176392,-8687.903320,-565.911865,-0.006002,-7.347050,8.951941,7547,2,53,-151
34.357182,0.008342,0.113123,-2.067520,0.000399,0.196264,0.096251,0.003993,-2.451622,-3.492143,-0.170311,-0.000284,0.000289,10.000000,-184.000000,0.000000,0.291120,0.000086,0.000000,0.000000,0.000000,0.354573,426.000000,0.000000,0.000000,0.000000,0.000000,34.356205,89.552238,311.176392,-8687.903320,-565.911865,-0.007266,-7.351018,8.951941,7549,6,53,-148
34.359135,0.008343,0.113509,-2.067337,0.000407,0.191413,0.089557,0.004008,-2.416856,-3.299967,-0.170440,-0.000293,0.000273,10.000000,-184.000000,0.000000,0.291120,0.000086,0.000000,0.000000,0.000000,0.354573,426.000000,0.000000,0.000000,0.000000,0.000000,34.358158,89.552238,311.176392,-8687.903320,-565.911865,-0.008439,-7.354704,8.951941,7550,10,53,-143
34.361092,0.008344,0.113885,-2.067167,0.000415,0.186627,0.083221,0.004017,-2.385167,-3.125571,-0.170573,-0.000301,0.000255,10.000000,-184.000000,0.000000,0.291120,0.000086,0.000000,0.000000,0.000000,0.354573,426.000000,0.000000,0.000000,0.000000,0.000000,34.360111,89.552238,311.176392,-8687.903320,-565.911865,-0.009510,-7.358065,8.951941,7552,14,53,-139
34.363045,0.008345,0.114251,-2.067010,0.000423,0.181901,0.077209,0.004020,-2.356277,-2.967371,-0.170710,-0.000309,0.000234,10.000000,-184.000000,0.000000,0.291120,0.000086,0.000000,0.000000,0.000000,0.354573,426.000000,0.000000,0.000000,0.000000,0.000000,34.362068,89.552238,311.176392,-8687.903320,-565.911865,-0.010476,-7.361099,8.951941,7553,18,52,-133
34.364998,0.008346,0.114609,-2.066864,0.000431,0.177228,0.071491,0.004015,-2.329914,-2.823789,-0.170849,-0.000317,0.000212,10.000000,-184.000000,0.000000,0.291120,0.000086,0.000000,0.000000,0.000000,0.354573,426.000000,0.000000,0.000000,0.000000,0.000000,34.364021,89.552238,311.176392,-8687.903320,-565.911865,-0.011338,-7.363805,8.951941,7554,22,52,-127
34.366951,0.008347,0.114956,-2.066729,0.000439,0.172604,0.066041,0.004002,-2.305835,-2.693432,-0.170992,-0.000323,0.000188,10.000000,-184.000000,0.000000,0.291120,0.000086,0.000000,0.000000,0.000000,0.354573,426.000000,0.000000,0.000000,0.000000,0.000000,34.365974,89.552238,311.176392,-8687.903320,-565.911865,-0.012089,-7.366164,8.951941,7555,25,52,-120
34.368904,0.008347,0.115295,-2.066605,0.000447,0.168026,0.060833,0.003980,-2.283826,-2.575071,-0.171136,-0.000329,0.000163,10.000000,-184.000000,0.000000,0.291120,0.000086,0.000000,0.000000,0.000000,0.354573,426.000000,0.000000,0.000000,0.000000,0.000000,34.367928,89.552238,311.176392,-8687.903320,-565.911865,-0.012730,-7.368176,8.951941,7556,28,51,-112
34.370861,0.008348,0.115625,-2.066490,0.000455,0.163489,0.055845,0.003950,-2.263692,-2.467588,-0.171282,-0.000334,0.000137,10.000000,-184.000000,0.000000,0.291120,0.000086,0.000000,0.000000,0.000000,0.354573,426.000000,0.000000,0.000000,0.000000,0.000000,34.369884,89.552238,311.176392,-8687.903320,-565.911865,-0.013254,-7.369822,8.951941,7557,31,50,-104
34.372814,0.008349,0.115945,-2.066386,0.000463,0.158989,0.051058,0.003910,-2.245255,-2.369974,-0.171430,-0.000339,0.000110,10.000000,-184.000000,0.000000,0.291120,0.000086,0.000000,0.000000,0.000000,0.354573,426.000000,0.000000,0.000000,0.000000,0.000000,34.371838,89.552238,311.176392,-8687.903320,-565.911865,-0.013663,-7.371105,8.951941,7557,34,50,-96
34.374767,0.008350,0.116257,-2.066290,0.000471,0.154524,0.046452,0.003860,-2.228334,-2.281207,-0.171578,-0.000342,0.000082,10.000000,-184.000000,0.000000,0.291120,0.000086,0.000000,0.000000,0.000000,0.354573,426.000000,0.000000,0.000000,0.000000,0.000000,34.373791,89.552238,311.176392,-8687.903320,-565.911865,-0.013963,-7.372046,8.951941,7558,36,49,-87
34.376720,0.008351,0.116559,-2.066204,0.000479,0.150091,0.042012,0.003800,-2.212801,-2.200533,-0.171726,-0.000344,0.000054,10.000000,-184.000000,0.000000,0.291120,0.000086,0.000000,0.000000,0.000000,0.354573,426.000000,0.000000,0.000000,0.000000,0.000000,34.375744,89.552238,311.176392,-8687.903320,-565.911865,-0.014154,-7.372648,8.951941,7558,38,48,-78
34.378677,0.008352,0.116853,-2.066127,0.000486,0.145687,0.037722,0.003729,-2.198509,-2.127132,-0.171874,-0.000345,0.000025,10.000000,-184.000000,0.000000,0.291120,0.000086,0.000000,0.000000,0.000000,0.354573,426.000000,0.000000,0.000000,0.000000,0.000000,34.377701,89.552238,311.176392,-8687.903320,-565.911865,-0.014238,-7.372911,8.951941,7558,40,47,-69
34.380630,0.008353,0.117138,-2.066057,0.000493,0.141310,0.033568,0.003649,-2.185331,-2.060294,-0.172022,-0.000345,-0.000004,10.000000,-184.000000,0.000000,0.291120,0.000086,0.000000,0.000000,0.000000,0.354573,426.000000,0.000000,0.000000,0.000000,0.000000,34.379650,89.552238,311.176392,-8687.903320,-565.911865,-0.014220,-7.372856,8.951941,7558,42,46,-59
34.382584,0.008354,0.117415,-2.065996,0.000501,0.136958,0.029540,0.003558,-2.173162,-1.999408,-0.172168,-0.000344,-0.000033,10.000000,-184.000000,0.000000,0.291120,0.000086,0.000000,0.000000,0.000000,0.354573,426.000000,0.000000,0.000000,0.000000,0.000000,34.381607,89.552238,311.176392,-8687.903320,-565.911865,-0.014101,-7.372480,8.951941,7558,43,46,-50
34.384537,0.008355,0.117682,-2.065943,0.000508,0.132628,0.025625,0.003457,-2.161901,-1.943923,-0.172313,-0.000342,-0.000061,10.000000,-184.000000,0.000000,0.291120,0.000086,0.000000,0.000000,0.000000,0.354573,426.000000,0.000000,0.000000,0.000000,0.000000,34.383560,89.552238,311.176392,-8687.903320,-565.911865,-0.013886,-7.371806,8.951941,7557,45,45,-41
34.386494,0.008356,0.117942,-2.065897,0.000514,0.128320,0.021814,0.003345,-2.151443,-1.893233,-0.172456,-0.000339,-0.000089,10.000000,-184.000000,0.000000,0.291120,0.000086,0.000000,0.000000,0.000000,0.354573,426.000000,0.000000,0.000000,0.000000,0.000000,34.385517,89.552238,311.176392,-8687.903320,-565.911865,-0.013588,-7.370869,8.951941,7557,46,44,-32
34.388447,0.008357,0.118192,-2.065859,0.000521,0.124032,0.018097,0.003224,-2.141719,-1.846965,-0.172597,-0.000334,-0.000117,10.000000,-184.000000,0.000000,0.291120,0.000086,0.000000,0.000000,0.000000,0.354573,426.000000,0.000000,0.000000,0.000000,0.000000,34.387466,89.552238,311.176392,-8687.903320,-565.911865,-0.013211,-7.369686,8.951941,7557,47,43,-23
34.390400,0.008358,0.118434,-2.065828,0.000527,0.119762,0.014467,0.003093,-2.132662,-1.804743,-0.172735,-0.000329,-0.000143,10.000000,-184.000000,0.000000,0.291120,0.000086,0.000000,0.000000,0.000000,0.354573,426.000000,0.000000,0.000000,0.000000,0.000000,34.389423,89.552238,311.176392,-8687.903320,-565.911865,-0.012760,-7.368269,8.951941,7556,47,42,-14
34.392353,0.008359,0.118667,-2.065805,0.000533,0.115510,0.010916,0.002952,-2.124187,-1.766086,-0.172871,-0.000322,-0.000169,10.000000,-184.000000,0.000000,0.291120,0.000086,0.000000,0.000000,0.000000,0.354573,426.000000,0.000000,0.000000,0.000000,0.000000,34.391376,89.552238,311.176392,-8687.903320,-565.911865,-0.012238,-7.366632,8.951941,7555,48,41,-6
34.394306,0.008360,0.118892,-2.065788,0.000539,0.111273,0.007437,0.002803,-2.116228,-1.730631,-0.173003,-0.000314,-0.000194,10.000000,-184.000000,0.000000,0.291120,0.000086,0.000000,0.000000,0.000000,0.354573,426.000000,0.000000,0.000000,0.000000,0.000000,34.393333,89.552238,311.176392,-8687.903320,-565.911865,-0.011657,-7.364808,8.951941,7555,48,40,2
34.396263,0.008361,0.119109,-2.065778,0.000544,0.107052,0.004025,0.002644,-2.108750,-1.698185,-0.173132,-0.000305,-0.000217,10.000000,-184.000000,0.000000,0.291120,0.000086,0.000000,0.000000,0.000000,0.354573,426.000000,0.000000,0.000000,0.000000,0.000000,34.395283,89.552238,311.176392,-8687.903320,-565.911865,-0.011026,-7.362826,8.951941,7554,48,39,9
34.398216,0.008363,0.119317,-2.065775,0.000549,0.102845,0.000674,0.002478,-2.101690,-1.668401,-0.173257,-0.000295,-0.000240,10.000000,-184.000000,0.000000,0.291120,0.000086,0.000000,0.000000,0.000000,0.354573,426.000000,0.000000,0.000000,0.000000,0.000000,34.397240,89.552238,311.176392,-8687.903320,-565.911865,-0.010353,-7.360713,8.951941,7553,48,38,16
34.400169,0.008364,0.119516,-2.065779,0.000554,0.098652,-0.002622,0.002304,-2.094999,-1.640998,-0.173379,-0.000285,-0.000261,10.000000,-184.000000,0.000000,0.291120,0.000086,0.000000,0.000000,0.000000,0.354573,426.000000,0.000000,0.000000,0.000000,0.000000,34.399193,89.552238,311.176392,-8687.903320,-565.911865,-0.009647,-7.358496,8.951941,7552,48,37,23
34.402122,0.008365,0.119707,-2.065789,0.000558,0.094472,-0.005866,0.002123,-2.088637,-1.615756,-0.173496,-0.000273,-0.000281,10.000000,-184.000000,0.000000,0.291120,0.000086,0.000000,0.000000,0.000000,0.354573,426.000000,0.000000,0.000000,0.000000,0.000000,34.401150,89.552238,311.176392,-8687.903320,-565.911865,-0.008909,-7.356177,8.951941,7551,47,36,29
34.404079,0.008366,0.119890,-2.065806,0.000562,0.090303,-0.009062,0.001935,-2.082566,-1.592477,-0.173609,-0.000260,-0.000299,10.000000,-184.000000,0.000000,0.291120,0.000086,0.000000,0.000000,0.000000,0.354573,426.000000,0.000000,0.000000,0.000000,0.000000,34.403099,89.552238,311.176392,-8687.903320,-565.911865,-0.008145,-7.353781,8.951941,7550,47,35,35
34.406033,0.008367,0.120065,-2.065829,0.000566,0.086147,-0.012214,0.001741,-2.076757,-1.570979,-0.173718,-0.000246,-0.000316,10.000000,-182.000000,8.000000,0.291120,0.000086,0.000000,0.000000,0.000000,0.354573,436.000000,0.000000,0.000000,0.000000,0.000000,34.405056,89.552238,311.176392,-8687.903320,-565.911865,-0.007365,-7.351329,8.951941,7549,46,34,41
34.407986,0.008368,0.120231,-2.065858,0.000569,0.082002,-0.015326,0.001542,-2.071178,-1.551097,-0.173822,-0.000232,-0.000331,10.000000,-182.000000,8.000000,0.277757,0.000134,0.000000,0.000000,0.066000,0.174765,436.000000,0.000000,0.000000,0.000000,0.000000,34.407009,121.212120,214.632614,479.695190,-487.287415,-0.006566,-5.075215,8.956060,6709,45,33,45
34.409939,0.008369,0.120389,-2.065893,0.000572,0.077888,-0.018284,0.001325,-2.050433,-1.445199,-0.173922,-0.000217,-0.000345,10.000000,-182.000000,8.000000,0.277757,0.000134,0.000000,0.000000,0.000000,0.174765,436.000000,0.000000,0.000000,0.000000,0.000000,34.408962,121.212120,214.632614,479.695190,-487.287415,-0.005769,-5.072711,8.956060,6708,44,32,49
34.411896,0.008370,0.120539,-2.065933,0.000574,0.073824,-0.020986,0.001103,-2.026356,-1.320737,-0.174017,-0.000201,-0.000358,10.000000,-182.000000,8.000000,0.277757,0.000134,0.000000,0.000000,0.000000,0.174765,436.000000,0.000000,0.000000,0.000000,0.000000,34.410915,121.212120,214.632614,479.695190,-487.287415,-0.004978,-5.070228,8.956060,6707,43,32,53
34.413849,0.008372,0.120681,-2.065979,0.000576,0.069804,-0.023456,0.000882,-2.004214,-1.207697,-0.174107,-0.000184,-0.000369,10.000000,-182.000000,8.000000,0.277757,0.000134,0.000000,0.000000,0.000000,0.174765,436.000000,0.000000,0.000000,0.000000,0.000000,34.412872,121.212120,214.632614,479.695190,-487.287415,-0.004185,-5.067738,8.956060,6706,42,31,56
34.415802,0.008373,0.120814,-2.066030,0.000577,0.065827,-0.025717,0.000663,-1.983821,-1.105016,-0.174192,-0.000167,-0.000379,10.000000,-182.000000,8.000000,0.277757,0.000134,0.000000,0.000000,0.000000,0.174765,436.000000,0.000000,0.000000,0.000000,0.000000,34.414825,121.212120,214.632614,479.695190,-487.287415,-0.003395,-5.065259,8.956060,6705,41,30,59
34.417755,0.008374,0.120940,-2.066084,0.000578,0.061888,-0.027786,0.000445,-1.965014,-1.011731,-0.174272,-0.000149,-0.000387,10.000000,-182.000000,8.000000,0.277757,0.000134,0.000000,0.000000,0.000000,0.174765,436.000000,0.000000,0.000000,0.000000,0.000000,34.416779,121.212120,214.632614,479.695190,-487.287415,-0.002615,-5.062810,8.956060,6705,39,29,61
34.419708,0.008375,0.121058,-2.066143,0.000579,0.057984,-0.029681,0.000229,-1.947659,-0.927073,-0.174348,-0.000131,-0.000393,10.000000,-182.000000,8.000000,0.277757,0.000134,0.000000,0.000000,0.000000,0.174765,436.000000,0.000000,0.000000,0.000000,0.000000,34.418732,121.212120,214.632614,479.695190,-487.287415,-0.001851,-5.060410,8.956060,6704,38,28,63
34.421665,0.008376,0.121169,-2.066205,0.000579,0.054113,-0.031419,0.000014,-1.931608,-0.850170,-0.174418,-0.000112,-0.000398,10.000000,-182.000000,8.000000,0.277757,0.000134,0.000000,0.000000,0.000000,0.174765,436.000000,0.000000,0.000000,0.000000,0.000000,34.420689,121.212120,214.632614,479.695190,-487.287415,-0.001107,-5.058074,8.956060,6703,36,28,64
34.423618,0.008377,0.121271,-2.066270,0.000579,0.050272,-0.033014,-0.000200,-1.916729,-0.780266,-0.174484,-0.000093,-0.000402,10.000000,-182.000000,8.000000,0.277757,0.000134,0.000000,0.000000,0.000000,0.174765,436.000000,0.000000,0.000000,0.000000,0.000000,34.422642,121.212120,214.632614,479.695190,-487.287415,-0.000389,-5.055818,8.956060,6702,35,27,65
34.425571,0.008379,0.121366,-2.066339,0.000578,0.046459,-0.034478,-0.000412,-1.902912,-0.716712,-0.174545,-0.000073,-0.000405,10.000000,-182.000000,8.000000,0.277757,0.000134,0.000000,0.000000,0.000000,0.174765,436.000000,0.000000,0.000000,0.000000,0.000000,34.424595,121.212120,214.632614,479.695190,-487.287415,0.000300,-5.053655,8.956060,6702,33,26,65
34.427525,0.008380,0.121453,-2.066410,0.000577,0.042673,-0.035824,-0.000623,-1.890072,-0.659021,-0.174601,-0.000053,-0.000406,10.000000,-182.000000,8.000000,0.277757,0.000134,0.000000,0.000000,0.000000,0.174765,436.000000,0.000000,0.000000,0.000000,0.000000,34.426548,121.212120,214.632614,479.695190,-487.287415,0.000955,-5.051600,8.956060,6701,32,26,65
34.429482,0.008381,0.121533,-2.066483,0.000575,0.038911,-0.037063,-0.000831,-1.878106,-0.606578,-0.174652,-0.000033,-0.000406,10.000000,-182.000000,8.000000,0.277757,0.000134,0.000000,0.000000,0.000000,0.174765,436.000000,0.000000,0.000000,0.000000,0.000000,34.428505,121.212120,214.632614,479.695190,-487.287415,0.001571,-5.049664,8.956060,6700,30,25,64
34.431435,0.008382,0.121605,-2.066559,0.000573,0.035171,-0.038204,-0.001037,-1.866921,-0.558862,-0.174698,-0.000013,-0.000405,10.000000,-182.000000,8.000000,0.277757,0.000134,0.000000,0.000000,0.000000,0.174765,436.000000,0.000000,0.000000,0.000000,0.000000,34.430454,121.212120,214.632614,479.695190,-487.287415,0.002146,-5.047860,8.956060,6700,28,25,63
34.433388,0.008383,0.121670,-2.066637,0.000571,0.031453,-0.039256,-0.001240,-1.856463,-0.515537,-0.174740,0.000007,-0.000403,10.000000,-182.000000,8.000000,0.277757,0.000134,0.000000,0.000000,0.000000,0.174765,436.000000,0.000000,0.000000,0.000000,0.000000,34.432411,121.212120,214.632614,479.695190,-487.287415,0.002675,-5.046199,8.956060,6699,26,24,62
34.435341,0.008384,0.121728,-2.066717,0.000568,0.027755,-0.040228,-0.001440,-1.846650,-0.476125,-0.174778,0.000028,-0.000400,10.000000,-182.000000,8.000000,0.277757,0.000134,0.000000,0.000000,0.000000,0.174765,436.000000,0.000000,0.000000,0.000000,0.000000,34.434364,121.212120,214.632614,479.695190,-487.287415,0.003162,-5.044670,8.956060,6699,25,24,60
34.437298,0.008385,0.121778,-2.066799,0.000565,0.024076,-0.041126,-0.001637,-1.837430,-0.440333,-0.174811,0.000048,-0.000396,10.000000,-182.000000,8.000000,0.277757,0.000134,0.000000,0.000000,0.000000,0.174765,436.000000,0.000000,0.000000,0.000000,0.000000,34.436321,121.212120,214.632614,479.695190,-487.287415,0.003603,-5.043283,8.956060,6698,23,23,58
34.439251,0.008387,0.121820,-2.066883,0.000561,0.020414,-0.041957,-0.001831,-1.828741,-0.407781,-0.174840,0.000068,-0.000391,10.000000,-182.000000,8.000000,0.277757,0.000134,0.000000,0.000000,0.000000,0.174765,436.000000,0.000000,0.000000,0.000000,0.000000,34.438271,121.212120,214.632614,479.695190,-487.287415,0.003999,-5.042040,8.956060,6698,21,23,56
34.441204,0.008388,0.121856,-2.066968,0.000557,0.016769,-0.042728,-0.002020,-1.820535,-0.378194,-0.174865,0.000088,-0.000386,10.000000,-182.000000,8.000000,0.277757,0.000134,0.000000,0.000000,0.000000,0.174765,436.000000,0.000000,0.000000,0.000000,0.000000,34.440228,121.212120,214.632614,479.695190,-487.287415,0.004349,-5.040941,8.956060,6698,20,23,54
34.443157,0.008389,0.121884,-2.067055,0.000553,0.013140,-0.043444,-0.002205,-1.812774,-0.351339,-0.174886,0.000108,-0.000380,10.000000,-182.000000,8.000000,0.277757,0.000134,0.000000,0.000000,0.000000,0.174765,436.000000,0.000000,0.000000,0.000000,0.000000,34.442181,121.212120,214.632614,479.695190,-487.287415,0.004654,-5.039985,8.956060,6697,18,22,52
34.445110,0.008390,0.121905,-2.067142,0.000548,0.009525,-0.044109,-0.002385,-1.805398,-0.326867,-0.174903,0.000128,-0.000373,10.000000,-182.000000,8.000000,0.277757,0.000134,0.000000,0.000000,0.000000,0.174765,436.000000,0.000000,0.000000,0.000000,0.000000,34.444138,121.212120,214.632614,479.695190,-487.287415,0.004920,-5.039150,8.956060,6697,16,22,49
34.447067,0.008391,0.121918,-2.067232,0.000543,0.005925,-0.044730,-0.002561,-1.798381,-0.304627,-0.174916,0.000147,-0.000366,10.000000,-182.000000,8.000000,0.277757,0.000134,0.000000,0.000000,0.000000,0.174765,436.000000,0.000000,0.000000,0.000000,0.000000,34.446087,121.212120,214.632614,479.695190,-487.287415,0.005142,-5.038452,8.956060,6697,15,22,46
34.449020,0.008392,0.121925,-2.067322,0.000538,0.002338,-0.045308,-0.002731,-1.791696,-0.284447,-0.174926,0.000166,-0.000358,10.000000,-182.000000,8.000000,0.277757,0.000134,0.000000,0.000000,0.000000,0.174765,436.000000,0.000000,0.000000,0.000000,0.000000,34.448044,121.212120,214.632614,479.695190,-487.287415,0.005318,-5.037900,8.956060,6697,13,21,44
34.450974,0.008393,0.121924,-2.067414,0.000532,-0.001236,-0.045850,-0.002895,-1.785313,-0.266133,-0.174932,0.000184,-0.000350,10.000000,-182.000000,8.000000,0.277757,0.000134,0.000000,0.000000,0.000000,0.174765,436.000000,0.000000,0.000000,0.000000,0.000000,34.449997,121.212120,214.632614,479.695190,-487.287415,0.005457,-5.037463,8.956060,6697,11,21,41
34.452927,0.008394,0.121916,-2.067506,0.000526,-0.004797,-0.046357,-0.003054,-1.779198,-0.249513,-0.174936,0.000202,-0.000342,10.000000,-182.000000,8.000000,0.277757,0.000134,0.000000,0.000000,0.000000,0.174765,436.000000,0.000000,0.000000,0.000000,0.000000,34.451954,121.212120,214.632614,479.695190,-487.287415,0.005562,-5.037133,8.956060,6696,10,21,38
34.454884,0.008395,0.121902,-2.067600,0.000520,-0.008347,-0.046833,-0.003206,-1.773311,-0.234326,-0.174936,0.000219,-0.000334,10.000000,-182.000000,8.000000,0.277757,0.000134,0.000000,0.000000,0.000000,0.174765,436.000000,0.000000,0.000000,0.000000,0.000000,34.453903,121.212120,214.632614,479.695190,-487.287415,0.005628,-5.036925,8.956060,6696,8,21,35
34.456837,0.008396,0.121879,-2.067694,0.000513,-0.011885,-0.047281,-0.003352,-1.767642,-0.220509,-0.174933,0.000236,-0.000325,10.000000,-182.000000,8.000000,0.277757,0.000134,0.000000,0.000000,0.000000,0.174765,436.000000,0.000000,0.000000,0.000000,0.000000,34.455860,121.212120,214.632614,479.695190,-487.287415,0.005658,-5.036831,8.956060,6696,7,21,32
34.458790,0.008397,0.121850,-2.067789,0.000506,-0.015412,-0.047703,-0.003491,-1.762176,-0.207967,-0.174928,0.000252,-0.000316,10.000000,-182.000000,8.000000,0.277757,0.000134,0.000000,0.000000,0.000000,0.174765,436.000000,0.000000,0.000000,0.000000,0.000000,34.457813,121.212120,214.632614,479.695190,-487.287415,0.005654,-5.036843,8.956060,6696,5,21,29
34.460743,0.008398,0.121814,-2.067885,0.000499,-0.018928,-0.048101,-0.003622,-1.756893,-0.196583,-0.174920,0.000267,-0.000308,10.000000,-182.000000,8.000000,0.277757,0.000134,0.000000,0.000000,0.000000,0.174765,436.000000,0.000000,0.000000,0.000000,0.000000,34.459766,121.212120,214.632614,479.695190,-487.287415,0.005619,-5.036954,8.956060,6696,4,21,27
34.462700,0.008399,0.121771,-2.067982,0.000492,-0.022434,-0.048479,-0.003746,-1.751780,-0.186249,-0.174910,0.000282,-0.000299,10.000000,-182.000000,8.000000,0.277757,0.000134,0.000000,0.000000,0.000000,0.174765,436.000000,0.000000,0.000000,0.000000,0.000000,34.461720,121.212120,214.632614,479.695190,-487.287415,0.005561,-5.037137,8.956060,6696,3,21,24
34.464653,0.008400,0.121721,-2.068080,0.000484,-0.025930,-0.048837,-0.003863,-1.746816,-0.176867,-0.174898,0.000295,-0.000290,10.000000,-182.000000,17.000000,0.277757,0.000134,0.000000,0.000000,0.000000,0.174765,434.000000,0.000000,0.000000,0.000000,0.000000,34.463676,121.212120,214.632614,479.695190,-487.287415,0.005481,-5.037386,8.956060,6696,1,21,21
34.466606,0.008401,0.121664,-2.068178,0.000476,-0.029417,-0.049178,-0.003972,-1.741990,-0.168349,-0.174884,0.000308,-0.000282,10.000000,-182.000000,17.000000,0.241454,0.000114,0.000000,0.000000,0.067000,-0.034351,434.000000,0.000000,0.000000,0.000000,0.000000,34.465630,134.328384,167.187927,195.765182,-382.489502,0.005374,-3.920400,8.950000,6368,0,21,19
34.468559,0.008402,0.121600,-2.068277,0.000468,-0.032885,-0.049457,-0.004060,-1.731251,-0.126418,-0.174868,0.000321,-0.000273,10.000000,-182.000000,17.000000,0.241454,0.000114,0.000000,0.000000,0.000000,-0.034351,434.000000,0.000000,0.000000,0.000000,0.000000,34.467583,134.328384,167.187927,195.765182,-382.489502,0.005255,-3.920774,8.950000,6368,0,21,16
34.470512,0.008403,0.121529,-2.068377,0.000460,-0.036330,-0.049636,-0.004137,-1.719249,-0.077420,-0.174850,0.000332,-0.000265,10.000000,-182.000000,17.000000,0.241454,0.000114,0.000000,0.000000,0.000000,-0.034351,434.000000,0.000000,0.000000,0.000000,0.000000,34.469536,134.328384,167.187927,195.765182,-382.489502,0.005123,-3.921190,8.950000,6368,-1,22,14
34.472469,0.008404,0.121451,-2.068476,0.000452,-0.039751,-0.049724,-0.004206,-1.708061,-0.033055,-0.174831,0.000342,-0.000257,10.000000,-182.000000,17.000000,0.241454,0.000114,0.000000,0.000000,0.000000,-0.034351,434.000000,0.000000,0.000000,0.000000,0.000000,34.471493,134.328384,167.187927,195.765182,-382.489502,0.004971,-3.921665,8.950000,6368,-2,22,12
34.474422,0.008405,0.121366,-2.068576,0.000443,-0.043152,-0.049729,-0.004268,-1.697607,0.007108,-0.174810,0.000352,-0.000249,10.000000,-182.000000,17.000000,0.241454,0.000114,0.000000,0.000000,0.000000,-0.034351,434.000000,0.000000,0.000000,0.000000,0.000000,34.473446,134.328384,167.187927,195.765182,-382.489502,0.004809,-3.922175,8.950000,6368,-3,22,10
34.476376,0.008406,0.121275,-2.068675,0.000434,-0.046532,-0.049660,-0.004323,-1.687823,0.043459,-0.174788,0.000361,-0.000241,10.000000,-182.000000,17.000000,0.241454,0.000114,0.000000,0.000000,0.000000,-0.034351,434.000000,0.000000,0.000000,0.000000,0.000000,34.475399,134.328384,167.187927,195.765182,-382.489502,0.004636,-3.922719,8.950000,6368,-4,22,8
34.478329,0.008407,0.121176,-2.068774,0.000426,-0.049894,-0.049523,-0.004371,-1.678645,0.076355,-0.174766,0.000369,-0.000234,10.000000,-182.000000,17.000000,0.241454,0.000114,0.000000,0.000000,0.000000,-0.034351,434.000000,0.000000,0.000000,0.000000,0.000000,34.477352,134.328384,167.187927,195.765182,-382.489502,0.004453,-3.923294,8.950000,6368,-5,23,6
34.480286,0.008407,0.121072,-2.068873,0.000417,-0.053238,-0.049325,-0.004412,-1.670019,0.106115,-0.174742,0.000376,-0.000226,10.000000,-182.000000,17.000000,0.241454,0.000114,0.000000,0.000000,0.000000,-0.034351,434.000000,0.000000,0.000000,0.000000,0.000000,34.479309,134.328384,167.187927,195.765182,-382.489502,0.004260,-3.923901,8.950000,6369,-6,23,5
34.482239,0.008408,0.120960,-2.068971,0.000408,-0.056566,-0.049073,-0.004447,-1.661914,0.132929,-0.174718,0.000383,-0.000219,10.000000,-182.000000,17.000000,0.241454,0.000114,0.000000,0.000000,0.000000,-0.034351,434.000000,0.000000,0.000000,0.000000,0.000000,34.481258,134.328384,167.187927,195.765182,-382.489502,0.004064,-3.924515,8.950000,6369,-6,23,3
34.484192,0.008409,0.120842,-2.069069,0.000399,-0.059878,-0.048770,-0.004474,-1.654267,0.157142,-0.174693,0.000388,-0.000213,10.000000,-182.000000,17.000000,0.241454,0.000114,0.000000,0.000000,0.000000,-0.034351,434.000000,0.000000,0.000000,0.000000,0.000000,34.483215,134.328384,167.187927,195.765182,-382.489502,0.003865,-3.925138,8.950000,6369,-7,23,2
34.486145,0.008410,0.120717,-2.069166,0.000390,-0.063176,-0.048423,-0.004495,-1.647035,0.179028,-0.174667,0.000393,-0.000206,10.000000,-182.000000,17.000000,0.241454,0.000114,0.000000,0.000000,0.000000,-0.034351,434.000000,0.000000,0.000000,0.000000,0.000000,34.485168,134.328384,167.187927,195.765182,-382.489502,0.003664,-3.925771,8.950000,6369,-7,24,1
34.488098,0.008411,0.120585,-2.069263,0.000381,-0.066460,-0.048035,-0.004510,-1.640178,0.198807,-0.174641,0.000397,-0.000200,10.000000,-182.000000,17.000000,0.241454,0.000114,0.000000,0.000000,0.000000,-0.034351,434.000000,0.000000,0.000000,0.000000,0.000000,34.487125,134.328384,167.187927,195.765182,-382.489502,0.003466,-3.926391,8.950000,6369,-8,24,0
34.490055,0.008411,0.120448,-2.069358,0.000372,-0.069730,-0.047610,-0.004518,-1.633664,0.216673,-0.174615,0.000400,-0.000194,10.000000,-182.000000,17.000000,0.241454,0.000114,0.000000,0.000000,0.000000,-0.034351,434.000000,0.000000,0.000000,0.000000,0.000000,34.489075,134.328384,167.187927,195.765182,-382.489502,0.003272,-3.927001,8.950000,6369,-8,24,0
34.492008,0.008412,0.120303,-2.069453,0.000363,-0.072988,-0.047152,-0.004520,-1.627462,0.232805,-0.174589,0.000403,-0.000188,10.000000,-182.000000,17.000000,0.241454,0.000114,0.000000,0.000000,0.000000,-0.034351,434.000000,0.000000,0.000000,0.000000,0.000000,34.491032,134.328384,167.187927,195.765182,-382.489502,0.003088,-3.927579,8.950000,6370,-9,25,-1
34.493961,0.008413,0.120152,-2.069546,0.000354,-0.076234,-0.046665,-0.004516,-1.621560,0.247260,-0.174563,0.000404,-0.000183,10.000000,-182.000000,17.000000,0.241454,0.000114,0.000000,0.000000,0.000000,-0.034351,434.000000,0.000000,0.000000,0.000000,0.000000,34.492985,134.328384,167.187927,195.765182,-382.489502,0.002912,-3.928131,8.950000,6370,-9,25,-1
34.495914,0.008414,0.119995,-2.069639,0.000345,-0.079469,-0.046151,-0.004506,-1.615923,0.260267,-0.174537,0.000406,-0.000177,10.000000,-182.000000,17.000000,0.241454,0.000114,0.000000,0.000000,0.000000,-0.034351,434.000000,0.000000,0.000000,0.000000,0.000000,34.494942,134.328384,167.187927,195.765182,-382.489502,0.002745,-3.928657,8.950000,6370,-10,25,-2
34.497871,0.008414,0.119831,-2.069731,0.000336,-0.082693,-0.045612,-0.004490,-1.610519,0.271991,-0.174511,0.000406,-0.000172,10.000000,-182.000000,17.000000,0.241454,0.000114,0.000000,0.000000,0.000000,-0.034351,434.000000,0.000000,0.000000,0.000000,0.000000,34.496891,134.328384,167.187927,195.765182,-382.489502,0.002584,-3.929163,8.950000,6370,-10,25,-2
34.499825,0.008415,0.119660,-2.069821,0.000327,-0.085906,-0.045052,-0.004468,-1.605330,0.282555,-0.174485,0.000406,-0.000167,10.000000,-182.000000,17.000000,0.241454,0.000114,0.000000,0.000000,0.000000,-0.034351,434.000000,0.000000,0.000000,0.000000,0.000000,34.498848,134.328384,167.187927,195.765182,-382.489502,0.002429,-3.929648,8.950000,6370,-10,26,-2
34.501778,0.008415,0.119483,-2.069911,0.000318,-0.089109,-0.044473,-0.004441,-1.600337,0.292067,-0.174460,0.000405,-0.000163,10.000000,-182.000000,17.000000,0.241454,0.000114,0.000000,0.000000,0.000000,-0.034351,434.000000,0.000000,0.000000,0.000000,0.000000,34.500801,134.328384,167.187927,195.765182,-382.489502,0.002287,-3.930095,8.950000,6370,-10,26,-3
34.503731,0.008416,0.119300,-2.069999,0.000309,-0.092303,-0.043876,-0.004409,-1.595521,0.300623,-0.174435,0.000403,-0.000158,10.000000,-182.000000,17.000000,0.241454,0.000114,0.000000,0.000000,0.000000,-0.034351,434.000000,0.000000,0.000000,0.000000,0.000000,34.502754,134.328384,167.187927,195.765182,-382.489502,0.002149,-3.930528,8.950000,6370,-10,26,-3
34.505688,0.008417,0.119111,-2.070086,0.000301,-0.095487,-0.043263,-0.004372,-1.590870,0.308315,-0.174411,0.000401,-0.000154,10.000000,-182.000000,17.000000,0.241454,0.000114,0.000000,0.000000,0.000000,-0.034351,434.000000,0.000000,0.000000,0.000000,0.000000,34.504707,134.328384,167.187927,195.765182,-382.489502,0.002015,-3.930950,8.950000,6370,-10,27,-3
34.507641,0.008417,0.118915,-2.070171,0.000292,-0.098662,-0.042636,-0.004329,-1.586370,0.315222,-0.174388,0.000398,-0.000149,10.000000,-182.000000,17.000000,0.241454,0.000114,0.000000,0.000000,0.000000,-0.034351,434.000000,0.000000,0.000000,0.000000,0.000000,34.506664,134.328384,167.187927,195.765182,-382.489502,0.001891,-3.931339,8.950000,6371,-10,27,-3
34.509594,0.008418,0.118712,-2.070256,0.000283,-0.101828,-0.041996,-0.004282,-1.582026,0.321314,-0.174365,0.000395,-0.000145,10.000000,-182.000000,17.000000,0.241454,0.000114,0.000000,0.000000,0.000000,-0.034351,434.000000,0.000000,0.000000,0.000000,0.000000,34.508617,134.328384,167.187927,195.765182,-382.489502,0.001776,-3.931699,8.950000,6371,-10,27,-3
34.511547,0.008418,0.118504,-2.070339,0.000275,-0.104986,-0.041345,-0.004229,-1.577813,0.326737,-0.174343,0.000391,-0.000141,10.000000,-182.000000,17.000000,0.241454,0.000114,0.000000,0.000000,0.000000,-0.034351,434.000000,0.000000,0.000000,0.000000,0.000000,34.510571,134.328384,167.187927,195.765182,-382.489502,0.001670,-3.932032,8.950000,6371,-10,28,-3
34.513500,0.008419,0.118289,-2.070421,0.000266,-0.108135,-0.040685,-0.004173,-1.573714,0.331588,-0.174321,0.000386,-0.000137,10.000000,-182.000000,17.000000,0.241454,0.000114,0.000000,0.000000,0.000000,-0.034351,434.000000,0.000000,0.000000,0.000000,0.000000,34.512524,134.328384,167.187927,195.765182,-382.489502,0.001572,-3.932341,8.950000,6371,-10,28,-3
34.515457,0.008419,0.118068,-2.070501,0.000258,-0.111276,-0.040015,-0.004112,-1.569721,0.335922,-0.174300,0.000381,-0.000133,10.000000,-182.000000,17.000000,0.241454,0.000114,0.000000,0.000000,0.000000,-0.034351,434.000000,0.000000,0.000000,0.000000,0.000000,34.514481,134.328384,167.187927,195.765182,-382.489502,0.001480,-3.932628,8.950000,6371,-10,28,-3
34.517410,0.008420,0.117840,-2.070580,0.000250,-0.114410,-0.039337,-0.004047,-1.565824,0.339784,-0.174281,0.000376,-0.000130,10.000000,-182.000000,17.000000,0.241454,0.000114,0.000000,0.000000,0.000000,-0.034351,434.000000,0.000000,0.000000,0.000000,0.000000,34.516434,134.328384,167.187927,195.765182,-382.489502,0.001395,-3.932896,8.950000,6371,-10,29,-2
34.519363,0.008420,0.117607,-2.070658,0.000242,-0.117536,-0.038652,-0.003979,-1.562019,0.343221,-0.174262,0.000370,-0.000126,10.000000,-182.000000,17.000000,0.241454,0.000114,0.000000,0.000000,0.000000,-0.034351,434.000000,0.000000,0.000000,0.000000,0.000000,34.518387,134.328384,167.187927,195.765182,-382.489502,0.001323,-3.933123,8.950000,6371,-10,29,-2
34.521317,0.008421,0.117367,-2.070734,0.000234,-0.120654,-0.037961,-0.003907,-1.558294,0.346271,-0.174244,0.000364,-0.000122,10.000000,-182.000000,17.000000,0.241454,0.000114,0.000000,0.000000,0.000000,-0.034351,434.000000,0.000000,0.000000,0.000000,0.000000,34.520340,134.328384,167.187927,195.765182,-382.489502,0.001262,-3.933313,8.950000,6371,-10,29,-2
34.523273,0.008421,0.117120,-2.070809,0.000226,-0.123765,-0.037265,-0.003832,-1.554646,0.348971,-0.174227,0.000357,-0.000119,10.000000,-182.000000,17.000000,0.241454,0.000114,0.000000,0.000000,0.000000,-0.034351,434.000000,0.000000,0.000000,0.000000,0.000000,34.522297,134.328384,167.187927,195.765182,-382.489502,0.001205,-3.933492,8.950000,6371,-9,30,-2
34.525227,0.008422,0.116868,-2.070883,0.000219,-0.126869,-0.036563,-0.003754,-1.551070,0.351355,-0.174211,0.000350,-0.000115,10.000000,-182.000000,17.000000,0.241454,0.000114,0.000000,0.000000,0.000000,-0.034351,434.000000,0.000000,0.000000,0.000000,0.000000,34.524246,134.328384,167.187927,195.765182,-382.489502,0.001151,-3.933661,8.950000,6371,-9,30,-2
34.527180,0.008422,0.116609,-2.070955,0.000212,-0.129966,-0.035857,-0.003673,-1.547559,0.353451,-0.174196,0.000343,-0.000112,10.000000,-182.000000,17.000000,0.241454,0.000114,0.000000,0.000000,0.000000,-0.034351,434.000000,0.000000,0.000000,0.000000,0.000000,34.526203,134.328384,167.187927,195.765182,-382.489502,0.001100,-3.933820,8.950000,6371,-9,30,-1
34.529133,0.008423,0.116344,-2.071026,0.000204,-0.133056,-0.035148,-0.003589,-1.544112,0.355287,-0.174182,0.000336,-0.000108,10.000000,-182.000000,17.000000,0.241454,0.000114,0.000000,0.000000,0.000000,-0.034351,434.000000,0.000000,0.000000,0.000000,0.000000,34.528156,134.328384,167.187927,195.765182,-382.489502,0.001060,-3.933948,8.950000,6371,-9,30,-1
34.531090,0.008423,0.116073,-2.071095,0.000197,-0.136139,-0.034435,-0.003504,-1.540720,0.356888,-0.174168,0.000328,-0.000105,10.000000,-182.000000,17.000000,0.241454,0.000114,0.000000,0.000000,0.000000,-0.034351,434.000000,0.000000,0.000000,0.000000,0.000000,34.530113,134.328384,167.187927,195.765182,-382.489502,0.001028,-3.934048,8.950000,6371,-8,31,-1
34.533043,0.008423,0.115796,-2.071163,0.000190,-0.139216,-0.033719,-0.003416,-1.537381,0.358276,-0.174156,0.000320,-0.000101,10.000000,-182.000000,17.000000,0.241454,0.000114,0.000000,0.000000,0.000000,-0.034351,434.000000,0.000000,0.000000,0.000000,0.000000,34.532063,134.328384,167.187927,195.765182,-382.489502,0.000997,-3.934144,8.950000,6371,-8,31,-1
34.534996,0.008424,0.115513,-2.071229,0.000184,-0.142286,-0.033000,-0.003326,-1.534092,0.359469,-0.174145,0.000312,-0.000098,10.000000,-182.000000,17.000000,0.241454,0.000114,0.000000,0.000000,0.000000,-0.034351,434.000000,0.000000,0.000000,0.000000,0.000000,34.534019,134.328384,167.187927,195.765182,-382.489502,0.000968,-3.934237,8.950000,6371,-8,31,-1
34.536949,0.008424,0.115223,-2.071294,0.000177,-0.145349,-0.032280,-0.003235,-1.530849,0.360488,-0.174136,0.000303,-0.000095,10.000000,-182.000000,17.000000,0.241454,0.000114,0.000000,0.000000,0.000000,-0.034351,434.000000,0.000000,0.000000,0.000000,0.000000,34.535973,134.328384,167.187927,195.765182,-382.489502,0.000939,-3.934328,8.950000,6371,-7,31,0
34.538902,0.008425,0.114928,-2.071358,0.000171,-0.148406,-0.031558,-0.003143,-1.527653,0.361348,-0.174127,0.000295,-0.000091,10.000000,-182.000000,17.000000,0.241454,0.000114,0.000000,0.000000,0.000000,-0.034351,434.000000,0.000000,0.000000,0.000000,0.000000,34.537930,134.328384,167.187927,195.765182,-382.489502,0.000918,-3.934392,8.950000,6371,-7,31,0
34.540859,0.008425,0.114626,-2.071420,0.000165,-0.151456,-0.030834,-0.003050,-1.524495,0.362063,-0.174119,0.000286,-0.000088,10.000000,-182.000000,17.000000,0.241454,0.000114,0.000000,0.000000,0.000000,-0.034351,434.000000,0.000000,0.000000,0.000000,0.000000,34.539879,134.328384,167.187927,195.765182,-382.489502,0.000905,-3.934434,8.950000,6371,-7,32,0
34.542812,0.008425,0.114318,-2.071481,0.000159,-0.154501,-0.030109,-0.002956,-1.521375,0.362650,-0.174112,0.000277,-0.000085,10.000000,-181.000000,25.000000,0.241454,0.000114,0.000000,0.000000,0.000000,-0.034351,438.000000,0.000000,0.000000,0.000000,0.000000,34.541836,134.328384,167.187927,195.765182,-382.489502,0.000891,-3.934476,8.950000,6371,-6,32,0
34.544765,0.008426,0.114004,-2.071540,0.000153,-0.157539,-0.029383,-0.002860,-1.518292,0.363120,-0.174106,0.000268,-0.000081,10.000000,-181.000000,25.000000,0.221222,0.000037,0.000000,0.000000,0.067000,0.068309,438.000000,0.000000,0.000000,0.000000,0.000000,34.543789,119.402985,133.036392,-222.767151,-369.472015,0.000878,-3.130251,8.957985,6184,-6,32,0
34.546719,0.008426,0.113685,-2.071597,0.000147,-0.160566,-0.028630,-0.002759,-1.511813,0.382981,-0.174101,0.000259,-0.000078,10.000000,-181.000000,25.000000,0.221222,0.000037,0.000000,0.000000,0.000000,0.068309,438.000000,0.000000,0.000000,0.000000,0.000000,34.545746,119.402985,133.036392,-222.767151,-369.472015,0.000863,-3.130296,8.957985,6184,-5,32,0
34.548676,0.008426,0.113359,-2.071653,0.000142,-0.163579,-0.027827,-0.002657,-1.504585,0.407182,-0.174097,0.000250,-0.000075,10.000000,-181.000000,25.000000,0.221222,0.000037,0.000000,0.000000,0.000000,0.068309,438.000000,0.000000,0.000000,0.000000,0.000000,34.547695,119.402985,133.036392,-222.767151,-369.472015,0.000849,-3.130341,8.957985,6184,-5,32,0
34.550629,0.008426,0.113027,-2.071708,0.000137,-0.166578,-0.026980,-0.002556,-1.497788,0.429020,-0.174094,0.000241,-0.000071,10.000000,-181.000000,25.000000,0.221222,0.000037,0.000000,0.000000,0.000000,0.068309,438.000000,0.000000,0.000000,0.000000,0.000000,34.549652,119.402985,133.036392,-222.767151,-369.472015,0.000834,-3.130387,8.957985,6184,-5,33,0
34.552582,0.008427,0.112689,-2.071761,0.000132,-0.169564,-0.026092,-0.002456,-1.491382,0.448716,-0.174092,0.000232,-0.000068,10.000000,-181.000000,25.000000,0.221222,0.000037,0.000000,0.000000,0.000000,0.068309,438.000000,0.000000,0.000000,0.000000,0.000000,34.551605,119.402985,133.036392,-222.767151,-369.472015,0.000820,-3.130434,8.957985,6184,-4,33,0
34.554535,0.008427,0.112345,-2.071811,0.000127,-0.172537,-0.025168,-0.002358,-1.485331,0.466471,-0.174090,0.000223,-0.000065,10.000000,-181.000000,25.000000,0.221222,0.000037,0.000000,0.000000,0.000000,0.068309,438.000000,0.000000,0.000000,0.000000,0.000000,34.553558,119.402985,133.036392,-222.767151,-369.472015,0.000804,-3.130481,8.957985,6184,-4,33,0
34.556492,0.008427,0.111995,-2.071860,0.000123,-0.175499,-0.024211,-0.002261,-1.479604,0.482464,-0.174090,0.000214,-0.000062,10.000000,-181.000000,25.000000,0.221222,0.000037,0.000000,0.000000,0.000000,0.068309,438.000000,0.000000,0.000000,0.000000,0.000000,34.555511,119.402985,133.036392,-222.767151,-369.472015,0.000789,-3.130530,8.957985,6184,-3,33,0
34.558445,0.008427,0.111639,-2.071907,0.000118,-0.178450,-0.023224,-0.002165,-1.474171,0.496860,-0.174090,0.000206,-0.000059,10.000000,-181.000000,25.000000,0.221222,0.000037,0.000000,0.000000,0.000000,0.068309,438.000000,0.000000,0.000000,0.000000,0.000000,34.557468,119.402985,133.036392,-222.767151,-369.472015,0.000773,-3.130579,8.957985,6184,-3,33,0
34.560398,0.008428,0.111277,-2.071952,0.000114,-0.181391,-0.022211,-0.002072,-1.469005,0.509807,-0.174091,0.000197,-0.000056,10.000000,-181.000000,25.000000,0.221222,0.000037,0.000000,0.000000,0.000000,0.068309,438.000000,0.000000,0.000000,0.000000,0.000000,34.559422,119.402985,133.036392,-222.767151,-369.472015,0.000758,-3.130628,8.957985,6184,-3,33,0
34.562351,0.008428,0.110910,-2.071995,0.000110,-0.184322,-0.021173,-0.001980,-1.464083,0.521442,-0.174093,0.000188,-0.000053,10.000000,-181.000000,25.000000,0.221222,0.000037,0.000000,0.000000,0.000000,0.068309,438.000000,0.000000,0.000000,0.000000,0.000000,34.561375,119.402985,133.036392,-222.767151,-369.472015,0.000742,-3.130678,8.957985,6184,-2,33,0
34.564304,0.008428,0.110536,-2.072036,0.000106,-0.187243,-0.020115,-0.001891,-1.459382,0.531885,-0.174095,0.000180,-0.000050,10.000000,-181.000000,25.000000,0.221222,0.000037,0.000000,0.000000,0.000000,0.068309,438.000000,0.000000,0.000000,0.000000,0.000000,34.563328,119.402985,133.036392,-222.767151,-369.472015,0.000725,-3.130729,8.957985,6184,-2,33,0
34.566261,0.008428,0.110157,-2.072075,0.000103,-0.190155,-0.019037,-0.001804,-1.454882,0.541248,-0.174098,0.000172,-0.000047,10.000000,-181.000000,25.000000,0.221222,0.000037,0.000000,0.000000,0.000000,0.068309,438.000000,0.000000,0.000000,0.000000,0.000000,34.565285,119.402985,133.036392,-222.767151,-369.472015,0.000709,-3.130780,8.957985,6184,-1,33,0
34.568214,0.008428,0.109772,-2.072111,0.000099,-0.193058,-0.017941,-0.001719,-1.450566,0.549633,-0.174102,0.000164,-0.000044,10.000000,-181.000000,25.000000,0.221222,0.000037,0.000000,0.000000,0.000000,0.068309,438.000000,0.000000,0.000000,0.000000,0.000000,34.567238,119.402985,133.036392,-222.767151,-369.472015,0.000693,-3.130832,8.957985,6184,-1,33,0
34.570168,0.008429,0.109381,-2.072145,0.000096,-0.195953,-0.016831,-0.001636,-1.446417,0.557130,-0.174106,0.000156,-0.000041,10.000000,-181.000000,25.000000,0.221222,0.000037,0.000000,0.000000,0.000000,0.068309,438.000000,0.000000,0.000000,0.000000,0.000000,34.569191,119.402985,133.036392,-222.767151,-369.472015,0.000676,-3.130885,8.957985,6184,-1,33,0
34.572121,0.008429,0.108985,-2.072177,0.000093,-0.198840,-0.015706,-0.001555,-1.442420,0.563822,-0.174111,0.000148,-0.000038,10.000000,-181.000000,25.000000,0.221222,0.000037,0.000000,0.000000,0.000000,0.068309,438.000000,0.000000,0.000000,0.000000,0.000000,34.571144,119.402985,133.036392,-222.767151,-369.472015,0.000659,-3.130939,8.957985,6184,0,33,0
34.574078,0.008429,0.108582,-2.072207,0.000090,-0.201719,-0.014570,-0.001477,-1.438561,0.569785,-0.174116,0.000141,-0.000036,10.000000,-181.000000,25.000000,0.221222,0.000037,0.000000,0.000000,0.000000,0.068309,438.000000,0.000000,0.000000,0.000000,0.000000,34.573101,119.402985,133.036392,-222.767151,-369.472015,0.000642,-3.130992,8.957985,6184,0,33,0
34.576031,0.008429,0.108174,-2.072235,0.000087,-0.204590,-0.013422,-0.001402,-1.434828,0.575085,-0.174122,0.000133,-0.000033,10.000000,-181.000000,25.000000,0.221222,0.000037,0.000000,0.000000,0.000000,0.068309,438.000000,0.000000,0.000000,0.000000,0.000000,34.575050,119.402985,133.036392,-222.767151,-369.472015,0.000624,-3.131047,8.957985,6184,0,33,0
34.577984,0.008429,0.107760,-2.072260,0.000084,-0.207454,-0.012265,-0.001329,-1.431210,0.579786,-0.174128,0.000126,-0.000031,10.000000,-181.000000,25.000000,0.221222,0.000037,0.000000,0.000000,0.000000,0.068309,438.000000,0.000000,0.000000,0.000000,0.000000,34.577007,119.402985,133.036392,-222.767151,-369.472015,0.000607,-3.131102,8.957985,6184,0,33,0
34.579937,0.008430,0.107341,-2.072283,0.000082,-0.210312,-0.011099,-0.001259,-1.427696,0.583943,-0.174134,0.000120,-0.000028,10.000000,-181.000000,25.000000,0.221222,0.000037,0.000000,0.000000,0.000000,0.068309,438.000000,0.000000,0.000000,0.000000,0.000000,34.578960,119.402985,133.036392,-222.767151,-369.472015,0.000589,-3.131157,8.957985,6184,0,33,0
34.581894,0.008430,0.106915,-2.072303,0.000079,-0.213162,-0.009926,-0.001192,-1.424278,0.587607,-0.174141,0.000113,-0.000026,10.000000,-181.000000,25.000000,0.221222,0.000037,0.000000,0.000000,0.000000,0.068309,438.000000,0.000000,0.000000,0.000000,0.000000,34.580917,119.402985,133.036392,-222.767151,-369.472015,0.000571,-3.131214,8.957985,6184,0,33,0
34.583847,0.008430,0.106484,-2.072321,0.000077,-0.216005,-0.008746,-0.001127,-1.420946,0.590824,-0.174148,0.000107,-0.000024,10.000000,-181.000000,25.000000,0.221222,0.000037,0.000000,0.000000,0.000000,0.068309,438.000000,0.000000,0.000000,0.000000,0.000000,34.582867,119.402985,133.036392,-222.767151,-369.472015,0.000553,-3.131271,8.957985,6184,0,33,0
34.585800,0.008430,0.106048,-2.072337,0.000075,-0.218842,-0.007560,-0.001065,-1.417693,0.593636,-0.174156,0.000101,-0.000022,10.000000,-181.000000,25.000000,0.221222,0.000037,0.000000,0.000000,0.000000,0.068309,438.000000,0.000000,0.000000,0.000000,0.000000,34.584824,119.402985,133.036392,-222.767151,-369.472015,0.000535,-3.131328,8.957985,6184,1,32,0
34.587753,0.008430,0.105605,-2.072350,0.000073,-0.221673,-0.006369,-0.001006,-1.414512,0.596080,-0.174163,0.000095,-0.000020,10.000000,-181.000000,25.000000,0.221222,0.000037,0.000000,0.000000,0.000000,0.068309,438.000000,0.000000,0.000000,0.000000,0.000000,34.586777,119.402985,133.036392,-222.767151,-369.472015,0.000516,-3.131386,8.957985,6184,1,32,0
34.589706,0.008430,0.105157,-2.072361,0.000071,-0.224497,-0.005173,-0.000950,-1.411398,0.598190,-0.174171,0.000090,-0.000018,10.000000,-181.000000,25.000000,0.221222,0.000037,0.000000,0.000000,0.000000,0.068309,438.000000,0.000000,0.000000,0.000000,0.000000,34.588734,119.402985,133.036392,-222.767151,-369.472015,0.000498,-3.131445,8.957985,6184,1,32,0
34.591663,0.008430,0.104703,-2.072370,0.000069,-0.227316,-0.003974,-0.000897,-1.408343,0.600000,-0.174179,0.000085,-0.000016,10.000000,-181.000000,25.000000,0.221222,0.000037,0.000000,0.000000,0.000000,0.068309,438.000000,0.000000,0.000000,0.000000,0.000000,34.590683,119.402985,133.036392,-222.767151,-369.472015,0.000479,-3.131504,8.957985,6184,1,32,0
34.593616,0.008431,0.104244,-2.072376,0.000067,-0.230128,-0.002772,-0.000846,-1.405343,0.601535,-0.174187,0.000080,-0.000014,10.000000,-181.000000,25.000000,0.221222,0.000037,0.000000,0.000000,0.000000,0.068309,438.000000,0.000000,0.000000,0.000000,0.000000,34.592640,119.402985,133.036392,-222.767151,-369.472015,0.000460,-3.131564,8.957985,6184,1,32,0
34.595570,0.008431,0.103779,-2.072380,0.000066,-0.232934,-0.001567,-0.000798,-1.402392,0.602823,-0.174196,0.000076,-0.000013,10.000000,-181.000000,25.000000,0.221222,0.000037,0.000000,0.000000,0.000000,0.068309,438.000000,0.000000,0.000000,0.000000,0.000000,34.594593,119.402985,133.036392,-222.767151,-369.472015,0.000440,-3.131624,8.957985,6184,2,32,0
34.597523,0.008431,0.103309,-2.072381,0.000064,-0.235734,-0.000359,-0.000753,-1.399487,0.603887,-0.174204,0.000071,-0.000011,10.000000,-181.000000,25.000000,0.221222,0.000037,0.000000,0.000000,0.000000,0.068309,438.000000,0.000000,0.000000,0.000000,0.000000,34.596546,119.402985,133.036392,-222.767151,-369.472015,0.000421,-3.131686,8.957985,6184,2,32,0
34.599480,0.008431,0.102833,-2.072380,0.000063,-0.238529,0.000850,-0.000710,-1.396623,0.604747,-0.174212,0.000067,-0.000009,10.000000,-181.000000,25.000000,0.221222,0.000037,0.000000,0.000000,0.000000,0.068309,438.000000,0.000000,0.000000,0.000000,0.000000,34.598499,119.402985,133.036392,-222.767151,-369.472015,0.000401,-3.131747,8.957985,6184,2,32,0
34.601433,0.008431,0.102351,-2.072376,0.000061,-0.241318,0.002060,-0.000669,-1.393797,0.605422,-0.174221,0.000063,-0.000008,10.000000,-180.000000,33.000000,0.221222,0.000037,0.000000,0.000000,0.000000,0.068309,438.000000,0.000000,0.000000,0.000000,0.000000,34.600456,119.402985,133.036392,-222.767151,-369.472015,0.000381,-3.131810,8.957985,6184,2,32,0
34.603386,0.008431,0.101864,-2.072370,0.000060,-0.244101,0.003272,-0.000632,-1.391006,0.605931,-0.174229,0.000060,-0.000007,10.000000,-180.000000,33.000000,0.195758,0.000014,0.000000,0.000000,0.066000,0.000000,438.000000,0.000000,0.000000,0.000000,0.000000,34.602409,121.212097,118.512039,27.410789,-266.797211,0.000361,-2.789824,8.963030,6118,2,31,0
34.605339,0.008431,0.101371,-2.072362,0.000059,-0.246878,0.004493,-0.000596,-1.387035,0.613168,-0.174237,0.000056,-0.000005,10.000000,-180.000000,33.000000,0.195758,0.000014,0.000000,0.000000,0.000000,0.000000,438.000000,0.000000,0.000000,0.000000,0.000000,34.604362,121.212097,118.512039,27.410789,-266.797211,0.000341,-2.789888,8.963030,6118,2,31,0
34.607292,0.008431,0.100872,-2.072351,0.000058,-0.249645,0.005733,-0.000563,-1.382817,0.621834,-0.174246,0.000053,-0.000004,10.000000,-180.000000,33.000000,0.195758,0.000014,0.000000,0.000000,0.000000,0.000000,438.000000,0.000000,0.000000,0.000000,0.000000,34.606316,121.212097,118.512039,27.410789,-266.797211,0.000321,-2.789952,8.963030,6118,2,31,0
34.609249,0.008432,0.100368,-2.072338,0.000056,-0.252405,0.006988,-0.000533,-1.378766,0.629574,-0.174254,0.000050,-0.000003,10.000000,-180.000000,33.000000,0.195758,0.000014,0.000000,0.000000,0.000000,0.000000,438.000000,0.000000,0.000000,0.000000,0.000000,34.608273,121.212097,118.512039,27.410789,-266.797211,0.000300,-2.790017,8.963030,6118,2,31,0
34.611202,0.008432,0.099859,-2.072322,0.000055,-0.255157,0.008258,-0.000505,-1.374867,0.636472,-0.174262,0.000048,-0.000002,10.000000,-180.000000,33.000000,0.195758,0.000014,0.000000,0.000000,0.000000,0.000000,438.000000,0.000000,0.000000,0.000000,0.000000,34.610226,121.212097,118.512039,27.410789,-266.797211,0.000279,-2.790083,8.963030,6118,2,31,0
34.613155,0.008432,0.099344,-2.072304,0.000054,-0.257901,0.009540,-0.000479,-1.371107,0.642607,-0.174270,0.000045,-0.000001,10.000000,-180.000000,33.000000,0.195758,0.000014,0.000000,0.000000,0.000000,0.000000,438.000000,0.000000,0.000000,0.000000,0.000000,34.612179,121.212097,118.512039,27.410789,-266.797211,0.000258,-2.790149,8.963030,6118,3,31,0
34.615108,0.008432,0.098823,-2.072282,0.000054,-0.260637,0.010834,-0.000456,-1.367472,0.648052,-0.174278,0.000043,-0.000000,10.000000,-180.000000,33.000000,0.195758,0.000014,0.000000,0.000000,0.000000,0.000000,438.000000,0.000000,0.000000,0.000000,0.000000,34.614132,121.212097,118.512039,27.410789,-266.797211,0.000236,-2.790216,8.963030,6118,3,31,0
34.617065,0.008432,0.098298,-2.072259,0.000053,-0.263367,0.012137,-0.000435,-1.363950,0.652870,-0.174286,0.000041,0.000000,10.000000,-180.000000,33.000000,0.195758,0.000014,0.000000,0.000000,0.000000,0.000000,438.000000,0.000000,0.000000,0.000000,0.000000,34.616089,121.212097,118.512039,27.410789,-266.797211,0.000215,-2.790283,8.963030,6118,3,30,0
34.619019,0.008432,0.097766,-2.072232,0.000052,-0.266090,0.013449,-0.000416,-1.360533,0.657119,-0.174293,0.000040,0.000001,10.000000,-180.000000,33.000000,0.195758,0.000014,0.000000,0.000000,0.000000,0.000000,438.000000,0.000000,0.000000,0.000000,0.000000,34.618038,121.212097,118.512039,27.410789,-266.797211,0.000193,-2.790352,8.963030,6118,3,30,0
34.620972,0.008432,0.097229,-2.072204,0.000051,-0.268806,0.014769,-0.000399,-1.357208,0.660854,-0.174301,0.000038,0.000002,10.000000,-180.000000,33.000000,0.195758,0.000014,0.000000,0.000000,0.000000,0.000000,438.000000,0.000000,0.000000,0.000000,0.000000,34.619995,121.212097,118.512039,27.410789,-266.797211,0.000171,-2.790421,8.963030,6118,3,30,0
34.622925,0.008432,0.096687,-2.072172,0.000050,-0.271515,0.016096,-0.000384,-1.353969,0.664121,-0.174308,0.000037,0.000002,10.000000,-180.000000,33.000000,0.195758,0.000014,0.000000,0.000000,0.000000,0.000000,438.000000,0.000000,0.000000,0.000000,0.000000,34.621948,121.212097,118.512039,27.410789,-266.797211,0.000149,-2.790490,8.963030,6118,3,30,0
34.624882,0.008432,0.096140,-2.072138,0.000050,-0.274219,0.017428,-0.000372,-1.350808,0.666965,-0.174315,0.000036,0.000003,10.000000,-180.000000,33.000000,0.195758,0.000014,0.000000,0.000000,0.000000,0.000000,438.000000,0.000000,0.000000,0.000000,0.000000,34.623905,121.212097,118.512039,27.410789,-266.797211,0.000127,-2.790560,8.963030,6118,3,30,0
34.626835,0.008432,0.095587,-2.072101,0.000049,-0.276916,0.018766,-0.000361,-1.347717,0.669426,-0.174321,0.000035,0.000003,10.000000,-180.000000,33.000000,0.195758,0.000014,0.000000,0.000000,0.000000,0.000000,438.000000,0.000000,0.000000,0.000000,0.000000,34.625854,121.212097,118.512039,27.410789,-266.797211,0.000104,-2.790632,8.963030,6118,3,30,0
34.628788,0.008433,0.095028,-2.072061,0.000048,-0.279607,0.020108,-0.000351,-1.344689,0.671537,-0.174328,0.000034,0.000003,10.000000,-180.000000,33.000000,0.195758,0.000014,0.000000,0.000000,0.000000,0.000000,438.000000,0.000000,0.000000,0.000000,0.000000,34.627811,121.212097,118.512039,27.410789,-266.797211,0.000081,-2.790703,8.963030,6118,3,30,0
34.630741,0.008433,0.094464,-2.072019,0.000047,-0.282291,0.021454,-0.000344,-1.341720,0.673334,-0.174334,0.000033,0.000004,10.000000,-180.000000,33.000000,0.195758,0.000014,0.000000,0.000000,0.000000,0.000000,438.000000,0.000000,0.000000,0.000000,0.000000,34.629765,121.212097,118.512039,27.410789,-266.797211,0.000058,-2.790776,8.963030,6118,3,29,0
34.632694,0.008433,0.093895,-2.071974,0.000047,-0.284970,0.022803,-0.000338,-1.338804,0.674844,-0.174340,0.000033,0.000004,10.000000,-180.000000,33.000000,0.195758,0.000014,0.000000,0.000000,0.000000,0.000000,438.000000,0.000000,0.000000,0.000000,0.000000,34.631721,121.212097,118.512039,27.410789,-266.797211,0.000035,-2.790849,8.963030,6118,3,29,0
34.634651,0.008433,0.093321,-2.071926,0.000046,-0.287644,0.024154,-0.000334,-1.335935,0.676095,-0.174346,0.000033,0.000004,10.000000,-180.000000,33.000000,0.195758,0.000014,0.000000,0.000000,0.000000,0.000000,438.000000,0.000000,0.000000,0.000000,0.000000,34.633671,121.212097,118.512039,27.410789,-266.797211,0.000011,-2.790923,8.963030,6118,3,29,0
34.636604,0.008433,0.092741,-2.071876,0.000045,-0.290311,0.025508,-0.000331,-1.333111,0.677111,-0.174351,0.000032,0.000004,10.000000,-180.000000,33.000000,0.195758,0.000014,0.000000,0.000000,0.000000,0.000000,438.000000,0.000000,0.000000,0.000000,0.000000,34.635628,121.212097,118.512039,27.410789,-266.797211,-0.000012,-2.790998,8.963030,6118,2,29,0
34.638557,0.008433,0.092156,-2.071823,0.000045,-0.292973,0.026864,-0.000329,-1.330325,0.677915,-0.174356,0.000032,0.000004,10.000000,-180.000000,33.000000,0.195758,0.000014,0.000000,0.000000,0.000000,0.000000,438.000000,0.000000,0.000000,0.000000,0.000000,34.637581,121.212097,118.512039,27.410789,-266.797211,-0.000036,-2.791073,8.963030,6118,2,29,0
34.640511,0.008433,0.091565,-2.071767,0.000044,-0.295630,0.028220,-0.000328,-1.327576,0.678526,-0.174361,0.000032,0.000004,10.000000,-180.000000,33.000000,0.195758,0.000014,0.000000,0.000000,0.000000,0.000000,438.000000,0.000000,0.000000,0.000000,0.000000,34.639538,121.212097,118.512039,27.410789,-266.797211,-0.000061,-2.791149,8.963030,6118,2,29,0
34.642467,0.008433,0.090969,-2.071708,0.000043,-0.298281,0.029578,-0.000328,-1.324861,0.678962,-0.174365,0.000032,0.000003,10.000000,-180.000000,33.000000,0.195758,0.000014,0.000000,0.000000,0.000000,0.000000,438.000000,0.000000,0.000000,0.000000,0.000000,34.641487,121.212097,118.512039,27.410789,-266.797211,-0.000085,-2.791226,8.963030,6118,2,29,0
34.644421,0.008433,0.090368,-2.071647,0.000043,-0.300927,0.030936,-0.000330,-1.322175,0.679240,-0.174370,0.000033,0.000003,10.000000,-180.000000,33.000000,0.195758,0.000014,0.000000,0.000000,0.000000,0.000000,438.000000,0.000000,0.000000,0.000000,0.000000,34.643444,121.212097,118.512039,27.410789,-266.797211,-0.000110,-2.791304,8.963030,6118,2,29,0
34.646374,0.008433,0.089762,-2.071583,0.000042,-0.303567,0.032295,-0.000332,-1.319517,0.679375,-0.174374,0.000033,0.000003,10.000000,-180.000000,33.000000,0.195758,0.000014,0.000000,0.000000,0.000000,0.000000,438.000000,0.000000,0.000000,0.000000,0.000000,34.645397,121.212097,118.512039,27.410789,-266.797211,-0.000135,-2.791383,8.963030,6118,2,29,0
34.648327,0.008433,0.089150,-2.071517,0.000041,-0.306202,0.033654,-0.000334,-1.316885,0.679380,-0.174378,0.000033,0.000002,10.000000,-180.000000,33.000000,0.195758,0.000014,0.000000,0.000000,0.000000,0.000000,438.000000,0.000000,0.000000,0.000000,0.000000,34.647350,121.212097,118.512039,27.410789,-266.797211,-0.000161,-2.791463,8.963030,6118,2,29,0
34.650284,0.008434,0.088533,-2.071447,0.000041,-0.308832,0.035012,-0.000337,-1.314276,0.679268,-0.174381,0.000034,0.000002,10.000000,-180.000000,33.000000,0.195758,0.000014,0.000000,0.000000,0.000000,0.000000,438.000000,0.000000,0.000000,0.000000,0.000000,34.649303,121.212097,118.512039,27.410789,-266.797211,-0.000186,-2.791543,8.963030,6118,2,28,0
34.652237,0.008434,0.087911,-2.071375,0.000040,-0.311457,0.036371,-0.000341,-1.311689,0.679049,-0.174384,0.000034,0.000001,10.000000,-180.000000,33.000000,0.195758,0.000014,0.000000,0.000000,0.000000,0.000000,438.000000,0.000000,0.000000,0.000000,0.000000,34.651260,121.212097,118.512039,27.410789,-266.797211,-0.000212,-2.791624,8.963030,6118,2,28,0
34.654190,0.008434,0.087283,-2.071300,0.000039,-0.314076,0.037728,-0.000345,-1.309121,0.678733,-0.174388,0.000034,0.000001,10.000000,-180.000000,33.000000,0.195758,0.000014,0.000000,0.000000,0.000000,0.000000,438.000000,0.000000,0.000000,0.000000,0.000000,34.653214,121.212097,118.512039,27.410789,-266.797211,-0.000238,-2.791706,8.963030,6118,2,28,1
34.656143,0.008434,0.086651,-2.071223,0.000039,-0.316691,0.039085,-0.000350,-1.306573,0.678330,-0.174390,0.000035,0.000000,10.000000,-180.000000,33.000000,0.195758,0.000014,0.000000,0.000000,0.000000,0.000000,438.000000,0.000000,0.000000,0.000000,0.000000,34.655167,121.212097,118.512039,27.410789,-266.797211,-0.000257,-2.791765,8.963030,6118,2,28,1
34.658096,0.008434,0.086013,-2.071142,0.000038,-0.319300,0.040441,-0.000355,-1.304039,0.677849,-0.174393,0.000035,-0.000000,10.000000,-180.000000,33.000000,0.195758,0.000014,0.000000,0.000000,0.000000,0.000000,438.000000,0.000000,0.000000,0.000000,0.000000,34.657120,121.212097,118.512039,27.410789,-266.797211,-0.000269,-2.791805,8.963030,6118,2,28,1
34.660053,0.008434,0.085369,-2.071059,0.000037,-0.321904,0.041796,-0.000359,-1.301521,0.677295,-0.174395,0.000036,-0.000001,10.000000,-179.000000,41.000000,0.195758,0.000014,0.000000,0.000000,0.000000,0.000000,436.000000,0.000000,0.000000,0.000000,0.000000,34.659077,121.212097,118.512039,27.410789,-266.797211,-0.000283,-2.791848,8.963030,6118,2,28,1
34.662006,0.008434,0.084721,-2.070974,0.000037,-0.324504,0.043150,-0.000364,-1.299017,0.676677,-0.174397,0.000036,-0.000002,10.000000,-179.000000,41.000000,0.168949,0.000009,0.000000,0.000000,0.067000,-0.034193,436.000000,0.000000,0.000000,0.000000,0.000000,34.661030,119.402985,111.747284,-27.001678,-193.134888,-0.000298,-2.632585,8.967985,6091,2,28,2
34.663960,0.008434,0.084068,-2.070885,0.000036,-0.327097,0.044506,-0.000369,-1.296031,0.678817,-0.174399,0.000037,-0.000002,10.000000,-179.000000,41.000000,0.168949,0.000009,0.000000,0.000000,0.000000,-0.034193,436.000000,0.000000,0.000000,0.000000,0.000000,34.662983,119.402985,111.747284,-27.001678,-193.134888,-0.000307,-2.632612,8.967985,6091,2,28,2
34.665913,0.008434,0.083409,-2.070794,0.000035,-0.329685,0.045868,-0.000373,-1.292942,0.681544,-0.174401,0.000037,-0.000003,10.000000,-179.000000,41.000000,0.168949,0.000009,0.000000,0.000000,0.000000,-0.034193,436.000000,0.000000,0.000000,0.000000,0.000000,34.664936,119.402985,111.747284,-27.001678,-193.134888,-0.000310,-2.632621,8.967985,6091,2,28,2
34.667870,0.008434,0.082745,-2.070700,0.000034,-0.332266,0.047234,-0.000377,-1.289922,0.683896,-0.174402,0.000038,-0.000004,10.000000,-179.000000,41.000000,0.168949,0.000009,0.000000,0.000000,0.000000,-0.034193,436.000000,0.000000,0.000000,0.000000,0.000000,34.666893,119.402985,111.747284,-27.001678,-193.134888,-0.000314,-2.632636,8.967985,6091,2,28,2
34.669823,0.008434,0.082076,-2.070604,0.000034,-0.334841,0.048605,-0.000380,-1.286964,0.685906,-0.174403,0.000038,-0.000005,10.000000,-179.000000,41.000000,0.168949,0.000009,0.000000,0.000000,0.000000,-0.034193,436.000000,0.000000,0.000000,0.000000,0.000000,34.668842,119.402985,111.747284,-27.001678,-193.134888,-0.000321,-2.632656,8.967985,6091,1,28,3
34.671776,0.008434,0.081402,-2.070504,0.000033,-0.337411,0.049979,-0.000384,-1.284066,0.687608,-0.174404,0.000038,-0.000005,10.000000,-179.000000,41.000000,0.168949,0.000009,0.000000,0.000000,0.000000,-0.034193,436.000000,0.000000,0.000000,0.000000,0.000000,34.670799,119.402985,111.747284,-27.001678,-193.134888,-0.000322,-2.632659,8.967985,6091,1,28,3
34.673729,0.008434,0.080722,-2.070402,0.000032,-0.339975,0.051357,-0.000387,-1.281217,0.689029,-0.174405,0.000039,-0.000006,10.000000,-179.000000,41.000000,0.168949,0.000009,0.000000,0.000000,0.000000,-0.034193,436.000000,0.000000,0.000000,0.000000,0.000000,34.672752,119.402985,111.747284,-27.001678,-193.134888,-0.000317,-2.632645,8.967985,6091,1,28,3
34.675682,0.008434,0.080038,-2.070297,0.000031,-0.342533,0.052737,-0.000389,-1.278415,0.690196,-0.174405,0.000039,-0.000007,10.000000,-179.000000,41.000000,0.168949,0.000009,0.000000,0.000000,0.000000,-0.034193,436.000000,0.000000,0.000000,0.000000,0.000000,34.674709,119.402985,111.747284,-27.001678,-193.134888,-0.000315,-2.632639,8.967985,6091,1,28,3
34.677639,0.008435,0.079348,-2.070189,0.000030,-0.345086,0.054119,-0.000391,-1.275657,0.691134,-0.174405,0.000039,-0.000007,10.000000,-179.000000,41.000000,0.168949,0.000009,0.000000,0.000000,0.000000,-0.034193,436.000000,0.000000,0.000000,0.000000,0.000000,34.676659,119.402985,111.747284,-27.001678,-193.134888,-0.000316,-2.632640,8.967985,6091,1,28,4
34.679592,0.008435,0.078654,-2.070079,0.000030,-0.347633,0.055502,-0.000393,-1.272940,0.691863,-0.174405,0.000039,-0.000008,10.000000,-179.000000,41.000000,0.168949,0.000009,0.000000,0.000000,0.000000,-0.034193,436.000000,0.000000,0.000000,0.000000,0.000000,34.678616,119.402985,111.747284,-27.001678,-193.134888,-0.000310,-2.632624,8.967985,6091,1,28,4
34.681545,0.008435,0.077954,-2.069966,0.000029,-0.350175,0.056886,-0.000394,-1.270257,0.692404,-0.174405,0.000039,-0.000009,10.000000,-179.000000,41.000000,0.168949,0.000009,0.000000,0.000000,0.000000,-0.034193,436.000000,0.000000,0.000000,0.000000,0.000000,34.680569,119.402985,111.747284,-27.001678,-193.134888,-0.000301,-2.632593,8.967985,6091,1,28,4
34.683498,0.008435,0.077249,-2.069850,0.000028,-0.352711,0.058272,-0.000395,-1.267606,0.692773,-0.174405,0.000039,-0.000009,10.000000,-179.000000,41.000000,0.168949,0.000009,0.000000,0.000000,0.000000,-0.034193,436.000000,0.000000,0.000000,0.000000,0.000000,34.682526,119.402985,111.747284,-27.001678,-193.134888,-0.000293,-2.632570,8.967985,6091,1,28,4
34.685455,0.008435,0.076539,-2.069731,0.000027,-0.355243,0.059658,-0.000396,-1.264987,0.692988,-0.174404,0.000039,-0.000010,10.000000,-179.000000,41.000000,0.168949,0.000009,0.000000,0.000000,0.000000,-0.034193,436.000000,0.000000,0.000000,0.000000,0.000000,34.684475,119.402985,111.747284,-27.001678,-193.134888,-0.000289,-2.632556,8.967985,6091,1,28,5
34.687408,0.008435,0.075824,-2.069610,0.000027,-0.357769,0.061044,-0.000396,-1.262396,0.693062,-0.174403,0.000039,-0.000010,10.000000,-179.000000,41.000000,0.168949,0.000009,0.000000,0.000000,0.000000,-0.034193,436.000000,0.000000,0.000000,0.000000,0.000000,34.686432,119.402985,111.747284,-27.001678,-193.134888,-0.000279,-2.632525,8.967985,6091,1,28,5
34.689362,0.008435,0.075104,-2.069485,0.000026,-0.360290,0.062430,-0.000395,-1.259830,0.693009,-0.174402,0.000039,-0.000011,10.000000,-179.000000,41.000000,0.168949,0.000009,0.000000,0.000000,0.000000,-0.034193,436.000000,0.000000,0.000000,0.000000,0.000000,34.688385,119.402985,111.747284,-27.001678,-193.134888,-0.000265,-2.632480,8.967985,6091,0,28,5
34.691315,0.008435,0.074379,-2.069358,0.000025,-0.362805,0.063816,-0.000394,-1.257286,0.692842,-0.174401,0.000039,-0.000011,10.000000,-179.000000,41.000000,0.168949,0.000009,0.000000,0.000000,0.000000,-0.034193,436.000000,0.000000,0.000000,0.000000,0.000000,34.690338,119.402985,111.747284,-27.001678,-193.134888,-0.000253,-2.632444,8.967985,6091,0,28,5
34.693272,0.008435,0.073649,-2.069228,0.000024,-0.365316,0.065201,-0.000392,-1.254765,0.692570,-0.174399,0.000039,-0.000012,10.000000,-179.000000,41.000000,0.168949,0.000009,0.000000,0.000000,0.000000,-0.034193,436.000000,0.000000,0.000000,0.000000,0.000000,34.692291,119.402985,111.747284,-27.001678,-193.134888,-0.000244,-2.632416,8.967985,6091,0,29,5
34.695225,0.008435,0.072914,-2.069096,0.000023,-0.367822,0.066586,-0.000390,-1.252263,0.692204,-0.174398,0.000038,-0.000012,10.000000,-179.000000,41.000000,0.168949,0.000009,0.000000,0.000000,0.000000,-0.034193,436.000000,0.000000,0.000000,0.000000,0.000000,34.694248,119.402985,111.747284,-27.001678,-193.134888,-0.000238,-2.632397,8.967985,6091,0,29,6
34.697178,0.008435,0.072174,-2.068960,0.000023,-0.370323,0.067969,-0.000387,-1.249781,0.691754,-0.174396,0.000038,-0.000013,10.000000,-179.000000,41.000000,0.168949,0.000009,0.000000,0.000000,0.000000,-0.034193,436.000000,0.000000,0.000000,0.000000,0.000000,34.696201,119.402985,111.747284,-27.001678,-193.134888,-0.000227,-2.632361,8.967985,6091,0,29,6
34.699131,0.008435,0.071428,-2.068822,0.000022,-0.372819,0.069352,-0.000384,-1.247315,0.691226,-0.174394,0.000038,-0.000013,10.000000,-179.000000,41.000000,0.168949,0.000009,0.000000,0.000000,0.000000,-0.034193,436.000000,0.000000,0.000000,0.000000,0.000000,34.698154,119.402985,111.747284,-27.001678,-193.134888,-0.000211,-2.632311,8.967985,6091,0,29,6
34.701084,0.008435,0.070678,-2.068681,0.000021,-0.375310,0.070734,-0.000381,-1.244864,0.690628,-0.174392,0.000037,-0.000013,10.000000,-179.000000,41.000000,0.168949,0.000009,0.000000,0.000000,0.000000,-0.034193,436.000000,0.000000,0.000000,0.000000,0.000000,34.700108,119.402985,111.747284,-27.001678,-193.134888,-0.000198,-2.632270,8.967985,6091,0,29,6
34.703041,0.008435,0.069923,-2.068538,0.000020,-0.377796,0.072114,-0.000377,-1.242429,0.689968,-0.174390,0.000037,-0.000014,10.000000,-179.000000,41.000000,0.168949,0.000009,0.000000,0.000000,0.000000,-0.034193,436.000000,0.000000,0.000000,0.000000,0.000000,34.702065,119.402985,111.747284,-27.001678,-193.134888,-0.000187,-2.632237,8.967985,6091,0,29,6
34.704994,0.008435,0.069163,-2.068391,0.000020,-0.380277,0.073493,-0.000373,-1.240008,0.689250,-0.174388,0.000037,-0.000014,10.000000,-179.000000,41.000000,0.168949,0.000009,0.000000,0.000000,0.000000,-0.034193,436.000000,0.000000,0.000000,0.000000,0.000000,34.704018,119.402985,111.747284,-27.001678,-193.134888,-0.000179,-2.632212,8.967985,6091,0,29,6
34.706947,0.008435,0.068398,-2.068242,0.000019,-0.382753,0.074870,-0.000369,-1.237599,0.688480,-0.174386,0.000036,-0.000014,10.000000,-179.000000,41.000000,0.168949,0.000009,0.000000,0.000000,0.000000,-0.034193,436.000000,0.000000,0.000000,0.000000,0.000000,34.705971,119.402985,111.747284,-27.001678,-193.134888,-0.000174,-2.632194,8.967985,6091,0,29,7
34.708900,0.008435,0.067628,-2.068090,0.000018,-0.385225,0.076246,-0.000364,-1.235205,0.687666,-0.174384,0.000036,-0.000014,10.000000,-179.000000,41.000000,0.168949,0.000009,0.000000,0.000000,0.000000,-0.034193,436.000000,0.000000,0.000000,0.000000,0.000000,34.707924,119.402985,111.747284,-27.001678,-193.134888,-0.000162,-2.632159,8.967985,6091,0,29,7
34.710857,0.008435,0.066853,-2.067935,0.000017,-0.387692,0.077620,-0.000359,-1.232819,0.686809,-0.174382,0.000035,-0.000015,10.000000,-179.000000,41.000000,0.168949,0.000009,0.000000,0.000000,0.000000,-0.034193,436.000000,0.000000,0.000000,0.000000,0.000000,34.709881,119.402985,111.747284,-27.001678,-193.134888,-0.000147,-2.632109,8.967985,6091,0,29,7
34.712811,0.008435,0.066073,-2.067778,0.000017,-0.390154,0.078992,-0.000355,-1.230445,0.685915,-0.174379,0.000035,-0.000015,10.000000,-179.000000,41.000000,0.168949,0.000009,0.000000,0.000000,0.000000,-0.034193,436.000000,0.000000,0.000000,0.000000,0.000000,34.711830,119.402985,111.747284,-27.001678,-193.134888,-0.000133,-2.632068,8.967985,6091,0,29,7
34.714764,0.008435,0.065288,-2.067618,0.000016,-0.392611,0.080363,-0.000349,-1.228081,0.684987,-0.174377,0.000034,-0.000015,10.000000,-179.000000,41.000000,0.168949,0.000009,0.000000,0.000000,0.000000,-0.034193,436.000000,0.000000,0.000000,0.000000,0.000000,34.713787,119.402985,111.747284,-27.001678,-193.134888,-0.000123,-2.632034,8.967985,6091,0,29,7
34.716717,0.008435,0.064499,-2.067455,0.000015,-0.395064,0.081731,-0.000344,-1.225726,0.684028,-0.174374,0.000034,-0.000015,10.000000,-179.000000,41.000000,0.168949,0.000009,0.000000,0.000000,0.000000,-0.034193,436.000000,0.000000,0.000000,0.000000,0.000000,34.715740,119.402985,111.747284,-27.001678,-193.134888,-0.000114,-2.632008,8.967985,6091,0,29,7
34.718674,0.008435,0.063704,-2.067289,0.000015,-0.397512,0.083098,-0.000339,-1.223381,0.683041,-0.174372,0.000033,-0.000015,10.000000,-179.000000,41.000000,0.168949,0.000009,0.000000,0.000000,0.000000,-0.034193,436.000000,0.000000,0.000000,0.000000,0.000000,34.717697,119.402985,111.747284,-27.001678,-193.134888,-0.000108,-2.631988,8.967985,6091,0,29,7
34.720627,0.008436,0.062905,-2.067121,0.000014,-0.399955,0.084462,-0.000334,-1.221044,0.682030,-0.174369,0.000033,-0.000015,10.000000,-179.000000,41.000000,0.168949,0.000009,0.000000,0.000000,0.000000,-0.034193,436.000000,0.000000,0.000000,0.000000,0.000000,34.719646,119.402985,111.747284,-27.001678,-193.134888,-0.000104,-2.631975,8.967985,6091,0,29,7
34.722580,0.008436,0.062100,-2.066950,0.000013,-0.402394,0.085825,-0.000330,-1.218716,0.680996,-0.174367,0.000032,-0.000016,10.000000,-179.000000,41.000000,0.168949,0.000009,0.000000,0.000000,0.000000,-0.034193,436.000000,0.000000,0.000000,0.000000,0.000000,34.721603,119.402985,111.747284,-27.001678,-193.134888,-0.000101,-2.631967,8.967985,6091,0,29,7
34.724533,0.008436,0.061291,-2.066776,0.000013,-0.404828,0.087185,-0.000325,-1.216395,0.679942,-0.174364,0.000032,-0.000016,10.000000,-179.000000,41.000000,0.168949,0.000009,0.000000,0.000000,0.000000,-0.034193,436.000000,0.000000,0.000000,0.000000,0.000000,34.723557,119.402985,111.747284,-27.001678,-193.134888,-0.000100,-2.631963,8.967985,6091,0,29,8
34.726486,0.008436,0.060477,-2.066599,0.000012,-0.407257,0.088544,-0.000320,-1.214084,0.678870,-0.174361,0.000031,-0.000016,10.000000,-179.000000,41.000000,0.168949,0.000009,0.000000,0.000000,0.000000,-0.034193,436.000000,0.000000,0.000000,0.000000,0.000000,34.725513,119.402985,111.747284,-27.001678,-193.134888,-0.000093,-2.631942,8.967985,6091,0,29,8
34.728443,0.008436,0.059658,-2.066420,0.000011,-0.409682,0.089900,-0.000316,-1.211778,0.677782,-0.174359,0.000031,-0.000016,10.000000,-179.000000,41.000000,0.168949,0.000009,0.000000,0.000000,0.000000,-0.034193,436.000000,0.000000,0.000000,0.000000,0.000000,34.727463,119.402985,111.747284,-27.001678,-193.134888,-0.000081,-2.631904,8.967985,6091,0,29,8
34.730396,0.008436,0.058834,-2.066238,0.000011,-0.412102,0.091254,-0.000312,-1.209478,0.676680,-0.174356,0.000030,-0.000016,10.000000,-179.000000,41.000000,0.168949,0.000009,0.000000,0.000000,0.000000,-0.034193,436.000000,0.000000,0.000000,0.000000,0.000000,34.729420,119.402985,111.747284,-27.001678,-193.134888,-0.000071,-2.631872,8.967985,6091,0,29,8
34.732349,0.008436,0.058006,-2.066053,0.000010,-0.414517,0.092605,-0.000308,-1.207186,0.675565,-0.174353,0.000030,-0.000016,10.000000,-179.000000,41.000000,0.168949,0.000009,0.000000,0.000000,0.000000,-0.034193,436.000000,0.000000,0.000000,0.000000,0.000000,34.731373,119.402985,111.747284,-27.001678,-193.134888,-0.000063,-2.631848,8.967985,6091,0,29,8
34.734303,0.008436,0.057172,-2.065866,0.000009,-0.416928,0.093955,-0.000304,-1.204900,0.674438,-0.174350,0.000030,-0.000016,10.000000,-179.000000,41.000000,0.168949,0.000009,0.000000,0.000000,0.000000,-0.034193,436.000000,0.000000,0.000000,0.000000,0.000000,34.733330,119.402985,111.747284,-27.001678,-193.134888,-0.000058,-2.631830,8.967985,6091,0,29,8
34.736259,0.008436,0.056334,-2.065675,0.000009,-0.419335,0.095302,-0.000300,-1.202620,0.673302,-0.174347,0.000029,-0.000016,10.000000,-179.000000,41.000000,0.168949,0.000009,0.000000,0.000000,0.000000,-0.034193,436.000000,0.000000,0.000000,0.000000,0.000000,34.735279,119.402985,111.747284,-27.001678,-193.134888,-0.000053,-2.631816,8.967985,6091,0,29,8
34.738213,0.008436,0.055491,-2.065483,0.000008,-0.421736,0.096647,-0.000296,-1.200347,0.672156,-0.174345,0.000029,-0.000016,10.000000,-177.000000,48.000000,0.168949,0.000009,0.000000,0.000000,0.000000,-0.034193,434.000000,0.000000,0.000000,0.000000,0.000000,34.737236,119.402985,111.747284,-27.001678,-193.134888,-0.000051,-2.631809,8.967985,6091,0,29,8
34.740166,0.008436,0.054643,-2.065287,0.000008,-0.424134,0.097989,-0.000292,-1.198079,0.671003,-0.174342,0.000029,-0.000016,10.000000,-177.000000,48.000000,0.145302,0.000002,0.000000,0.000000,0.067000,-0.034351,434.000000,0.000000,0.000000,0.000000,0.000000,34.739189,104.477608,101.105675,-222.766815,-193.927628,-0.000050,-2.381195,8.980970,6055,0,29,8
34.742119,0.008436,0.053790,-2.065089,0.000007,-0.426526,0.099335,-0.000288,-1.195155,0.673596,-0.174339,0.000028,-0.000016,10.000000,-177.000000,48.000000,0.145302,0.000002,0.000000,0.000000,0.000000,-0.034351,434.000000,0.000000,0.000000,0.000000,0.000000,34.741142,104.477608,101.105675,-222.766815,-193.927628,-0.000050,-2.381196,8.980970,6055,0,29,8
34.744076,0.008436,0.052933,-2.064888,0.000007,-0.428911,0.100687,-0.000284,-1.192087,0.677037,-0.174336,0.000028,-0.000016,10.000000,-177.000000,48.000000,0.145302,0.000002,0.000000,0.000000,0.000000,-0.034351,434.000000,0.000000,0.000000,0.000000,0.000000,34.743095,104.477608,101.105675,-222.766815,-193.927628,-0.000051,-2.381200,8.980970,6055,0,29,8
34.746029,0.008436,0.052070,-2.064685,0.000006,-0.431291,0.102046,-0.000281,-1.189102,0.680035,-0.174333,0.000027,-0.000016,10.000000,-177.000000,48.000000,0.145302,0.000002,0.000000,0.000000,0.000000,-0.034351,434.000000,0.000000,0.000000,0.000000,0.000000,34.745052,104.477608,101.105675,-222.766815,-193.927628,-0.000054,-2.381207,8.980970,6055,0,29,8
34.747982,0.008436,0.051203,-2.064478,0.000005,-0.433665,0.103410,-0.000277,-1.186191,0.682631,-0.174330,0.000027,-0.000016,10.000000,-177.000000,48.000000,0.145302,0.000002,0.000000,0.000000,0.000000,-0.034351,434.000000,0.000000,0.000000,0.000000,0.000000,34.747005,104.477608,101.105675,-222.766815,-193.927628,-0.000057,-2.381218,8.980970,6055,-1,29,8
34.749935,0.008436,0.050332,-2.064269,0.000005,-0.436033,0.104778,-0.000273,-1.183349,0.684863,-0.174328,0.000027,-0.000016,10.000000,-177.000000,48.000000,0.145302,0.000002,0.000000,0.000000,0.000000,-0.034351,434.000000,0.000000,0.000000,0.000000,0.000000,34.748959,104.477608,101.105675,-222.766815,-193.927628,-0.000062,-2.381233,8.980970,6055,-1,29,9
34.751888,0.008436,0.049455,-2.064057,0.000004,-0.438395,0.106151,-0.000269,-1.180572,0.686765,-0.174325,0.000026,-0.000016,10.000000,-177.000000,48.000000,0.145302,0.000002,0.000000,0.000000,0.000000,-0.034351,434.000000,0.000000,0.000000,0.000000,0.000000,34.750912,104.477608,101.105675,-222.766815,-193.927628,-0.000060,-2.381227,8.980970,6055,-1,29,9
34.753845,0.008436,0.048574,-2.063843,0.000004,-0.440752,0.107527,-0.000266,-1.177850,0.688368,-0.174322,0.000026,-0.000016,10.000000,-177.000000,48.000000,0.145302,0.000002,0.000000,0.000000,0.000000,-0.034351,434.000000,0.000000,0.000000,0.000000,0.000000,34.752869,104.477608,101.105675,-222.766815,-193.927628,-0.000052,-2.381203,8.980970,6055,-1,29,9
34.755798,0.008436,0.047688,-2.063625,0.000003,-0.443104,0.108906,-0.000262,-1.175181,0.689699,-0.174319,0.000026,-0.000016,10.000000,-177.000000,48.000000,0.145302,0.000002,0.000000,0.000000,0.000000,-0.034351,434.000000,0.000000,0.000000,0.000000,0.000000,34.754822,104.477608,101.105675,-222.766815,-193.927628,-0.000047,-2.381185,8.980970,6055,-1,28,9
34.757751,0.008436,0.046797,-2.063405,0.000003,-0.445451,0.110287,-0.000259,-1.172560,0.690786,-0.174316,0.000025,-0.000017,10.000000,-177.000000,48.000000,0.145302,0.000002,0.000000,0.000000,0.000000,-0.034351,434.000000,0.000000,0.000000,0.000000,0.000000,34.756775,104.477608,101.105675,-222.766815,-193.927628,-0.000042,-2.381172,8.980970,6055,-1,28,9
34.759705,0.008436,0.045902,-2.063182,0.000002,-0.447792,0.111670,-0.000255,-1.169983,0.691649,-0.174313,0.000025,-0.000017,10.000000,-177.000000,48.000000,0.145302,0.000002,0.000000,0.000000,0.000000,-0.034351,434.000000,0.000000,0.000000,0.000000,0.000000,34.758728,104.477608,101.105675,-222.766815,-193.927628,-0.000040,-2.381164,8.980970,6055,-1,28,9
34.761662,0.008436,0.045002,-2.062957,0.000002,-0.450128,0.113054,-0.000251,-1.167446,0.692311,-0.174311,0.000025,-0.000017,10.000000,-177.000000,48.000000,0.145302,0.000002,0.000000,0.000000,0.000000,-0.034351,434.000000,0.000000,0.000000,0.000000,0.000000,34.760685,104.477608,101.105675,-222.766815,-193.927628,-0.000039,-2.381160,8.980970,6055,-1,28,9
34.763615,0.008436,0.044097,-2.062728,0.000001,-0.452459,0.114439,-0.000248,-1.164946,0.692790,-0.174308,0.000024,-0.000017,10.000000,-177.000000,48.000000,0.145302,0.000002,0.000000,0.000000,0.000000,-0.034351,434.000000,0.000000,0.000000,0.000000,0.000000,34.762634,104.477608,101.105675,-222.766815,-193.927628,-0.000039,-2.381161,8.980970,6055,-1,28,9
34.765568,0.008436,0.043188,-2.062497,0.000001,-0.454785,0.115825,-0.000244,-1.162481,0.693104,-0.174306,0.000024,-0.000017,10.000000,-177.000000,48.000000,0.145302,0.000002,0.000000,0.000000,0.000000,-0.034351,434.000000,0.000000,0.000000,0.000000,0.000000,34.764591,104.477608,101.105675,-222.766815,-193.927628,-0.000040,-2.381166,8.980970,6055,-1,29,9
34.767521,0.008436,0.042274,-2.062263,0.000000,-0.457107,0.117212,-0.000240,-1.160048,0.693269,-0.174303,0.000024,-0.000017,10.000000,-177.000000,48.000000,0.145302,0.000002,0.000000,0.000000,0.000000,-0.034351,434.000000,0.000000,0.000000,0.000000,0.000000,34.766544,104.477608,101.105675,-222.766815,-193.927628,-0.000043,-2.381174,8.980970,6055,-1,29,9
34.769478,0.008436,0.041355,-2.062027,-0.000000,-0.459423,0.118598,-0.000236,-1.157643,0.693299,-0.174301,0.000023,-0.000017,10.000000,-177.000000,48.000000,0.145302,0.000002,0.000000,0.000000,0.000000,-0.034351,434.000000,0.000000,0.000000,0.000000,0.000000,34.768501,104.477608,101.105675,-222.766815,-193.927628,-0.000047,-2.381185,8.980970,6055,-1,29,9
34.771431,0.008436,0.040432,-2.061787,-0.000001,-0.461735,0.119985,-0.000231,-1.155265,0.693206,-0.174298,0.000023,-0.000017,10.000000,-177.000000,48.000000,0.145302,0.000002,0.000000,0.000000,0.000000,-0.034351,434.000000,0.000000,0.000000,0.000000,0.000000,34.770451,104.477608,101.105675,-222.766815,-193.927628,-0.000051,-2.381199,8.980970,6055,-1,29,9
34.773384,0.008436,0.039504,-2.061545,-0.000001,-0.464042,0.121371,-0.000227,-1.152912,0.693002,-0.174296,0.000022,-0.000017,10.000000,-177.000000,48.000000,0.145302,0.000002,0.000000,0.000000,0.000000,-0.034351,434.000000,0.000000,0.000000,0.000000,0.000000,34.772408,104.477608,101.105675,-222.766815,-193.927628,-0.000057,-2.381216,8.980970,6055,-1,29,10
34.775337,0.008436,0.038572,-2.061300,-0.000002,-0.466344,0.122757,-0.000222,-1.150584,0.692698,-0.174294,0.000022,-0.000017,10.000000,-177.000000,48.000000,0.145302,0.000002,0.000000,0.000000,0.000000,-0.034351,434.000000,0.000000,0.000000,0.000000,0.000000,34.774361,104.477608,101.105675,-222.766815,-193.927628,-0.000055,-2.381212,8.980970,6055,-1,29,10
34.777290,0.008436,0.037635,-2.061052,-0.000002,-0.468642,0.124141,-0.000217,-1.148275,0.692303,-0.174292,0.000021,-0.000017,10.000000,-177.000000,48.000000,0.145302,0.000002,0.000000,0.000000,0.000000,-0.034351,434.000000,0.000000,0.000000,0.000000,0.000000,34.776318,104.477608,101.105675,-222.766815,-193.927628,-0.000048,-2.381190,8.980970,6055,-1,29,10
34.779247,0.008436,0.036693,-2.060801,-0.000002,-0.470935,0.125525,-0.000212,-1.145986,0.691826,-0.174290,0.000021,-0.000017,10.000000,-177.000000,48.000000,0.145302,0.000002,0.000000,0.000000,0.000000,-0.034351,434.000000,0.000000,0.000000,0.000000,0.000000,34.778267,104.477608,101.105675,-222.766815,-193.927628,-0.000043,-2.381174,8.980970,6055,-1,29,10
34.781200,0.008436,0.035747,-2.060548,-0.000003,-0.473224,0.126908,-0.000207,-1.143716,0.691274,-0.174288,0.000020,-0.000017,10.000000,-177.000000,48.000000,0.145302,0.000002,0.000000,0.000000,0.000000,-0.034351,434.000000,0.000000,0.000000,0.000000,0.000000,34.780224,104.477608,101.105675,-222.766815,-193.927628,-0.000039,-2.381162,8.980970,6055,-1,29,10
34.783154,0.008436,0.034796,-2.060292,-0.000003,-0.475508,0.128290,-0.000202,-1.141462,0.690655,-0.174287,0.000020,-0.000017,10.000000,-177.000000,48.000000,0.145302,0.000002,0.000000,0.000000,0.000000,-0.034351,434.000000,0.000000,0.000000,0.000000,0.000000,34.782177,104.477608,101.105675,-222.766815,-193.927628,-0.000037,-2.381155,8.980970,6055,-1,29,10
34.785107,0.008436,0.033841,-2.060033,-0.000004,-0.477787,0.129670,-0.000197,-1.139225,0.689976,-0.174285,0.000019,-0.000017,10.000000,-177.000000,48.000000,0.145302,0.000002,0.000000,0.000000,0.000000,-0.034351,434.000000,0.000000,0.000000,0.000000,0.000000,34.784130,104.477608,101.105675,-222.766815,-193.927628,-0.000036,-2.381152,8.980970,6055,-1,29,10
34.787064,0.008436,0.032881,-2.059771,-0.000004,-0.480062,0.131049,-0.000192,-1.137003,0.689242,-0.174284,0.000019,-0.000017,10.000000,-177.000000,48.000000,0.145302,0.000002,0.000000,0.000000,0.000000,-0.034351,434.000000,0.000000,0.000000,0.000000,0.000000,34.786083,104.477608,101.105675,-222.766815,-193.927628,-0.000036,-2.381153,8.980970,6055,-1,29,10
34.789017,0.008436,0.031916,-2.059507,-0.000004,-0.482333,0.132426,-0.000186,-1.134796,0.688459,-0.174282,0.000018,-0.000017,10.000000,-177.000000,48.000000,0.145302,0.000002,0.000000,0.000000,0.000000,-0.034351,434.000000,0.000000,0.000000,0.000000,0.000000,34.788040,104.477608,101.105675,-222.766815,-193.927628,-0.000038,-2.381158,8.980970,6055,-1,29,10
34.790970,0.008436,0.030947,-2.059239,-0.000005,-0.484599,0.133802,-0.000181,-1.132602,0.687631,-0.174281,0.000017,-0.000017,10.000000,-177.000000,48.000000,0.145302,0.000002,0.000000,0.000000,0.000000,-0.034351,434.000000,0.000000,0.000000,0.000000,0.000000,34.789993,104.477608,101.105675,-222.766815,-193.927628,-0.000040,-2.381166,8.980970,6055,-1,29,10
34.792923,0.008436,0.029974,-2.058969,-0.000005,-0.486861,0.135176,-0.000175,-1.130420,0.686763,-0.174280,0.000017,-0.000017,10.000000,-177.000000,48.000000,0.145302,0.000002,0.000000,0.000000,0.000000,-0.034351,434.000000,0.000000,0.000000,0.000000,0.000000,34.791946,104.477608,101.105675,-222.766815,-193.927628,-0.000044,-2.381177,8.980970,6055,-1,29,11
34.794876,0.008436,0.028996,-2.058697,-0.000005,-0.489119,0.136548,-0.000170,-1.128253,0.685859,-0.174279,0.000016,-0.000017,10.000000,-177.000000,48.000000,0.145302,0.000002,0.000000,0.000000,0.000000,-0.034351,434.000000,0.000000,0.000000,0.000000,0.000000,34.793900,104.477608,101.105675,-222.766815,-193.927628,-0.000041,-2.381167,8.980970,6055,-1,29,11
34.796833,0.008436,0.028013,-2.058421,-0.000006,-0.491372,0.137918,-0.000164,-1.126094,0.684921,-0.174279,0.000016,-0.000017,10.000000,-175.000000,53.000000,0.145302,0.000002,0.000000,0.000000,0.000000,-0.034351,428.000000,0.000000,0.000000,0.000000,0.000000,34.795856,104.477608,101.105675,-222.766815,-193.927628,-0.000032,-2.381140,8.980970,6055,-1,29,11
34.798786,0.008436,0.027026,-2.058143,-0.000006,-0.493621,0.139287,-0.000159,-1.123947,0.683955,-0.174278,0.000015,-0.000016,10.000000,-175.000000,53.000000,0.116727,-0.000001,0.000000,0.000000,0.066000,-0.105833,428.000000,0.000000,0.000000,0.000000,0.000000,34.797810,75.757591,80.059212,-435.151855,-261.411682,-0.000025,-1.885473,8.991060,5987,-1,29,11
34.800739,0.008436,0.026034,-2.057862,-0.000006,-0.495864,0.140663,-0.000153,-1.120561,0.690053,-0.174277,0.000015,-0.000016,10.000000,-175.000000,53.000000,0.116727,-0.000001,0.000000,0.000000,0.000000,-0.105833,428.000000,0.000000,0.000000,0.000000,0.000000,34.799763,75.757591,80.059212,-435.151855,-261.411682,-0.000019,-1.885455,8.991060,5987,-1,29,11
34.802692,0.008436,0.025038,-2.057579,-0.000007,-0.498100,0.142054,-0.000147,-1.116901,0.697740,-0.174277,0.000014,-0.000016,10.000000,-175.000000,53.000000,0.116727,-0.000001,0.000000,0.000000,0.000000,-0.105833,428.000000,0.000000,0.000000,0.000000,0.000000,34.801716,75.757591,80.059212,-435.151855,-261.411682,-0.000015,-1.885440,8.991060,5987,0,29,11
34.804649,0.008436,0.024038,-2.057292,-0.000007,-0.500328,0.143460,-0.000141,-1.113396,0.704579,-0.174277,0.000013,-0.000016,10.000000,-175.000000,53.000000,0.116727,-0.000001,0.000000,0.000000,0.000000,-0.105833,428.000000,0.000000,0.000000,0.000000,0.000000,34.803673,75.757591,80.059212,-435.151855,-261.411682,-0.000011,-1.885430,8.991060,5987,0,29,11
34.806602,0.008436,0.023033,-2.057003,-0.000007,-0.502550,0.144879,-0.000135,-1.110031,0.710648,-0.174277,0.000013,-0.000016,10.000000,-175.000000,53.000000,0.116727,-0.000001,0.000000,0.000000,0.000000,-0.105833,428.000000,0.000000,0.000000,0.000000,0.000000,34.805622,75.757591,80.059212,-435.151855,-261.411682,-0.000009,-1.885424,8.991060,5987,0,29,11
34.808556,0.008436,0.022023,-2.056710,-0.000008,-0.504765,0.146308,-0.000130,-1.106795,0.716020,-0.174277,0.000012,-0.000016,10.000000,-175.000000,53.000000,0.116727,-0.000001,0.000000,0.000000,0.000000,-0.105833,428.000000,0.000000,0.000000,0.000000,0.000000,34.807579,75.757591,80.059212,-435.151855,-261.411682,-0.000009,-1.885422,8.991060,5987,0,29,11
34.810509,0.008436,0.021009,-2.056416,-0.000008,-0.506974,0.147747,-0.000124,-1.103675,0.720760,-0.174277,0.000012,-0.000016,10.000000,-175.000000,53.000000,0.116727,-0.000001,0.000000,0.000000,0.000000,-0.105833,428.000000,0.000000,0.000000,0.000000,0.000000,34.809532,75.757591,80.059212,-435.151855,-261.411682,-0.000009,-1.885423,8.991060,5987,0,29,11
34.812466,0.008436,0.019991,-2.056118,-0.000008,-0.509177,0.149195,-0.000119,-1.100660,0.724927,-0.174277,0.000011,-0.000016,10.000000,-175.000000,53.000000,0.116727,-0.000001,0.000000,0.000000,0.000000,-0.105833,428.000000,0.000000,0.000000,0.000000,0.000000,34.811489,75.757591,80.059212,-435.151855,-261.411682,-0.000010,-1.885427,8.991060,5987,0,29,11
34.814419,0.008436,0.018968,-2.055817,-0.000008,-0.511374,0.150651,-0.000115,-1.097743,0.728574,-0.174277,0.000011,-0.000016,10.000000,-175.000000,53.000000,0.116727,-0.000001,0.000000,0.000000,0.000000,-0.105833,428.000000,0.000000,0.000000,0.000000,0.000000,34.813438,75.757591,80.059212,-435.151855,-261.411682,-0.000013,-1.885435,8.991060,5987,0,29,11
34.816372,0.008436,0.017941,-2.055513,-0.000009,-0.513565,0.152112,-0.000110,-1.094913,0.731750,-0.174277,0.000010,-0.000016,10.000000,-175.000000,53.000000,0.116727,-0.000001,0.000000,0.000000,0.000000,-0.105833,428.000000,0.000000,0.000000,0.000000,0.000000,34.815395,75.757591,80.059212,-435.151855,-261.411682,-0.000016,-1.885445,8.991060,5987,0,29,12
34.818325,0.008436,0.016910,-2.055206,-0.000009,-0.515751,0.153580,-0.000106,-1.092165,0.734499,-0.174278,0.000010,-0.000016,10.000000,-175.000000,53.000000,0.116727,-0.000001,0.000000,0.000000,0.000000,-0.105833,428.000000,0.000000,0.000000,0.000000,0.000000,34.817348,75.757591,80.059212,-435.151855,-261.411682,-0.000013,-1.885434,8.991060,5987,0,29,12
34.820278,0.008436,0.015874,-2.054897,-0.000009,-0.517931,0.155053,-0.000102,-1.089488,0.736860,-0.174278,0.000009,-0.000016,10.000000,-175.000000,53.000000,0.116727,-0.000001,0.000000,0.000000,0.000000,-0.105833,428.000000,0.000000,0.000000,0.000000,0.000000,34.819305,75.757591,80.059212,-435.151855,-261.411682,-0.000003,-1.885405,8.991060,5987,0,29,12
34.822235,0.008436,0.014834,-2.054584,-0.000009,-0.520106,0.156530,-0.000099,-1.086877,0.738871,-0.174279,0.000009,-0.000016,10.000000,-175.000000,53.000000,0.116727,-0.000001,0.000000,0.000000,0.000000,-0.105833,428.000000,0.000000,0.000000,0.000000,0.000000,34.821255,75.757591,80.059212,-435.151855,-261.411682,0.000004,-1.885381,8.991060,5987,0,29,12
34.824188,0.008436,0.013789,-2.054268,-0.000009,-0.522276,0.158010,-0.000096,-1.084327,0.740563,-0.174279,0.000009,-0.000016,10.000000,-175.000000,53.000000,0.116727,-0.000001,0.000000,0.000000,0.000000,-0.105833,428.000000,0.000000,0.000000,0.000000,0.000000,34.823212,75.757591,80.059212,-435.151855,-261.411682,0.000010,-1.885363,8.991060,5987,0,29,12
34.826141,0.008435,0.012741,-2.053950,-0.000010,-0.524441,0.159493,-0.000093,-1.081832,0.741968,-0.174280,0.000009,-0.000016,10.000000,-175.000000,53.000000,0.116727,-0.000001,0.000000,0.000000,0.000000,-0.105833,428.000000,0.000000,0.000000,0.000000,0.000000,34.825165,75.757591,80.059212,-435.151855,-261.411682,0.000015,-1.885349,8.991060,5987,0,29,12
34.828094,0.008435,0.011687,-2.053628,-0.000010,-0.526601,0.160979,-0.000091,-1.079388,0.743112,-0.174280,0.000008,-0.000015,10.000000,-175.000000,53.000000,0.116727,-0.000001,0.000000,0.000000,0.000000,-0.105833,428.000000,0.000000,0.000000,0.000000,0.000000,34.827122,75.757591,80.059212,-435.151855,-261.411682,0.000018,-1.885339,8.991060,5987,0,29,12
34.830051,0.008435,0.010630,-2.053304,-0.000010,-0.528756,0.162466,-0.000089,-1.076990,0.744019,-0.174281,0.000008,-0.000015,10.000000,-175.000000,53.000000,0.116727,-0.000001,0.000000,0.000000,0.000000,-0.105833,428.000000,0.000000,0.000000,0.000000,0.000000,34.829071,75.757591,80.059212,-435.151855,-261.411682,0.000020,-1.885333,8.991060,5987,0,29,12
34.832005,0.008435,0.009568,-2.052976,-0.000010,-0.530906,0.163955,-0.000087,-1.074634,0.744712,-0.174281,0.000008,-0.000015,10.000000,-175.000000,53.000000,0.116727,-0.000001,0.000000,0.000000,0.000000,-0.105833,428.000000,0.000000,0.000000,0.000000,0.000000,34.831028,75.757591,80.059212,-435.151855,-261.411682,0.000020,-1.885330,8.991060,5987,0,29,12
34.833958,0.008435,0.008502,-2.052646,-0.000010,-0.533052,0.165446,-0.000086,-1.072316,0.745211,-0.174282,0.000008,-0.000015,10.000000,-175.000000,53.000000,0.116727,-0.000001,0.000000,0.000000,0.000000,-0.105833,428.000000,0.000000,0.000000,0.000000,0.000000,34.832981,75.757591,80.059212,-435.151855,-261.411682,0.000020,-1.885331,8.991060,5987,0,28,12
34.835911,0.008435,0.007432,-2.052312,-0.000010,-0.535193,0.166937,-0.000085,-1.070034,0.745534,-0.174283,0.000008,-0.000015,10.000000,-175.000000,53.000000,0.116727,-0.000001,0.000000,0.000000,0.000000,-0.105833,428.000000,0.000000,0.000000,0.000000,0.000000,34.834934,75.757591,80.059212,-435.151855,-261.411682,0.000019,-1.885335,8.991060,5987,0,28,12
34.837868,0.008435,0.006357,-2.051976,-0.000011,-0.537330,0.168428,-0.000084,-1.067785,0.745698,-0.174283,0.000008,-0.000015,10.000000,-175.000000,53.000000,0.116727,-0.000001,0.000000,0.000000,0.000000,-0.105833,428.000000,0.000000,0.000000,0.000000,0.000000,34.836887,75.757591,80.059212,-435.151855,-261.411682,0.000017,-1.885342,8.991060,5987,0,28,12
34.839821,0.008435,0.005278,-2.051636,-0.000011,-0.539462,0.169919,-0.000083,-1.065565,0.745717,-0.174284,0.000008,-0.000015,10.000000,-175.000000,53.000000,0.116727,-0.000001,0.000000,0.000000,0.000000,-0.105833,428.000000,0.000000,0.000000,0.000000,0.000000,34.838844,75.757591,80.059212,-435.151855,-261.411682,0.000014,-1.885351,8.991060,5987,0,28,12
34.841774,0.008435,0.004195,-2.051294,-0.000011,-0.541590,0.171411,-0.000082,-1.063372,0.745607,-0.174285,0.000008,-0.000015,10.000000,-175.000000,53.000000,0.116727,-0.000001,0.000000,0.000000,0.000000,-0.105833,428.000000,0.000000,0.000000,0.000000,0.000000,34.840797,75.757591,80.059212,-435.151855,-261.411682,0.000010,-1.885363,8.991060,5987,0,28,12
34.843727,0.008435,0.003107,-2.050949,-0.000011,-0.543714,0.172902,-0.000081,-1.061205,0.745377,-0.174286,0.000008,-0.000015,10.000000,-175.000000,53.000000,0.116727,-0.000001,0.000000,0.000000,0.000000,-0.105833,428.000000,0.000000,0.000000,0.000000,0.000000,34.842751,75.757591,80.059212,-435.151855,-261.411682,0.000005,-1.885378,8.991060,5987,0,28,13
34.845680,0.008435,0.002016,-2.050600,-0.000011,-0.545833,0.174392,-0.000080,-1.059062,0.745042,-0.174286,0.000007,-0.000015,10.000000,-175.000000,53.000000,0.116727,-0.000001,0.000000,0.000000,0.000000,-0.105833,428.000000,0.000000,0.000000,0.000000,0.000000,34.844704,75.757591,80.059212,-435.151855,-261.411682,0.000008,-1.885370,8.991060,5987,0,28,13
34.847637,0.008435,0.000920,-2.050249,-0.000011,-0.547948,0.175881,-0.000078,-1.056938,0.744610,-0.174287,0.000007,-0.000015,10.000000,-175.000000,53.000000,0.116727,-0.000001,0.000000,0.000000,0.000000,-0.105833,428.000000,0.000000,0.000000,0.000000,0.000000,34.846661,75.757591,80.059212,-435.151855,-261.411682,0.000016,-1.885344,8.991060,5987,0,28,13
34.849590,0.008435,-0.000180,-2.049894,-0.000012,-0.550059,0.177370,-0.000077,-1.054834,0.744091,-0.174288,0.000007,-0.000015,10.000000,-175.000000,53.000000,0.116727,-0.000001,0.000000,0.000000,0.000000,-0.105833,428.000000,0.000000,0.000000,0.000000,0.000000,34.848614,75.757591,80.059212,-435.151855,-261.411682,0.000023,-1.885323,8.991060,5987,0,28,13
34.851543,0.008435,-0.001285,-2.049537,-0.000012,-0.552165,0.178857,-0.000075,-1.052748,0.743493,-0.174289,0.000007,-0.000015,10.000000,-175.000000,53.000000,0.116727,-0.000001,0.000000,0.000000,0.000000,-0.105833,428.000000,0.000000,0.000000,0.000000,0.000000,34.850567,75.757591,80.059212,-435.151855,-261.411682,0.000028,-1.885306,8.991060,5987,0,28,13
34.853497,0.008435,-0.002393,-2.049177,-0.000012,-0.554267,0.180343,-0.000073,-1.050679,0.742823,-0.174289,0.000007,-0.000015,10.000000,-175.000000,53.000000,0.116727,-0.000001,0.000000,0.000000,0.000000,-0.105833,428.000000,0.000000,0.000000,0.000000,0.000000,34.852520,75.757591,80.059212,-435.151855,-261.411682,0.000032,-1.885294,8.991060,5987,0,29,13
34.855453,0.008435,-0.003506,-2.048814,-0.000012,-0.556366,0.181828,-0.000070,-1.048625,0.742090,-0.174290,0.000006,-0.000015,10.000000,-173.000000,57.000000,0.116727,-0.000001,0.000000,0.000000,0.000000,-0.105833,446.000000,0.000000,0.000000,0.000000,0.000000,34.854477,75.757591,80.059212,-435.151855,-261.411682,0.000035,-1.885286,8.991060,5987,0,29,13
34.857407,0.008435,-0.004623,-2.048447,-0.000012,-0.558460,0.183311,-0.000067,-1.046586,0.741298,-0.174291,0.000006,-0.000014,10.000000,-173.000000,57.000000,0.138843,-0.000003,0.000000,0.000000,0.067000,0.304287,446.000000,0.000000,0.000000,0.000000,0.000000,34.856426,59.701466,61.464779,-239.643555,-259.447510,0.000036,-1.447382,9.000970,5941,136,29,13
34.859360,0.008435,-0.005744,-2.048078,-0.000012,-0.560549,0.184798,-0.000065,-1.043716,0.745248,-0.174291,0.000006,-0.000014,10.000000,-173.000000,57.000000,0.138843,-0.000003,0.000000,0.000000,0.000000,0.304287,446.000000,0.000000,0.000000,0.000000,0.000000,34.858383,59.701466,61.464779,-239.643555,-259.447510,0.000040,-1.447371,9.000970,5941,136,29,13
34.861313,0.008435,-0.006870,-2.047706,-0.000012,-0.562632,0.186296,-0.000062,-1.040655,0.750241,-0.174290,0.000006,-0.000014,10.000000,-173.000000,57.000000,0.138843,-0.000003,0.000000,0.000000,0.000000,0.304287,446.000000,0.000000,0.000000,0.000000,0.000000,34.860336,59.701466,61.464779,-239.643555,-259.447510,0.000048,-1.447346,9.000970,5941,135,29,13
34.863270,0.008435,-0.007999,-2.047331,-0.000012,-0.564709,0.187804,-0.000059,-1.037680,0.754628,-0.174285,0.000005,-0.000014,10.000000,-173.000000,57.000000,0.138843,-0.000003,0.000000,0.000000,0.000000,0.304287,446.000000,0.000000,0.000000,0.000000,0.000000,34.862293,59.701466,61.464779,-239.643555,-259.447510,0.000057,-1.447315,9.000970,5941,134,29,13
34.865223,0.008435,-0.009133,-2.046952,-0.000013,-0.566780,0.189319,-0.000056,-1.034770,0.758462,-0.174275,0.000005,-0.000014,10.000000,-173.000000,57.000000,0.138843,-0.000003,0.000000,0.000000,0.000000,0.304287,446.000000,0.000000,0.000000,0.000000,0.000000,34.864243,59.701466,61.464779,-239.643555,-259.447510,0.000069,-1.447280,9.000970,5941,133,29,13
34.867176,0.008435,-0.010271,-2.046571,-0.000013,-0.568845,0.190841,-0.000053,-1.031906,0.761792,-0.174260,0.000005,-0.000014,10.000000,-173.000000,57.000000,0.138843,-0.000003,0.000000,0.000000,0.000000,0.304287,446.000000,0.000000,0.000000,0.000000,0.000000,34.866199,59.701466,61.464779,-239.643555,-259.447510,0.000081,-1.447241,9.000970,5941,131,29,13
34.869129,0.008435,-0.011413,-2.046187,-0.000013,-0.570904,0.192369,-0.000050,-1.029069,0.764665,-0.174238,0.000004,-0.000013,10.000000,-173.000000,57.000000,0.138843,-0.000003,0.000000,0.000000,0.000000,0.304287,446.000000,0.000000,0.000000,0.000000,0.000000,34.868153,59.701466,61.464779,-239.643555,-259.447510,0.000095,-1.447199,9.000970,5941,128,29,13
34.871082,0.008435,-0.012559,-2.045799,-0.000013,-0.572958,0.193902,-0.000047,-1.026245,0.767119,-0.174208,0.000004,-0.000013,10.000000,-173.000000,57.000000,0.138843,-0.000003,0.000000,0.000000,0.000000,0.304287,446.000000,0.000000,0.000000,0.000000,0.000000,34.870110,59.701466,61.464779,-239.643555,-259.447510,0.000109,-1.447153,9.000970,5941,125,29,13
34.873039,0.008435,-0.013709,-2.045409,-0.000013,-0.575007,0.195439,-0.000044,-1.023419,0.769192,-0.174170,0.000004,-0.000013,10.000000,-173.000000,57.000000,0.138843,-0.000003,0.000000,0.000000,0.000000,0.304287,446.000000,0.000000,0.000000,0.000000,0.000000,34.872059,59.701466,61.464779,-239.643555,-259.447510,0.000124,-1.447106,9.000970,5941,122,29,13
34.874992,0.008435,-0.014863,-2.045015,-0.000013,-0.577049,0.196980,-0.000042,-1.020580,0.770918,-0.174123,0.000004,-0.000012,10.000000,-173.000000,57.000000,0.138843,-0.000003,0.000000,0.000000,0.000000,0.304287,446.000000,0.000000,0.000000,0.000000,0.000000,34.874016,59.701466,61.464779,-239.643555,-259.447510,0.000140,-1.447057,9.000970,5941,118,29,13
34.876945,0.008435,-0.016021,-2.044619,-0.000013,-0.579086,0.198524,-0.000039,-1.017716,0.772326,-0.174066,0.000004,-0.000012,10.000000,-173.000000,57.000000,0.138843,-0.000003,0.000000,0.000000,0.000000,0.304287,446.000000,0.000000,0.000000,0.000000,0.000000,34.875969,59.701466,61.464779,-239.643555,-259.447510,0.000156,-1.447006,9.000970,5941,115,29,13
34.878899,0.008435,-0.017184,-2.044219,-0.000013,-0.581117,0.200070,-0.000037,-1.014817,0.773445,-0.173999,0.000003,-0.000012,10.000000,-173.000000,57.000000,0.138843,-0.000003,0.000000,0.000000,0.000000,0.304287,446.000000,0.000000,0.000000,0.000000,0.000000,34.877926,59.701466,61.464779,-239.643555,-259.447510,0.000172,-1.446955,9.000970,5941,110,29,13
34.880856,0.008435,-0.018350,-2.043816,-0.000013,-0.583142,0.201619,-0.000035,-1.011877,0.774300,-0.173922,0.000003,-0.000011,10.000000,-173.000000,57.000000,0.138843,-0.000003,0.000000,0.000000,0.000000,0.304287,446.000000,0.000000,0.000000,0.000000,0.000000,34.879875,59.701466,61.464779,-239.643555,-259.447510,0.000189,-1.446904,9.000970,5941,106,29,13
34.882809,0.008435,-0.019521,-2.043410,-0.000013,-0.585162,0.203168,-0.000033,-1.008887,0.774913,-0.173833,0.000003,-0.000011,10.000000,-173.000000,57.000000,0.138843,-0.000003,0.000000,0.000000,0.000000,0.304287,446.000000,0.000000,0.000000,0.000000,0.000000,34.881832,59.701466,61.464779,-239.643555,-259.447510,0.000205,-1.446853,9.000970,5941,101,29,13
34.884762,0.008435,-0.020695,-2.043001,-0.000013,-0.587175,0.204719,-0.000031,-1.005843,0.775306,-0.173734,0.000003,-0.000010,10.000000,-173.000000,57.000000,0.138843,-0.000003,0.000000,0.000000,0.000000,0.304287,446.000000,0.000000,0.000000,0.000000,0.000000,34.883785,59.701466,61.464779,-239.643555,-259.447510,0.000221,-1.446802,9.000970,5941,96,29,13
34.886715,0.008435,-0.021874,-2.042589,-0.000013,-0.589182,0.206269,-0.000030,-1.002739,0.775497,-0.173624,0.000003,-0.000010,10.000000,-173.000000,57.000000,0.138843,-0.000003,0.000000,0.000000,0.000000,0.304287,446.000000,0.000000,0.000000,0.000000,0.000000,34.885738,59.701466,61.464779,-239.643555,-259.447510,0.000237,-1.446753,9.000970,5941,91,29,13
34.888672,0.008435,-0.023056,-2.042173,-0.000014,-0.591183,0.207820,-0.000028,-0.999572,0.775504,-0.173502,0.000003,-0.000009,10.000000,-173.000000,57.000000,0.138843,-0.000003,0.000000,0.000000,0.000000,0.304287,446.000000,0.000000,0.000000,0.000000,0.000000,34.887691,59.701466,61.464779,-239.643555,-259.447510,0.000252,-1.446705,9.000970,5941,85,29,13
34.890625,0.008435,-0.024243,-2.041755,-0.000014,-0.593177,0.209371,-0.000027,-0.996338,0.775343,-0.173369,0.000003,-0.000009,10.000000,-173.000000,57.000000,0.138843,-0.000003,0.000000,0.000000,0.000000,0.304287,446.000000,0.000000,0.000000,0.000000,0.000000,34.889648,59.701466,61.464779,-239.643555,-259.447510,0.000267,-1.446658,9.000970,5941,80,29,13
34.892578,0.008435,-0.025433,-2.041333,-0.000014,-0.595165,0.210921,-0.000026,-0.993036,0.775027,-0.173225,0.000003,-0.000008,10.000000,-173.000000,57.000000,0.138843,-0.000003,0.000000,0.000000,0.000000,0.304287,446.000000,0.000000,0.000000,0.000000,0.000000,34.891602,59.701466,61.464779,-239.643555,-259.447510,0.000281,-1.446614,9.000970,5941,74,29,13
34.894531,0.008435,-0.026628,-2.040909,-0.000014,-0.597146,0.212471,-0.000025,-0.989665,0.774572,-0.173070,0.000003,-0.000008,10.000000,-173.000000,57.000000,0.138843,-0.000003,0.000000,0.000000,0.000000,0.304287,446.000000,0.000000,0.000000,0.000000,0.000000,34.893555,59.701466,61.464779,-239.643555,-259.447510,0.000294,-1.446573,9.000970,5941,69,29,12
34.896484,0.008435,-0.027826,-2.040481,-0.000014,-0.599120,0.214019,-0.000025,-0.986221,0.773987,-0.172904,0.000003,-0.000007,10.000000,-173.000000,57.000000,0.138843,-0.000003,0.000000,0.000000,0.000000,0.304287,446.000000,0.000000,0.000000,0.000000,0.000000,34.895508,59.701466,61.464779,-239.643555,-259.447510,0.000299,-1.446557,9.000970,5941,63,29,12
34.898441,0.008435,-0.029029,-2.040051,-0.000014,-0.601087,0.215566,-0.000025,-0.982710,0.773286,-0.172728,0.000003,-0.000006,10.000000,-173.000000,57.000000,0.138843,-0.000003,0.000000,0.000000,0.000000,0.304287,446.000000,0.000000,0.000000,0.000000,0.000000,34.897465,59.701466,61.464779,-239.643555,-259.447510,0.000296,-1.446566,9.000970,5941,57,28,12
34.900394,0.008435,-0.030235,-2.039617,-0.000014,-0.603047,0.217111,-0.000025,-0.979128,0.772477,-0.172541,0.000003,-0.000006,10.000000,-173.000000,57.000000,0.138843,-0.000003,0.000000,0.000000,0.000000,0.304287,446.000000,0.000000,0.000000,0.000000,0.000000,34.899418,59.701466,61.464779,-239.643555,-259.447510,0.000294,-1.446574,9.000970,5941,51,28,12
34.902348,0.008435,-0.031445,-2.039180,-0.000014,-0.605000,0.218655,-0.000025,-0.975479,0.771569,-0.172344,0.000003,-0.000005,10.000000,-173.000000,57.000000,0.138843,-0.000003,0.000000,0.000000,0.000000,0.304287,446.000000,0.000000,0.000000,0.000000,0.000000,34.901371,59.701466,61.464779,-239.643555,-259.447510,0.000291,-1.446583,9.000970,5941,45,28,12
34.904301,0.008435,-0.032659,-2.038739,-0.000014,-0.606945,0.220197,-0.000025,-0.971762,0.770572,-0.172137,0.000004,-0.000005,10.000000,-173.000000,57.000000,0.138843,-0.000003,0.000000,0.000000,0.000000,0.304287,446.000000,0.000000,0.000000,0.000000,0.000000,34.903324,59.701466,61.464779,-239.643555,-259.447510,0.000287,-1.446593,9.000970,5941,39,28,12
34.906258,0.008434,-0.033877,-2.038296,-0.000014,-0.608883,0.221736,-0.000025,-0.967981,0.769494,-0.171921,0.000004,-0.000004,10.000000,-173.000000,57.000000,0.138843,-0.000003,0.000000,0.000000,0.000000,0.304287,446.000000,0.000000,0.000000,0.000000,0.000000,34.905281,59.701466,61.464779,-239.643555,-259.447510,0.000284,-1.446605,9.000970,5941,33,28,12
34.908211,0.008434,-0.035099,-2.037850,-0.000014,-0.610813,0.223274,-0.000025,-0.964138,0.768342,-0.171696,0.000004,-0.000004,10.000000,-173.000000,57.000000,0.138843,-0.000003,0.000000,0.000000,0.000000,0.304287,446.000000,0.000000,0.000000,0.000000,0.000000,34.907230,59.701466,61.464779,-239.643555,-259.447510,0.000280,-1.446618,9.000970,5941,27,28,11
34.910164,0.008434,-0.036325,-2.037401,-0.000014,-0.612736,0.224808,-0.000026,-0.960234,0.767122,-0.171463,0.000004,-0.000003,10.000000,-173.000000,57.000000,0.138843,-0.000003,0.000000,0.000000,0.000000,0.304287,446.000000,0.000000,0.000000,0.000000,0.000000,34.909187,59.701466,61.464779,-239.643555,-259.447510,0.000267,-1.446656,9.000970,5941,21,28,11
34.912117,0.008434,-0.037555,-2.036948,-0.000014,-0.614650,0.226341,-0.000026,-0.956277,0.765841,-0.171222,0.000004,-0.000003,10.000000,-173.000000,57.000000,0.138843,-0.000003,0.000000,0.000000,0.000000,0.304287,446.000000,0.000000,0.000000,0.000000,0.000000,34.911140,59.701466,61.464779,-239.643555,-259.447510,0.000247,-1.446719,9.000970,5941,15,28,11
34.914070,0.008434,-0.038788,-2.036493,-0.000014,-0.616557,0.227870,-0.000026,-0.952267,0.764504,-0.170973,0.000004,-0.000002,10.000000,-173.000000,57.000000,0.138843,-0.000003,0.000000,0.000000,0.000000,0.304287,446.000000,0.000000,0.000000,0.000000,0.000000,34.913097,59.701466,61.464779,-239.643555,-259.447510,0.000228,-1.446781,9.000970,5941,10,28,11
34.916027,0.008434,-0.040025,-2.036035,-0.000014,-0.618455,0.229397,-0.000025,-0.948209,0.763117,-0.170718,0.000004,-0.000002,10.000000,-173.000000,57.000000,0.138843,-0.000003,0.000000,0.000000,0.000000,0.304287,446.000000,0.000000,0.000000,0.000000,0.000000,34.915047,59.701466,61.464779,-239.643555,-259.447510,0.000208,-1.446842,9.000970,5941,4,28,11
34.917980,0.008434,-0.041266,-2.035573,-0.000014,-0.620346,0.230921,-0.000025,-0.944107,0.761685,-0.170456,0.000004,-0.000001,10.000000,-173.000000,57.000000,0.138843,-0.000003,0.000000,0.000000,0.000000,0.304287,446.000000,0.000000,0.000000,0.000000,0.000000,34.917004,59.701466,61.464779,-239.643555,-259.447510,0.000188,-1.446905,9.000970,5941,0,28,11
34.919933,0.008434,-0.042511,-2.035108,-0.000014,-0.622227,0.232443,-0.000024,-0.939966,0.760212,-0.170189,0.000004,-0.000001,10.000000,-173.000000,57.000000,0.138843,-0.000003,0.000000,0.000000,0.000000,0.304287,446.000000,0.000000,0.000000,0.000000,0.000000,34.918957,59.701466,61.464779,-239.643555,-259.447510,0.000168,-1.446968,9.000970,5941,-6,28,11
34.921886,0.008434,-0.043759,-2.034641,-0.000014,-0.624101,0.233961,-0.000024,-0.935789,0.758702,-0.169916,0.000004,-0.000001,10.000000,-173.000000,57.000000,0.138843,-0.000003,0.000000,0.000000,0.000000,0.304287,446.000000,0.000000,0.000000,0.000000,0.000000,34.920914,59.701466,61.464779,-239.643555,-259.447510,0.000148,-1.447032,9.000970,5941,-11,28,11
34.923843,0.008434,-0.045012,-2.034170,-0.000014,-0.625966,0.235476,-0.000022,-0.931581,0.757159,-0.169638,0.000004,-0.000000,10.000000,-173.000000,57.000000,0.138843,-0.000003,0.000000,0.000000,0.000000,0.304287,446.000000,0.000000,0.000000,0.000000,0.000000,34.922863,59.701466,61.464779,-239.643555,-259.447510,0.000127,-1.447098,9.000970,5941,-16,29,11
34.925797,0.008434,-0.046268,-2.033696,-0.000015,-0.627823,0.236988,-0.000021,-0.927346,0.755588,-0.169357,0.000004,-0.000000,10.000000,-173.000000,57.000000,0.138843,-0.000003,0.000000,0.000000,0.000000,0.304287,446.000000,0.000000,0.000000,0.000000,0.000000,34.924820,59.701466,61.464779,-239.643555,-259.447510,0.000105,-1.447166,9.000970,5941,-21,29,11
34.927750,0.008434,-0.047527,-2.033220,-0.000015,-0.629672,0.238497,-0.000020,-0.923091,0.753991,-0.169072,0.000004,-0.000000,10.000000,-173.000000,57.000000,0.138843,-0.000003,0.000000,0.000000,0.000000,0.304287,446.000000,0.000000,0.000000,0.000000,0.000000,34.926773,59.701466,61.464779,-239.643555,-259.447510,0.000083,-1.447235,9.000970,5941,-25,29,11
34.929703,0.008434,-0.048791,-2.032740,-0.000015,-0.631511,0.240002,-0.000018,-0.918818,0.752371,-0.168784,0.000003,0.000000,10.000000,-173.000000,57.000000,0.138843,-0.000003,0.000000,0.000000,0.000000,0.304287,446.000000,0.000000,0.000000,0.000000,0.000000,34.928726,59.701466,61.464779,-239.643555,-259.447510,0.000060,-1.447307,9.000970,5941,-30,29,11
34.931660,0.008434,-0.050058,-2.032257,-0.000015,-0.633343,0.241504,-0.000016,-0.914533,0.750731,-0.168493,0.000003,0.000000,10.000000,-173.000000,57.000000,0.138843,-0.000003,0.000000,0.000000,0.000000,0.304287,446.000000,0.000000,0.000000,0.000000,0.000000,34.930679,59.701466,61.464779,-239.643555,-259.447510,0.000036,-1.447382,9.000970,5941,-34,29,11
34.933613,0.008434,-0.051328,-2.031771,-0.000015,-0.635165,0.243003,-0.000014,-0.910242,0.749076,-0.168201,0.000003,0.000000,10.000000,-171.000000,58.000000,0.138843,-0.000003,0.000000,0.000000,0.000000,0.304287,458.000000,0.000000,0.000000,0.000000,0.000000,34.932636,59.701466,61.464779,-239.643555,-259.447510,0.000012,-1.447459,9.000970,5941,-38,29,11
34.935566,0.008434,-0.052603,-2.031283,-0.000015,-0.636979,0.244499,-0.000012,-0.905948,0.747405,-0.167908,0.000003,0.000000,10.000000,-171.000000,58.000000,0.145771,-0.000003,0.000000,0.000000,0.067000,0.196827,458.000000,0.000000,0.000000,0.000000,0.000000,34.934589,14.925380,26.426567,-668.300049,-382.080322,-0.000014,-0.622390,9.010970,5886,771,29,11
34.937519,0.008434,-0.053881,-2.030791,-0.000015,-0.638783,0.245999,-0.000010,-0.900684,0.751463,-0.167611,0.000003,0.000000,10.000000,-171.000000,58.000000,0.145771,-0.000003,0.000000,0.000000,0.000000,0.196827,458.000000,0.000000,0.000000,0.000000,0.000000,34.936543,14.925380,26.426567,-668.300049,-382.080322,-0.000023,-0.622417,9.010970,5886,768,29,11
34.939472,0.008434,-0.055162,-2.030296,-0.000015,-0.640576,0.247510,-0.000008,-0.895144,0.756808,-0.167302,0.000002,0.000000,10.000000,-171.000000,58.000000,0.145771,-0.000003,0.000000,0.000000,0.000000,0.196827,458.000000,0.000000,0.000000,0.000000,0.000000,34.938496,14.925380,26.426567,-668.300049,-382.080322,-0.000001,-0.622350,9.010970,5886,761,29,11
34.941429,0.008434,-0.056447,-2.029799,-0.000015,-0.642358,0.249031,-0.000005,-0.889592,0.761451,-0.166974,0.000002,0.000000,10.000000,-171.000000,58.000000,0.145771,-0.000003,0.000000,0.000000,0.000000,0.196827,458.000000,0.000000,0.000000,0.000000,0.000000,34.940453,14.925380,26.426567,-668.300049,-382.080322,0.000035,-0.622237,9.010970,5886,751,29,11
34.943382,0.008434,-0.057736,-2.029298,-0.000015,-0.644129,0.250560,-0.000003,-0.883954,0.765446,-0.166619,0.000002,0.000001,10.000000,-171.000000,58.000000,0.145771,-0.000003,0.000000,0.000000,0.000000,0.196827,458.000000,0.000000,0.000000,0.000000,0.000000,34.942406,14.925380,26.426567,-668.300049,-382.080322,0.000084,-0.622082,9.010970,5886,739,29,11
34.945335,0.008434,-0.059028,-2.028794,-0.000015,-0.645888,0.252096,-0.000002,-0.878160,0.768842,-0.166232,0.000002,0.000001,10.000000,-171.000000,58.000000,0.145771,-0.000003,0.000000,0.000000,0.000000,0.196827,458.000000,0.000000,0.000000,0.000000,0.000000,34.944359,14.925380,26.426567,-668.300049,-382.080322,0.000145,-0.621890,9.010970,5886,724,29,11
34.947289,0.008434,-0.060324,-2.028287,-0.000015,-0.647636,0.253638,0.000000,-0.872151,0.771682,-0.165806,0.000002,0.000001,10.000000,-171.000000,58.000000,0.145771,-0.000003,0.000000,0.000000,0.000000,0.196827,458.000000,0.000000,0.000000,0.000000,0.000000,34.946312,14.925380,26.426567,-668.300049,-382.080322,0.000216,-0.621668,9.010970,5886,707,29,11
34.949245,0.008434,-0.061623,-2.027776,-0.000015,-0.649371,0.255185,0.000002,-0.865874,0.774006,-0.165337,0.000002,0.000002,10.000000,-171.000000,58.000000,0.145771,-0.000003,0.000000,0.000000,0.000000,0.196827,458.000000,0.000000,0.000000,0.000000,0.000000,34.948269,14.925380,26.426567,-668.300049,-382.080322,0.000296,-0.621417,9.010970,5886,688,29,11
34.951199,0.008434,-0.062926,-2.027263,-0.000015,-0.651093,0.256736,0.000003,-0.859282,0.775851,-0.164820,0.000002,0.000003,10.000000,-171.000000,58.000000,0.145771,-0.000003,0.000000,0.000000,0.000000,0.196827,458.000000,0.000000,0.000000,0.000000,0.000000,34.950218,14.925380,26.426567,-668.300049,-382.080322,0.000383,-0.621144,9.010970,5886,671,29,10
34.953152,0.008434,-0.064232,-2.026747,-0.000015,-0.652801,0.258289,0.000004,-0.852336,0.777252,-0.164253,0.000002,0.000004,10.000000,-171.000000,58.000000,0.145771,-0.000003,0.000000,0.000000,0.000000,0.196827,458.000000,0.000000,0.000000,0.000000,0.000000,34.952175,14.925380,26.426567,-668.300049,-382.080322,0.000468,-0.620876,9.010970,5886,648,29,10
34.955105,0.008434,-0.065541,-2.026227,-0.000015,-0.654494,0.259845,0.000005,-0.845003,0.778240,-0.163632,0.000002,0.000005,10.000000,-171.000000,58.000000,0.145771,-0.000003,0.000000,0.000000,0.000000,0.196827,458.000000,0.000000,0.000000,0.000000,0.000000,34.954128,14.925380,26.426567,-668.300049,-382.080322,0.000552,-0.620613,9.010970,5886,623,29,10
34.957062,0.008434,-0.066854,-2.025705,-0.000015,-0.656173,0.261403,0.000006,-0.837254,0.778843,-0.162954,0.000002,0.000006,10.000000,-171.000000,58.000000,0.145771,-0.000003,0.000000,0.000000,0.000000,0.196827,458.000000,0.000000,0.000000,0.000000,0.000000,34.956085,14.925380,26.426567,-668.300049,-382.080322,0.000641,-0.620334,9.010970,5886,596,29,9
34.959015,0.008434,-0.068170,-2.025179,-0.000015,-0.657835,0.262961,0.000006,-0.829063,0.779089,-0.162219,0.000002,0.000008,10.000000,-171.000000,58.000000,0.145771,-0.000003,0.000000,0.000000,0.000000,0.196827,458.000000,0.000000,0.000000,0.000000,0.000000,34.958035,14.925380,26.426567,-668.300049,-382.080322,0.000725,-0.620068,9.010970,5886,568,29,9
34.960968,0.008434,-0.069490,-2.024651,-0.000015,-0.659480,0.264519,0.000006,-0.820416,0.779003,-0.161423,0.000002,0.000009,10.000000,-171.000000,58.000000,0.145771,-0.000003,0.000000,0.000000,0.000000,0.196827,458.000000,0.000000,0.000000,0.000000,0.000000,34.959991,14.925380,26.426567,-668.300049,-382.080322,0.000806,-0.619815,9.010970,5886,539,29,9
34.962921,0.008434,-0.070812,-2.024119,-0.000015,-0.661108,0.266077,0.000006,-0.811297,0.778609,-0.160567,0.000003,0.000011,10.000000,-171.000000,58.000000,0.145771,-0.000003,0.000000,0.000000,0.000000,0.196827,458.000000,0.000000,0.000000,0.000000,0.000000,34.961945,14.925380,26.426567,-668.300049,-382.080322,0.000889,-0.619554,9.010970,5886,509,29,8
34.964874,0.008434,-0.072138,-2.023584,-0.000015,-0.662716,0.267633,0.000006,-0.801694,0.777927,-0.159649,0.000003,0.000013,10.000000,-171.000000,58.000000,0.145771,-0.000003,0.000000,0.000000,0.000000,0.196827,458.000000,0.000000,0.000000,0.000000,0.000000,34.963902,14.925380,26.426567,-668.300049,-382.080322,0.000967,-0.619311,9.010970,5886,477,29,7
34.966831,0.008434,-0.073468,-2.023046,-0.000015,-0.664304,0.269187,0.000005,-0.791604,0.776980,-0.158670,0.000003,0.000015,10.000000,-171.000000,58.000000,0.145771,-0.000003,0.000000,0.000000,0.000000,0.196827,458.000000,0.000000,0.000000,0.000000,0.000000,34.965851,14.925380,26.426567,-668.300049,-382.080322,0.001030,-0.619111,9.010970,5886,445,28,7
34.968784,0.008434,-0.074800,-2.022504,-0.000015,-0.665872,0.270739,0.000004,-0.781026,0.775786,-0.157630,0.000004,0.000017,10.000000,-171.000000,58.000000,0.145771,-0.000003,0.000000,0.000000,0.000000,0.196827,458.000000,0.000000,0.000000,0.000000,0.000000,34.967808,14.925380,26.426567,-668.300049,-382.080322,0.001088,-0.618931,9.010970,5886,412,28,6
34.970737,0.008434,-0.076135,-2.021960,-0.000015,-0.667417,0.272289,0.000003,-0.769960,0.774365,-0.156530,0.000004,0.000020,10.000000,-171.000000,58.000000,0.145771,-0.000003,0.000000,0.000000,0.000000,0.196827,458.000000,0.000000,0.000000,0.000000,0.000000,34.969761,14.925380,26.426567,-668.300049,-382.080322,0.001138,-0.618772,9.010970,5886,378,28,5
34.972691,0.008433,-0.077474,-2.021412,-0.000015,-0.668940,0.273835,0.000002,-0.758411,0.772734,-0.155369,0.000005,0.000022,10.000000,-171.000000,58.000000,0.145771,-0.000003,0.000000,0.000000,0.000000,0.196827,458.000000,0.000000,0.000000,0.000000,0.000000,34.971718,14.925380,26.426567,-668.300049,-382.080322,0.001174,-0.618658,9.010970,5886,343,28,4
34.974648,0.008433,-0.078815,-2.020862,-0.000015,-0.670439,0.275378,0.000001,-0.746387,0.770910,-0.154151,0.000005,0.000024,10.000000,-171.000000,58.000000,0.145771,-0.000003,0.000000,0.000000,0.000000,0.196827,458.000000,0.000000,0.000000,0.000000,0.000000,34.973667,14.925380,26.426567,-668.300049,-382.080322,0.001197,-0.618588,9.010970,5886,309,28,3
34.976601,0.008433,-0.080160,-2.020308,-0.000015,-0.671913,0.276917,-0.000001,-0.733899,0.768908,-0.152875,0.000006,0.000027,10.000000,-171.000000,58.000000,0.145771,-0.000003,0.000000,0.000000,0.000000,0.196827,458.000000,0.000000,0.000000,0.000000,0.000000,34.975624,14.925380,26.426567,-668.300049,-382.080322,0.001205,-0.618563,9.010970,5886,274,28,2
34.978554,0.008433,-0.081507,-2.019752,-0.000015,-0.673361,0.278451,-0.000002,-0.720961,0.766743,-0.151545,0.000006,0.000029,10.000000,-171.000000,58.000000,0.145771,-0.000003,0.000000,0.000000,0.000000,0.196827,458.000000,0.000000,0.000000,0.000000,0.000000,34.977577,14.925380,26.426567,-668.300049,-382.080322,0.001199,-0.618581,9.010970,5886,239,28,2
34.980507,0.008433,-0.082857,-2.019192,-0.000015,-0.674783,0.279981,-0.000003,-0.707590,0.764431,-0.150161,0.000007,0.000031,10.000000,-171.000000,58.000000,0.145771,-0.000003,0.000000,0.000000,0.000000,0.196827,458.000000,0.000000,0.000000,0.000000,0.000000,34.979530,14.925380,26.426567,-668.300049,-382.080322,0.001187,-0.618619,9.010970,5886,204,28,1
34.982464,0.008433,-0.084210,-2.018629,-0.000015,-0.676178,0.281507,-0.000004,-0.693799,0.761985,-0.148727,0.000007,0.000034,10.000000,-171.000000,58.000000,0.145771,-0.000003,0.000000,0.000000,0.000000,0.196827,458.000000,0.000000,0.000000,0.000000,0.000000,34.981483,14.925380,26.426567,-668.300049,-382.080322,0.001168,-0.618678,9.010970,5886,169,28,0
34.984417,0.008433,-0.085566,-2.018063,-0.000015,-0.677544,0.283027,-0.000005,-0.679611,0.759419,-0.147244,0.000008,0.000036,10.000000,-171.000000,58.000000,0.145771,-0.000003,0.000000,0.000000,0.000000,0.196827,458.000000,0.000000,0.000000,0.000000,0.000000,34.983440,14.925380,26.426567,-668.300049,-382.080322,0.001135,-0.618782,9.010970,5886,135,28,0
34.986370,0.008433,-0.086924,-2.017494,-0.000015,-0.678881,0.284542,-0.000006,-0.665049,0.756745,-0.145716,0.000008,0.000038,10.000000,-171.000000,58.000000,0.145771,-0.000003,0.000000,0.000000,0.000000,0.196827,458.000000,0.000000,0.000000,0.000000,0.000000,34.985394,14.925380,26.426567,-668.300049,-382.080322,0.001095,-0.618908,9.010970,5886,101,28,-1
34.988323,0.008433,-0.088285,-2.016922,-0.000015,-0.680189,0.286051,-0.000006,-0.650132,0.753974,-0.144144,0.000008,0.000040,10.000000,-171.000000,58.000000,0.145771,-0.000003,0.000000,0.000000,0.000000,0.196827,458.000000,0.000000,0.000000,0.000000,0.000000,34.987347,14.925380,26.426567,-668.300049,-382.080322,0.001047,-0.619057,9.010970,5886,67,28,-2
34.990276,0.008433,-0.089649,-2.016347,-0.000015,-0.681467,0.287555,-0.000006,-0.634887,0.751120,-0.142533,0.000008,0.000042,10.000000,-171.000000,58.000000,0.145771,-0.000003,0.000000,0.000000,0.000000,0.196827,458.000000,0.000000,0.000000,0.000000,0.000000,34.989300,14.925380,26.426567,-668.300049,-382.080322,0.000985,-0.619253,9.010970,5886,34,28,-3
34.992233,0.008433,-0.091015,-2.015769,-0.000015,-0.682713,0.289052,-0.000006,-0.619338,0.748191,-0.140885,0.000008,0.000044,10.000000,-170.000000,54.000000,0.145771,-0.000003,0.000000,0.000000,0.000000,0.196827,468.000000,0.000000,0.000000,0.000000,0.000000,34.991257,14.925380,26.426567,-668.300049,-382.080322,0.000908,-0.619496,9.010970,5886,1,28,-3
34.994186,0.008433,-0.092384,-2.015189,-0.000015,-0.683928,0.290544,-0.000006,-0.603515,0.745201,-0.139203,0.000009,0.000045,10.000000,-170.000000,54.000000,0.147791,-0.000003,0.000000,0.000000,0.066000,0.162750,468.000000,0.000000,0.000000,0.000000,0.000000,34.993210,-60.606075,-35.015598,-1144.416260,-618.242737,0.000824,0.827203,9.013030,5898,1402,28,-4
34.996140,0.008433,-0.093755,-2.014605,-0.000015,-0.685111,0.292029,-0.000005,-0.587616,0.740900,-0.137485,0.000009,0.000047,10.000000,-170.000000,54.000000,0.147791,-0.000003,0.000000,0.000000,0.000000,0.162750,468.000000,0.000000,0.000000,0.000000,0.000000,34.995163,-60.606075,-35.015598,-1144.416260,-618.242737,0.000763,0.827012,9.013030,5898,1370,29,-5
34.998093,0.008433,-0.095128,-2.014018,-0.000015,-0.686262,0.293503,-0.000004,-0.571415,0.736252,-0.135719,0.000009,0.000048,10.000000,-170.000000,54.000000,0.147791,-0.000003,0.000000,0.000000,0.000000,0.162750,468.000000,0.000000,0.000000,0.000000,0.000000,34.997116,-60.606075,-35.015598,-1144.416260,-618.242737,0.000740,0.826942,9.013030,5898,1335,29,-5
35.000050,0.008433,-0.096504,-2.013428,-0.000015,-0.687380,0.294969,-0.000002,-0.554752,0.731683,-0.133895,0.000008,0.000050,10.000000,-170.000000,54.000000,0.147791,-0.000003,0.000000,0.000000,0.000000,0.162750,468.000000,0.000000,0.000000,0.000000,0.000000,34.999073,-60.606075,-35.015598,-1144.416260,-618.242737,0.000739,0.826937,9.013030,5898,1295,29,-6
35.002003,0.008433,-0.097882,-2.012835,-0.000015,-0.688464,0.296426,-0.000001,-0.537532,0.727172,-0.132001,0.000008,0.000051,10.000000,-170.000000,54.000000,0.147791,-0.000003,0.000000,0.000000,0.000000,0.162750,468.000000,0.000000,0.000000,0.000000,0.000000,35.001022,-60.606075,-35.015598,-1144.416260,-618.242737,0.000754,0.826986,9.013030,5898,1250,29,-7
35.003956,0.008433,-0.099261,-2.012240,-0.000015,-0.689512,0.297873,0.000002,-0.519677,0.722703,-0.130029,0.000008,0.000053,10.000000,-170.000000,54.000000,0.147791,-0.000003,0.000000,0.000000,0.000000,0.162750,468.000000,0.000000,0.000000,0.000000,0.000000,35.002979,-60.606075,-35.015598,-1144.416260,-618.242737,0.000777,0.827058,9.013030,5898,1202,29,-7
35.005909,0.008433,-0.100643,-2.011641,-0.000015,-0.690524,0.299312,0.000004,-0.501122,0.718263,-0.127972,0.000008,0.000055,10.000000,-170.000000,54.000000,0.147791,-0.000003,0.000000,0.000000,0.000000,0.162750,468.000000,0.000000,0.000000,0.000000,0.000000,35.004932,-60.606075,-35.015598,-1144.416260,-618.242737,0.000813,0.827169,9.013030,5898,1151,29,-8
35.007866,0.008433,-0.102027,-2.011040,-0.000015,-0.691497,0.300742,0.000007,-0.481809,0.713841,-0.125825,0.000008,0.000057,10.000000,-170.000000,54.000000,0.147791,-0.000003,0.000000,0.000000,0.000000,0.162750,468.000000,0.000000,0.000000,0.000000,0.000000,35.006889,-60.606075,-35.015598,-1144.416260,-618.242737,0.000857,0.827309,9.013030,5898,1097,29,-9
35.009819,0.008433,-0.103413,-2.010436,-0.000015,-0.692431,0.302163,0.000010,-0.461694,0.709429,-0.123582,0.000008,0.000058,10.000000,-170.000000,54.000000,0.147791,-0.000003,0.000000,0.000000,0.000000,0.162750,468.000000,0.000000,0.000000,0.000000,0.000000,35.008839,-60.606075,-35.015598,-1144.416260,-618.242737,0.000902,0.827449,9.013030,5898,1040,29,-9
35.011772,0.008433,-0.104801,-2.009829,-0.000015,-0.693323,0.303575,0.000013,-0.440742,0.705022,-0.121239,0.000007,0.000060,10.000000,-170.000000,54.000000,0.147791,-0.000003,0.000000,0.000000,0.000000,0.162750,468.000000,0.000000,0.000000,0.000000,0.000000,35.010796,-60.606075,-35.015598,-1144.416260,-618.242737,0.000952,0.827606,9.013030,5898,980,29,-10
35.013725,0.008433,-0.106190,-2.009219,-0.000015,-0.694172,0.304979,0.000016,-0.418925,0.700615,-0.118795,0.000007,0.000063,10.000000,-170.000000,54.000000,0.147791,-0.000003,0.000000,0.000000,0.000000,0.162750,468.000000,0.000000,0.000000,0.000000,0.000000,35.012749,-60.606075,-35.015598,-1144.416260,-618.242737,0.001005,0.827773,9.013030,5898,919,29,-11
35.015678,0.008433,-0.107581,-2.008606,-0.000015,-0.694976,0.306373,0.000020,-0.396226,0.696210,-0.116247,0.000007,0.000065,10.000000,-170.000000,54.000000,0.147791,-0.000003,0.000000,0.000000,0.000000,0.162750,468.000000,0.000000,0.000000,0.000000,0.000000,35.014706,-60.606075,-35.015598,-1144.416260,-618.242737,0.001052,0.827920,9.013030,5898,856,29,-12
35.017635,0.008433,-0.108973,-2.007991,-0.000015,-0.695733,0.307759,0.000023,-0.372636,0.691806,-0.113594,0.000006,0.000067,10.000000,-170.000000,54.000000,0.147791,-0.000003,0.000000,0.000000,0.000000,0.162750,468.000000,0.000000,0.000000,0.000000,0.000000,35.016655,-60.606075,-35.015598,-1144.416260,-618.242737,0.001091,0.828044,9.013030,5898,791,29,-13
35.019588,0.008433,-0.110367,-2.007372,-0.000014,-0.696441,0.309136,0.000027,-0.348151,0.687406,-0.110836,0.000006,0.000069,10.000000,-170.000000,54.000000,0.147791,-0.000003,0.000000,0.000000,0.000000,0.162750,468.000000,0.000000,0.000000,0.000000,0.000000,35.018612,-60.606075,-35.015598,-1144.416260,-618.242737,0.001122,0.828141,9.013030,5898,725,29,-14
35.021542,0.008433,-0.111763,-2.006752,-0.000014,-0.697100,0.310504,0.000032,-0.322778,0.683014,-0.107974,0.000005,0.000072,10.000000,-170.000000,54.000000,0.147791,-0.000003,0.000000,0.000000,0.000000,0.162750,468.000000,0.000000,0.000000,0.000000,0.000000,35.020565,-60.606075,-35.015598,-1144.416260,-618.242737,0.001143,0.828206,9.013030,5898,657,29,-15
35.023495,0.008433,-0.113159,-2.006128,-0.000014,-0.697706,0.311864,0.000036,-0.296527,0.678636,-0.105010,0.000005,0.000074,10.000000,-170.000000,54.000000,0.147791,-0.000003,0.000000,0.000000,0.000000,0.162750,468.000000,0.000000,0.000000,0.000000,0.000000,35.022518,-60.606075,-35.015598,-1144.416260,-618.242737,0.001153,0.828238,9.013030,5898,590,29,-16
35.025452,0.008433,-0.114557,-2.005501,-0.000014,-0.698259,0.313214,0.000041,-0.269414,0.674278,-0.101945,0.000004,0.000076,10.000000,-170.000000,54.000000,0.147791,-0.000003,0.000000,0.000000,0.000000,0.162750,468.000000,0.000000,0.000000,0.000000,0.000000,35.024471,-60.606075,-35.015598,-1144.416260,-618.242737,0.001151,0.828232,9.013030,5898,521,29,-17
35.027405,0.008433,-0.115955,-2.004872,-0.000014,-0.698756,0.314556,0.000047,-0.241464,0.669947,-0.098782,0.000004,0.000079,10.000000,-170.000000,54.000000,0.147791,-0.000003,0.000000,0.000000,0.000000,0.162750,468.000000,0.000000,0.000000,0.000000,0.000000,35.026428,-60.606075,-35.015598,-1144.416260,-618.242737,0.001136,0.828186,9.013030,5898,452,29,-18
35.029358,0.008433,-0.117355,-2.004241,-0.000014,-0.699195,0.315890,0.000052,-0.212702,0.665652,-0.095525,0.000003,0.000081,10.000000,-170.000000,54.000000,0.147791,-0.000003,0.000000,0.000000,0.000000,0.162750,468.000000,0.000000,0.000000,0.000000,0.000000,35.028381,-60.606075,-35.015598,-1144.416260,-618.242737,0.001108,0.828097,9.013030,5898,384,29,-19
35.031311,0.008433,-0.118755,-2.003606,-0.000014,-0.699577,0.317215,0.000058,-0.183162,0.661402,-0.092177,0.000002,0.000083,10.000000,-170.000000,54.000000,0.147791,-0.000003,0.000000,0.000000,0.000000,0.162750,468.000000,0.000000,0.000000,0.000000,0.000000,35.030334,-60.606075,-35.015598,-1144.416260,-618.242737,0.001066,0.827964,9.013030,5898,315,29,-20
35.033264,0.008433,-0.120156,-2.002969,-0.000014,-0.699898,0.318531,0.000065,-0.152879,0.657205,-0.088742,0.000001,0.000085,10.000000,-170.000000,54.000000,0.147791,-0.000003,0.000000,0.000000,0.000000,0.162750,468.000000,0.000000,0.000000,0.000000,0.000000,35.032288,-60.606075,-35.015598,-1144.416260,-618.242737,0.001009,0.827784,9.013030,5898,247,29,-21
35.035221,0.008433,-0.121558,-2.002329,-0.000014,-0.700157,0.319840,0.000072,-0.121894,0.653071,-0.085226,0.000000,0.000087,10.000000,-170.000000,54.000000,0.147791,-0.000003,0.000000,0.000000,0.000000,0.162750,468.000000,0.000000,0.000000,0.000000,0.000000,35.034245,-60.606075,-35.015598,-1144.416260,-618.242737,0.000936,0.827555,9.013030,5898,180,30,-22
35.037174,0.008433,-0.122960,-2.001687,-0.000014,-0.700353,0.321140,0.000079,-0.090250,0.649009,-0.081632,-0.000001,0.000089,10.000000,-170.000000,54.000000,0.147791,-0.000003,0.000000,0.000000,0.000000,0.162750,468.000000,0.000000,0.000000,0.000000,0.000000,35.036198,-60.606075,-35.015598,-1144.416260,-618.242737,0.000847,0.827277,9.013030,5898,114,30,-22
35.039127,0.008433,-0.124362,-2.001042,-0.000013,-0.700486,0.322432,0.000087,-0.057996,0.645030,-0.077966,-0.000002,0.000090,10.000000,-170.000000,54.000000,0.147791,-0.000003,0.000000,0.000000,0.000000,0.162750,468.000000,0.000000,0.000000,0.000000,0.000000,35.038151,-60.606075,-35.015598,-1144.416260,-618.242737,0.000750,0.826972,9.013030,5898,48,30,-23
35.041080,0.008432,-0.125765,-2.000395,-0.000013,-0.700552,0.323716,0.000096,-0.025177,0.641142,-0.074234,-0.000003,0.000092,10.000000,-170.000000,54.000000,0.147791,-0.000003,0.000000,0.000000,0.000000,0.162750,468.000000,0.000000,0.000000,0.000000,0.000000,35.040104,-60.606075,-35.015598,-1144.416260,-618.242737,0.000642,0.826634,9.013030,5898,-15,30,-24
35.043037,0.008432,-0.127167,-1.999745,-0.000013,-0.700553,0.324992,0.000105,0.008154,0.637354,-0.070441,-0.000005,0.000093,10.000000,-170.000000,54.000000,0.147791,-0.000003,0.000000,0.000000,0.000000,0.162750,468.000000,0.000000,0.000000,0.000000,0.000000,35.042061,-60.606075,-35.015598,-1144.416260,-618.242737,0.000517,0.826239,9.013030,5898,-77,30,-25
35.044991,0.008432,-0.128570,-1.999092,-0.000013,-0.700486,0.326262,0.000115,0.041943,0.633676,-0.066594,-0.000006,0.000094,10.000000,-170.000000,54.000000,0.147791,-0.000003,0.000000,0.000000,0.000000,0.162750,468.000000,0.000000,0.000000,0.000000,0.000000,35.044010,-60.606075,-35.015598,-1144.416260,-618.242737,0.000373,0.825787,9.013030,5898,-139,30,-25
35.046944,0.008432,-0.129972,-1.998437,-0.000013,-0.700351,0.327524,0.000125,0.076133,0.630114,-0.062699,-0.000007,0.000094,10.000000,-170.000000,54.000000,0.147791,-0.000003,0.000000,0.000000,0.000000,0.162750,468.000000,0.000000,0.000000,0.000000,0.000000,35.045967,-60.606075,-35.015598,-1144.416260,-618.242737,0.000218,0.825301,9.013030,5898,-198,30,-26
35.048897,0.008432,-0.131374,-1.997780,-0.000012,-0.700147,0.328779,0.000136,0.110672,0.626677,-0.058761,-0.000009,0.000094,10.000000,-170.000000,54.000000,0.147791,-0.000003,0.000000,0.000000,0.000000,0.162750,468.000000,0.000000,0.000000,0.000000,0.000000,35.047920,-60.606075,-35.015598,-1144.416260,-618.242737,0.000051,0.824778,9.013030,5898,-260,30,-26
35.050854,0.008432,-0.132775,-1.997120,-0.000012,-0.699873,0.330027,0.000147,0.145500,0.623370,-0.054788,-0.000011,0.000094,10.000000,-172.000000,38.000000,0.147791,-0.000003,0.000000,0.000000,0.000000,0.162750,468.000000,0.000000,0.000000,0.000000,0.000000,35.049877,-60.606075,-35.015598,-1144.416260,-618.242737,-0.000128,0.824216,9.013030,5898,-315,30,-27
35.052807,0.008432,-0.134176,-1.996457,-0.000012,-0.699530,0.331269,0.000158,0.180560,0.620201,-0.050786,-0.000013,0.000093,10.000000,-172.000000,38.000000,0.129940,-0.000003,0.000000,0.000000,0.067000,0.000000,468.000000,0.000000,0.000000,0.000000,0.000000,35.051826,-238.805862,-172.223450,-2659.697021,-1248.061157,-0.000319,4.054859,8.994030,6429,381,30,-27
35.054760,0.008432,-0.135576,-1.995792,-0.000011,-0.699119,0.332430,0.000172,0.213049,0.561025,-0.046758,-0.000014,0.000092,10.000000,-172.000000,38.000000,0.129940,-0.000003,0.000000,0.000000,0.000000,0.000000,468.000000,0.000000,0.000000,0.000000,0.000000,35.053783,-238.805862,-172.223450,-2659.697021,-1248.061157,-0.000501,4.054288,8.994030,6429,329,31,-27
35.056713,0.008432,-0.136974,-1.995125,-0.000011,-0.698645,0.333443,0.000186,0.245597,0.489198,-0.042703,-0.000016,0.000091,10.000000,-172.000000,38.000000,0.129940,-0.000003,0.000000,0.000000,0.000000,0.000000,468.000000,0.000000,0.000000,0.000000,0.000000,35.055737,-238.805862,-172.223450,-2659.697021,-1248.061157,-0.000655,4.053807,8.994030,6429,278,31,-27
35.058666,0.008432,-0.138372,-1.994456,-0.000011,-0.698103,0.334323,0.000201,0.279160,0.424047,-0.038621,-0.000018,0.000089,10.000000,-172.000000,38.000000,0.129940,-0.000003,0.000000,0.000000,0.000000,0.000000,468.000000,0.000000,0.000000,0.000000,0.000000,35.057693,-238.805862,-172.223450,-2659.697021,-1248.061157,-0.000800,4.053349,8.994030,6429,226,31,-27
35.060623,0.008432,-0.139769,-1.993786,-0.000010,-0.697493,0.335082,0.000217,0.313649,0.364970,-0.034510,-0.000021,0.000088,10.000000,-172.000000,38.000000,0.129940,-0.000003,0.000000,0.000000,0.000000,0.000000,468.000000,0.000000,0.000000,0.000000,0.000000,35.059643,-238.805862,-172.223450,-2659.697021,-1248.061157,-0.000940,4.052910,8.994030,6429,174,31,-27
35.062576,0.008432,-0.141164,-1.993114,-0.000010,-0.696813,0.335731,0.000234,0.348978,0.311421,-0.030371,-0.000023,0.000085,10.000000,-172.000000,38.000000,0.129940,-0.000003,0.000000,0.000000,0.000000,0.000000,468.000000,0.000000,0.000000,0.000000,0.000000,35.061600,-238.805862,-172.223450,-2659.697021,-1248.061157,-0.001076,4.052483,8.994030,6429,122,31,-26
35.064529,0.008432,-0.142558,-1.992441,-0.000009,-0.696061,0.336280,0.000252,0.385064,0.262907,-0.026204,-0.000025,0.000083,10.000000,-172.000000,38.000000,0.129940,-0.000003,0.000000,0.000000,0.000000,0.000000,468.000000,0.000000,0.000000,0.000000,0.000000,35.063553,-238.805862,-172.223450,-2659.697021,-1248.061157,-0.001203,4.052085,8.994030,6429,71,31,-26
35.066483,0.008432,-0.143951,-1.991767,-0.000009,-0.695236,0.336740,0.000271,0.421833,0.218978,-0.022011,-0.000028,0.000080,10.000000,-172.000000,38.000000,0.129940,-0.000003,0.000000,0.000000,0.000000,0.000000,468.000000,0.000000,0.000000,0.000000,0.000000,35.065510,-238.805862,-172.223450,-2659.697021,-1248.061157,-0.001322,4.051710,8.994030,6429,20,31,-25
35.068439,0.008432,-0.145341,-1.991092,-0.000008,-0.694336,0.337117,0.000292,0.459206,0.179229,-0.017794,-0.000030,0.000077,10.000000,-172.000000,38.000000,0.129940,-0.000003,0.000000,0.000000,0.000000,0.000000,468.000000,0.000000,0.000000,0.000000,0.000000,35.067459,-238.805862,-172.223450,-2659.697021,-1248.061157,-0.001436,4.051353,8.994030,6429,-30,32,-25
35.070393,0.008432,-0.146730,-1.990417,-0.000007,-0.693361,0.337421,0.000314,0.497113,0.143290,-0.013554,-0.000033,0.000074,10.000000,-172.000000,38.000000,0.129940,-0.000003,0.000000,0.000000,0.000000,0.000000,468.000000,0.000000,0.000000,0.000000,0.000000,35.069416,-238.805862,-172.223450,-2659.697021,-1248.061157,-0.001546,4.051007,8.994030,6428,-80,32,-24
35.072346,0.008432,-0.148116,-1.989741,-0.000007,-0.692309,0.337659,0.000338,0.535481,0.110932,-0.009295,-0.000036,0.000071,10.000000,-172.000000,38.000000,0.129940,-0.000003,0.000000,0.000000,0.000000,0.000000,468.000000,0.000000,0.000000,0.000000,0.000000,35.071369,-238.805862,-172.223450,-2659.697021,-1248.061157,-0.001654,4.050670,8.994030,6428,-128,32,-23
35.074299,0.008432,-0.149501,-1.989065,-0.000006,-0.691180,0.337837,0.000363,0.574242,0.081769,-0.005019,-0.000039,0.000068,10.000000,-172.000000,38.000000,0.129940,-0.000003,0.000000,0.000000,0.000000,0.000000,468.000000,0.000000,0.000000,0.000000,0.000000,35.073322,-238.805862,-172.223450,-2659.697021,-1248.061157,-0.001753,4.050359,8.994030,6428,-176,32,-23
35.076256,0.008432,-0.150883,-1.988388,-0.000005,-0.689973,0.337961,0.000389,0.613329,0.055489,-0.000729,-0.000042,0.000064,10.000000,-172.000000,38.000000,0.129940,-0.000003,0.000000,0.000000,0.000000,0.000000,468.000000,0.000000,0.000000,0.000000,0.000000,35.075275,-238.805862,-172.223450,-2659.697021,-1248.061157,-0.001853,4.050045,8.994030,6428,-222,32,-22
35.078209,0.008432,-0.152262,-1.987711,-0.000004,-0.688687,0.338036,0.000417,0.652674,0.031843,0.003571,-0.000045,0.000060,10.000000,-172.000000,38.000000,0.129940,-0.000003,0.000000,0.000000,0.000000,0.000000,468.000000,0.000000,0.000000,0.000000,0.000000,35.077232,-238.805862,-172.223450,-2659.697021,-1248.061157,-0.001954,4.049726,8.994030,6428,-267,33,-21
35.080162,0.008432,-0.153639,-1.987035,-0.000004,-0.687323,0.338067,0.000445,0.692213,0.010605,0.007877,-0.000049,0.000056,10.000000,-172.000000,38.000000,0.129940,-0.000003,0.000000,0.000000,0.000000,0.000000,468.000000,0.000000,0.000000,0.000000,0.000000,35.079185,-238.805862,-172.223450,-2659.697021,-1248.061157,-0.002051,4.049423,8.994030,6428,-311,33,-20
35.082115,0.008432,-0.155013,-1.986358,-0.000003,-0.685879,0.338060,0.000476,0.731886,-0.008433,0.012186,-0.000052,0.000051,10.000000,-172.000000,38.000000,0.129940,-0.000003,0.000000,0.000000,0.000000,0.000000,468.000000,0.000000,0.000000,0.000000,0.000000,35.081139,-238.805862,-172.223450,-2659.697021,-1248.061157,-0.002144,4.049130,8.994030,6428,-352,33,-19
35.084068,0.008432,-0.156383,-1.985681,-0.000002,-0.684356,0.338017,0.000507,0.771631,-0.025459,0.016494,-0.000056,0.000047,10.000000,-172.000000,38.000000,0.129940,-0.000003,0.000000,0.000000,0.000000,0.000000,468.000000,0.000000,0.000000,0.000000,0.000000,35.083092,-238.805862,-172.223450,-2659.697021,-1248.061157,-0.002235,4.048846,8.994030,6428,-393,33,-17
35.086025,0.008432,-0.157751,-1.985004,-0.000001,-0.682753,0.337943,0.000540,0.811385,-0.040644,0.020796,-0.000059,0.000042,10.000000,-172.000000,38.000000,0.129940,-0.000003,0.000000,0.000000,0.000000,0.000000,468.000000,0.000000,0.000000,0.000000,0.000000,35.085049,-238.805862,-172.223450,-2659.697021,-1248.061157,-0.002316,4.048589,8.994030,6428,-431,34,-16
35.087978,0.008432,-0.159115,-1.984328,0.000001,-0.681070,0.337841,0.000574,0.851096,-0.054142,0.025089,-0.000063,0.000037,10.000000,-172.000000,38.000000,0.129940,-0.000003,0.000000,0.000000,0.000000,0.000000,468.000000,0.000000,0.000000,0.000000,0.000000,35.087002,-238.805862,-172.223450,-2659.697021,-1248.061157,-0.002391,4.048355,8.994030,6428,-468,34,-15
35.089931,0.008432,-0.160476,-1.983652,0.000002,-0.679309,0.337715,0.000609,0.890705,-0.066097,0.029367,-0.000067,0.000032,10.000000,-172.000000,38.000000,0.129940,-0.000003,0.000000,0.000000,0.000000,0.000000,468.000000,0.000000,0.000000,0.000000,0.000000,35.088955,-238.805862,-172.223450,-2659.697021,-1248.061157,-0.002467,4.048117,8.994030,6428,-503,34,-14
35.091885,0.008432,-0.161834,-1.982976,0.000003,-0.677468,0.337567,0.000644,0.930156,-0.076640,0.033628,-0.000071,0.000027,10.000000,-172.000000,38.000000,0.129940,-0.000003,0.000000,0.000000,0.000000,0.000000,468.000000,0.000000,0.000000,0.000000,0.000000,35.090908,-238.805862,-172.223450,-2659.697021,-1248.061157,-0.002544,4.047875,8.994030,6428,-536,34,-12
35.093842,0.008432,-0.163187,-1.982300,0.000004,-0.675549,0.337400,0.000681,0.969395,-0.085888,0.037866,-0.000074,0.000021,10.000000,-172.000000,38.000000,0.129940,-0.000003,0.000000,0.000000,0.000000,0.000000,468.000000,0.000000,0.000000,0.000000,0.000000,35.092865,-238.805862,-172.223450,-2659.697021,-1248.061157,-0.002615,4.047650,8.994030,6428,-568,34,-11
35.095795,0.008432,-0.164536,-1.981625,0.000006,-0.673552,0.337216,0.000718,1.008373,-0.093953,0.042077,-0.000078,0.000016,10.000000,-172.000000,38.000000,0.129940,-0.000003,0.000000,0.000000,0.000000,0.000000,468.000000,0.000000,0.000000,0.000000,0.000000,35.094814,-238.805862,-172.223450,-2659.697021,-1248.061157,-0.002683,4.047439,8.994030,6427,-597,35,-9
35.097748,0.008432,-0.165882,-1.980950,0.000007,-0.671477,0.337017,0.000756,1.047032,-0.100827,0.046258,-0.000082,0.000010,10.000000,-172.000000,38.000000,0.129940,-0.000003,0.000000,0.000000,0.000000,0.000000,468.000000,0.000000,0.000000,0.000000,0.000000,35.096771,-238.805862,-172.223450,-2659.697021,-1248.061157,-0.002746,4.047240,8.994030,6427,-624,35,-8
35.099701,0.008432,-0.167223,-1.980276,0.000009,-0.669325,0.336807,0.000793,1.085330,-0.106684,0.050403,-0.000086,0.000004,10.000000,-172.000000,38.000000,0.129940,-0.000003,0.000000,0.000000,0.000000,0.000000,468.000000,0.000000,0.000000,0.000000,0.000000,35.098724,-238.805862,-172.223450,-2659.697021,-1248.061157,-0.002806,4.047051,8.994030,6427,-649,35,-6
35.101658,0.008432,-0.168559,-1.979602,0.000010,-0.667098,0.336586,0.000831,1.123218,-0.111646,0.054509,-0.000090,-0.000002,10.000000,-172.000000,38.000000,0.129940,-0.000003,0.000000,0.000000,0.000000,0.000000,468.000000,0.000000,0.000000,0.000000,0.000000,35.100681,-238.805862,-172.223450,-2659.697021,-1248.061157,-0.002863,4.046873,8.994030,6427,-672,35,-4
35.103611,0.008432,-0.169892,-1.978929,0.000012,-0.664795,0.336356,0.000869,1.160654,-0.115789,0.058572,-0.000093,-0.000008,10.000000,-172.000000,38.000000,0.129940,-0.000003,0.000000,0.000000,0.000000,0.000000,468.000000,0.000000,0.000000,0.000000,0.000000,35.102631,-238.805862,-172.223450,-2659.697021,-1248.061157,-0.002910,4.046724,8.994030,6427,-693,35,-3
35.105564,0.008432,-0.171219,-1.978256,0.000014,-0.662418,0.336119,0.000907,1.197597,-0.119184,0.062588,-0.000097,-0.000014,10.000000,-172.000000,38.000000,0.129940,-0.000003,0.000000,0.000000,0.000000,0.000000,468.000000,0.000000,0.000000,0.000000,0.000000,35.104588,-238.805862,-172.223450,-2659.697021,-1248.061157,-0.002956,4.046581,8.994030,6427,-712,35,-1
35.107517,0.008432,-0.172541,-1.977583,0.000016,-0.659968,0.335877,0.000945,1.234003,-0.121898,0.066553,-0.000101,-0.000020,10.000000,-172.000000,38.000000,0.129940,-0.000003,0.000000,0.000000,0.000000,0.000000,468.000000,0.000000,0.000000,0.000000,0.000000,35.106541,-238.805862,-172.223450,-2659.697021,-1248.061157,-0.003000,4.046443,8.994030,6427,-729,36,0
35.109470,0.008432,-0.173859,-1.976911,0.000018,-0.657447,0.335630,0.000982,1.269836,-0.123988,0.070464,-0.000104,-0.000027,10.000000,-172.000000,38.000000,0.129940,-0.000003,0.000000,0.000000,0.000000,0.000000,468.000000,0.000000,0.000000,0.000000,0.000000,35.108498,-238.805862,-172.223450,-2659.697021,-1248.061157,-0.003042,4.046310,8.994030,6427,-743,36,2
35.111427,0.008432,-0.175171,-1.976239,0.000020,-0.654854,0.335379,0.001018,1.305057,-0.125513,0.074317,-0.000107,-0.000033,10.000000,-172.000000,38.000000,0.129940,-0.000003,0.000000,0.000000,0.000000,0.000000,468.000000,0.000000,0.000000,0.000000,0.000000,35.110447,-238.805862,-172.223450,-2659.697021,-1248.061157,-0.003083,4.046181,8.994030,6427,-756,36,3
35.113380,0.008432,-0.176478,-1.975568,0.000022,-0.652192,0.335127,0.001054,1.339635,-0.126523,0.078109,-0.000111,-0.000040,10.000000,-172.000000,38.000000,0.129940,-0.000003,0.000000,0.000000,0.000000,0.000000,468.000000,0.000000,0.000000,0.000000,0.000000,35.112404,-238.805862,-172.223450,-2659.697021,-1248.061157,-0.003123,4.046057,8.994030,6427,-767,36,5
35.115334,0.008432,-0.177780,-1.974898,0.000024,-0.649462,0.334873,0.001089,1.373534,-0.127067,0.081836,-0.000114,-0.000046,10.000000,-172.000000,38.000000,0.129940,-0.000003,0.000000,0.000000,0.000000,0.000000,468.000000,0.000000,0.000000,0.000000,0.000000,35.114357,-238.805862,-172.223450,-2659.697021,-1248.061157,-0.003160,4.045938,8.994030,6427,-776,36,7
35.117287,0.008432,-0.179076,-1.974228,0.000026,-0.646665,0.334619,0.001122,1.406726,-0.127190,0.085496,-0.000117,-0.000053,10.000000,-172.000000,38.000000,0.129940,-0.000003,0.000000,0.000000,0.000000,0.000000,468.000000,0.000000,0.000000,0.000000,0.000000,35.116310,-238.805862,-172.223450,-2659.697021,-1248.061157,-0.003189,4.045849,8.994030,6427,-782,36,9
35.119244,0.008433,-0.180366,-1.973558,0.000029,-0.643803,0.334365,0.001155,1.439183,-0.126933,0.089086,-0.000119,-0.000060,10.000000,-172.000000,38.000000,0.129940,-0.000003,0.000000,0.000000,0.000000,0.000000,468.000000,0.000000,0.000000,0.000000,0.000000,35.118263,-238.805862,-172.223450,-2659.697021,-1248.061157,-0.003209,4.045786,8.994030,6427,-787,36,11
35.121197,0.008433,-0.181651,-1.972889,0.000031,-0.640877,0.334112,0.001186,1.470878,-0.126336,0.092603,-0.000122,-0.000066,10.000000,-172.000000,38.000000,0.129940,-0.000003,0.000000,0.000000,0.000000,0.000000,468.000000,0.000000,0.000000,0.000000,0.000000,35.120220,-238.805862,-172.223450,-2659.697021,-1248.061157,-0.003220,4.045751,8.994030,6427,-790,36,13
35.123150,0.008433,-0.182929,-1.972221,0.000033,-0.637888,0.333860,0.001215,1.501789,-0.125435,0.096045,-0.000124,-0.000073,10.000000,-172.000000,38.000000,0.129940,-0.000003,0.000000,0.000000,0.000000,0.000000,468.000000,0.000000,0.000000,0.000000,0.000000,35.122173,-238.805862,-172.223450,-2659.697021,-1248.061157,-0.003223,4.045741,8.994030,6427,-791,36,15
35.125103,0.008433,-0.184202,-1.971553,0.000036,-0.634839,0.333611,0.001242,1.531894,-0.124263,0.099410,-0.000126,-0.000080,10.000000,-172.000000,38.000000,0.129940,-0.000003,0.000000,0.000000,0.000000,0.000000,468.000000,0.000000,0.000000,0.000000,0.000000,35.124126,-238.805862,-172.223450,-2659.697021,-1248.061157,-0.003218,4.045756,8.994030,6427,-791,36,17
35.127056,0.008433,-0.185468,-1.970885,0.000038,-0.631732,0.333365,0.001267,1.561174,-0.122850,0.102695,-0.000128,-0.000086,10.000000,-172.000000,38.000000,0.129940,-0.000003,0.000000,0.000000,0.000000,0.000000,468.000000,0.000000,0.000000,0.000000,0.000000,35.126080,-238.805862,-172.223450,-2659.697021,-1248.061157,-0.003205,4.045797,8.994030,6427,-789,36,19
35.129013,0.008433,-0.186728,-1.970218,0.000041,-0.628567,0.333121,0.001291,1.589612,-0.121228,0.105899,-0.000130,-0.000093,10.000000,-172.000000,9.000000,0.129940,-0.000003,0.000000,0.000000,0.000000,0.000000,482.000000,0.000000,0.000000,0.000000,0.000000,35.128036,-238.805862,-172.223450,-2659.697021,-1248.061157,-0.003184,4.045863,8.994030,6427,-785,36,21
35.130966,0.008433,-0.187982,-1.969552,0.000044,-0.625346,0.332882,0.001312,1.617192,-0.119423,0.109020,-0.000131,-0.000099,10.000000,-172.000000,9.000000,0.140778,0.000010,0.000000,0.000000,0.067000,0.218355,482.000000,0.000000,0.000000,0.000000,0.000000,35.129990,-432.835999,-354.344635,-2895.973389,-1804.199219,-0.003155,8.334908,9.000000,7994,-779,36,23
35.132919,0.008433,-0.189229,-1.968886,0.000046,-0.622047,0.332425,0.001355,1.662205,-0.282346,0.112057,-0.000132,-0.000106,10.000000,-172.000000,9.000000,0.140778,0.000010,0.000000,0.000000,0.000000,0.218355,482.000000,0.000000,0.000000,0.000000,0.000000,35.131943,-432.835999,-354.344635,-2895.973389,-1804.199219,-0.003118,8.335026,9.000000,7994,-772,36,26
35.134872,0.008433,-0.190469,-1.968222,0.000049,-0.618648,0.331557,0.001402,1.711599,-0.482517,0.115008,-0.000133,-0.000112,10.000000,-172.000000,9.000000,0.140778,0.000010,0.000000,0.000000,0.000000,0.218355,482.000000,0.000000,0.000000,0.000000,0.000000,35.133896,-432.835999,-354.344635,-2895.973389,-1804.199219,-0.003070,8.335176,9.000000,7994,-763,36,28
35.136829,0.008433,-0.191702,-1.967560,0.000052,-0.615154,0.330319,0.001445,1.759021,-0.663214,0.117873,-0.000134,-0.000118,10.000000,-172.000000,9.000000,0.140778,0.000010,0.000000,0.000000,0.000000,0.218355,482.000000,0.000000,0.000000,0.000000,0.000000,35.135853,-432.835999,-354.344635,-2895.973389,-1804.199219,-0.003012,8.335358,9.000000,7994,-753,36,30
35.138783,0.008433,-0.192928,-1.966901,0.000055,-0.611567,0.328746,0.001486,1.804461,-0.826269,0.120650,-0.000135,-0.000124,10.000000,-172.000000,9.000000,0.140778,0.000010,0.000000,0.000000,0.000000,0.218355,482.000000,0.000000,0.000000,0.000000,0.000000,35.137802,-432.835999,-354.344635,-2895.973389,-1804.199219,-0.002951,8.335549,9.000000,7994,-742,36,32
35.140736,0.008433,-0.194147,-1.966245,0.000058,-0.607893,0.326871,0.001524,1.847923,-0.973340,0.123340,-0.000135,-0.000130,10.000000,-172.000000,9.000000,0.140778,0.000010,0.000000,0.000000,0.000000,0.218355,482.000000,0.000000,0.000000,0.000000,0.000000,35.139759,-432.835999,-354.344635,-2895.973389,-1804.199219,-0.002887,8.335752,9.000000,7995,-730,36,34
35.142689,0.008434,-0.195359,-1.965594,0.000061,-0.604134,0.324723,0.001561,1.889432,-1.106040,0.125941,-0.000136,-0.000136,10.000000,-172.000000,9.000000,0.140778,0.000010,0.000000,0.000000,0.000000,0.218355,482.000000,0.000000,0.000000,0.000000,0.000000,35.141712,-432.835999,-354.344635,-2895.973389,-1804.199219,-0.002817,8.335970,9.000000,7995,-716,36,36
35.144646,0.008434,-0.196562,-1.964947,0.000064,-0.600296,0.322330,0.001595,1.928998,-1.225652,0.128454,-0.000137,-0.000141,10.000000,-172.000000,9.000000,0.140778,0.000010,0.000000,0.000000,0.000000,0.218355,482.000000,0.000000,0.000000,0.000000,0.000000,35.143669,-432.835999,-354.344635,-2895.973389,-1804.199219,-0.002742,8.336205,9.000000,7995,-702,36,38
35.146599,0.008434,-0.197758,-1.964306,0.000067,-0.596381,0.319716,0.001629,1.966643,-1.333379,0.130878,-0.000138,-0.000147,10.000000,-172.000000,9.000000,0.140778,0.000010,0.000000,0.000000,0.000000,0.218355,482.000000,0.000000,0.000000,0.000000,0.000000,35.145618,-432.835999,-354.344635,-2895.973389,-1804.199219,-0.002661,8.336459,9.000000,7995,-686,36,40
35.148552,0.008434,-0.198946,-1.963670,0.000071,-0.592394,0.316903,0.001662,2.002399,-1.430346,0.133213,-0.000139,-0.000152,10.000000,-172.000000,9.000000,0.140778,0.000010,0.000000,0.000000,0.000000,0.218355,482.000000,0.000000,0.000000,0.000000,0.000000,35.147575,-432.835999,-354.344635,-2895.973389,-1804.199219,-0.002574,8.336735,9.000000,7995,-669,36,42
35.150505,0.008434,-0.200126,-1.963040,0.000074,-0.588338,0.313910,0.001695,2.036303,-1.517571,0.135460,-0.000140,-0.000157,10.000000,-172.000000,9.000000,0.140778,0.000010,0.000000,0.000000,0.000000,0.218355,482.000000,0.000000,0.000000,0.000000,0.000000,35.149529,-432.835999,-354.344635,-2895.973389,-1804.199219,-0.002479,8.337033,9.000000,7995,-652,36,43
35.152458,0.008434,-0.201298,-1.962416,0.000077,-0.584217,0.310756,0.001728,2.068395,-1.595981,0.137619,-0.000141,-0.000162,10.000000,-172.000000,9.000000,0.140778,0.000010,0.000000,0.000000,0.000000,0.218355,482.000000,0.000000,0.000000,0.000000,0.000000,35.151485,-432.835999,-354.344635,-2895.973389,-1804.199219,-0.002382,8.337336,9.000000,7995,-634,37,45
35.154415,0.008434,-0.202461,-1.961799,0.000081,-0.580035,0.307457,0.001761,2.098716,-1.666413,0.139691,-0.000142,-0.000167,10.000000,-172.000000,9.000000,0.140778,0.000010,0.000000,0.000000,0.000000,0.218355,482.000000,0.000000,0.000000,0.000000,0.000000,35.153435,-432.835999,-354.344635,-2895.973389,-1804.199219,-0.002284,8.337644,9.000000,7995,-615,37,47
35.156368,0.008435,-0.203616,-1.961189,0.000085,-0.575794,0.304029,0.001795,2.127313,-1.729627,0.141677,-0.000143,-0.000171,10.000000,-172.000000,9.000000,0.140778,0.000010,0.000000,0.000000,0.000000,0.218355,482.000000,0.000000,0.000000,0.000000,0.000000,35.155392,-432.835999,-354.344635,-2895.973389,-1804.199219,-0.002177,8.337981,9.000000,7996,-596,37,49
35.158321,0.008435,-0.204762,-1.960585,0.000088,-0.571499,0.300484,0.001829,2.154247,-1.786418,0.143577,-0.000145,-0.000176,10.000000,-172.000000,9.000000,0.140778,0.000010,0.000000,0.000000,0.000000,0.218355,482.000000,0.000000,0.000000,0.000000,0.000000,35.157345,-432.835999,-354.344635,-2895.973389,-1804.199219,-0.002060,8.338349,9.000000,7996,-576,37,50
35.160275,0.008435,-0.205900,-1.959989,0.000092,-0.567152,0.296834,0.001864,2.179558,-1.837328,0.145393,-0.000147,-0.000180,10.000000,-172.000000,9.000000,0.140778,0.000010,0.000000,0.000000,0.000000,0.218355,482.000000,0.000000,0.000000,0.000000,0.000000,35.159302,-432.835999,-354.344635,-2895.973389,-1804.199219,-0.001939,8.338728,9.000000,7996,-555,38,52
35.162231,0.008435,-0.207029,-1.959401,0.000096,-0.562757,0.293090,0.001901,2.203288,-1.882889,0.147125,-0.000149,-0.000184,10.000000,-172.000000,9.000000,0.140778,0.000010,0.000000,0.000000,0.000000,0.218355,482.000000,0.000000,0.000000,0.000000,0.000000,35.161251,-432.835999,-354.344635,-2895.973389,-1804.199219,-0.001814,8.339120,9.000000,7996,-534,38,54
35.164185,0.008435,-0.208149,-1.958820,0.000100,-0.558317,0.289263,0.001938,2.225487,-1.923613,0.148776,-0.000151,-0.000187,10.000000,-172.000000,9.000000,0.140778,0.000010,0.000000,0.000000,0.000000,0.218355,482.000000,0.000000,0.000000,0.000000,0.000000,35.163208,-432.835999,-354.344635,-2895.973389,-1804.199219,-0.001678,8.339548,9.000000,7996,-513,38,55
35.166138,0.008436,-0.209260,-1.958246,0.000103,-0.553835,0.285361,0.001976,2.246209,-1.959967,0.150346,-0.000153,-0.000191,10.000000,-172.000000,9.000000,0.140778,0.000010,0.000000,0.000000,0.000000,0.218355,482.000000,0.000000,0.000000,0.000000,0.000000,35.165161,-432.835999,-354.344635,-2895.973389,-1804.199219,-0.001536,8.339992,9.000000,7996,-492,39,56
35.168091,0.008436,-0.210362,-1.957681,0.000107,-0.549314,0.281392,0.002015,2.265503,-1.992371,0.151837,-0.000155,-0.000194,10.000000,-172.000000,9.000000,0.140778,0.000010,0.000000,0.000000,0.000000,0.218355,482.000000,0.000000,0.000000,0.000000,0.000000,35.167114,-432.835999,-354.344635,-2895.973389,-1804.199219,-0.001396,8.340433,9.000000,7997,-471,39,58
35.170048,0.008436,-0.211455,-1.957124,0.000112,-0.544756,0.277363,0.002055,2.283436,-2.021313,0.153251,-0.000158,-0.000197,10.000000,-172.000000,9.000000,0.140778,0.000010,0.000000,0.000000,0.000000,0.218355,482.000000,0.000000,0.000000,0.000000,0.000000,35.169067,-432.835999,-354.344635,-2895.973389,-1804.199219,-0.001249,8.340896,9.000000,7997,-449,39,59
35.172001,0.008436,-0.212538,-1.956575,0.000116,-0.540164,0.273281,0.002095,2.300048,-2.047057,0.154590,-0.000161,-0.000199,10.000000,-172.000000,9.000000,0.140778,0.000010,0.000000,0.000000,0.000000,0.218355,482.000000,0.000000,0.000000,0.000000,0.000000,35.171024,-432.835999,-354.344635,-2895.973389,-1804.199219,-0.001094,8.341380,9.000000,7997,-427,39,60
35.173954,0.008436,-0.213613,-1.956034,0.000120,-0.535540,0.269153,0.002137,2.315383,-2.069881,0.155855,-0.000164,-0.000201,10.000000,-172.000000,9.000000,0.140778,0.000010,0.000000,0.000000,0.000000,0.218355,482.000000,0.000000,0.000000,0.000000,0.000000,35.172977,-432.835999,-354.344635,-2895.973389,-1804.199219,-0.000939,8.341869,9.000000,7997,-406,40,61
35.175907,0.008437,-0.214678,-1.955501,0.000124,-0.530888,0.264982,0.002179,2.329493,-2.090070,0.157048,-0.000167,-0.000203,10.000000,-172.000000,9.000000,0.140778,0.000010,0.000000,0.000000,0.000000,0.218355,482.000000,0.000000,0.000000,0.000000,0.000000,35.174931,-432.835999,-354.344635,-2895.973389,-1804.199219,-0.000781,8.342364,9.000000,7998,-385,40,62
35.177860,0.008437,-0.215734,-1.954977,0.000129,-0.526210,0.260775,0.002221,2.342443,-2.107985,0.158172,-0.000170,-0.000205,10.000000,-172.000000,9.000000,0.140778,0.000010,0.000000,0.000000,0.000000,0.218355,482.000000,0.000000,0.000000,0.000000,0.000000,35.176884,-432.835999,-354.344635,-2895.973389,-1804.199219,-0.000621,8.342866,9.000000,7998,-363,40,63
35.179817,0.008437,-0.216780,-1.954461,0.000133,-0.521507,0.256535,0.002264,2.354269,-2.123779,0.159228,-0.000173,-0.000206,10.000000,-172.000000,9.000000,0.140778,0.000010,0.000000,0.000000,0.000000,0.218355,482.000000,0.000000,0.000000,0.000000,0.000000,35.178841,-432.835999,-354.344635,-2895.973389,-1804.199219,-0.000458,8.343379,9.000000,7998,-342,41,64
35.181770,0.008438,-0.217817,-1.953954,0.000138,-0.516782,0.252266,0.002306,2.365015,-2.137625,0.160219,-0.000176,-0.000207,10.000000,-172.000000,9.000000,0.140778,0.000010,0.000000,0.000000,0.000000,0.218355,482.000000,0.000000,0.000000,0.000000,0.000000,35.180794,-432.835999,-354.344635,-2895.973389,-1804.199219,-0.000291,8.343904,9.000000,7998,-321,41,65
35.183723,0.008438,-0.218845,-1.953455,0.000143,-0.512037,0.247973,0.002349,2.374729,-2.149717,0.161146,-0.000180,-0.000208,10.000000,-172.000000,9.000000,0.140778,0.000010,0.000000,0.000000,0.000000,0.218355,482.000000,0.000000,0.000000,0.000000,0.000000,35.182747,-432.835999,-354.344635,-2895.973389,-1804.199219,-0.000119,8.344443,9.000000,7998,-301,41,65
35.185677,0.008438,-0.219863,-1.952965,0.000147,-0.507275,0.243658,0.002391,2.383459,-2.160225,0.162012,-0.000183,-0.000209,10.000000,-172.000000,9.000000,0.140778,0.000010,0.000000,0.000000,0.000000,0.218355,482.000000,0.000000,0.000000,0.000000,0.000000,35.184700,-432.835999,-354.344635,-2895.973389,-1804.199219,0.000051,8.344977,9.000000,7999,-281,41,66
35.187634,0.008438,-0.220871,-1.952484,0.000152,-0.502496,0.239323,0.002433,2.391264,-2.169414,0.162820,-0.000187,-0.000209,10.000000,-169.000000,-9.000000,0.140778,0.000010,0.000000,0.000000,0.000000,0.218355,544.000000,0.000000,0.000000,0.000000,0.000000,35.186657,-432.835999,-354.344635,-2895.973389,-1804.199219,0.000221,8.345510,9.000000,7999,-261,42,66
35.189587,0.008439,-0.221870,-1.952012,0.000157,-0.497703,0.234972,0.002474,2.398181,-2.177341,0.163570,-0.000190,-0.000208,10.000000,-169.000000,-9.000000,0.140778,0.000010,0.000000,0.000000,-0.933999,0.218355,544.000000,0.000000,0.000000,0.000000,0.000000,35.188606,-432.835999,-354.344635,-2895.973389,-1804.199219,0.000390,8.346042,9.015000,8006,-242,42,67
35.191540,0.008439,-0.222859,-1.951548,0.000162,-0.492897,0.230606,0.002514,2.404365,-2.184830,0.164267,-0.000194,-0.000208,10.000000,-169.000000,-9.000000,0.140778,0.000010,0.000000,0.000000,0.000000,0.218355,544.000000,0.000000,0.000000,0.000000,0.000000,35.190563,-432.835999,-354.344635,-2895.973389,-1804.199219,0.000560,8.346576,9.015000,8007,-223,42,67
35.193493,0.008439,-0.223839,-1.951093,0.000167,-0.488080,0.226226,0.002553,2.409788,-2.191538,0.164911,-0.000197,-0.000207,10.000000,-169.000000,-9.000000,0.140778,0.000010,0.000000,0.000000,0.000000,0.218355,544.000000,0.000000,0.000000,0.000000,0.000000,35.192516,-432.835999,-354.344635,-2895.973389,-1804.199219,0.000732,8.347115,9.015000,8007,-205,42,67
35.195450,0.008440,-0.224808,-1.950646,0.000172,-0.483254,0.221835,0.002591,2.414436,-2.197236,0.165506,-0.000201,-0.000205,10.000000,-169.000000,-9.000000,0.140778,0.000010,0.000000,0.000000,0.000000,0.218355,544.000000,0.000000,0.000000,0.000000,0.000000,35.194473,-432.835999,-354.344635,-2895.973389,-1804.199219,0.000899,8.347638,9.015000,8007,-187,42,67
35.197403,0.008440,-0.225769,-1.950209,0.000178,-0.478419,0.217433,0.002626,2.418344,-2.201992,0.166053,-0.000204,-0.000204,10.000000,-169.000000,-9.000000,0.140778,0.000010,0.000000,0.000000,0.000000,0.218355,544.000000,0.000000,0.000000,0.000000,0.000000,35.196423,-432.835999,-354.344635,-2895.973389,-1804.199219,0.001062,8.348152,9.015000,8007,-170,42,67
35.199356,0.008440,-0.226719,-1.949780,0.000183,-0.473577,0.213023,0.002660,2.421559,-2.205924,0.166555,-0.000207,-0.000202,10.000000,-169.000000,-9.000000,0.140778,0.000010,0.000000,0.000000,0.000000,0.218355,544.000000,0.000000,0.000000,0.000000,0.000000,35.198380,-432.835999,-354.344635,-2895.973389,-1804.199219,0.001220,8.348647,9.015000,8007,-153,42,67
35.201309,0.008441,-0.227660,-1.949360,0.000188,-0.468730,0.208606,0.002692,2.424111,-2.209073,0.167014,-0.000210,-0.000199,10.000000,-169.000000,-9.000000,0.140778,0.000010,0.000000,0.000000,0.000000,0.218355,544.000000,0.000000,0.000000,0.000000,0.000000,35.200333,-432.835999,-354.344635,-2895.973389,-1804.199219,0.001376,8.349136,9.015000,8008,-137,43,67
35.203262,0.008441,-0.228591,-1.948949,0.000194,-0.463879,0.204184,0.002722,2.426060,-2.211627,0.167433,-0.000214,-0.000197,10.000000,-169.000000,-9.000000,0.140778,0.000010,0.000000,0.000000,0.000000,0.218355,544.000000,0.000000,0.000000,0.000000,0.000000,35.202290,-432.835999,-354.344635,-2895.973389,-1804.199219,0.001534,8.349632,9.015000,8008,-122,43,66
35.205219,0.008442,-0.229512,-1.948547,0.000199,-0.459025,0.199758,0.002749,2.427435,-2.213587,0.167813,-0.000216,-0.000194,10.000000,-169.000000,-9.000000,0.140778,0.000010,0.000000,0.000000,0.000000,0.218355,544.000000,0.000000,0.000000,0.000000,0.000000,35.204239,-432.835999,-354.344635,-2895.973389,-1804.199219,0.001684,8.350104,9.015000,8008,-107,43,66
35.207172,0.008442,-0.230424,-1.948154,0.000205,-0.454169,0.195329,0.002773,2.428262,-2.214977,0.168157,-0.000219,-0.000190,10.000000,-169.000000,-9.000000,0.140778,0.000010,0.000000,0.000000,0.000000,0.218355,544.000000,0.000000,0.000000,0.000000,0.000000,35.206196,-432.835999,-354.344635,-2895.973389,-1804.199219,0.001828,8.350556,9.015000,8008,-93,43,65
35.209126,0.008442,-0.231326,-1.947770,0.000210,-0.449312,0.190897,0.002795,2.428579,-2.215853,0.168467,-0.000222,-0.000187,10.000000,-169.000000,-9.000000,0.140778,0.000010,0.000000,0.000000,0.000000,0.218355,544.000000,0.000000,0.000000,0.000000,0.000000,35.208149,-432.835999,-354.344635,-2895.973389,-1804.199219,0.001967,8.350992,9.015000,8009,-80,43,64
35.211079,0.008443,-0.232218,-1.947394,0.000216,-0.444455,0.186465,0.002814,2.428437,-2.216373,0.168745,-0.000224,-0.000183,10.000000,-169.000000,-9.000000,0.140778,0.000010,0.000000,0.000000,0.000000,0.218355,544.000000,0.000000,0.000000,0.000000,0.000000,35.210106,-432.835999,-354.344635,-2895.973389,-1804.199219,0.002094,8.351393,9.015000,8009,-67,43,64
35.213036,0.008443,-0.233101,-1.947027,0.000222,-0.439598,0.182032,0.002829,2.427855,-2.216500,0.168993,-0.000226,-0.000179,10.000000,-169.000000,-9.000000,0.140778,0.000010,0.000000,0.000000,0.000000,0.218355,544.000000,0.000000,0.000000,0.000000,0.000000,35.212055,-432.835999,-354.344635,-2895.973389,-1804.199219,0.002218,8.351782,9.015000,8009,-55,43,63
35.214989,0.008444,-0.233974,-1.946670,0.000227,-0.434744,0.177599,0.002842,2.426861,-2.216241,0.169213,-0.000228,-0.000174,10.000000,-169.000000,-9.000000,0.140778,0.000010,0.000000,0.000000,0.000000,0.218355,544.000000,0.000000,0.000000,0.000000,0.000000,35.214012,-432.835999,-354.344635,-2895.973389,-1804.199219,0.002339,8.352161,9.015000,8009,-43,43,62
35.216942,0.008444,-0.234837,-1.946321,0.000233,-0.429892,0.173168,0.002850,2.425489,-2.215658,0.169408,-0.000230,-0.000169,10.000000,-169.000000,-9.000000,0.140778,0.000010,0.000000,0.000000,0.000000,0.218355,544.000000,0.000000,0.000000,0.000000,0.000000,35.215965,-432.835999,-354.344635,-2895.973389,-1804.199219,0.002448,8.352502,9.015000,8009,-33,43,61
35.218895,0.008445,-0.235690,-1.945981,0.000239,-0.425044,0.168738,0.002856,2.423760,-2.214743,0.169578,-0.000232,-0.000164,10.000000,-169.000000,-9.000000,0.140778,0.000010,0.000000,0.000000,0.000000,0.218355,544.000000,0.000000,0.000000,0.000000,0.000000,35.217918,-432.835999,-354.344635,-2895.973389,-1804.199219,0.002548,8.352818,9.015000,8009,-23,42,60
35.220852,0.008445,-0.236534,-1.945650,0.000244,-0.420200,0.164310,0.002858,2.421706,-2.213536,0.169727,-0.000233,-0.000159,10.000000,-169.000000,-9.000000,0.140778,0.000010,0.000000,0.000000,0.000000,0.218355,544.000000,0.000000,0.000000,0.000000,0.000000,35.219872,-432.835999,-354.344635,-2895.973389,-1804.199219,0.002645,8.353122,9.015000,8009,-13,42,59
35.222805,0.008446,-0.237368,-1.945327,0.000250,-0.415360,0.159885,0.002856,2.419356,-2.212073,0.169855,-0.000234,-0.000154,10.000000,-169.000000,-9.000000,0.140778,0.000010,0.000000,0.000000,0.000000,0.218355,544.000000,0.000000,0.000000,0.000000,0.000000,35.221828,-432.835999,-354.344635,-2895.973389,-1804.199219,0.002735,8.353404,9.015000,8010,-5,42,58
35.224758,0.008446,-0.238192,-1.945014,0.000256,-0.410525,0.155463,0.002850,2.416753,-2.210484,0.169965,-0.000235,-0.000148,10.000000,-169.000000,-9.000000,0.140778,0.000010,0.000000,0.000000,0.000000,0.218355,544.000000,0.000000,0.000000,0.000000,0.000000,35.223782,-432.835999,-354.344635,-2895.973389,-1804.199219,0.002818,8.353666,9.015000,8010,2,42,57
35.226711,0.008447,-0.239007,-1.944709,0.000261,-0.405696,0.151045,0.002841,2.413908,-2.208711,0.170058,-0.000235,-0.000142,10.000000,-169.000000,-9.000000,0.140778,0.000010,0.000000,0.000000,0.000000,0.218355,544.000000,0.000000,0.000000,0.000000,0.000000,35.225735,-432.835999,-354.344635,-2895.973389,-1804.199219,0.002896,8.353910,9.015000,8010,10,42,55
35.228664,0.008447,-0.239812,-1.944413,0.000267,-0.400872,0.146630,0.002829,2.410842,-2.206738,0.170136,-0.000235,-0.000136,10.000000,-169.000000,-9.000000,0.140778,0.000010,0.000000,0.000000,0.000000,0.218355,544.000000,0.000000,0.000000,0.000000,0.000000,35.227688,-432.835999,-354.344635,-2895.973389,-1804.199219,0.002962,8.354117,9.015000,8010,16,42,54
35.230621,0.008448,-0.240607,-1.944126,0.000273,-0.396055,0.142220,0.002812,2.407572,-2.204584,0.170200,-0.000235,-0.000130,10.000000,-169.000000,-9.000000,0.140778,0.000010,0.000000,0.000000,0.000000,0.218355,544.000000,0.000000,0.000000,0.000000,0.000000,35.229645,-432.835999,-354.344635,-2895.973389,-1804.199219,0.003017,8.354291,9.015000,8010,23,42,52
35.232574,0.008448,-0.241393,-1.943848,0.000278,-0.391246,0.137814,0.002792,2.404124,-2.202268,0.170253,-0.000235,-0.000124,10.000000,-169.000000,-9.000000,0.140778,0.000010,0.000000,0.000000,0.000000,0.218355,544.000000,0.000000,0.000000,0.000000,0.000000,35.231598,-432.835999,-354.344635,-2895.973389,-1804.199219,0.003062,8.354432,9.015000,8010,28,41,51
35.234528,0.008449,-0.242169,-1.943579,0.000284,-0.386443,0.133414,0.002768,2.400516,-2.199804,0.170294,-0.000234,-0.000117,10.000000,-169.000000,-9.000000,0.140778,0.000010,0.000000,0.000000,0.000000,0.218355,544.000000,0.000000,0.000000,0.000000,0.000000,35.233551,-432.835999,-354.344635,-2895.973389,-1804.199219,0.003098,8.354544,9.015000,8010,33,41,50
35.236481,0.008449,-0.242935,-1.943319,0.000289,-0.381647,0.129018,0.002741,2.396768,-2.197204,0.170326,-0.000233,-0.000111,10.000000,-169.000000,-9.000000,0.140778,0.000010,0.000000,0.000000,0.000000,0.218355,544.000000,0.000000,0.000000,0.000000,0.000000,35.235504,-432.835999,-354.344635,-2895.973389,-1804.199219,0.003131,8.354648,9.015000,8010,38,41,48
35.238438,0.008450,-0.243692,-1.943067,0.000295,-0.376859,0.124628,0.002710,2.392899,-2.194483,0.170350,-0.000232,-0.000104,10.000000,-169.000000,-9.000000,0.140778,0.000010,0.000000,0.000000,0.000000,0.218355,544.000000,0.000000,0.000000,0.000000,0.000000,35.237461,-432.835999,-354.344635,-2895.973389,-1804.199219,0.003155,8.354724,9.015000,8010,41,41,47
35.240391,0.008451,-0.244439,-1.942824,0.000300,-0.372080,0.120243,0.002676,2.388925,-2.191650,0.170367,-0.000231,-0.000098,10.000000,-169.000000,-9.000000,0.140778,0.000010,0.000000,0.000000,0.000000,0.218355,544.000000,0.000000,0.000000,0.000000,0.000000,35.239410,-432.835999,-354.344635,-2895.973389,-1804.199219,0.003171,8.354774,9.015000,8010,45,41,45
35.242344,0.008451,-0.245177,-1.942590,0.000305,-0.367308,0.115864,0.002639,2.384864,-2.188717,0.170379,-0.000229,-0.000091,10.000000,-169.000000,-9.000000,0.140778,0.000010,0.000000,0.000000,0.000000,0.218355,544.000000,0.000000,0.000000,0.000000,0.000000,35.241367,-432.835999,-354.344635,-2895.973389,-1804.199219,0.003180,8.354800,9.015000,8010,48,41,44
35.244297,0.008452,-0.245905,-1.942364,0.000311,-0.362544,0.111491,0.002598,2.380728,-2.185694,0.170385,-0.000227,-0.000084,10.000000,-169.000000,-9.000000,0.140778,0.000010,0.000000,0.000000,0.000000,0.218355,544.000000,0.000000,0.000000,0.000000,0.000000,35.243320,-432.835999,-354.344635,-2895.973389,-1804.199219,0.003180,8.354802,9.015000,8010,50,40,42
35.246250,0.008452,-0.246624,-1.942148,0.000316,-0.357789,0.107124,0.002554,2.376535,-2.182586,0.170388,-0.000225,-0.000077,10.000000,-166.000000,-18.000000,0.140778,0.000010,0.000000,0.000000,0.000000,0.218355,550.000000,0.000000,0.000000,0.000000,0.000000,35.245277,-432.835999,-354.344635,-2895.973389,-1804.199219,0.003174,8.354782,9.015000,8010,52,40,40
35.248207,0.008453,-0.247333,-1.941940,0.000321,-0.353042,0.102764,0.002507,2.372297,-2.179402,0.170388,-0.000222,-0.000070,10.000000,-166.000000,-18.000000,0.133034,0.000076,0.000000,0.000000,0.067000,0.081634,550.000000,0.000000,0.000000,0.000000,0.000000,35.247227,-402.985077,-418.608459,445.536133,-1221.302124,0.003154,9.868134,9.047911,8725,53,40,39
35.250160,0.008454,-0.248033,-1.941741,0.000326,-0.348287,0.098310,0.002475,2.380861,-2.250749,0.170386,-0.000219,-0.000064,10.000000,-166.000000,-18.000000,0.133034,0.000076,0.000000,0.000000,0.000000,0.081634,550.000000,0.000000,0.000000,0.000000,0.000000,35.249184,-402.985077,-418.608459,445.536133,-1221.302124,0.003114,9.868007,9.047911,8725,54,40,37
35.252113,0.008454,-0.248723,-1.941551,0.000331,-0.343508,0.093675,0.002443,2.392321,-2.339001,0.170383,-0.000216,-0.000057,10.000000,-166.000000,-18.000000,0.133034,0.000076,0.000000,0.000000,0.000000,0.081634,550.000000,0.000000,0.000000,0.000000,0.000000,35.251137,-402.985077,-418.608459,445.536133,-1221.302124,0.003056,9.867825,9.047911,8725,55,40,36
35.254066,0.008455,-0.249403,-1.941370,0.000336,-0.338708,0.088877,0.002407,2.402268,-2.418491,0.170380,-0.000213,-0.000050,10.000000,-166.000000,-18.000000,0.133034,0.000076,0.000000,0.000000,0.000000,0.081634,550.000000,0.000000,0.000000,0.000000,0.000000,35.253094,-402.985077,-418.608459,445.536133,-1221.302124,0.002996,9.867638,9.047911,8725,55,39,34
35.256023,0.008456,-0.250074,-1.941200,0.000340,-0.333891,0.083931,0.002366,2.410856,-2.490035,0.170377,-0.000210,-0.000044,10.000000,-166.000000,-18.000000,0.133034,0.000076,0.000000,0.000000,0.000000,0.081634,550.000000,0.000000,0.000000,0.000000,0.000000,35.255043,-402.985077,-418.608459,445.536133,-1221.302124,0.002934,9.867443,9.047911,8725,55,39,33
35.257977,0.008456,-0.250735,-1.941040,0.000345,-0.329058,0.078854,0.002322,2.418216,-2.554370,0.170375,-0.000206,-0.000038,10.000000,-166.000000,-18.000000,0.133034,0.000076,0.000000,0.000000,0.000000,0.081634,550.000000,0.000000,0.000000,0.000000,0.000000,35.257000,-402.985077,-418.608459,445.536133,-1221.302124,0.002870,9.867241,9.047911,8725,55,39,31
35.259930,0.008457,-0.251387,-1.940889,0.000350,-0.324212,0.073658,0.002275,2.424475,-2.612167,0.170374,-0.000203,-0.000031,10.000000,-166.000000,-18.000000,0.133034,0.000076,0.000000,0.000000,0.000000,0.081634,550.000000,0.000000,0.000000,0.000000,0.000000,35.258953,-402.985077,-418.608459,445.536133,-1221.302124,0.002803,9.867030,9.047911,8725,54,39,30
35.261883,0.008458,-0.252029,-1.940750,0.000354,-0.319355,0.068355,0.002226,2.429741,-2.664035,0.170376,-0.000199,-0.000025,10.000000,-166.000000,-18.000000,0.133034,0.000076,0.000000,0.000000,0.000000,0.081634,550.000000,0.000000,0.000000,0.000000,0.000000,35.260906,-402.985077,-418.608459,445.536133,-1221.302124,0.002732,9.866810,9.047911,8725,53,39,28
35.263840,0.008459,-0.252661,-1.940621,0.000358,-0.314489,0.062957,0.002175,2.434118,-2.710524,0.170380,-0.000196,-0.000019,10.000000,-166.000000,-18.000000,0.133034,0.000076,0.000000,0.000000,0.000000,0.081634,550.000000,0.000000,0.000000,0.000000,0.000000,35.262859,-402.985077,-418.608459,445.536133,-1221.302124,0.002659,9.866579,9.047911,8724,52,39,27
35.265793,0.008459,-0.253283,-1.940503,0.000363,-0.309615,0.057473,0.002123,2.437676,-2.752032,0.170386,-0.000192,-0.000013,10.000000,-166.000000,-18.000000,0.133034,0.000076,0.000000,0.000000,0.000000,0.081634,550.000000,0.000000,0.000000,0.000000,0.000000,35.264816,-402.985077,-418.608459,445.536133,-1221.302124,0.002582,9.866339,9.047911,8724,50,39,26
35.267746,0.008460,-0.253895,-1.940397,0.000367,-0.304735,0.051912,0.002070,2.440516,-2.789091,0.170396,-0.000189,-0.000008,10.000000,-166.000000,-18.000000,0.133034,0.000076,0.000000,0.000000,0.000000,0.081634,550.000000,0.000000,0.000000,0.000000,0.000000,35.266769,-402.985077,-418.608459,445.536133,-1221.302124,0.002509,9.866106,9.047911,8724,49,39,24
35.269699,0.008461,-0.254498,-1.940301,0.000371,-0.299851,0.046284,0.002016,2.442717,-2.822150,0.170409,-0.000185,-0.000002,10.000000,-166.000000,-18.000000,0.133034,0.000076,0.000000,0.000000,0.000000,0.081634,550.000000,0.000000,0.000000,0.000000,0.000000,35.268723,-402.985077,-418.608459,445.536133,-1221.302124,0.002430,9.865861,9.047911,8724,47,39,23
35.271652,0.008462,-0.255091,-1.940217,0.000375,-0.294963,0.040595,0.001963,2.444346,-2.851579,0.170426,-0.000182,0.000003,10.000000,-166.000000,-18.000000,0.133034,0.000076,0.000000,0.000000,0.000000,0.081634,550.000000,0.000000,0.000000,0.000000,0.000000,35.270676,-402.985077,-418.608459,445.536133,-1221.302124,0.002348,9.865602,9.047911,8724,45,39,22
35.273609,0.008462,-0.255674,-1.940144,0.000379,-0.290072,0.034853,0.001910,2.445465,-2.877717,0.170446,-0.000178,0.000008,10.000000,-166.000000,-18.000000,0.133034,0.000076,0.000000,0.000000,0.000000,0.081634,550.000000,0.000000,0.000000,0.000000,0.000000,35.272633,-402.985077,-418.608459,445.536133,-1221.302124,0.002268,9.865350,9.047911,8724,42,39,21
35.275562,0.008463,-0.256248,-1.940083,0.000382,-0.285181,0.029062,0.001857,2.446130,-2.900870,0.170471,-0.000175,0.000013,10.000000,-166.000000,-18.000000,0.133034,0.000076,0.000000,0.000000,0.000000,0.081634,550.000000,0.000000,0.000000,0.000000,0.000000,35.274586,-402.985077,-418.608459,445.536133,-1221.302124,0.002188,9.865101,9.047911,8724,40,39,20
35.277515,0.008464,-0.256811,-1.940034,0.000386,-0.280288,0.023229,0.001806,2.446389,-2.921315,0.170500,-0.000171,0.000018,10.000000,-166.000000,-18.000000,0.133034,0.000076,0.000000,0.000000,0.000000,0.081634,550.000000,0.000000,0.000000,0.000000,0.000000,35.276539,-402.985077,-418.608459,445.536133,-1221.302124,0.002110,9.864855,9.047911,8724,38,39,18
35.279469,0.008465,-0.257365,-1.939996,0.000390,-0.275395,0.017359,0.001755,2.446289,-2.939304,0.170533,-0.000168,0.000023,10.000000,-166.000000,-18.000000,0.133034,0.000076,0.000000,0.000000,0.000000,0.081634,550.000000,0.000000,0.000000,0.000000,0.000000,35.278492,-402.985077,-418.608459,445.536133,-1221.302124,0.002026,9.864591,9.047911,8723,35,39,17
35.281425,0.008465,-0.257909,-1.939970,0.000393,-0.270503,0.011457,0.001706,2.445849,-2.954962,0.170570,-0.000165,0.000027,10.000000,-166.000000,-18.000000,0.133034,0.000076,0.000000,0.000000,0.000000,0.081634,550.000000,0.000000,0.000000,0.000000,0.000000,35.280449,-402.985077,-418.608459,445.536133,-1221.302124,0.001936,9.864308,9.047911,8723,32,39,16
35.283379,0.008466,-0.258443,-1.939956,0.000396,-0.265613,0.005526,0.001658,2.445120,-2.968576,0.170612,-0.000162,0.000031,10.000000,-166.000000,-18.000000,0.133034,0.000076,0.000000,0.000000,0.000000,0.081634,550.000000,0.000000,0.000000,0.000000,0.000000,35.282398,-402.985077,-418.608459,445.536133,-1221.302124,0.001846,9.864028,9.047911,8723,30,39,15
35.285332,0.008467,-0.258968,-1.939954,0.000400,-0.260724,-0.000429,0.001612,2.444141,-2.980372,0.170657,-0.000159,0.000035,10.000000,-166.000000,-18.000000,0.133034,0.000076,0.000000,0.000000,0.000000,0.081634,550.000000,0.000000,0.000000,0.000000,0.000000,35.284355,-402.985077,-418.608459,445.536133,-1221.302124,0.001757,9.863748,9.047911,8723,27,40,14
35.287285,0.008468,-0.259482,-1.939964,0.000403,-0.255837,-0.006405,0.001567,2.442940,-2.990516,0.170707,-0.000157,0.000039,10.000000,-166.000000,-18.000000,0.133034,0.000076,0.000000,0.000000,0.000000,0.081634,550.000000,0.000000,0.000000,0.000000,0.000000,35.286308,-402.985077,-418.608459,445.536133,-1221.302124,0.001668,9.863466,9.047911,8723,24,40,13
35.289242,0.008469,-0.259987,-1.939986,0.000406,-0.250953,-0.012399,0.001525,2.441542,-2.999163,0.170761,-0.000154,0.000043,10.000000,-166.000000,-18.000000,0.133034,0.000076,0.000000,0.000000,0.000000,0.081634,550.000000,0.000000,0.000000,0.000000,0.000000,35.288265,-402.985077,-418.608459,445.536133,-1221.302124,0.001577,9.863183,9.047911,8723,21,40,13
35.291195,0.008469,-0.260482,-1.940020,0.000409,-0.246073,-0.018408,0.001484,2.439969,-3.006455,0.170819,-0.000152,0.000046,10.000000,-166.000000,-18.000000,0.133034,0.000076,0.000000,0.000000,0.000000,0.081634,550.000000,0.000000,0.000000,0.000000,0.000000,35.290215,-402.985077,-418.608459,445.536133,-1221.302124,0.001493,9.862916,9.047911,8723,18,40,12
35.293148,0.008470,-0.260968,-1.940066,0.000412,-0.241195,-0.024431,0.001446,2.438244,-3.012517,0.170881,-0.000150,0.000049,10.000000,-166.000000,-18.000000,0.133034,0.000076,0.000000,0.000000,0.000000,0.081634,550.000000,0.000000,0.000000,0.000000,0.000000,35.292171,-402.985077,-418.608459,445.536133,-1221.302124,0.001412,9.862664,9.047911,8723,16,40,11
35.295101,0.008471,-0.261443,-1.940124,0.000415,-0.236322,-0.030463,0.001409,2.436383,-3.017463,0.170947,-0.000147,0.000052,10.000000,-166.000000,-18.000000,0.133034,0.000076,0.000000,0.000000,0.000000,0.081634,550.000000,0.000000,0.000000,0.000000,0.000000,35.294125,-402.985077,-418.608459,445.536133,-1221.302124,0.001330,9.862404,9.047911,8722,13,40,10
35.297054,0.008472,-0.261909,-1.940194,0.000417,-0.231452,-0.036504,0.001374,2.434384,-3.021294,0.171016,-0.000145,0.000055,10.000000,-166.000000,-18.000000,0.133034,0.000076,0.000000,0.000000,0.000000,0.081634,550.000000,0.000000,0.000000,0.000000,0.000000,35.296082,-402.985077,-418.608459,445.536133,-1221.302124,0.001245,9.862138,9.047911,8722,10,40,9
35.299011,0.008473,-0.262365,-1.940276,0.000420,-0.226586,-0.042551,0.001340,2.432275,-3.024187,0.171088,-0.000143,0.000058,10.000000,-166.000000,-18.000000,0.133034,0.000076,0.000000,0.000000,0.000000,0.081634,550.000000,0.000000,0.000000,0.000000,0.000000,35.298031,-402.985077,-418.608459,445.536133,-1221.302124,0.001157,9.861862,9.047911,8722,7,40,9
35.300964,0.008474,-0.262811,-1.940370,0.000423,-0.221725,-0.048603,0.001309,2.430072,-3.026262,0.171164,-0.000142,0.000060,10.000000,-166.000000,-18.000000,0.133034,0.000076,0.000000,0.000000,0.000000,0.081634,550.000000,0.000000,0.000000,0.000000,0.000000,35.299988,-402.985077,-418.608459,445.536133,-1221.302124,0.001073,9.861599,9.047911,8722,5,41,8
35.302917,0.008474,-0.263248,-1.940476,0.000425,-0.216868,-0.054657,0.001280,2.427789,-3.027596,0.171243,-0.000140,0.000063,10.000000,-166.000000,-18.000000,0.133034,0.000076,0.000000,0.000000,0.000000,0.081634,550.000000,0.000000,0.000000,0.000000,0.000000,35.301941,-402.985077,-418.608459,445.536133,-1221.302124,0.000992,9.861345,9.047911,8722,2,41,7
35.304871,0.008475,-0.263675,-1.940595,0.000428,-0.212016,-0.060713,0.001252,2.425432,-3.028257,0.171324,-0.000138,0.000065,10.000000,-166.000000,-18.000000,0.133034,0.000076,0.000000,0.000000,0.000000,0.081634,550.000000,0.000000,0.000000,0.000000,0.000000,35.303898,-402.985077,-418.608459,445.536133,-1221.302124,0.000908,9.861079,9.047911,8722,0,41,7
35.306828,0.008476,-0.264092,-1.940726,0.000430,-0.207169,-0.066770,0.001226,2.423009,-3.028311,0.171408,-0.000137,0.000067,10.000000,-166.000000,-18.000000,0.133034,0.000076,0.000000,0.000000,0.000000,0.081634,550.000000,0.000000,0.000000,0.000000,0.000000,35.305847,-402.985077,-418.608459,445.536133,-1221.302124,0.000826,9.860823,9.047911,8722,-2,41,6
35.308781,0.008477,-0.264500,-1.940868,0.000433,-0.202327,-0.072826,0.001201,2.420529,-3.027816,0.171493,-0.000135,0.000068,10.000000,-166.000000,-18.000000,0.133034,0.000076,0.000000,0.000000,0.000000,0.081634,550.000000,0.000000,0.000000,0.000000,0.000000,35.307804,-402.985077,-418.608459,445.536133,-1221.302124,0.000746,9.860572,9.047911,8722,-4,41,6
35.310734,0.008478,-0.264897,-1.941023,0.000435,-0.197489,-0.078880,0.001178,2.417994,-3.026822,0.171581,-0.000134,0.000070,10.000000,-166.000000,-18.000000,0.133034,0.000076,0.000000,0.000000,0.000000,0.081634,550.000000,0.000000,0.000000,0.000000,0.000000,35.309757,-402.985077,-418.608459,445.536133,-1221.302124,0.000668,9.860327,9.047911,8721,-6,41,5
35.312687,0.008479,-0.265285,-1.941190,0.000437,-0.192657,-0.084932,0.001156,2.415395,-3.025273,0.171671,-0.000133,0.000071,10.000000,-166.000000,-18.000000,0.133034,0.000076,0.000000,0.000000,0.000000,0.081634,550.000000,0.000000,0.000000,0.000000,0.000000,35.311710,-402.985077,-418.608459,445.536133,-1221.302124,0.000591,9.860085,9.047911,8721,-8,41,5
35.314644,0.008480,-0.265664,-1.941369,0.000440,-0.187830,-0.090979,0.001135,2.412746,-3.023293,0.171762,-0.000131,0.000072,10.000000,-166.000000,-18.000000,0.133034,0.000076,0.000000,0.000000,0.000000,0.081634,550.000000,0.000000,0.000000,0.000000,0.000000,35.313663,-402.985077,-418.608459,445.536133,-1221.302124,0.000516,9.859849,9.047911,8721,-10,41,4
35.316597,0.008481,-0.266033,-1.941561,0.000442,-0.183009,-0.097022,0.001115,2.410061,-3.020957,0.171855,-0.000130,0.000074,10.000000,-166.000000,-18.000000,0.133034,0.000076,0.000000,0.000000,0.000000,0.081634,550.000000,0.000000,0.000000,0.000000,0.000000,35.315620,-402.985077,-418.608459,445.536133,-1221.302124,0.000441,9.859614,9.047911,8721,-12,41,4
35.318550,0.008481,-0.266392,-1.941764,0.000444,-0.178193,-0.103060,0.001097,2.407338,-3.018299,0.171948,-0.000129,0.000074,10.000000,-166.000000,-18.000000,0.133034,0.000076,0.000000,0.000000,0.000000,0.081634,550.000000,0.000000,0.000000,0.000000,0.000000,35.317574,-402.985077,-418.608459,445.536133,-1221.302124,0.000367,9.859382,9.047911,8721,-14,42,4
35.320503,0.008482,-0.266741,-1.941979,0.000446,-0.173382,-0.109093,0.001079,2.404582,-3.015350,0.172043,-0.000128,0.000075,10.000000,-166.000000,-18.000000,0.133034,0.000076,0.000000,0.000000,0.000000,0.081634,550.000000,0.000000,0.000000,0.000000,0.000000,35.319527,-402.985077,-418.608459,445.536133,-1221.302124,0.000299,9.859170,9.047911,8721,-16,42,3
35.322456,0.008483,-0.267081,-1.942207,0.000448,-0.168577,-0.115118,0.001062,2.401796,-3.012140,0.172137,-0.000127,0.000076,10.000000,-166.000000,-18.000000,0.133034,0.000076,0.000000,0.000000,0.000000,0.081634,550.000000,0.000000,0.000000,0.000000,0.000000,35.321480,-402.985077,-418.608459,445.536133,-1221.302124,0.000231,9.858956,9.047911,8721,-17,42,3
35.324413,0.008484,-0.267412,-1.942446,0.000450,-0.163778,-0.121138,0.001046,2.398977,-3.008693,0.172232,-0.000126,0.000076,10.000000,-165.000000,-26.000000,0.133034,0.000076,0.000000,0.000000,0.000000,0.081634,538.000000,0.000000,0.000000,0.000000,0.000000,35.323437,-402.985077,-418.608459,445.536133,-1221.302124,0.000163,9.858742,9.047911,8721,-19,42,3
35.326366,0.008485,-0.267732,-1.942698,0.000453,-0.158984,-0.127150,0.001031,2.396128,-3.005033,0.172328,-0.000125,0.000077,10.000000,-165.000000,-26.000000,0.094368,0.000108,0.000000,0.000000,0.067000,-0.165536,538.000000,0.000000,0.000000,0.000000,0.000000,35.325390,-119.402985,-268.499298,4232.568359,405.649780,0.000101,6.323475,9.037985,7189,-20,42,2
35.328320,0.008486,-0.268043,-1.942961,0.000455,-0.154234,-0.132940,0.000998,2.365430,-2.841392,0.172423,-0.000124,0.000077,10.000000,-165.000000,-26.000000,0.094368,0.000108,0.000000,0.000000,0.000000,-0.165536,538.000000,0.000000,0.000000,0.000000,0.000000,35.327343,-119.402985,-268.499298,4232.568359,405.649780,0.000041,6.323288,9.037985,7188,-22,42,2
35.330273,0.008487,-0.268345,-1.943235,0.000456,-0.149559,-0.138320,0.000961,2.328323,-2.641134,0.172517,-0.000123,0.000077,10.000000,-165.000000,-26.000000,0.094368,0.000108,0.000000,0.000000,0.000000,-0.165536,538.000000,0.000000,0.000000,0.000000,0.000000,35.329296,-119.402985,-268.499298,4232.568359,405.649780,-0.000016,6.323109,9.037985,7188,-23,42,2
35.332230,0.008488,-0.268638,-1.943520,0.000458,-0.144953,-0.143327,0.000925,2.294395,-2.459346,0.172611,-0.000122,0.000077,10.000000,-165.000000,-26.000000,0.094368,0.000108,0.000000,0.000000,0.000000,-0.165536,538.000000,0.000000,0.000000,0.000000,0.000000,35.331253,-119.402985,-268.499298,4232.568359,405.649780,-0.000070,6.322939,9.037985,7188,-24,42,2
35.334183,0.008489,-0.268921,-1.943814,0.000460,-0.140412,-0.147996,0.000890,2.263355,-2.294344,0.172705,-0.000120,0.000077,10.000000,-165.000000,-26.000000,0.094368,0.000108,0.000000,0.000000,0.000000,-0.165536,538.000000,0.000000,0.000000,0.000000,0.000000,35.333202,-119.402985,-268.499298,4232.568359,405.649780,-0.000121,6.322780,9.037985,7188,-25,42,2
35.336136,0.008490,-0.269195,-1.944117,0.000462,-0.135928,-0.152359,0.000854,2.234933,-2.144566,0.172797,-0.000119,0.000077,10.000000,-165.000000,-26.000000,0.094368,0.000108,0.000000,0.000000,0.000000,-0.165536,538.000000,0.000000,0.000000,0.000000,0.000000,35.335159,-119.402985,-268.499298,4232.568359,405.649780,-0.000168,6.322630,9.037985,7188,-25,42,1
35.338089,0.008491,-0.269461,-1.944428,0.000464,-0.131497,-0.156442,0.000817,2.208886,-2.008596,0.172888,-0.000117,0.000077,10.000000,-165.000000,-26.000000,0.094368,0.000108,0.000000,0.000000,0.000000,-0.165536,538.000000,0.000000,0.000000,0.000000,0.000000,35.337112,-119.402985,-268.499298,4232.568359,405.649780,-0.000220,6.322469,9.037985,7188,-26,41,1
35.340042,0.008491,-0.269717,-1.944747,0.000465,-0.127116,-0.160273,0.000778,2.184988,-1.885151,0.172977,-0.000114,0.000077,10.000000,-165.000000,-26.000000,0.094368,0.000108,0.000000,0.000000,0.000000,-0.165536,538.000000,0.000000,0.000000,0.000000,0.000000,35.339069,-119.402985,-268.499298,4232.568359,405.649780,-0.000274,6.322299,9.037985,7188,-27,41,1
35.341999,0.008492,-0.269965,-1.945073,0.000467,-0.122779,-0.163874,0.000737,2.163041,-1.773065,0.173065,-0.000112,0.000076,10.000000,-165.000000,-26.000000,0.094368,0.000108,0.000000,0.000000,0.000000,-0.165536,538.000000,0.000000,0.000000,0.000000,0.000000,35.341019,-119.402985,-268.499298,4232.568359,405.649780,-0.000325,6.322138,9.037985,7188,-27,41,1
35.343952,0.008493,-0.270205,-1.945406,0.000468,-0.118483,-0.167266,0.000693,2.142859,-1.671281,0.173152,-0.000109,0.000076,10.000000,-165.000000,-26.000000,0.094368,0.000108,0.000000,0.000000,0.000000,-0.165536,538.000000,0.000000,0.000000,0.000000,0.000000,35.342976,-119.402985,-268.499298,4232.568359,405.649780,-0.000373,6.321987,9.037985,7188,-27,41,1
35.345905,0.008494,-0.270436,-1.945746,0.000469,-0.114226,-0.170469,0.000646,2.124277,-1.578841,0.173236,-0.000105,0.000076,10.000000,-165.000000,-26.000000,0.094368,0.000108,0.000000,0.000000,0.000000,-0.165536,538.000000,0.000000,0.000000,0.000000,0.000000,35.344929,-119.402985,-268.499298,4232.568359,405.649780,-0.000419,6.321845,9.037985,7188,-28,40,1
35.347858,0.008495,-0.270658,-1.946092,0.000471,-0.110003,-0.173499,0.000596,2.107145,-1.494877,0.173318,-0.000101,0.000076,10.000000,-165.000000,-26.000000,0.094368,0.000108,0.000000,0.000000,0.000000,-0.165536,538.000000,0.000000,0.000000,0.000000,0.000000,35.346886,-119.402985,-268.499298,4232.568359,405.649780,-0.000461,6.321711,9.037985,7188,-28,40,1
35.349815,0.008496,-0.270872,-1.946444,0.000472,-0.105812,-0.176374,0.000541,2.091324,-1.418600,0.173398,-0.000097,0.000075,10.000000,-165.000000,-26.000000,0.094368,0.000108,0.000000,0.000000,0.000000,-0.165536,538.000000,0.000000,0.000000,0.000000,0.000000,35.348835,-119.402985,-268.499298,4232.568359,405.649780,-0.000501,6.321585,9.037985,7188,-28,39,1
35.351768,0.008497,-0.271077,-1.946801,0.000473,-0.101652,-0.179106,0.000484,2.076692,-1.349297,0.173476,-0.000092,0.000075,10.000000,-165.000000,-26.000000,0.094368,0.000108,0.000000,0.000000,0.000000,-0.165536,538.000000,0.000000,0.000000,0.000000,0.000000,35.350792,-119.402985,-268.499298,4232.568359,405.649780,-0.000539,6.321466,9.037985,7188,-28,39,1
35.353722,0.008498,-0.271275,-1.947163,0.000474,-0.097519,-0.181710,0.000422,2.063135,-1.286319,0.173552,-0.000087,0.000075,10.000000,-165.000000,-26.000000,0.094368,0.000108,0.000000,0.000000,0.000000,-0.165536,538.000000,0.000000,0.000000,0.000000,0.000000,35.352745,-119.402985,-268.499298,4232.568359,405.649780,-0.000575,6.321354,9.037985,7188,-28,38,1
35.355675,0.008499,-0.271464,-1.947531,0.000474,-0.093412,-0.184196,0.000356,2.050550,-1.229077,0.173625,-0.000081,0.000075,10.000000,-165.000000,-26.000000,0.094368,0.000108,0.000000,0.000000,0.000000,-0.165536,538.000000,0.000000,0.000000,0.000000,0.000000,35.354698,-119.402985,-268.499298,4232.568359,405.649780,-0.000608,6.321249,9.037985,7188,-27,38,1
35.357632,0.008500,-0.271645,-1.947903,0.000475,-0.089328,-0.186575,0.000286,2.038846,-1.177039,0.173695,-0.000075,0.000074,10.000000,-165.000000,-26.000000,0.094368,0.000108,0.000000,0.000000,0.000000,-0.165536,538.000000,0.000000,0.000000,0.000000,0.000000,35.356651,-119.402985,-268.499298,4232.568359,405.649780,-0.000640,6.321150,9.037985,7188,-27,37,1
35.359585,0.008501,-0.271817,-1.948280,0.000475,-0.085267,-0.188858,0.000213,2.027938,-1.129721,0.173763,-0.000069,0.000074,10.000000,-165.000000,-26.000000,0.094368,0.000108,0.000000,0.000000,0.000000,-0.165536,538.000000,0.000000,0.000000,0.000000,0.000000,35.358608,-119.402985,-268.499298,4232.568359,405.649780,-0.000670,6.321056,9.037985,7188,-27,37,1
35.361538,0.008502,-0.271982,-1.948662,0.000476,-0.081227,-0.191052,0.000135,2.017749,-1.086686,0.173828,-0.000062,0.000074,10.000000,-165.000000,-26.000000,0.094368,0.000108,0.000000,0.000000,0.000000,-0.165536,538.000000,0.000000,0.000000,0.000000,0.000000,35.360561,-119.402985,-268.499298,4232.568359,405.649780,-0.000698,6.320968,9.037985,7188,-26,36,1
35.363491,0.008503,-0.272139,-1.949047,0.000476,-0.077205,-0.193166,0.000054,2.008209,-1.047534,0.173890,-0.000054,0.000074,10.000000,-165.000000,-26.000000,0.094368,0.000108,0.000000,0.000000,0.000000,-0.165536,538.000000,0.000000,0.000000,0.000000,0.000000,35.362514,-119.402985,-268.499298,4232.568359,405.649780,-0.000724,6.320885,9.037985,7188,-26,36,1
35.365444,0.008504,-0.272287,-1.949437,0.000476,-0.073202,-0.195207,-0.000031,1.999258,-1.011906,0.173949,-0.000046,0.000074,10.000000,-165.000000,-26.000000,0.094368,0.000108,0.000000,0.000000,0.000000,-0.165536,538.000000,0.000000,0.000000,0.000000,0.000000,35.364468,-119.402985,-268.499298,4232.568359,405.649780,-0.000749,6.320806,9.037985,7188,-25,35,2
35.367401,0.008505,-0.272428,-1.949831,0.000476,-0.069217,-0.197182,-0.000120,1.990835,-0.979474,0.174006,-0.000038,0.000073,10.000000,-165.000000,-26.000000,0.094368,0.000108,0.000000,0.000000,0.000000,-0.165536,538.000000,0.000000,0.000000,0.000000,0.000000,35.366425,-119.402985,-268.499298,4232.568359,405.649780,-0.000766,6.320753,9.037985,7188,-24,35,2
35.369354,0.008506,-0.272560,-1.950228,0.000475,-0.065247,-0.199096,-0.000212,1.982892,-0.949942,0.174059,-0.000030,0.000073,10.000000,-165.000000,-26.000000,0.094368,0.000108,0.000000,0.000000,0.000000,-0.165536,538.000000,0.000000,0.000000,0.000000,0.000000,35.368378,-119.402985,-268.499298,4232.568359,405.649780,-0.000776,6.320724,9.037985,7188,-24,34,2
35.371307,0.008507,-0.272685,-1.950630,0.000475,-0.061293,-0.200956,-0.000306,1.975382,-0.923040,0.174110,-0.000021,0.000073,10.000000,-165.000000,-26.000000,0.094368,0.000108,0.000000,0.000000,0.000000,-0.165536,538.000000,0.000000,0.000000,0.000000,0.000000,35.370331,-119.402985,-268.499298,4232.568359,405.649780,-0.000785,6.320695,9.037985,7188,-23,34,2
35.373260,0.008508,-0.272802,-1.951035,0.000474,-0.057352,-0.202765,-0.000404,1.968261,-0.898525,0.174158,-0.000012,0.000073,10.000000,-165.000000,-26.000000,0.094368,0.000108,0.000000,0.000000,0.000000,-0.165536,538.000000,0.000000,0.000000,0.000000,0.000000,35.372284,-119.402985,-268.499298,4232.568359,405.649780,-0.000793,6.320667,9.037985,7187,-22,33,2
35.375217,0.008508,-0.272911,-1.951443,0.000473,-0.053426,-0.204528,-0.000504,1.961473,-0.876071,0.174203,-0.000002,0.000073,10.000000,-165.000000,-26.000000,0.094368,0.000108,0.000000,0.000000,0.000000,-0.165536,538.000000,0.000000,0.000000,0.000000,0.000000,35.374241,-119.402985,-268.499298,4232.568359,405.649780,-0.000802,6.320641,9.037985,7187,-21,32,2
35.377171,0.008509,-0.273012,-1.951855,0.000472,-0.049513,-0.206249,-0.000607,1.954998,-0.855556,0.174245,0.000008,0.000073,10.000000,-165.000000,-26.000000,0.094368,0.000108,0.000000,0.000000,0.000000,-0.165536,538.000000,0.000000,0.000000,0.000000,0.000000,35.376190,-119.402985,-268.499298,4232.568359,405.649780,-0.000810,6.320617,9.037985,7187,-20,32,2
35.379124,0.008510,-0.273105,-1.952271,0.000470,-0.045612,-0.207932,-0.000711,1.948810,-0.836837,0.174284,0.000017,0.000073,10.000000,-165.000000,-26.000000,0.094368,0.000108,0.000000,0.000000,0.000000,-0.165536,538.000000,0.000000,0.000000,0.000000,0.000000,35.378147,-119.402985,-268.499298,4232.568359,405.649780,-0.000817,6.320593,9.037985,7187,-19,32,3
35.381077,0.008511,-0.273191,-1.952690,0.000469,-0.041724,-0.209580,-0.000817,1.942879,-0.819745,0.174320,0.000027,0.000074,10.000000,-165.000000,-26.000000,0.094368,0.000108,0.000000,0.000000,0.000000,-0.165536,538.000000,0.000000,0.000000,0.000000,0.000000,35.380100,-119.402985,-268.499298,4232.568359,405.649780,-0.000817,6.320593,9.037985,7187,-19,31,3
35.383034,0.008512,-0.273268,-1.953112,0.000467,-0.037846,-0.211196,-0.000925,1.937183,-0.804130,0.174354,0.000038,0.000074,10.000000,-165.000000,-34.000000,0.094368,0.000108,0.000000,0.000000,0.000000,-0.165536,526.000000,0.000000,0.000000,0.000000,0.000000,35.382057,-119.402985,-268.499298,4232.568359,405.649780,-0.000811,6.320612,9.037985,7187,-18,31,3
35.384987,0.008513,-0.273338,-1.953537,0.000465,-0.033980,-0.212782,-0.001033,1.931697,-0.789854,0.174384,0.000048,0.000074,10.000000,-165.000000,-34.000000,0.060786,0.000111,0.000000,0.000000,0.066000,-0.171855,526.000000,0.000000,0.000000,0.000000,0.000000,35.384007,-121.212120,-190.927872,-27.411142,432.276093,-0.000805,4.493824,9.035000,6576,-17,30,3
35.386940,0.008514,-0.273401,-1.953965,0.000463,-0.030140,-0.214257,-0.001137,1.915175,-0.713090,0.174412,0.000058,0.000074,10.000000,-165.000000,-34.000000,0.060786,0.000111,0.000000,0.000000,0.000000,-0.171855,526.000000,0.000000,0.000000,0.000000,0.000000,35.385963,-121.212120,-190.927872,-27.411142,432.276093,-0.000799,4.493844,9.035000,6576,-16,30,3
35.388893,0.008515,-0.273455,-1.954396,0.000460,-0.026338,-0.215547,-0.001239,1.896266,-0.622938,0.174438,0.000069,0.000074,10.000000,-165.000000,-34.000000,0.060786,0.000111,0.000000,0.000000,0.000000,-0.171855,526.000000,0.000000,0.000000,0.000000,0.000000,35.387917,-121.212120,-190.927872,-27.411142,432.276093,-0.000792,4.493864,9.035000,6576,-15,29,3
35.390846,0.008516,-0.273502,-1.954829,0.000458,-0.022572,-0.216669,-0.001341,1.878816,-0.541221,0.174461,0.000079,0.000075,10.000000,-165.000000,-34.000000,0.060786,0.000111,0.000000,0.000000,0.000000,-0.171855,526.000000,0.000000,0.000000,0.000000,0.000000,35.389874,-121.212120,-190.927872,-27.411142,432.276093,-0.000786,4.493883,9.035000,6576,-14,29,3
35.392803,0.008517,-0.273542,-1.955264,0.000455,-0.018839,-0.217639,-0.001441,1.862689,-0.467154,0.174481,0.000089,0.000075,10.000000,-165.000000,-34.000000,0.060786,0.000111,0.000000,0.000000,0.000000,-0.171855,526.000000,0.000000,0.000000,0.000000,0.000000,35.391823,-121.212120,-190.927872,-27.411142,432.276093,-0.000780,4.493903,9.035000,6576,-13,29,3
35.394756,0.008518,-0.273574,-1.955701,0.000452,-0.015136,-0.218472,-0.001541,1.847760,-0.400025,0.174499,0.000100,0.000075,10.000000,-165.000000,-34.000000,0.060786,0.000111,0.000000,0.000000,0.000000,-0.171855,526.000000,0.000000,0.000000,0.000000,0.000000,35.393780,-121.212120,-190.927872,-27.411142,432.276093,-0.000774,4.493921,9.035000,6576,-12,28,4
35.396709,0.008519,-0.273599,-1.956140,0.000449,-0.011461,-0.219180,-0.001640,1.833917,-0.339188,0.174514,0.000110,0.000075,10.000000,-165.000000,-34.000000,0.060786,0.000111,0.000000,0.000000,0.000000,-0.171855,526.000000,0.000000,0.000000,0.000000,0.000000,35.395733,-121.212120,-190.927872,-27.411142,432.276093,-0.000761,4.493962,9.035000,6576,-11,28,4
35.398663,0.008520,-0.273616,-1.956580,0.000445,-0.007813,-0.219775,-0.001738,1.821061,-0.284059,0.174528,0.000121,0.000076,10.000000,-165.000000,-34.000000,0.060786,0.000111,0.000000,0.000000,0.000000,-0.171855,526.000000,0.000000,0.000000,0.000000,0.000000,35.397690,-121.212120,-190.927872,-27.411142,432.276093,-0.000742,4.494021,9.035000,6576,-10,28,4
35.400620,0.008520,-0.273626,-1.957020,0.000442,-0.004189,-0.220268,-0.001836,1.809098,-0.234105,0.174539,0.000131,0.000076,10.000000,-165.000000,-34.000000,0.060786,0.000111,0.000000,0.000000,0.000000,-0.171855,526.000000,0.000000,0.000000,0.000000,0.000000,35.399639,-121.212120,-190.927872,-27.411142,432.276093,-0.000724,4.494079,9.035000,6576,-9,27,4
35.402573,0.008521,-0.273629,-1.957462,0.000438,-0.000587,-0.220668,-0.001932,1.797945,-0.188846,0.174548,0.000141,0.000076,10.000000,-165.000000,-34.000000,0.060786,0.000111,0.000000,0.000000,0.000000,-0.171855,526.000000,0.000000,0.000000,0.000000,0.000000,35.401596,-121.212120,-190.927872,-27.411142,432.276093,-0.000706,4.494134,9.035000,6576,-8,27,4
35.404526,0.008522,-0.273625,-1.957904,0.000434,0.002993,-0.220983,-0.002027,1.787526,-0.147844,0.174554,0.000152,0.000077,10.000000,-165.000000,-34.000000,0.060786,0.000111,0.000000,0.000000,0.000000,-0.171855,526.000000,0.000000,0.000000,0.000000,0.000000,35.403549,-121.212120,-190.927872,-27.411142,432.276093,-0.000689,4.494187,9.035000,6576,-7,27,4
35.406479,0.008523,-0.273614,-1.958347,0.000430,0.006553,-0.221223,-0.002120,1.777773,-0.110703,0.174559,0.000162,0.000077,10.000000,-165.000000,-34.000000,0.060786,0.000111,0.000000,0.000000,0.000000,-0.171855,526.000000,0.000000,0.000000,0.000000,0.000000,35.405502,-121.212120,-190.927872,-27.411142,432.276093,-0.000673,4.494239,9.035000,6576,-6,26,4
35.408436,0.008524,-0.273595,-1.958790,0.000425,0.010095,-0.221393,-0.002212,1.768624,-0.077064,0.174563,0.000172,0.000078,10.000000,-165.000000,-34.000000,0.060786,0.000111,0.000000,0.000000,0.000000,-0.171855,526.000000,0.000000,0.000000,0.000000,0.000000,35.407455,-121.212120,-190.927872,-27.411142,432.276093,-0.000657,4.494289,9.035000,6576,-5,26,4
35.410389,0.008525,-0.273570,-1.959234,0.000421,0.013619,-0.221501,-0.002302,1.760023,-0.046602,0.174564,0.000181,0.000078,10.000000,-165.000000,-34.000000,0.060786,0.000111,0.000000,0.000000,0.000000,-0.171855,526.000000,0.000000,0.000000,0.000000,0.000000,35.409412,-121.212120,-190.927872,-27.411142,432.276093,-0.000641,4.494338,9.035000,6576,-5,26,4
35.412342,0.008526,-0.273537,-1.959677,0.000416,0.017127,-0.221553,-0.002390,1.751918,-0.019021,0.174564,0.000191,0.000079,10.000000,-165.000000,-34.000000,0.060786,0.000111,0.000000,0.000000,0.000000,-0.171855,526.000000,0.000000,0.000000,0.000000,0.000000,35.411366,-121.212120,-190.927872,-27.411142,432.276093,-0.000626,4.494386,9.035000,6576,-4,26,4
35.414295,0.008526,-0.273498,-1.960121,0.000411,0.020619,-0.221553,-0.002476,1.744264,0.005949,0.174562,0.000200,0.000079,10.000000,-165.000000,-34.000000,0.060786,0.000111,0.000000,0.000000,0.000000,-0.171855,526.000000,0.000000,0.000000,0.000000,0.000000,35.413319,-121.212120,-190.927872,-27.411142,432.276093,-0.000611,4.494434,9.035000,6576,-3,26,4
35.416248,0.008527,-0.273451,-1.960564,0.000406,0.024097,-0.221507,-0.002559,1.737020,0.028549,0.174559,0.000209,0.000079,10.000000,-165.000000,-34.000000,0.060786,0.000111,0.000000,0.000000,0.000000,-0.171855,526.000000,0.000000,0.000000,0.000000,0.000000,35.415272,-121.212120,-190.927872,-27.411142,432.276093,-0.000596,4.494481,9.035000,6576,-2,25,4
35.418205,0.008528,-0.273398,-1.961007,0.000401,0.027561,-0.221419,-0.002640,1.730146,0.049000,0.174555,0.000218,0.000080,10.000000,-165.000000,-34.000000,0.060786,0.000111,0.000000,0.000000,0.000000,-0.171855,526.000000,0.000000,0.000000,0.000000,0.000000,35.417229,-121.212120,-190.927872,-27.411142,432.276093,-0.000581,4.494527,9.035000,6576,-1,25,4
35.420158,0.008529,-0.273337,-1.961451,0.000395,0.031011,-0.221293,-0.002718,1.723609,0.067502,0.174550,0.000227,0.000080,10.000000,-165.000000,-34.000000,0.060786,0.000111,0.000000,0.000000,0.000000,-0.171855,526.000000,0.000000,0.000000,0.000000,0.000000,35.419182,-121.212120,-190.927872,-27.411142,432.276093,-0.000566,4.494574,9.035000,6576,-1,25,4
35.422112,0.008530,-0.273270,-1.961893,0.000390,0.034449,-0.221133,-0.002794,1.717378,0.084236,0.174543,0.000235,0.000081,10.000000,-165.000000,-34.000000,0.060786,0.000111,0.000000,0.000000,0.000000,-0.171855,526.000000,0.000000,0.000000,0.000000,0.000000,35.421135,-121.212120,-190.927872,-27.411142,432.276093,-0.000551,4.494620,9.035000,6576,0,25,4
35.424065,0.008530,-0.273196,-1.962336,0.000384,0.037875,-0.220941,-0.002866,1.711425,0.099368,0.174535,0.000243,0.000081,10.000000,-165.000000,-34.000000,0.060786,0.000111,0.000000,0.000000,0.000000,-0.171855,526.000000,0.000000,0.000000,0.000000,0.000000,35.423088,-121.212120,-190.927872,-27.411142,432.276093,-0.000537,4.494667,9.035000,6576,0,25,4
35.426022,0.008531,-0.273115,-1.962778,0.000378,0.041289,-0.220722,-0.002935,1.705725,0.113046,0.174527,0.000251,0.000081,10.000000,-165.000000,-34.000000,0.060786,0.000111,0.000000,0.000000,0.000000,-0.171855,526.000000,0.000000,0.000000,0.000000,0.000000,35.425045,-121.212120,-190.927872,-27.411142,432.276093,-0.000522,4.494714,9.035000,6576,0,25,4
35.427975,0.008532,-0.273027,-1.963219,0.000372,0.044692,-0.220477,-0.003000,1.700254,0.125406,0.174517,0.000258,0.000081,10.000000,-165.000000,-34.000000,0.060786,0.000111,0.000000,0.000000,0.000000,-0.171855,526.000000,0.000000,0.000000,0.000000,0.000000,35.426994,-121.212120,-190.927872,-27.411142,432.276093,-0.000507,4.494761,9.035000,6576,1,25,4
35.429928,0.008533,-0.272933,-1.963660,0.000366,0.048085,-0.220210,-0.003062,1.694993,0.136571,0.174507,0.000265,0.000082,10.000000,-165.000000,-34.000000,0.060786,0.000111,0.000000,0.000000,0.000000,-0.171855,526.000000,0.000000,0.000000,0.000000,0.000000,35.428951,-121.212120,-190.927872,-27.411142,432.276093,-0.000492,4.494808,9.035000,6576,1,25,4
35.431881,0.008533,-0.272831,-1.964101,0.000360,0.051467,-0.219921,-0.003120,1.689921,0.146651,0.174496,0.000271,0.000082,10.000000,-165.000000,-34.000000,0.060786,0.000111,0.000000,0.000000,0.000000,-0.171855,526.000000,0.000000,0.000000,0.000000,0.000000,35.430904,-121.212120,-190.927872,-27.411142,432.276093,-0.000476,4.494856,9.035000,6576,2,25,4
35.433838,0.008534,-0.272723,-1.964541,0.000354,0.054840,-0.219614,-0.003174,1.685023,0.155749,0.174485,0.000278,0.000082,10.000000,-165.000000,-34.000000,0.060786,0.000111,0.000000,0.000000,0.000000,-0.171855,526.000000,0.000000,0.000000,0.000000,0.000000,35.432861,-121.212120,-190.927872,-27.411142,432.276093,-0.000461,4.494905,9.035000,6576,2,25,4
35.435791,0.008535,-0.272609,-1.964980,0.000347,0.058203,-0.219290,-0.003224,1.680283,0.163956,0.174473,0.000283,0.000082,10.000000,-165.000000,-34.000000,0.060786,0.000111,0.000000,0.000000,0.000000,-0.171855,526.000000,0.000000,0.000000,0.000000,0.000000,35.434811,-121.212120,-190.927872,-27.411142,432.276093,-0.000445,4.494953,9.035000,6576,2,25,4
35.437744,0.008535,-0.272487,-1.965418,0.000341,0.061556,-0.218951,-0.003270,1.675686,0.171354,0.174460,0.000289,0.000082,10.000000,-165.000000,-34.000000,0.060786,0.000111,0.000000,0.000000,0.000000,-0.171855,526.000000,0.000000,0.000000,0.000000,0.000000,35.436768,-121.212120,-190.927872,-27.411142,432.276093,-0.000430,4.495003,9.035000,6576,3,25,4
35.439697,0.008536,-0.272359,-1.965856,0.000334,0.064901,-0.218598,-0.003312,1.671221,0.178019,0.174447,0.000293,0.000082,10.000000,-165.000000,-34.000000,0.060786,0.000111,0.000000,0.000000,0.000000,-0.171855,526.000000,0.000000,0.000000,0.000000,0.000000,35.438721,-121.212120,-190.927872,-27.411142,432.276093,-0.000414,4.495053,9.035000,6577,3,25,4
35.441650,0.008537,-0.272224,-1.966293,0.000327,0.068237,-0.218233,-0.003350,1.666895,0.183914,0.174434,0.000298,0.000082,10.000000,-166.000000,-42.000000,0.060786,0.000111,0.000000,0.000000,0.000000,-0.171855,516.000000,0.000000,0.000000,0.000000,0.000000,35.440678,-121.212120,-190.927872,-27.411142,432.276093,-0.000397,4.495104,9.035000,6577,4,25,4
35.443607,0.008537,-0.272082,-1.966730,0.000321,0.071564,-0.217857,-0.003383,1.662682,0.189183,0.174421,0.000302,0.000082,10.000000,-166.000000,-42.000000,0.034822,0.000077,0.000000,0.000000,0.067000,-0.143932,516.000000,0.000000,0.000000,0.000000,0.000000,35.442627,-119.402985,-146.623932,27.002020,384.932983,-0.000381,3.451798,9.027015,6298,4,25,4
35.445560,0.008538,-0.271934,-1.967165,0.000314,0.074877,-0.217433,-0.003403,1.653442,0.223008,0.174407,0.000306,0.000082,10.000000,-166.000000,-42.000000,0.034822,0.000077,0.000000,0.000000,0.000000,-0.143932,516.000000,0.000000,0.000000,0.000000,0.000000,35.444584,-119.402985,-146.623932,27.002020,384.932983,-0.000363,3.451853,9.027015,6298,4,25,4
35.447514,0.008539,-0.271779,-1.967600,0.000307,0.078168,-0.216927,-0.003416,1.643127,0.262965,0.174394,0.000309,0.000082,10.000000,-166.000000,-42.000000,0.034822,0.000077,0.000000,0.000000,0.000000,-0.143932,516.000000,0.000000,0.000000,0.000000,0.000000,35.446537,-119.402985,-146.623932,27.002020,384.932983,-0.000345,3.451910,9.027015,6298,4,25,4
35.449467,0.008539,-0.271618,-1.968033,0.000300,0.081440,-0.216346,-0.003426,1.633494,0.299089,0.174380,0.000311,0.000082,10.000000,-166.000000,-42.000000,0.034822,0.000077,0.000000,0.000000,0.000000,-0.143932,516.000000,0.000000,0.000000,0.000000,0.000000,35.448490,-119.402985,-146.623932,27.002020,384.932983,-0.000327,3.451967,9.027015,6298,5,25,4
35.451424,0.008540,-0.271450,-1.968465,0.000293,0.084693,-0.215698,-0.003433,1.624480,0.331738,0.174366,0.000314,0.000081,10.000000,-166.000000,-42.000000,0.034822,0.000077,0.000000,0.000000,0.000000,-0.143932,516.000000,0.000000,0.000000,0.000000,0.000000,35.450443,-119.402985,-146.623932,27.002020,384.932983,-0.000308,3.452025,9.027015,6298,5,25,4
35.453377,0.008540,-0.271275,-1.968896,0.000286,0.087929,-0.214990,-0.003436,1.616029,0.361234,0.174353,0.000315,0.000081,10.000000,-166.000000,-42.000000,0.034822,0.000077,0.000000,0.000000,0.000000,-0.143932,516.000000,0.000000,0.000000,0.000000,0.000000,35.452400,-119.402985,-146.623932,27.002020,384.932983,-0.000290,3.452084,9.027015,6298,5,26,4
35.455330,0.008541,-0.271094,-1.969325,0.000280,0.091149,-0.214228,-0.003435,1.608089,0.387871,0.174339,0.000317,0.000081,10.000000,-166.000000,-42.000000,0.034822,0.000077,0.000000,0.000000,0.000000,-0.143932,516.000000,0.000000,0.000000,0.000000,0.000000,35.454353,-119.402985,-146.623932,27.002020,384.932983,-0.000271,3.452143,9.027015,6298,5,26,4
35.457283,0.008542,-0.270907,-1.969753,0.000273,0.094354,-0.213415,-0.003432,1.600614,0.411917,0.174326,0.000318,0.000081,10.000000,-166.000000,-42.000000,0.034822,0.000077,0.000000,0.000000,0.000000,-0.143932,516.000000,0.000000,0.000000,0.000000,0.000000,35.456306,-119.402985,-146.623932,27.002020,384.932983,-0.000252,3.452204,9.027015,6298,5,26,4
35.459236,0.008542,-0.270713,-1.970179,0.000266,0.097545,-0.212559,-0.003425,1.593561,0.433611,0.174313,0.000318,0.000080,10.000000,-166.000000,-42.000000,0.034822,0.000077,0.000000,0.000000,0.000000,-0.143932,516.000000,0.000000,0.000000,0.000000,0.000000,35.458260,-119.402985,-146.623932,27.002020,384.932983,-0.000232,3.452264,9.027015,6298,5,26,4
35.461193,0.008543,-0.270513,-1.970603,0.000259,0.100722,-0.211662,-0.003415,1.586893,0.453174,0.174300,0.000319,0.000080,10.000000,-166.000000,-42.000000,0.034822,0.000077,0.000000,0.000000,0.000000,-0.143932,516.000000,0.000000,0.000000,0.000000,0.000000,35.460217,-119.402985,-146.623932,27.002020,384.932983,-0.000213,3.452326,9.027015,6298,5,26,3
35.463146,0.008543,-0.270307,-1.971025,0.000252,0.103886,-0.210729,-0.003401,1.580576,0.470805,0.174287,0.000318,0.000079,10.000000,-166.000000,-42.000000,0.034822,0.000077,0.000000,0.000000,0.000000,-0.143932,516.000000,0.000000,0.000000,0.000000,0.000000,35.462170,-119.402985,-146.623932,27.002020,384.932983,-0.000200,3.452365,9.027015,6298,5,26,3
35.465099,0.008544,-0.270094,-1.971446,0.000245,0.107038,-0.209763,-0.003385,1.574575,0.486682,0.174275,0.000318,0.000079,10.000000,-166.000000,-42.000000,0.034822,0.000077,0.000000,0.000000,0.000000,-0.143932,516.000000,0.000000,0.000000,0.000000,0.000000,35.464123,-119.402985,-146.623932,27.002020,384.932983,-0.000194,3.452385,9.027015,6298,5,26,3
35.467052,0.008544,-0.269875,-1.971864,0.000239,0.110179,-0.208768,-0.003365,1.568863,0.500971,0.174263,0.000317,0.000078,10.000000,-166.000000,-42.000000,0.034822,0.000077,0.000000,0.000000,0.000000,-0.143932,516.000000,0.000000,0.000000,0.000000,0.000000,35.466076,-119.402985,-146.623932,27.002020,384.932983,-0.000186,3.452409,9.027015,6298,5,27,3
35.469009,0.008545,-0.269650,-1.972281,0.000232,0.113308,-0.207747,-0.003342,1.563415,0.513818,0.174252,0.000315,0.000078,10.000000,-166.000000,-42.000000,0.034822,0.000077,0.000000,0.000000,0.000000,-0.143932,516.000000,0.000000,0.000000,0.000000,0.000000,35.468033,-119.402985,-146.623932,27.002020,384.932983,-0.000178,3.452436,9.027015,6298,5,27,3
35.470963,0.008545,-0.269418,-1.972695,0.000225,0.116427,-0.206702,-0.003317,1.558206,0.525359,0.174241,0.000314,0.000077,10.000000,-166.000000,-42.000000,0.034822,0.000077,0.000000,0.000000,0.000000,-0.143932,516.000000,0.000000,0.000000,0.000000,0.000000,35.469982,-119.402985,-146.623932,27.002020,384.932983,-0.000168,3.452466,9.027015,6298,5,27,3
35.472916,0.008545,-0.269181,-1.973107,0.000219,0.119536,-0.205635,-0.003288,1.553217,0.535715,0.174230,0.000312,0.000076,10.000000,-166.000000,-42.000000,0.034822,0.000077,0.000000,0.000000,0.000000,-0.143932,516.000000,0.000000,0.000000,0.000000,0.000000,35.471939,-119.402985,-146.623932,27.002020,384.932983,-0.000157,3.452500,9.027015,6298,5,27,3
35.474869,0.008546,-0.268937,-1.973517,0.000212,0.122635,-0.204550,-0.003257,1.548426,0.544996,0.174220,0.000309,0.000076,10.000000,-166.000000,-42.000000,0.034822,0.000077,0.000000,0.000000,0.000000,-0.143932,516.000000,0.000000,0.000000,0.000000,0.000000,35.473892,-119.402985,-146.623932,27.002020,384.932983,-0.000146,3.452536,9.027015,6298,5,27,3
35.476826,0.008546,-0.268687,-1.973925,0.000206,0.125725,-0.203447,-0.003223,1.543818,0.553303,0.174210,0.000307,0.000075,10.000000,-166.000000,-42.000000,0.034822,0.000077,0.000000,0.000000,0.000000,-0.143932,516.000000,0.000000,0.000000,0.000000,0.000000,35.475849,-119.402985,-146.623932,27.002020,384.932983,-0.000133,3.452575,9.027015,6298,5,27,2
35.478779,0.008547,-0.268430,-1.974331,0.000199,0.128806,-0.202330,-0.003187,1.539377,0.560727,0.174200,0.000304,0.000074,10.000000,-166.000000,-42.000000,0.034822,0.000077,0.000000,0.000000,0.000000,-0.143932,516.000000,0.000000,0.000000,0.000000,0.000000,35.477798,-119.402985,-146.623932,27.002020,384.932983,-0.000127,3.452594,9.027015,6298,5,28,2
35.480732,0.008547,-0.268168,-1.974734,0.000193,0.131879,-0.201198,-0.003149,1.535086,0.567350,0.174191,0.000301,0.000073,10.000000,-166.000000,-42.000000,0.034822,0.000077,0.000000,0.000000,0.000000,-0.143932,516.000000,0.000000,0.000000,0.000000,0.000000,35.479755,-119.402985,-146.623932,27.002020,384.932983,-0.000127,3.452595,9.027015,6298,5,28,2
35.482685,0.008547,-0.267899,-1.975135,0.000187,0.134943,-0.200054,-0.003108,1.530933,0.573248,0.174183,0.000297,0.000073,10.000000,-166.000000,-42.000000,0.034822,0.000077,0.000000,0.000000,0.000000,-0.143932,516.000000,0.000000,0.000000,0.000000,0.000000,35.481709,-119.402985,-146.623932,27.002020,384.932983,-0.000125,3.452600,9.027015,6298,5,28,2
35.484638,0.008548,-0.267624,-1.975534,0.000181,0.137998,-0.198900,-0.003065,1.526907,0.578487,0.174175,0.000293,0.000072,10.000000,-166.000000,-42.000000,0.034822,0.000077,0.000000,0.000000,0.000000,-0.143932,516.000000,0.000000,0.000000,0.000000,0.000000,35.483665,-119.402985,-146.623932,27.002020,384.932983,-0.000122,3.452611,9.027015,6298,5,28,2
35.486595,0.008548,-0.267344,-1.975930,0.000175,0.141046,-0.197736,-0.003020,1.522996,0.583130,0.174168,0.000290,0.000071,10.000000,-166.000000,-42.000000,0.034822,0.000077,0.000000,0.000000,0.000000,-0.143932,516.000000,0.000000,0.000000,0.000000,0.000000,35.485615,-119.402985,-146.623932,27.002020,384.932983,-0.000117,3.452626,9.027015,6298,5,28,2
35.488548,0.008549,-0.267057,-1.976325,0.000169,0.144087,-0.196563,-0.002974,1.519192,0.587232,0.174161,0.000285,0.000070,10.000000,-166.000000,-42.000000,0.034822,0.000077,0.000000,0.000000,0.000000,-0.143932,516.000000,0.000000,0.000000,0.000000,0.000000,35.487572,-119.402985,-146.623932,27.002020,384.932983,-0.000111,3.452646,9.027015,6298,4,28,2
35.490501,0.008549,-0.266764,-1.976716,0.000163,0.147119,-0.195384,-0.002925,1.515485,0.590843,0.174155,0.000281,0.000069,10.000000,-166.000000,-42.000000,0.034822,0.000077,0.000000,0.000000,0.000000,-0.143932,516.000000,0.000000,0.000000,0.000000,0.000000,35.489525,-119.402985,-146.623932,27.002020,384.932983,-0.000104,3.452669,9.027015,6298,4,29,1
35.492455,0.008549,-0.266465,-1.977106,0.000157,0.150145,-0.194197,-0.002875,1.511868,0.594011,0.174149,0.000276,0.000068,10.000000,-166.000000,-42.000000,0.034822,0.000077,0.000000,0.000000,0.000000,-0.143932,516.000000,0.000000,0.000000,0.000000,0.000000,35.491482,-119.402985,-146.623932,27.002020,384.932983,-0.000102,3.452672,9.027015,6298,4,29,1
35.494411,0.008549,-0.266159,-1.977493,0.000151,0.153163,-0.193005,-0.002823,1.508332,0.596777,0.174143,0.000272,0.000067,10.000000,-166.000000,-42.000000,0.034822,0.000077,0.000000,0.000000,0.000000,-0.143932,516.000000,0.000000,0.000000,0.000000,0.000000,35.493431,-119.402985,-146.623932,27.002020,384.932983,-0.000107,3.452659,9.027015,6298,4,29,1
35.496365,0.008550,-0.265848,-1.977877,0.000146,0.156175,-0.191808,-0.002770,1.504870,0.599177,0.174139,0.000267,0.000066,10.000000,-166.000000,-42.000000,0.034822,0.000077,0.000000,0.000000,0.000000,-0.143932,516.000000,0.000000,0.000000,0.000000,0.000000,35.495388,-119.402985,-146.623932,27.002020,384.932983,-0.000109,3.452651,9.027015,6298,4,29,1
35.498318,0.008550,-0.265531,-1.978260,0.000140,0.159179,-0.190606,-0.002715,1.501477,0.601247,0.174134,0.000262,0.000065,10.000000,-166.000000,-42.000000,0.034822,0.000077,0.000000,0.000000,0.000000,-0.143932,516.000000,0.000000,0.000000,0.000000,0.000000,35.497341,-119.402985,-146.623932,27.002020,384.932983,-0.000110,3.452650,9.027015,6298,4,29,1
35.500271,0.008550,-0.265208,-1.978639,0.000135,0.162177,-0.189401,-0.002659,1.498147,0.603017,0.174131,0.000256,0.000063,10.000000,-166.000000,-42.000000,0.034822,0.000077,0.000000,0.000000,0.000000,-0.143932,516.000000,0.000000,0.000000,0.000000,0.000000,35.499294,-119.402985,-146.623932,27.002020,384.932983,-0.000109,3.452653,9.027015,6298,3,29,1
35.502228,0.008551,-0.264879,-1.979017,0.000130,0.165169,-0.188193,-0.002602,1.494875,0.604515,0.174127,0.000251,0.000062,10.000000,-166.000000,-42.000000,0.034822,0.000077,0.000000,0.000000,0.000000,-0.143932,516.000000,0.000000,0.000000,0.000000,0.000000,35.501247,-119.402985,-146.623932,27.002020,384.932983,-0.000106,3.452661,9.027015,6298,3,29,1
35.504181,0.008551,-0.264544,-1.979392,0.000125,0.168154,-0.186982,-0.002544,1.491657,0.605768,0.174125,0.000246,0.000061,10.000000,-166.000000,-42.000000,0.034822,0.000077,0.000000,0.000000,0.000000,-0.143932,516.000000,0.000000,0.000000,0.000000,0.000000,35.503204,-119.402985,-146.623932,27.002020,384.932983,-0.000102,3.452674,9.027015,6298,3,29,1
35.506134,0.008551,-0.264202,-1.979764,0.000120,0.171132,-0.185769,-0.002484,1.488489,0.606798,0.174122,0.000240,0.000060,10.000000,-166.000000,-42.000000,0.034822,0.000077,0.000000,0.000000,0.000000,-0.143932,516.000000,0.000000,0.000000,0.000000,0.000000,35.505157,-119.402985,-146.623932,27.002020,384.932983,-0.000097,3.452690,9.027015,6298,3,30,1
35.508087,0.008551,-0.263855,-1.980134,0.000115,0.174105,-0.184554,-0.002424,1.485366,0.607626,0.174121,0.000234,0.000059,10.000000,-166.000000,-42.000000,0.034822,0.000077,0.000000,0.000000,0.000000,-0.143932,516.000000,0.000000,0.000000,0.000000,0.000000,35.507111,-119.402985,-146.623932,27.002020,384.932983,-0.000090,3.452711,9.027015,6298,3,30,0
35.510040,0.008552,-0.263502,-1.980502,0.000110,0.177071,-0.183337,-0.002363,1.482287,0.608272,0.174119,0.000228,0.000058,10.000000,-166.000000,-42.000000,0.034822,0.000077,0.000000,0.000000,0.000000,-0.143932,516.000000,0.000000,0.000000,0.000000,0.000000,35.509064,-119.402985,-146.623932,27.002020,384.932983,-0.000090,3.452712,9.027015,6298,2,30,0
35.511997,0.008552,-0.263143,-1.980867,0.000105,0.180031,-0.182120,-0.002302,1.479246,0.608752,0.174118,0.000222,0.000056,10.000000,-166.000000,-42.000000,0.034822,0.000077,0.000000,0.000000,0.000000,-0.143932,516.000000,0.000000,0.000000,0.000000,0.000000,35.511021,-119.402985,-146.623932,27.002020,384.932983,-0.000095,3.452695,9.027015,6298,2,30,0
35.513950,0.008552,-0.262779,-1.981230,0.000101,0.182985,-0.180902,-0.002239,1.476240,0.609082,0.174118,0.000217,0.000055,10.000000,-166.000000,-42.000000,0.034822,0.000077,0.000000,0.000000,0.000000,-0.143932,516.000000,0.000000,0.000000,0.000000,0.000000,35.512974,-119.402985,-146.623932,27.002020,384.932983,-0.000098,3.452685,9.027015,6298,2,30,0
35.515903,0.008552,-0.262408,-1.981590,0.000096,0.185933,-0.179684,-0.002177,1.473268,0.609277,0.174118,0.000210,0.000054,10.000000,-166.000000,-42.000000,0.034822,0.000077,0.000000,0.000000,0.000000,-0.143932,516.000000,0.000000,0.000000,0.000000,0.000000,35.514927,-119.402985,-146.623932,27.002020,384.932983,-0.000100,3.452680,9.027015,6298,2,30,0
35.517857,0.008552,-0.262031,-1.981948,0.000092,0.188875,-0.178465,-0.002113,1.470327,0.609348,0.174118,0.000204,0.000052,10.000000,-166.000000,-42.000000,0.034822,0.000077,0.000000,0.000000,0.000000,-0.143932,516.000000,0.000000,0.000000,0.000000,0.000000,35.516880,-119.402985,-146.623932,27.002020,384.932983,-0.000100,3.452680,9.027015,6298,2,30,0
35.519814,0.008553,-0.261649,-1.982304,0.000088,0.191811,-0.177246,-0.002050,1.467416,0.609307,0.174119,0.000198,0.000051,10.000000,-166.000000,-50.000000,0.034822,0.000077,0.000000,0.000000,0.000000,-0.143932,494.000000,0.000000,0.000000,0.000000,0.000000,35.518837,-119.402985,-146.623932,27.002020,384.932983,-0.000098,3.452685,9.027015,6298,1,30,0
35.521767,0.008553,-0.261260,-1.982657,0.000084,0.194742,-0.176028,-0.001986,1.464531,0.609167,0.174120,0.000192,0.000050,10.000000,-166.000000,-50.000000,-0.010293,0.000020,0.000000,0.000000,0.067000,-0.328727,494.000000,0.000000,0.000000,0.000000,0.000000,35.520786,-119.402985,-124.178886,0.000000,299.514801,-0.000095,2.924114,9.030000,6186,1,31,0
35.523720,0.008553,-0.260866,-1.983007,0.000080,0.197664,-0.174794,-0.001920,1.459616,0.620615,0.174122,0.000186,0.000049,10.000000,-166.000000,-50.000000,-0.010293,0.000020,0.000000,0.000000,0.000000,-0.328727,494.000000,0.000000,0.000000,0.000000,0.000000,35.522743,-119.402985,-124.178886,0.000000,299.514801,-0.000091,2.924127,9.030000,6186,1,31,0
35.525673,0.008553,-0.260466,-1.983355,0.000076,0.200575,-0.173532,-0.001853,1.454257,0.634636,0.174124,0.000180,0.000047,10.000000,-166.000000,-50.000000,-0.010293,0.000020,0.000000,0.000000,0.000000,-0.328727,494.000000,0.000000,0.000000,0.000000,0.000000,35.524696,-119.402985,-124.178886,0.000000,299.514801,-0.000086,2.924144,9.030000,6186,1,31,0
35.527630,0.008553,-0.260060,-1.983701,0.000073,0.203476,-0.172244,-0.001787,1.449160,0.647221,0.174126,0.000173,0.000046,10.000000,-166.000000,-50.000000,-0.010293,0.000020,0.000000,0.000000,0.000000,-0.328727,494.000000,0.000000,0.000000,0.000000,0.000000,35.526653,-119.402985,-124.178886,0.000000,299.514801,-0.000079,2.924164,9.030000,6186,1,31,0
35.529583,0.008553,-0.259648,-1.984043,0.000069,0.206367,-0.170932,-0.001722,1.444300,0.658502,0.174128,0.000167,0.000045,10.000000,-166.000000,-50.000000,-0.010293,0.000020,0.000000,0.000000,0.000000,-0.328727,494.000000,0.000000,0.000000,0.000000,0.000000,35.528603,-119.402985,-124.178886,0.000000,299.514801,-0.000072,2.924188,9.030000,6186,1,31,0
35.531536,0.008553,-0.259231,-1.984384,0.000066,0.209248,-0.169600,-0.001658,1.439655,0.668602,0.174131,0.000161,0.000044,10.000000,-166.000000,-50.000000,-0.010293,0.000020,0.000000,0.000000,0.000000,-0.328727,494.000000,0.000000,0.000000,0.000000,0.000000,35.530560,-119.402985,-124.178886,0.000000,299.514801,-0.000063,2.924214,9.030000,6186,0,31,0
35.533489,0.008554,-0.258808,-1.984721,0.000063,0.212121,-0.168249,-0.001594,1.435207,0.677631,0.174134,0.000155,0.000043,10.000000,-166.000000,-50.000000,-0.010293,0.000020,0.000000,0.000000,0.000000,-0.328727,494.000000,0.000000,0.000000,0.000000,0.000000,35.532513,-119.402985,-124.178886,0.000000,299.514801,-0.000054,2.924243,9.030000,6186,0,31,0
35.535442,0.008554,-0.258379,-1.985056,0.000060,0.214985,-0.166881,-0.001531,1.430937,0.685687,0.174137,0.000149,0.000041,10.000000,-166.000000,-50.000000,-0.010293,0.000020,0.000000,0.000000,0.000000,-0.328727,494.000000,0.000000,0.000000,0.000000,0.000000,35.534470,-119.402985,-124.178886,0.000000,299.514801,-0.000044,2.924274,9.030000,6186,0,31,0
35.537399,0.008554,-0.257944,-1.985388,0.000057,0.217841,-0.165499,-0.001470,1.426830,0.692863,0.174140,0.000143,0.000040,10.000000,-166.000000,-50.000000,-0.010293,0.000020,0.000000,0.000000,0.000000,-0.328727,494.000000,0.000000,0.000000,0.000000,0.000000,35.536419,-119.402985,-124.178886,0.000000,299.514801,-0.000033,2.924308,9.030000,6186,0,31,0
35.539352,0.008554,-0.257504,-1.985717,0.000054,0.220688,-0.164104,-0.001409,1.422870,0.699240,0.174144,0.000137,0.000039,10.000000,-166.000000,-50.000000,-0.010293,0.000020,0.000000,0.000000,0.000000,-0.328727,494.000000,0.000000,0.000000,0.000000,0.000000,35.538376,-119.402985,-124.178886,0.000000,299.514801,-0.000022,2.924344,9.030000,6186,0,31,0
35.541306,0.008554,-0.257057,-1.986044,0.000051,0.223528,-0.162697,-0.001350,1.419044,0.704893,0.174148,0.000131,0.000038,10.000000,-166.000000,-50.000000,-0.010293,0.000020,0.000000,0.000000,0.000000,-0.328727,494.000000,0.000000,0.000000,0.000000,0.000000,35.540329,-119.402985,-124.178886,0.000000,299.514801,-0.000010,2.924382,9.030000,6186,0,31,0
35.543259,0.008554,-0.256606,-1.986367,0.000048,0.226361,-0.161279,-0.001291,1.415341,0.709890,0.174151,0.000125,0.000037,10.000000,-166.000000,-50.000000,-0.010293,0.000020,0.000000,0.000000,0.000000,-0.328727,494.000000,0.000000,0.000000,0.000000,0.000000,35.542282,-119.402985,-124.178886,0.000000,299.514801,0.000003,2.924422,9.030000,6186,0,31,0
35.545216,0.008554,-0.256148,-1.986688,0.000046,0.229186,-0.159853,-0.001234,1.411748,0.714292,0.174155,0.000120,0.000036,10.000000,-166.000000,-50.000000,-0.010293,0.000020,0.000000,0.000000,0.000000,-0.328727,494.000000,0.000000,0.000000,0.000000,0.000000,35.544235,-119.402985,-124.178886,0.000000,299.514801,0.000016,2.924464,9.030000,6186,0,31,0
35.547169,0.008554,-0.255685,-1.987006,0.000044,0.232004,-0.158419,-0.001178,1.408257,0.718154,0.174160,0.000114,0.000035,10.000000,-166.000000,-50.000000,-0.010293,0.000020,0.000000,0.000000,0.000000,-0.328727,494.000000,0.000000,0.000000,0.000000,0.000000,35.546192,-119.402985,-124.178886,0.000000,299.514801,0.000030,2.924507,9.030000,6186,0,31,-1
35.549122,0.008554,-0.255216,-1.987321,0.000041,0.234816,-0.156977,-0.001123,1.404861,0.721528,0.174164,0.000109,0.000034,10.000000,-166.000000,-50.000000,-0.010293,0.000020,0.000000,0.000000,0.000000,-0.328727,494.000000,0.000000,0.000000,0.000000,0.000000,35.548145,-119.402985,-124.178886,0.000000,299.514801,0.000037,2.924529,9.030000,6186,0,31,-1
35.551075,0.008554,-0.254742,-1.987633,0.000039,0.237620,-0.155530,-0.001069,1.401546,0.724458,0.174168,0.000103,0.000034,10.000000,-166.000000,-50.000000,-0.010293,0.000020,0.000000,0.000000,0.000000,-0.328727,494.000000,0.000000,0.000000,0.000000,0.000000,35.550098,-119.402985,-124.178886,0.000000,299.514801,0.000038,2.924532,9.030000,6186,0,31,-1
35.553032,0.008555,-0.254262,-1.987942,0.000037,0.240419,-0.154077,-0.001016,1.398308,0.726986,0.174173,0.000098,0.000033,10.000000,-166.000000,-50.000000,-0.010293,0.000020,0.000000,0.000000,0.000000,-0.328727,494.000000,0.000000,0.000000,0.000000,0.000000,35.552052,-119.402985,-124.178886,0.000000,299.514801,0.000040,2.924540,9.030000,6186,0,31,-1
35.554985,0.008555,-0.253777,-1.988248,0.000035,0.243210,-0.152620,-0.000965,1.395141,0.729150,0.174177,0.000093,0.000032,10.000000,-166.000000,-50.000000,-0.010293,0.000020,0.000000,0.000000,0.000000,-0.328727,494.000000,0.000000,0.000000,0.000000,0.000000,35.554008,-119.402985,-124.178886,0.000000,299.514801,0.000044,2.924552,9.030000,6186,0,31,-1
35.556938,0.008555,-0.253286,-1.988552,0.000033,0.245996,-0.151158,-0.000914,1.392037,0.730985,0.174182,0.000088,0.000031,10.000000,-166.000000,-50.000000,-0.010293,0.000020,0.000000,0.000000,0.000000,-0.328727,494.000000,0.000000,0.000000,0.000000,0.000000,35.555962,-119.402985,-124.178886,0.000000,299.514801,0.000049,2.924568,9.030000,6186,0,31,-1
35.558891,0.008555,-0.252789,-1.988852,0.000032,0.248776,-0.149694,-0.000866,1.388992,0.732520,0.174187,0.000083,0.000030,10.000000,-166.000000,-50.000000,-0.010293,0.000020,0.000000,0.000000,0.000000,-0.328727,494.000000,0.000000,0.000000,0.000000,0.000000,35.557915,-119.402985,-124.178886,0.000000,299.514801,0.000056,2.924587,9.030000,6186,0,31,-2
35.560844,0.008555,-0.252287,-1.989150,0.000030,0.251549,-0.148227,-0.000819,1.386002,0.733785,0.174191,0.000078,0.000030,10.000000,-166.000000,-50.000000,-0.010293,0.000020,0.000000,0.000000,0.000000,-0.328727,494.000000,0.000000,0.000000,0.000000,0.000000,35.559868,-119.402985,-124.178886,0.000000,299.514801,0.000055,2.924587,9.030000,6186,0,31,-2
35.562801,0.008555,-0.251779,-1.989444,0.000028,0.254317,-0.146758,-0.000773,1.383059,0.734803,0.174196,0.000074,0.000029,10.000000,-166.000000,-50.000000,-0.010293,0.000020,0.000000,0.000000,0.000000,-0.328727,494.000000,0.000000,0.000000,0.000000,0.000000,35.561825,-119.402985,-124.178886,0.000000,299.514801,0.000050,2.924569,9.030000,6186,-1,31,-2
35.564754,0.008555,-0.251266,-1.989736,0.000027,0.257078,-0.145287,-0.000729,1.380160,0.735600,0.174201,0.000069,0.000028,10.000000,-166.000000,-50.000000,-0.010293,0.000020,0.000000,0.000000,0.000000,-0.328727,494.000000,0.000000,0.000000,0.000000,0.000000,35.563774,-119.402985,-124.178886,0.000000,299.514801,0.000046,2.924557,9.030000,6186,-1,31,-2
35.566708,0.008555,-0.250747,-1.990025,0.000025,0.259834,-0.143815,-0.000686,1.377303,0.736194,0.174206,0.000065,0.000028,10.000000,-166.000000,-50.000000,-0.010293,0.000020,0.000000,0.000000,0.000000,-0.328727,494.000000,0.000000,0.000000,0.000000,0.000000,35.565731,-119.402985,-124.178886,0.000000,299.514801,0.000044,2.924551,9.030000,6186,-1,31,-2
35.568661,0.008555,-0.250223,-1.990310,0.000024,0.262585,-0.142342,-0.000644,1.374483,0.736607,0.174211,0.000061,0.000027,10.000000,-166.000000,-50.000000,-0.010293,0.000020,0.000000,0.000000,0.000000,-0.328727,494.000000,0.000000,0.000000,0.000000,0.000000,35.567684,-119.402985,-124.178886,0.000000,299.514801,0.000044,2.924550,9.030000,6186,-1,31,-2
35.570618,0.008555,-0.249693,-1.990593,0.000023,0.265330,-0.140868,-0.000605,1.371698,0.736853,0.174216,0.000057,0.000026,10.000000,-166.000000,-50.000000,-0.010293,0.000020,0.000000,0.000000,0.000000,-0.328727,494.000000,0.000000,0.000000,0.000000,0.000000,35.569641,-119.402985,-124.178886,0.000000,299.514801,0.000045,2.924554,9.030000,6186,-1,31,-2
35.572571,0.008555,-0.249157,-1.990873,0.000022,0.268069,-0.139395,-0.000566,1.368944,0.736950,0.174221,0.000053,0.000026,10.000000,-166.000000,-50.000000,-0.010293,0.000020,0.000000,0.000000,0.000000,-0.328727,494.000000,0.000000,0.000000,0.000000,0.000000,35.571590,-119.402985,-124.178886,0.000000,299.514801,0.000047,2.924562,9.030000,6186,-1,31,-3
35.574524,0.008555,-0.248617,-1.991150,0.000021,0.270803,-0.137921,-0.000530,1.366221,0.736912,0.174226,0.000049,0.000025,10.000000,-166.000000,-50.000000,-0.010293,0.000020,0.000000,0.000000,0.000000,-0.328727,494.000000,0.000000,0.000000,0.000000,0.000000,35.573547,-119.402985,-124.178886,0.000000,299.514801,0.000044,2.924550,9.030000,6186,-1,31,-3
35.576477,0.008555,-0.248070,-1.991423,0.000020,0.273531,-0.136447,-0.000494,1.363523,0.736750,0.174230,0.000046,0.000025,10.000000,-166.000000,-50.000000,-0.010293,0.000020,0.000000,0.000000,0.000000,-0.328727,494.000000,0.000000,0.000000,0.000000,0.000000,35.575500,-119.402985,-124.178886,0.000000,299.514801,0.000035,2.924522,9.030000,6186,-1,31,-3
35.578430,0.008555,-0.247519,-1.991694,0.000019,0.276254,-0.134974,-0.000461,1.360849,0.736478,0.174235,0.000042,0.000024,10.000000,-165.000000,-58.000000,-0.010293,0.000020,0.000000,0.000000,0.000000,-0.328727,486.000000,0.000000,0.000000,0.000000,0.000000,35.577457,-119.402985,-124.178886,0.000000,299.514801,0.000028,2.924500,9.030000,6186,-1,31,-3
35.580387,0.008555,-0.246962,-1.991963,0.000018,0.278972,-0.133502,-0.000429,1.358197,0.736105,0.174240,0.000039,0.000024,10.000000,-165.000000,-58.000000,-0.024103,0.000004,0.000000,0.000000,0.066000,-0.124194,486.000000,0.000000,0.000000,0.000000,0.000000,35.579407,-121.212151,-115.493515,-27.411612,208.269272,0.000023,2.719944,9.038031,6151,-1,31,-3
35.582340,0.008555,-0.246399,-1.992228,0.000017,0.281683,-0.132025,-0.000399,1.354923,0.739290,0.174245,0.000036,0.000023,10.000000,-165.000000,-58.000000,-0.024103,0.000004,0.000000,0.000000,0.000000,-0.124194,486.000000,0.000000,0.000000,0.000000,0.000000,35.581364,-121.212151,-115.493515,-27.411612,208.269272,0.000020,2.719934,9.038031,6151,-1,31,-3
35.584293,0.008555,-0.245831,-1.992490,0.000016,0.284388,-0.130541,-0.000370,1.351522,0.743223,0.174250,0.000033,0.000023,10.000000,-165.000000,-58.000000,-0.024103,0.000004,0.000000,0.000000,0.000000,-0.124194,486.000000,0.000000,0.000000,0.000000,0.000000,35.583317,-121.212151,-115.493515,-27.411612,208.269272,0.000018,2.719928,9.038031,6151,-1,31,-3
35.586246,0.008555,-0.245258,-1.992749,0.000016,0.287086,-0.129049,-0.000343,1.348214,0.746655,0.174254,0.000031,0.000022,10.000000,-165.000000,-58.000000,-0.024103,0.000004,0.000000,0.000000,0.000000,-0.124194,486.000000,0.000000,0.000000,0.000000,0.000000,35.585274,-121.212151,-115.493515,-27.411612,208.269272,0.000018,2.719927,9.038031,6151,-1,31,-4
35.588203,0.008555,-0.244679,-1.993005,0.000015,0.289778,-0.127551,-0.000318,1.344991,0.749635,0.174259,0.000028,0.000022,10.000000,-165.000000,-58.000000,-0.024103,0.000004,0.000000,0.000000,0.000000,-0.124194,486.000000,0.000000,0.000000,0.000000,0.000000,35.587223,-121.212151,-115.493515,-27.411612,208.269272,0.000011,2.719908,9.038031,6151,-1,31,-4
35.590157,0.008555,-0.244095,-1.993258,0.000014,0.292463,-0.126048,-0.000295,1.341843,0.752203,0.174263,0.000026,0.000021,10.000000,-165.000000,-58.000000,-0.024103,0.000004,0.000000,0.000000,0.000000,-0.124194,486.000000,0.000000,0.000000,0.000000,0.000000,35.589180,-121.212151,-115.493515,-27.411612,208.269272,-0.000000,2.719872,9.038031,6151,-2,30,-4
35.592110,0.008555,-0.243505,-1.993508,0.000014,0.295142,-0.124540,-0.000273,1.338765,0.754398,0.174267,0.000024,0.000021,10.000000,-165.000000,-58.000000,-0.024103,0.000004,0.000000,0.000000,0.000000,-0.124194,486.000000,0.000000,0.000000,0.000000,0.000000,35.591133,-121.212151,-115.493515,-27.411612,208.269272,-0.000010,2.719842,9.038031,6151,-2,30,-4
35.594063,0.008555,-0.242910,-1.993755,0.000013,0.297815,-0.123029,-0.000253,1.335750,0.756256,0.174272,0.000022,0.000021,10.000000,-165.000000,-58.000000,-0.024103,0.000004,0.000000,0.000000,0.000000,-0.124194,486.000000,0.000000,0.000000,0.000000,0.000000,35.593086,-121.212151,-115.493515,-27.411612,208.269272,-0.000017,2.719819,9.038031,6151,-2,30,-4
35.596020,0.008555,-0.242310,-1.993999,0.000013,0.300482,-0.121514,-0.000235,1.332793,0.757807,0.174276,0.000020,0.000020,10.000000,-165.000000,-58.000000,-0.024103,0.000004,0.000000,0.000000,0.000000,-0.124194,486.000000,0.000000,0.000000,0.000000,0.000000,35.595039,-121.212151,-115.493515,-27.411612,208.269272,-0.000023,2.719801,9.038031,6151,-2,30,-4
35.597973,0.008556,-0.241704,-1.994240,0.000012,0.303143,-0.119996,-0.000218,1.329888,0.759082,0.174280,0.000018,0.000020,10.000000,-165.000000,-58.000000,-0.024103,0.000004,0.000000,0.000000,0.000000,-0.124194,486.000000,0.000000,0.000000,0.000000,0.000000,35.596996,-121.212151,-115.493515,-27.411612,208.269272,-0.000027,2.719789,9.038031,6151,-2,30,-4
35.599926,0.008556,-0.241094,-1.994478,0.000012,0.305799,-0.118477,-0.000203,1.327031,0.760104,0.174284,0.000017,0.000020,10.000000,-165.000000,-58.000000,-0.024103,0.000004,0.000000,0.000000,0.000000,-0.124194,486.000000,0.000000,0.000000,0.000000,0.000000,35.598949,-121.212151,-115.493515,-27.411612,208.269272,-0.000029,2.719781,9.038031,6151,-2,30,-4
35.601879,0.008556,-0.240477,-1.994713,0.000012,0.308449,-0.116955,-0.000189,1.324218,0.760899,0.174287,0.000015,0.000019,10.000000,-165.000000,-58.000000,-0.024103,0.000004,0.000000,0.000000,0.000000,-0.124194,486.000000,0.000000,0.000000,0.000000,0.000000,35.600903,-121.212151,-115.493515,-27.411612,208.269272,-0.000030,2.719778,9.038031,6151,-2,30,-4
35.603832,0.008556,-0.239856,-1.994945,0.000011,0.311093,-0.115432,-0.000176,1.321445,0.761488,0.174291,0.000014,0.000019,10.000000,-165.000000,-58.000000,-0.024103,0.000004,0.000000,0.000000,0.000000,-0.124194,486.000000,0.000000,0.000000,0.000000,0.000000,35.602856,-121.212151,-115.493515,-27.411612,208.269272,-0.000030,2.719779,9.038031,6151,-2,30,-4
35.605789,0.008556,-0.239229,-1.995174,0.000011,0.313732,-0.113909,-0.000165,1.318708,0.761890,0.174294,0.000013,0.000019,10.000000,-165.000000,-58.000000,-0.024103,0.000004,0.000000,0.000000,0.000000,-0.124194,486.000000,0.000000,0.000000,0.000000,0.000000,35.604813,-121.212151,-115.493515,-27.411612,208.269272,-0.000028,2.719784,9.038031,6151,-2,30,-5
35.607742,0.008556,-0.238597,-1.995399,0.000011,0.316365,-0.112385,-0.000155,1.316005,0.762123,0.174297,0.000012,0.000018,10.000000,-165.000000,-58.000000,-0.024103,0.000004,0.000000,0.000000,0.000000,-0.124194,486.000000,0.000000,0.000000,0.000000,0.000000,35.606766,-121.212151,-115.493515,-27.411612,208.269272,-0.000033,2.719769,9.038031,6151,-2,30,-5
35.609695,0.008556,-0.237960,-1.995622,0.000010,0.318993,-0.110860,-0.000146,1.313331,0.762203,0.174300,0.000011,0.000018,10.000000,-165.000000,-58.000000,-0.024103,0.000004,0.000000,0.000000,0.000000,-0.124194,486.000000,0.000000,0.000000,0.000000,0.000000,35.608719,-121.212151,-115.493515,-27.411612,208.269272,-0.000043,2.719737,9.038031,6151,-2,30,-5
35.611649,0.008556,-0.237317,-1.995842,0.000010,0.321616,-0.109336,-0.000138,1.310685,0.762143,0.174303,0.000011,0.000018,10.000000,-165.000000,-58.000000,-0.024103,0.000004,0.000000,0.000000,0.000000,-0.124194,486.000000,0.000000,0.000000,0.000000,0.000000,35.610672,-121.212151,-115.493515,-27.411612,208.269272,-0.000051,2.719711,9.038031,6151,-1,30,-5
35.613605,0.008556,-0.236669,-1.996058,0.000010,0.324233,-0.107812,-0.000131,1.308063,0.761959,0.174305,0.000010,0.000018,10.000000,-165.000000,-58.000000,-0.024103,0.000004,0.000000,0.000000,0.000000,-0.124194,486.000000,0.000000,0.000000,0.000000,0.000000,35.612629,-121.212151,-115.493515,-27.411612,208.269272,-0.000058,2.719691,9.038031,6151,-1,29,-5
35.615559,0.008556,-0.236016,-1.996272,0.000009,0.326845,-0.106288,-0.000126,1.305465,0.761659,0.174308,0.000010,0.000018,10.000000,-165.000000,-58.000000,-0.024103,0.000004,0.000000,0.000000,0.000000,-0.124194,486.000000,0.000000,0.000000,0.000000,0.000000,35.614578,-121.212151,-115.493515,-27.411612,208.269272,-0.000063,2.719676,9.038031,6151,-1,29,-5
35.617512,0.008556,-0.235358,-1.996482,0.000009,0.329453,-0.104766,-0.000122,1.302888,0.761257,0.174310,0.000009,0.000017,10.000000,-165.000000,-58.000000,-0.024103,0.000004,0.000000,0.000000,0.000000,-0.124194,486.000000,0.000000,0.000000,0.000000,0.000000,35.616535,-121.212151,-115.493515,-27.411612,208.269272,-0.000066,2.719666,9.038031,6151,-1,29,-5
35.619465,0.008556,-0.234695,-1.996690,0.000009,0.332054,-0.103244,-0.000119,1.300331,0.760761,0.174312,0.000009,0.000017,10.000000,-165.000000,-58.000000,-0.024103,0.000004,0.000000,0.000000,0.000000,-0.124194,486.000000,0.000000,0.000000,0.000000,0.000000,35.618488,-121.212151,-115.493515,-27.411612,208.269272,-0.000068,2.719660,9.038031,6151,-1,29,-5
35.621422,0.008556,-0.234026,-1.996894,0.000009,0.334651,-0.101723,-0.000117,1.297791,0.760181,0.174314,0.000009,0.000017,10.000000,-165.000000,-58.000000,-0.024103,0.000004,0.000000,0.000000,0.000000,-0.124194,486.000000,0.000000,0.000000,0.000000,0.000000,35.620445,-121.212151,-115.493515,-27.411612,208.269272,-0.000068,2.719659,9.038031,6151,-1,29,-5
35.623375,0.008556,-0.233352,-1.997096,0.000008,0.337243,-0.100204,-0.000115,1.295269,0.759525,0.174315,0.000009,0.000017,10.000000,-165.000000,-58.000000,-0.024103,0.000004,0.000000,0.000000,0.000000,-0.124194,486.000000,0.000000,0.000000,0.000000,0.000000,35.622395,-121.212151,-115.493515,-27.411612,208.269272,-0.000067,2.719661,9.038031,6151,-1,29,-5
35.625328,0.008556,-0.232673,-1.997294,0.000008,0.339830,-0.098686,-0.000115,1.292762,0.758800,0.174317,0.000009,0.000017,10.000000,-165.000000,-58.000000,-0.024103,0.000004,0.000000,0.000000,0.000000,-0.124194,486.000000,0.000000,0.000000,0.000000,0.000000,35.624352,-121.212151,-115.493515,-27.411612,208.269272,-0.000065,2.719667,9.038031,6151,-1,29,-5
35.627281,0.008556,-0.231989,-1.997489,0.000008,0.342412,-0.097169,-0.000115,1.290270,0.758013,0.174318,0.000009,0.000017,10.000000,-165.000000,-58.000000,-0.024103,0.000004,0.000000,0.000000,0.000000,-0.124194,486.000000,0.000000,0.000000,0.000000,0.000000,35.626305,-121.212151,-115.493515,-27.411612,208.269272,-0.000062,2.719677,9.038031,6151,-1,29,-5
35.629234,0.008556,-0.231299,-1.997681,0.000008,0.344988,-0.095655,-0.000116,1.287791,0.757170,0.174319,0.000009,0.000017,10.000000,-165.000000,-58.000000,-0.024103,0.000004,0.000000,0.000000,0.000000,-0.124194,486.000000,0.000000,0.000000,0.000000,0.000000,35.628262,-121.212151,-115.493515,-27.411612,208.269272,-0.000058,2.719689,9.038031,6151,-1,29,-5
35.631191,0.008556,-0.230605,-1.997871,0.000008,0.347560,-0.094142,-0.000118,1.285325,0.756276,0.174320,0.000009,0.000016,10.000000,-165.000000,-58.000000,-0.024103,0.000004,0.000000,0.000000,0.000000,-0.124194,486.000000,0.000000,0.000000,0.000000,0.000000,35.630211,-121.212151,-115.493515,-27.411612,208.269272,-0.000053,2.719704,9.038031,6151,-1,29,-5
35.633144,0.008556,-0.229905,-1.998057,0.000007,0.350127,-0.092631,-0.000120,1.282870,0.755336,0.174321,0.000010,0.000016,10.000000,-165.000000,-58.000000,-0.024103,0.000004,0.000000,0.000000,0.000000,-0.124194,486.000000,0.000000,0.000000,0.000000,0.000000,35.632168,-121.212151,-115.493515,-27.411612,208.269272,-0.000048,2.719722,9.038031,6151,-1,29,-5
35.635098,0.008556,-0.229200,-1.998240,0.000007,0.352689,-0.091121,-0.000122,1.280426,0.754354,0.174322,0.000010,0.000016,10.000000,-165.000000,-58.000000,-0.024103,0.000004,0.000000,0.000000,0.000000,-0.124194,486.000000,0.000000,0.000000,0.000000,0.000000,35.634121,-121.212151,-115.493515,-27.411612,208.269272,-0.000041,2.719743,9.038031,6151,-1,29,-5
35.637051,0.008556,-0.228491,-1.998420,0.000007,0.355247,-0.089614,-0.000126,1.277993,0.753336,0.174323,0.000010,0.000016,10.000000,-165.000000,-66.000000,-0.024103,0.000004,0.000000,0.000000,0.000000,-0.124194,480.000000,0.000000,0.000000,0.000000,0.000000,35.636078,-121.212151,-115.493515,-27.411612,208.269272,-0.000034,2.719765,9.038031,6151,-1,29,-6
35.639008,0.008556,-0.227775,-1.998598,0.000007,0.357799,-0.088109,-0.000129,1.275571,0.752284,0.174324,0.000011,0.000016,10.000000,-165.000000,-66.000000,-0.032530,0.000002,0.000000,0.000000,0.067000,-0.092994,480.000000,0.000000,0.000000,0.000000,0.000000,35.638027,-119.402985,-111.627495,27.002476,148.766357,-0.000034,2.628722,9.035000,6132,-1,29,-6
35.640961,0.008556,-0.227055,-1.998772,0.000006,0.360346,-0.086603,-0.000133,1.272807,0.753184,0.174324,0.000011,0.000016,10.000000,-165.000000,-66.000000,-0.032530,0.000002,0.000000,0.000000,0.000000,-0.092994,480.000000,0.000000,0.000000,0.000000,0.000000,35.639984,-119.402985,-111.627495,27.002476,148.766357,-0.000039,2.628705,9.035000,6132,-1,29,-6
35.642914,0.008556,-0.226330,-1.998943,0.000006,0.362887,-0.085095,-0.000137,1.269972,0.754506,0.174324,0.000012,0.000016,10.000000,-165.000000,-66.000000,-0.032530,0.000002,0.000000,0.000000,0.000000,-0.092994,480.000000,0.000000,0.000000,0.000000,0.000000,35.641937,-119.402985,-111.627495,27.002476,148.766357,-0.000043,2.628692,9.035000,6132,-1,28,-6
35.644867,0.008556,-0.225600,-1.999111,0.000006,0.365423,-0.083584,-0.000142,1.267186,0.755572,0.174324,0.000012,0.000016,10.000000,-165.000000,-66.000000,-0.032530,0.000002,0.000000,0.000000,0.000000,-0.092994,480.000000,0.000000,0.000000,0.000000,0.000000,35.643890,-119.402985,-111.627495,27.002476,148.766357,-0.000046,2.628684,9.035000,6132,-1,28,-6
35.646820,0.008556,-0.224864,-1.999276,0.000005,0.367953,-0.082072,-0.000147,1.264444,0.756407,0.174325,0.000013,0.000016,10.000000,-165.000000,-66.000000,-0.032530,0.000002,0.000000,0.000000,0.000000,-0.092994,480.000000,0.000000,0.000000,0.000000,0.000000,35.645844,-119.402985,-111.627495,27.002476,148.766357,-0.000047,2.628680,9.035000,6132,-1,28,-6
35.648777,0.008556,-0.224124,-1.999438,0.000005,0.370478,-0.080558,-0.000152,1.261742,0.757031,0.174324,0.000014,0.000016,10.000000,-165.000000,-66.000000,-0.032530,0.000002,0.000000,0.000000,0.000000,-0.092994,480.000000,0.000000,0.000000,0.000000,0.000000,35.647800,-119.402985,-111.627495,27.002476,148.766357,-0.000047,2.628681,9.035000,6132,-1,28,-6
35.650730,0.008556,-0.223379,-1.999597,0.000005,0.372998,-0.079043,-0.000157,1.259078,0.757466,0.174324,0.000014,0.000016,10.000000,-165.000000,-66.000000,-0.032530,0.000002,0.000000,0.000000,0.000000,-0.092994,480.000000,0.000000,0.000000,0.000000,0.000000,35.649754,-119.402985,-111.627495,27.002476,148.766357,-0.000045,2.628685,9.035000,6132,-1,28,-6
35.652683,0.008556,-0.222628,-1.999753,0.000005,0.375512,-0.077528,-0.000162,1.256448,0.757729,0.174324,0.000015,0.000016,10.000000,-165.000000,-66.000000,-0.032530,0.000002,0.000000,0.000000,0.000000,-0.092994,480.000000,0.000000,0.000000,0.000000,0.000000,35.651707,-119.402985,-111.627495,27.002476,148.766357,-0.000043,2.628693,9.035000,6132,-1,28,-6
35.654636,0.008556,-0.221872,-1.999906,0.000004,0.378021,-0.076012,-0.000168,1.253849,0.757836,0.174324,0.000015,0.000017,10.000000,-165.000000,-66.000000,-0.032530,0.000002,0.000000,0.000000,0.000000,-0.092994,480.000000,0.000000,0.000000,0.000000,0.000000,35.653660,-119.402985,-111.627495,27.002476,148.766357,-0.000040,2.628703,9.035000,6132,0,28,-6
35.656593,0.008556,-0.221112,-2.000056,0.000004,0.380525,-0.074497,-0.000173,1.251279,0.757801,0.174323,0.000016,0.000017,10.000000,-165.000000,-66.000000,-0.032530,0.000002,0.000000,0.000000,0.000000,-0.092994,480.000000,0.000000,0.000000,0.000000,0.000000,35.655617,-119.402985,-111.627495,27.002476,148.766357,-0.000035,2.628717,9.035000,6132,0,28,-6
35.658546,0.008556,-0.220346,-2.000203,0.000003,0.383023,-0.072981,-0.000178,1.248734,0.757639,0.174322,0.000017,0.000017,10.000000,-165.000000,-66.000000,-0.032530,0.000002,0.000000,0.000000,0.000000,-0.092994,480.000000,0.000000,0.000000,0.000000,0.000000,35.657570,-119.402985,-111.627495,27.002476,148.766357,-0.000030,2.628733,9.035000,6132,0,28,-6
35.660500,0.008556,-0.219576,-2.000346,0.000003,0.385517,-0.071467,-0.000184,1.246215,0.757361,0.174322,0.000017,0.000017,10.000000,-165.000000,-66.000000,-0.032530,0.000002,0.000000,0.000000,0.000000,-0.092994,480.000000,0.000000,0.000000,0.000000,0.000000,35.659523,-119.402985,-111.627495,27.002476,148.766357,-0.000024,2.628752,9.035000,6132,0,28,-6
35.662453,0.008556,-0.218800,-2.000487,0.000003,0.388006,-0.069952,-0.000188,1.243717,0.756978,0.174321,0.000018,0.000017,10.000000,-165.000000,-66.000000,-0.032530,0.000002,0.000000,0.000000,0.000000,-0.092994,480.000000,0.000000,0.000000,0.000000,0.000000,35.661476,-119.402985,-111.627495,27.002476,148.766357,-0.000017,2.628774,9.035000,6132,0,28,-6
35.664410,0.008556,-0.218020,-2.000625,0.000002,0.390490,-0.068439,-0.000193,1.241240,0.756501,0.174320,0.000018,0.000017,10.000000,-165.000000,-66.000000,-0.032530,0.000002,0.000000,0.000000,0.000000,-0.092994,480.000000,0.000000,0.000000,0.000000,0.000000,35.663433,-119.402985,-111.627495,27.002476,148.766357,-0.000009,2.628798,9.035000,6132,0,28,-7
35.666363,0.008556,-0.217234,-2.000760,0.000002,0.392968,-0.066927,-0.000197,1.238784,0.755939,0.174319,0.000019,0.000017,10.000000,-165.000000,-66.000000,-0.032530,0.000002,0.000000,0.000000,0.000000,-0.092994,480.000000,0.000000,0.000000,0.000000,0.000000,35.665382,-119.402985,-111.627495,27.002476,148.766357,-0.000009,2.628800,9.035000,6132,0,28,-7
35.668316,0.008556,-0.216444,-2.000891,0.000002,0.395442,-0.065416,-0.000201,1.236344,0.755299,0.174318,0.000019,0.000017,10.000000,-165.000000,-66.000000,-0.032530,0.000002,0.000000,0.000000,0.000000,-0.092994,480.000000,0.000000,0.000000,0.000000,0.000000,35.667339,-119.402985,-111.627495,27.002476,148.766357,-0.000014,2.628784,9.035000,6132,0,28,-7
35.670269,0.008556,-0.215648,-2.001020,0.000001,0.397911,-0.063907,-0.000204,1.233920,0.754590,0.174317,0.000019,0.000017,10.000000,-165.000000,-66.000000,-0.032530,0.000002,0.000000,0.000000,0.000000,-0.092994,480.000000,0.000000,0.000000,0.000000,0.000000,35.669292,-119.402985,-111.627495,27.002476,148.766357,-0.000017,2.628773,9.035000,6132,0,28,-7
35.672222,0.008556,-0.214848,-2.001146,0.000001,0.400376,-0.062399,-0.000207,1.231512,0.753817,0.174316,0.000020,0.000017,10.000000,-165.000000,-66.000000,-0.032530,0.000002,0.000000,0.000000,0.000000,-0.092994,480.000000,0.000000,0.000000,0.000000,0.000000,35.671249,-119.402985,-111.627495,27.002476,148.766357,-0.000019,2.628767,9.035000,6132,0,28,-7
35.674179,0.008556,-0.214043,-2.001268,0.000000,0.402835,-0.060892,-0.000209,1.229118,0.752987,0.174314,0.000020,0.000017,10.000000,-165.000000,-66.000000,-0.032530,0.000002,0.000000,0.000000,0.000000,-0.092994,480.000000,0.000000,0.000000,0.000000,0.000000,35.673199,-119.402985,-111.627495,27.002476,148.766357,-0.000020,2.628764,9.035000,6132,0,28,-7
35.676132,0.008556,-0.213233,-2.001388,-0.000000,0.405290,-0.059387,-0.000211,1.226737,0.752107,0.174313,0.000020,0.000017,10.000000,-165.000000,-66.000000,-0.032530,0.000002,0.000000,0.000000,0.000000,-0.092994,480.000000,0.000000,0.000000,0.000000,0.000000,35.675156,-119.402985,-111.627495,27.002476,148.766357,-0.000020,2.628766,9.035000,6132,0,28,-7
35.678085,0.008556,-0.212418,-2.001505,-0.000000,0.407740,-0.057885,-0.000213,1.224369,0.751178,0.174312,0.000021,0.000017,10.000000,-165.000000,-66.000000,-0.032530,0.000002,0.000000,0.000000,0.000000,-0.092994,480.000000,0.000000,0.000000,0.000000,0.000000,35.677109,-119.402985,-111.627495,27.002476,148.766357,-0.000018,2.628772,9.035000,6132,0,28,-7
35.680038,0.008556,-0.211598,-2.001618,-0.000001,0.410185,-0.056384,-0.000214,1.222013,0.750208,0.174311,0.000021,0.000017,10.000000,-165.000000,-66.000000,-0.032530,0.000002,0.000000,0.000000,0.000000,-0.092994,480.000000,0.000000,0.000000,0.000000,0.000000,35.679066,-119.402985,-111.627495,27.002476,148.766357,-0.000015,2.628780,9.035000,6132,0,28,-7
35.681995,0.008556,-0.210773,-2.001729,-0.000001,0.412625,-0.054885,-0.000214,1.219668,0.749200,0.174309,0.000021,0.000017,10.000000,-165.000000,-66.000000,-0.032530,0.000002,0.000000,0.000000,0.000000,-0.092994,480.000000,0.000000,0.000000,0.000000,0.000000,35.681015,-119.402985,-111.627495,27.002476,148.766357,-0.000011,2.628792,9.035000,6132,0,28,-7
35.683949,0.008556,-0.209943,-2.001837,-0.000002,0.415061,-0.053388,-0.000214,1.217333,0.748159,0.174308,0.000021,0.000017,10.000000,-165.000000,-66.000000,-0.032530,0.000002,0.000000,0.000000,0.000000,-0.092994,480.000000,0.000000,0.000000,0.000000,0.000000,35.682972,-119.402985,-111.627495,27.002476,148.766357,-0.000007,2.628807,9.035000,6132,0,29,-7
35.685902,0.008556,-0.209108,-2.001941,-0.000002,0.417492,-0.051893,-0.000214,1.215008,0.747087,0.174307,0.000021,0.000017,10.000000,-165.000000,-66.000000,-0.032530,0.000002,0.000000,0.000000,0.000000,-0.092994,480.000000,0.000000,0.000000,0.000000,0.000000,35.684925,-119.402985,-111.627495,27.002476,148.766357,-0.000001,2.628824,9.035000,6132,0,29,-8
35.687855,0.008556,-0.208269,-2.002043,-0.000003,0.419919,-0.050401,-0.000213,1.212694,0.745988,0.174305,0.000021,0.000017,10.000000,-165.000000,-66.000000,-0.032530,0.000002,0.000000,0.000000,0.000000,-0.092994,480.000000,0.000000,0.000000,0.000000,0.000000,35.686878,-119.402985,-111.627495,27.002476,148.766357,-0.000002,2.628821,9.035000,6132,0,29,-8
35.689812,0.008556,-0.207425,-2.002142,-0.000003,0.422341,-0.048910,-0.000212,1.210386,0.744865,0.174304,0.000021,0.000017,10.000000,-165.000000,-66.000000,-0.032530,0.000002,0.000000,0.000000,0.000000,-0.092994,480.000000,0.000000,0.000000,0.000000,0.000000,35.688831,-119.402985,-111.627495,27.002476,148.766357,-0.000009,2.628799,9.035000,6132,0,29,-8
35.691765,0.008556,-0.206576,-2.002237,-0.000003,0.424758,-0.047422,-0.000211,1.208088,0.743718,0.174302,0.000021,0.000017,10.000000,-165.000000,-66.000000,-0.032530,0.000002,0.000000,0.000000,0.000000,-0.092994,480.000000,0.000000,0.000000,0.000000,0.000000,35.690788,-119.402985,-111.627495,27.002476,148.766357,-0.000014,2.628782,9.035000,6132,0,29,-8
35.693718,0.008556,-0.205722,-2.002330,-0.000004,0.427171,-0.045937,-0.000209,1.205797,0.742552,0.174301,0.000020,0.000017,10.000000,-165.000000,-66.000000,-0.032530,0.000002,0.000000,0.000000,0.000000,-0.092994,480.000000,0.000000,0.000000,0.000000,0.000000,35.692741,-119.402985,-111.627495,27.002476,148.766357,-0.000018,2.628771,9.035000,6132,0,29,-8
35.695671,0.008556,-0.204863,-2.002420,-0.000004,0.429579,-0.044453,-0.000207,1.203514,0.741368,0.174299,0.000020,0.000017,10.000000,-165.000000,-66.000000,-0.032530,0.000002,0.000000,0.000000,0.000000,-0.092994,480.000000,0.000000,0.000000,0.000000,0.000000,35.694695,-119.402985,-111.627495,27.002476,148.766357,-0.000020,2.628764,9.035000,6132,0,29,-8
35.697624,0.008556,-0.203999,-2.002506,-0.000005,0.431983,-0.042972,-0.000205,1.201238,0.740167,0.174298,0.000020,0.000017,10.000000,-165.000000,-66.000000,-0.032530,0.000002,0.000000,0.000000,0.000000,-0.092994,480.000000,0.000000,0.000000,0.000000,0.000000,35.696648,-119.402985,-111.627495,27.002476,148.766357,-0.000021,2.628761,9.035000,6132,0,29,-8
35.699581,0.008556,-0.203131,-2.002590,-0.000005,0.434382,-0.041494,-0.000203,1.198969,0.738953,0.174296,0.000020,0.000017,10.000000,-165.000000,-66.000000,-0.032530,0.000002,0.000000,0.000000,0.000000,-0.092994,480.000000,0.000000,0.000000,0.000000,0.000000,35.698605,-119.402985,-111.627495,27.002476,148.766357,-0.000021,2.628762,9.035000,6132,0,29,-8
35.701534,0.008556,-0.202257,-2.002671,-0.000006,0.436776,-0.040018,-0.000201,1.196707,0.737726,0.174295,0.000020,0.000016,10.000000,-165.000000,-66.000000,-0.032530,0.000002,0.000000,0.000000,0.000000,-0.092994,480.000000,0.000000,0.000000,0.000000,0.000000,35.700558,-119.402985,-111.627495,27.002476,148.766357,-0.000020,2.628766,9.035000,6132,0,29,-8
35.703487,0.008556,-0.201379,-2.002749,-0.000006,0.439166,-0.038544,-0.000199,1.194451,0.736487,0.174293,0.000019,0.000016,10.000000,-165.000000,-66.000000,-0.032530,0.000002,0.000000,0.000000,0.000000,-0.092994,480.000000,0.000000,0.000000,0.000000,0.000000,35.702511,-119.402985,-111.627495,27.002476,148.766357,-0.000017,2.628774,9.035000,6132,0,29,-8
35.705441,0.008556,-0.200497,-2.002824,-0.000006,0.441552,-0.037073,-0.000196,1.192202,0.735239,0.174292,0.000019,0.000016,10.000000,-165.000000,-66.000000,-0.032530,0.000002,0.000000,0.000000,0.000000,-0.092994,480.000000,0.000000,0.000000,0.000000,0.000000,35.704464,-119.402985,-111.627495,27.002476,148.766357,-0.000014,2.628785,9.035000,6132,0,29,-8
35.707397,0.008556,-0.199609,-2.002896,-0.000007,0.443933,-0.035605,-0.000193,1.189958,0.733982,0.174290,0.000019,0.000016,10.000000,-165.000000,-66.000000,-0.032530,0.000002,0.000000,0.000000,0.000000,-0.092994,480.000000,0.000000,0.000000,0.000000,0.000000,35.706421,-119.402985,-111.627495,27.002476,148.766357,-0.000009,2.628798,9.035000,6132,0,29,-8
35.709351,0.008556,-0.198717,-2.002965,-0.000007,0.446309,-0.034139,-0.000191,1.187721,0.732717,0.174289,0.000019,0.000016,10.000000,-165.000000,-66.000000,-0.032530,0.000002,0.000000,0.000000,0.000000,-0.092994,480.000000,0.000000,0.000000,0.000000,0.000000,35.708370,-119.402985,-111.627495,27.002476,148.766357,-0.000004,2.628815,9.035000,6132,0,29,-8
35.711304,0.008556,-0.197820,-2.003031,-0.000007,0.448681,-0.032675,-0.000188,1.185489,0.731446,0.174287,0.000018,0.000016,10.000000,-165.000000,-66.000000,-0.032530,0.000002,0.000000,0.000000,0.000000,-0.092994,480.000000,0.000000,0.000000,0.000000,0.000000,35.710327,-119.402985,-111.627495,27.002476,148.766357,0.000002,2.628834,9.035000,6132,0,29,-9
35.713257,0.008556,-0.196918,-2.003094,-0.000008,0.451049,-0.031214,-0.000185,1.183264,0.730168,0.174286,0.000018,0.000016,10.000000,-165.000000,-66.000000,-0.032530,0.000002,0.000000,0.000000,0.000000,-0.092994,480.000000,0.000000,0.000000,0.000000,0.000000,35.712280,-119.402985,-111.627495,27.002476,148.766357,0.000001,2.628831,9.035000,6132,0,29,-9
35.715214,0.008556,-0.196011,-2.003155,-0.000008,0.453412,-0.029756,-0.000182,1.181043,0.728886,0.174284,0.000018,0.000016,10.000000,-164.000000,-72.000000,-0.032530,0.000002,0.000000,0.000000,0.000000,-0.092994,460.000000,0.000000,0.000000,0.000000,0.000000,35.714237,-119.402985,-111.627495,27.002476,148.766357,-0.000005,2.628810,9.035000,6132,0,29,-9
35.717167,0.008556,-0.195100,-2.003212,-0.000009,0.455771,-0.028300,-0.000179,1.178828,0.727599,0.174282,0.000018,0.000016,10.000000,-164.000000,-72.000000,-0.067076,-0.000002,0.000000,0.000000,0.067000,-0.321013,460.000000,0.000000,0.000000,0.000000,0.000000,35.716187,-89.552200,-93.007721,445.533875,228.361908,-0.000011,2.190299,9.042985,6064,0,29,-9
35.719120,0.008556,-0.194184,-2.003267,-0.000009,0.458124,-0.026837,-0.000177,1.175369,0.733398,0.174281,0.000017,0.000016,10.000000,-164.000000,-72.000000,-0.067076,-0.000002,0.000000,0.000000,0.000000,-0.321013,460.000000,0.000000,0.000000,0.000000,0.000000,35.718143,-89.552200,-93.007721,445.533875,228.361908,-0.000014,2.190287,9.042985,6064,0,29,-9
35.721073,0.008556,-0.193263,-2.003318,-0.000009,0.460469,-0.025359,-0.000174,1.171631,0.740806,0.174279,0.000017,0.000016,10.000000,-164.000000,-72.000000,-0.067076,-0.000002,0.000000,0.000000,0.000000,-0.321013,460.000000,0.000000,0.000000,0.000000,0.000000,35.720097,-89.552200,-93.007721,445.533875,228.361908,-0.000017,2.190278,9.042985,6064,0,29,-9
35.723026,0.008556,-0.192338,-2.003367,-0.000010,0.462807,-0.023867,-0.000171,1.168044,0.747385,0.174278,0.000017,0.000016,10.000000,-164.000000,-72.000000,-0.067076,-0.000002,0.000000,0.000000,0.000000,-0.321013,460.000000,0.000000,0.000000,0.000000,0.000000,35.722054,-89.552200,-93.007721,445.533875,228.361908,-0.000018,2.190274,9.042985,6064,0,29,-9
35.724983,0.008556,-0.191408,-2.003412,-0.000010,0.465138,-0.022364,-0.000169,1.164593,0.753212,0.174276,0.000017,0.000016,10.000000,-164.000000,-72.000000,-0.067076,-0.000002,0.000000,0.000000,0.000000,-0.321013,460.000000,0.000000,0.000000,0.000000,0.000000,35.724003,-89.552200,-93.007721,445.533875,228.361908,-0.000019,2.190273,9.042985,6064,0,29,-9
35.726936,0.008556,-0.190473,-2.003455,-0.000010,0.467462,-0.020850,-0.000168,1.161268,0.758356,0.174274,0.000017,0.000016,10.000000,-164.000000,-72.000000,-0.067076,-0.000002,0.000000,0.000000,0.000000,-0.321013,460.000000,0.000000,0.000000,0.000000,0.000000,35.725960,-89.552200,-93.007721,445.533875,228.361908,-0.000018,2.190276,9.042985,6064,0,29,-9
35.728889,0.008556,-0.189534,-2.003494,-0.000011,0.469779,-0.019326,-0.000166,1.158056,0.762882,0.174273,0.000017,0.000016,10.000000,-164.000000,-72.000000,-0.067076,-0.000002,0.000000,0.000000,0.000000,-0.321013,460.000000,0.000000,0.000000,0.000000,0.000000,35.727913,-89.552200,-93.007721,445.533875,228.361908,-0.000016,2.190282,9.042985,6064,0,29,-9
35.730843,0.008556,-0.188590,-2.003531,-0.000011,0.472091,-0.017794,-0.000166,1.154947,0.766846,0.174271,0.000017,0.000016,10.000000,-164.000000,-72.000000,-0.067076,-0.000002,0.000000,0.000000,0.000000,-0.321013,460.000000,0.000000,0.000000,0.000000,0.000000,35.729870,-89.552200,-93.007721,445.533875,228.361908,-0.000013,2.190292,9.042985,6064,0,28,-9
35.732800,0.008556,-0.187641,-2.003564,-0.000011,0.474396,-0.016255,-0.000165,1.151932,0.770303,0.174269,0.000017,0.000016,10.000000,-164.000000,-72.000000,-0.067076,-0.000002,0.000000,0.000000,0.000000,-0.321013,460.000000,0.000000,0.000000,0.000000,0.000000,35.731819,-89.552200,-93.007721,445.533875,228.361908,-0.000009,2.190304,9.042985,6064,0,28,-9
35.734753,0.008556,-0.186688,-2.003594,-0.000012,0.476696,-0.014710,-0.000165,1.149002,0.773298,0.174268,0.000017,0.000016,10.000000,-164.000000,-72.000000,-0.067076,-0.000002,0.000000,0.000000,0.000000,-0.321013,460.000000,0.000000,0.000000,0.000000,0.000000,35.733776,-89.552200,-93.007721,445.533875,228.361908,-0.000004,2.190318,9.042985,6064,0,28,-9
35.736706,0.008556,-0.185730,-2.003621,-0.000012,0.478989,-0.013160,-0.000166,1.146151,0.775876,0.174266,0.000017,0.000016,10.000000,-164.000000,-72.000000,-0.067076,-0.000002,0.000000,0.000000,0.000000,-0.321013,460.000000,0.000000,0.000000,0.000000,0.000000,35.735729,-89.552200,-93.007721,445.533875,228.361908,0.000001,2.190336,9.042985,6064,0,28,-10
35.738659,0.008556,-0.184768,-2.003645,-0.000012,0.481278,-0.011605,-0.000167,1.143372,0.778077,0.174265,0.000017,0.000016,10.000000,-164.000000,-72.000000,-0.067076,-0.000002,0.000000,0.000000,0.000000,-0.321013,460.000000,0.000000,0.000000,0.000000,0.000000,35.737682,-89.552200,-93.007721,445.533875,228.361908,0.000000,2.190332,9.042985,6064,0,28,-10
35.740616,0.008556,-0.183801,-2.003666,-0.000013,0.483560,-0.010046,-0.000168,1.140656,0.779933,0.174263,0.000017,0.000016,10.000000,-164.000000,-72.000000,-0.067076,-0.000002,0.000000,0.000000,0.000000,-0.321013,460.000000,0.000000,0.000000,0.000000,0.000000,35.739635,-89.552200,-93.007721,445.533875,228.361908,-0.000007,2.190309,9.042985,6064,0,28,-10
35.742569,0.008556,-0.182830,-2.003684,-0.000013,0.485838,-0.008483,-0.000169,1.138000,0.781479,0.174261,0.000017,0.000016,10.000000,-164.000000,-72.000000,-0.067076,-0.000002,0.000000,0.000000,0.000000,-0.321013,460.000000,0.000000,0.000000,0.000000,0.000000,35.741592,-89.552200,-93.007721,445.533875,228.361908,-0.000013,2.190292,9.042985,6064,0,28,-10
35.744522,0.008556,-0.181853,-2.003699,-0.000013,0.488110,-0.006918,-0.000170,1.135397,0.782744,0.174260,0.000018,0.000016,10.000000,-164.000000,-72.000000,-0.067076,-0.000002,0.000000,0.000000,0.000000,-0.321013,460.000000,0.000000,0.000000,0.000000,0.000000,35.743546,-89.552200,-93.007721,445.533875,228.361908,-0.000017,2.190279,9.042985,6064,0,28,-10
35.746475,0.008555,-0.180873,-2.003710,-0.000014,0.490377,-0.005351,-0.000171,1.132844,0.783753,0.174258,0.000018,0.000016,10.000000,-164.000000,-72.000000,-0.067076,-0.000002,0.000000,0.000000,0.000000,-0.321013,460.000000,0.000000,0.000000,0.000000,0.000000,35.745499,-89.552200,-93.007721,445.533875,228.361908,-0.000019,2.190271,9.042985,6064,0,28,-10
35.748428,0.008555,-0.179888,-2.003718,-0.000014,0.492639,-0.003783,-0.000172,1.130336,0.784531,0.174256,0.000018,0.000016,10.000000,-164.000000,-72.000000,-0.067076,-0.000002,0.000000,0.000000,0.000000,-0.321013,460.000000,0.000000,0.000000,0.000000,0.000000,35.747452,-89.552200,-93.007721,445.533875,228.361908,-0.000021,2.190267,9.042985,6064,0,28,-10
35.750385,0.008555,-0.178898,-2.003724,-0.000014,0.494895,-0.002213,-0.000173,1.127869,0.785100,0.174255,0.000018,0.000016,10.000000,-164.000000,-72.000000,-0.067076,-0.000002,0.000000,0.000000,0.000000,-0.321013,460.000000,0.000000,0.000000,0.000000,0.000000,35.749409,-89.552200,-93.007721,445.533875,228.361908,-0.000021,2.190266,9.042985,6064,0,28,-10
35.752338,0.008555,-0.177904,-2.003726,-0.000015,0.497148,-0.000642,-0.000173,1.125440,0.785480,0.174253,0.000018,0.000016,10.000000,-164.000000,-72.000000,-0.067076,-0.000002,0.000000,0.000000,0.000000,-0.321013,460.000000,0.000000,0.000000,0.000000,0.000000,35.751362,-89.552200,-93.007721,445.533875,228.361908,-0.000020,2.190269,9.042985,6064,0,28,-10
35.754292,0.008555,-0.176905,-2.003725,-0.000015,0.499395,0.000929,-0.000173,1.123045,0.785688,0.174252,0.000018,0.000016,10.000000,-164.000000,-72.000000,-0.067076,-0.000002,0.000000,0.000000,0.000000,-0.321013,460.000000,0.000000,0.000000,0.000000,0.000000,35.753315,-89.552200,-93.007721,445.533875,228.361908,-0.000018,2.190275,9.042985,6064,0,28,-10
35.756245,0.008555,-0.175902,-2.003720,-0.000015,0.501637,0.002501,-0.000173,1.120682,0.785740,0.174250,0.000018,0.000016,10.000000,-164.000000,-72.000000,-0.067076,-0.000002,0.000000,0.000000,0.000000,-0.321013,460.000000,0.000000,0.000000,0.000000,0.000000,35.755268,-89.552200,-93.007721,445.533875,228.361908,-0.000015,2.190284,9.042985,6064,0,28,-10
35.758202,0.008555,-0.174894,-2.003713,-0.000016,0.503875,0.004072,-0.000172,1.118349,0.785651,0.174248,0.000018,0.000016,10.000000,-164.000000,-72.000000,-0.067076,-0.000002,0.000000,0.000000,0.000000,-0.321013,460.000000,0.000000,0.000000,0.000000,0.000000,35.757225,-89.552200,-93.007721,445.533875,228.361908,-0.000011,2.190296,9.042985,6064,0,28,-10
35.760155,0.008555,-0.173882,-2.003702,-0.000016,0.506109,0.005643,-0.000171,1.116042,0.785435,0.174247,0.000018,0.000015,10.000000,-164.000000,-72.000000,-0.067076,-0.000002,0.000000,0.000000,0.000000,-0.321013,460.000000,0.000000,0.000000,0.000000,0.000000,35.759174,-89.552200,-93.007721,445.533875,228.361908,-0.000007,2.190310,9.042985,6064,0,28,-10
35.762108,0.008555,-0.172866,-2.003689,-0.000016,0.508337,0.007214,-0.000170,1.113760,0.785105,0.174245,0.000018,0.000015,10.000000,-164.000000,-72.000000,-0.067076,-0.000002,0.000000,0.000000,0.000000,-0.321013,460.000000,0.000000,0.000000,0.000000,0.000000,35.761131,-89.552200,-93.007721,445.533875,228.361908,-0.000001,2.190327,9.042985,6064,0,28,-10
35.764061,0.008555,-0.171845,-2.003672,-0.000017,0.510561,0.008783,-0.000167,1.111500,0.784669,0.174243,0.000017,0.000015,10.000000,-164.000000,-72.000000,-0.067076,-0.000002,0.000000,0.000000,0.000000,-0.321013,460.000000,0.000000,0.000000,0.000000,0.000000,35.763084,-89.552200,-93.007721,445.533875,228.361908,0.000005,2.190346,9.042985,6064,0,28,-11
35.766014,0.008555,-0.170819,-2.003652,-0.000017,0.512781,0.010352,-0.000164,1.109263,0.784140,0.174242,0.000017,0.000015,10.000000,-164.000000,-72.000000,-0.067076,-0.000002,0.000000,0.000000,0.000000,-0.321013,460.000000,0.000000,0.000000,0.000000,0.000000,35.765041,-89.552200,-93.007721,445.533875,228.361908,0.000004,2.190344,9.042985,6064,0,28,-11
35.767971,0.008555,-0.169789,-2.003629,-0.000017,0.514996,0.011919,-0.000161,1.107044,0.783525,0.174240,0.000017,0.000015,10.000000,-164.000000,-72.000000,-0.067076,-0.000002,0.000000,0.000000,0.000000,-0.321013,460.000000,0.000000,0.000000,0.000000,0.000000,35.766991,-89.552200,-93.007721,445.533875,228.361908,-0.000003,2.190322,9.042985,6064,0,28,-11
35.769924,0.008555,-0.168755,-2.003603,-0.000018,0.517207,0.013485,-0.000157,1.104842,0.782833,0.174238,0.000016,0.000015,10.000000,-164.000000,-72.000000,-0.067076,-0.000002,0.000000,0.000000,0.000000,-0.321013,460.000000,0.000000,0.000000,0.000000,0.000000,35.768948,-89.552200,-93.007721,445.533875,228.361908,-0.000008,2.190306,9.042985,6064,0,29,-11
35.771877,0.008555,-0.167716,-2.003573,-0.000018,0.519413,0.015050,-0.000153,1.102657,0.782072,0.174237,0.000016,0.000015,10.000000,-164.000000,-72.000000,-0.067076,-0.000002,0.000000,0.000000,0.000000,-0.321013,460.000000,0.000000,0.000000,0.000000,0.000000,35.770901,-89.552200,-93.007721,445.533875,228.361908,-0.000012,2.190294,9.042985,6064,1,29,-11
35.773830,0.008555,-0.166673,-2.003541,-0.000018,0.521615,0.016612,-0.000148,1.100488,0.781247,0.174235,0.000015,0.000015,10.000000,-163.000000,-77.000000,-0.067076,-0.000002,0.000000,0.000000,0.000000,-0.321013,462.000000,0.000000,0.000000,0.000000,0.000000,35.772858,-89.552200,-93.007721,445.533875,228.361908,-0.000014,2.190287,9.042985,6064,1,29,-11
35.775787,0.008555,-0.165625,-2.003505,-0.000019,0.523813,0.018174,-0.000142,1.098333,0.780366,0.174234,0.000015,0.000015,10.000000,-163.000000,-77.000000,-0.055265,-0.000004,0.000000,0.000000,0.066000,0.032830,462.000000,0.000000,0.000000,0.000000,0.000000,35.774807,-75.757591,-77.136871,209.009277,226.238754,-0.000015,1.816525,9.048030,6014,1,29,-11
35.777740,0.008555,-0.164574,-2.003467,-0.000019,0.526005,0.019740,-0.000137,1.095273,0.784647,0.174232,0.000014,0.000015,10.000000,-163.000000,-77.000000,-0.055265,-0.000004,0.000000,0.000000,0.000000,0.032830,462.000000,0.000000,0.000000,0.000000,0.000000,35.776764,-75.757591,-77.136871,209.009277,226.238754,-0.000016,1.816524,9.048030,6014,1,29,-11
35.779694,0.008555,-0.163517,-2.003425,-0.000019,0.528191,0.021317,-0.000131,1.092018,0.790067,0.174230,0.000014,0.000015,10.000000,-163.000000,-77.000000,-0.055265,-0.000004,0.000000,0.000000,0.000000,0.032830,462.000000,0.000000,0.000000,0.000000,0.000000,35.778717,-75.757591,-77.136871,209.009277,226.238754,-0.000015,1.816525,9.048030,6014,1,29,-11
35.781647,0.008555,-0.162456,-2.003380,-0.000019,0.530370,0.022905,-0.000125,1.088881,0.794838,0.174229,0.000013,0.000014,10.000000,-163.000000,-77.000000,-0.055265,-0.000004,0.000000,0.000000,0.000000,0.032830,462.000000,0.000000,0.000000,0.000000,0.000000,35.780670,-75.757591,-77.136871,209.009277,226.238754,-0.000014,1.816530,9.048030,6014,1,29,-11
35.783604,0.008555,-0.161391,-2.003331,-0.000020,0.532543,0.024501,-0.000118,1.085853,0.799019,0.174227,0.000012,0.000014,10.000000,-163.000000,-77.000000,-0.055265,-0.000004,0.000000,0.000000,0.000000,0.032830,462.000000,0.000000,0.000000,0.000000,0.000000,35.782623,-75.757591,-77.136871,209.009277,226.238754,-0.000011,1.816538,9.048030,6014,1,29,-11
35.785557,0.008555,-0.160322,-2.003280,-0.000020,0.534711,0.026104,-0.000112,1.082923,0.802666,0.174226,0.000012,0.000014,10.000000,-163.000000,-77.000000,-0.055265,-0.000004,0.000000,0.000000,0.000000,0.032830,462.000000,0.000000,0.000000,0.000000,0.000000,35.784580,-75.757591,-77.136871,209.009277,226.238754,-0.000008,1.816549,9.048030,6014,1,29,-11
35.787510,0.008555,-0.159248,-2.003225,-0.000020,0.536872,0.027715,-0.000106,1.080084,0.805829,0.174224,0.000011,0.000014,10.000000,-163.000000,-77.000000,-0.055265,-0.000004,0.000000,0.000000,0.000000,0.032830,462.000000,0.000000,0.000000,0.000000,0.000000,35.786533,-75.757591,-77.136871,209.009277,226.238754,-0.000004,1.816562,9.048030,6014,1,29,-11
35.789463,0.008555,-0.158170,-2.003167,-0.000020,0.539028,0.029330,-0.000100,1.077326,0.808553,0.174223,0.000010,0.000014,10.000000,-163.000000,-77.000000,-0.055265,-0.000004,0.000000,0.000000,0.000000,0.032830,462.000000,0.000000,0.000000,0.000000,0.000000,35.788486,-75.757591,-77.136871,209.009277,226.238754,0.000001,1.816578,9.048030,6014,1,29,-11
35.791416,0.008555,-0.157088,-2.003106,-0.000020,0.541179,0.030951,-0.000094,1.074643,0.810880,0.174222,0.000010,0.000014,10.000000,-163.000000,-77.000000,-0.055265,-0.000004,0.000000,0.000000,0.000000,0.032830,462.000000,0.000000,0.000000,0.000000,0.000000,35.790440,-75.757591,-77.136871,209.009277,226.238754,0.000007,1.816595,9.048030,6014,1,29,-12
35.793373,0.008555,-0.156001,-2.003042,-0.000021,0.543324,0.032576,-0.000087,1.072030,0.812846,0.174220,0.000009,0.000014,10.000000,-163.000000,-77.000000,-0.055265,-0.000004,0.000000,0.000000,0.000000,0.032830,462.000000,0.000000,0.000000,0.000000,0.000000,35.792397,-75.757591,-77.136871,209.009277,226.238754,0.000006,1.816592,9.048030,6014,1,29,-12
35.795326,0.008555,-0.154910,-2.002974,-0.000021,0.545465,0.034204,-0.000082,1.069477,0.814486,0.174219,0.000009,0.000014,10.000000,-163.000000,-77.000000,-0.055265,-0.000004,0.000000,0.000000,0.000000,0.032830,462.000000,0.000000,0.000000,0.000000,0.000000,35.794350,-75.757591,-77.136871,209.009277,226.238754,-0.000001,1.816570,9.048030,6014,1,29,-12
35.797279,0.008555,-0.153815,-2.002903,-0.000021,0.547600,0.035835,-0.000076,1.066981,0.815829,0.174218,0.000008,0.000014,10.000000,-163.000000,-77.000000,-0.055265,-0.000004,0.000000,0.000000,0.000000,0.032830,462.000000,0.000000,0.000000,0.000000,0.000000,35.796303,-75.757591,-77.136871,209.009277,226.238754,-0.000007,1.816552,9.048030,6014,1,29,-12
35.799232,0.008555,-0.152715,-2.002829,-0.000021,0.549730,0.037468,-0.000070,1.064537,0.816905,0.174217,0.000007,0.000013,10.000000,-163.000000,-77.000000,-0.055265,-0.000004,0.000000,0.000000,0.000000,0.032830,462.000000,0.000000,0.000000,0.000000,0.000000,35.798256,-75.757591,-77.136871,209.009277,226.238754,-0.000011,1.816540,9.048030,6014,1,29,-12
35.801189,0.008554,-0.151612,-2.002752,-0.000021,0.551856,0.039103,-0.000065,1.062142,0.817737,0.174216,0.000007,0.000013,10.000000,-163.000000,-77.000000,-0.055265,-0.000004,0.000000,0.000000,0.000000,0.032830,462.000000,0.000000,0.000000,0.000000,0.000000,35.800213,-75.757591,-77.136871,209.009277,226.238754,-0.000013,1.816532,9.048030,6014,1,29,-12
35.803143,0.008554,-0.150504,-2.002671,-0.000021,0.553976,0.040740,-0.000059,1.059790,0.818350,0.174215,0.000006,0.000013,10.000000,-163.000000,-77.000000,-0.055265,-0.000004,0.000000,0.000000,0.000000,0.032830,462.000000,0.000000,0.000000,0.000000,0.000000,35.802162,-75.757591,-77.136871,209.009277,226.238754,-0.000015,1.816527,9.048030,6014,1,29,-12
35.805096,0.008554,-0.149391,-2.002587,-0.000021,0.556092,0.042377,-0.000054,1.057478,0.818764,0.174214,0.000006,0.000013,10.000000,-163.000000,-77.000000,-0.055265,-0.000004,0.000000,0.000000,0.000000,0.032830,462.000000,0.000000,0.000000,0.000000,0.000000,35.804119,-75.757591,-77.136871,209.009277,226.238754,-0.000015,1.816527,9.048030,6014,1,29,-12
35.807049,0.008554,-0.148275,-2.002500,-0.000022,0.558204,0.044015,-0.000050,1.055203,0.818997,0.174214,0.000005,0.000013,10.000000,-163.000000,-77.000000,-0.055265,-0.000004,0.000000,0.000000,0.000000,0.032830,462.000000,0.000000,0.000000,0.000000,0.000000,35.806072,-75.757591,-77.136871,209.009277,226.238754,-0.000014,1.816529,9.048030,6014,1,29,-12
35.809006,0.008554,-0.147154,-2.002409,-0.000022,0.560311,0.045653,-0.000045,1.052962,0.819067,0.174213,0.000005,0.000013,10.000000,-163.000000,-77.000000,-0.055265,-0.000004,0.000000,0.000000,0.000000,0.032830,462.000000,0.000000,0.000000,0.000000,0.000000,35.808029,-75.757591,-77.136871,209.009277,226.238754,-0.000012,1.816535,9.048030,6014,1,29,-12
35.810959,0.008554,-0.146029,-2.002315,-0.000022,0.562414,0.047291,-0.000041,1.050752,0.818989,0.174213,0.000004,0.000013,10.000000,-163.000000,-77.000000,-0.055265,-0.000004,0.000000,0.000000,0.000000,0.032830,462.000000,0.000000,0.000000,0.000000,0.000000,35.809978,-75.757591,-77.136871,209.009277,226.238754,-0.000009,1.816544,9.048030,6014,1,29,-12
35.812912,0.008554,-0.144900,-2.002218,-0.000022,0.564512,0.048929,-0.000037,1.048572,0.818778,0.174213,0.000004,0.000013,10.000000,-163.000000,-77.000000,-0.055265,-0.000004,0.000000,0.000000,0.000000,0.032830,462.000000,0.000000,0.000000,0.000000,0.000000,35.811935,-75.757591,-77.136871,209.009277,226.238754,-0.000006,1.816555,9.048030,6014,1,29,-12
35.814865,0.008554,-0.143767,-2.002118,-0.000022,0.566606,0.050566,-0.000033,1.046418,0.818445,0.174213,0.000004,0.000013,10.000000,-163.000000,-77.000000,-0.055265,-0.000004,0.000000,0.000000,0.000000,0.032830,462.000000,0.000000,0.000000,0.000000,0.000000,35.813889,-75.757591,-77.136871,209.009277,226.238754,-0.000001,1.816569,9.048030,6014,1,29,-12
35.816818,0.008554,-0.142630,-2.002014,-0.000022,0.568695,0.052202,-0.000030,1.044288,0.818002,0.174213,0.000003,0.000012,10.000000,-163.000000,-77.000000,-0.055265,-0.000004,0.000000,0.000000,0.000000,0.032830,462.000000,0.000000,0.000000,0.000000,0.000000,35.815845,-75.757591,-77.136871,209.009277,226.238754,0.000004,1.816585,9.048030,6014,0,29,-12
35.818775,0.008554,-0.141488,-2.001907,-0.000022,0.570781,0.053837,-0.000027,1.042182,0.817461,0.174213,0.000003,0.000012,10.000000,-163.000000,-77.000000,-0.055265,-0.000004,0.000000,0.000000,0.000000,0.032830,462.000000,0.000000,0.000000,0.000000,0.000000,35.817795,-75.757591,-77.136871,209.009277,226.238754,0.000009,1.816603,9.048030,6014,0,29,-13
35.820728,0.008554,-0.140342,-2.001797,-0.000022,0.572862,0.055471,-0.000024,1.040098,0.816830,0.174213,0.000003,0.000012,10.000000,-163.000000,-77.000000,-0.055265,-0.000004,0.000000,0.000000,0.000000,0.032830,462.000000,0.000000,0.000000,0.000000,0.000000,35.819752,-75.757591,-77.136871,209.009277,226.238754,0.000008,1.816600,9.048030,6014,0,29,-13
35.822681,0.008554,-0.139192,-2.001683,-0.000022,0.574939,0.057104,-0.000021,1.038032,0.816119,0.174214,0.000002,0.000012,10.000000,-163.000000,-77.000000,-0.055265,-0.000004,0.000000,0.000000,0.000000,0.032830,462.000000,0.000000,0.000000,0.000000,0.000000,35.821705,-75.757591,-77.136871,209.009277,226.238754,0.000001,1.816577,9.048030,6014,0,29,-13
35.824635,0.008554,-0.138038,-2.001566,-0.000022,0.577012,0.058735,-0.000019,1.035984,0.815334,0.174214,0.000002,0.000012,10.000000,-163.000000,-77.000000,-0.055265,-0.000004,0.000000,0.000000,0.000000,0.032830,462.000000,0.000000,0.000000,0.000000,0.000000,35.823662,-75.757591,-77.136871,209.009277,226.238754,-0.000005,1.816559,9.048030,6014,0,29,-13
35.826591,0.008554,-0.136880,-2.001446,-0.000022,0.579081,0.060364,-0.000018,1.033952,0.814484,0.174215,0.000002,0.000012,10.000000,-163.000000,-77.000000,-0.055265,-0.000004,0.000000,0.000000,0.000000,0.032830,462.000000,0.000000,0.000000,0.000000,0.000000,35.825611,-75.757591,-77.136871,209.009277,226.238754,-0.000009,1.816546,9.048030,6014,0,29,-13
35.828545,0.008554,-0.135717,-2.001323,-0.000022,0.581146,0.061992,-0.000016,1.031936,0.813573,0.174216,0.000002,0.000012,10.000000,-163.000000,-77.000000,-0.055265,-0.000004,0.000000,0.000000,0.000000,0.032830,462.000000,0.000000,0.000000,0.000000,0.000000,35.827568,-75.757591,-77.136871,209.009277,226.238754,-0.000012,1.816537,9.048030,6014,0,29,-13
35.830498,0.008554,-0.134551,-2.001197,-0.000022,0.583207,0.063618,-0.000016,1.029934,0.812609,0.174216,0.000002,0.000012,10.000000,-163.000000,-77.000000,-0.055265,-0.000004,0.000000,0.000000,0.000000,0.032830,462.000000,0.000000,0.000000,0.000000,0.000000,35.829521,-75.757591,-77.136871,209.009277,226.238754,-0.000013,1.816532,9.048030,6014,0,29,-13
35.832451,0.008554,-0.133380,-2.001067,-0.000022,0.585264,0.065241,-0.000016,1.027945,0.811596,0.174217,0.000002,0.000012,10.000000,-162.000000,-81.000000,-0.055265,-0.000004,0.000000,0.000000,0.000000,0.032830,452.000000,0.000000,0.000000,0.000000,0.000000,35.831474,-75.757591,-77.136871,209.009277,226.238754,-0.000014,1.816530,9.048030,6014,0,29,-13
35.834408,0.008554,-0.132205,-2.000934,-0.000022,0.587317,0.066863,-0.000016,1.025968,0.810540,0.174218,0.000002,0.000012,10.000000,-162.000000,-81.000000,-0.068196,-0.000005,0.000000,0.000000,0.067000,-0.164200,452.000000,0.000000,0.000000,0.000000,0.000000,35.833427,-59.701519,-60.793587,239.642975,231.632309,-0.000013,1.431647,9.052985,5973,-158,28,-13
35.836361,0.008554,-0.131026,-2.000797,-0.000022,0.589365,0.068488,-0.000017,1.023251,0.813718,0.174218,0.000002,0.000012,10.000000,-162.000000,-81.000000,-0.068196,-0.000005,0.000000,0.000000,0.000000,-0.164200,452.000000,0.000000,0.000000,0.000000,0.000000,35.835384,-59.701519,-60.793587,239.642975,231.632309,-0.000016,1.431640,9.052985,5973,-158,28,-13
35.838314,0.008554,-0.129843,-2.000658,-0.000022,0.591407,0.070122,-0.000019,1.020361,0.817831,0.174217,0.000002,0.000012,10.000000,-162.000000,-81.000000,-0.068196,-0.000005,0.000000,0.000000,0.000000,-0.164200,452.000000,0.000000,0.000000,0.000000,0.000000,35.837337,-59.701519,-60.793587,239.642975,231.632309,-0.000023,1.431616,9.052985,5973,-157,28,-13
35.840267,0.008554,-0.128656,-2.000515,-0.000022,0.593443,0.071763,-0.000021,1.017541,0.821407,0.174211,0.000003,0.000012,10.000000,-162.000000,-81.000000,-0.068196,-0.000005,0.000000,0.000000,0.000000,-0.164200,452.000000,0.000000,0.000000,0.000000,0.000000,35.839291,-59.701519,-60.793587,239.642975,231.632309,-0.000033,1.431585,9.052985,5973,-156,28,-13
35.842220,0.008554,-0.127465,-2.000369,-0.000022,0.595474,0.073410,-0.000024,1.014774,0.824470,0.174200,0.000003,0.000012,10.000000,-162.000000,-81.000000,-0.068196,-0.000005,0.000000,0.000000,0.000000,-0.164200,452.000000,0.000000,0.000000,0.000000,0.000000,35.841244,-59.701519,-60.793587,239.642975,231.632309,-0.000048,1.431537,9.052985,5973,-154,28,-13
35.844177,0.008554,-0.126270,-2.000219,-0.000023,0.597500,0.075063,-0.000027,1.012029,0.827107,0.174182,0.000003,0.000012,10.000000,-162.000000,-81.000000,-0.068196,-0.000005,0.000000,0.000000,0.000000,-0.164200,452.000000,0.000000,0.000000,0.000000,0.000000,35.843201,-59.701519,-60.793587,239.642975,231.632309,-0.000065,1.431485,9.052985,5973,-152,28,-13
35.846130,0.008553,-0.125071,-2.000067,-0.000023,0.599519,0.076721,-0.000030,1.009293,0.829347,0.174157,0.000004,0.000012,10.000000,-162.000000,-81.000000,-0.068196,-0.000005,0.000000,0.000000,0.000000,-0.164200,452.000000,0.000000,0.000000,0.000000,0.000000,35.845154,-59.701519,-60.793587,239.642975,231.632309,-0.000079,1.431440,9.052985,5973,-149,28,-13
35.848083,0.008553,-0.123867,-1.999910,-0.000023,0.601534,0.078383,-0.000034,1.006550,0.831215,0.174123,0.000004,0.000012,10.000000,-162.000000,-81.000000,-0.068196,-0.000005,0.000000,0.000000,0.000000,-0.164200,452.000000,0.000000,0.000000,0.000000,0.000000,35.847107,-59.701519,-60.793587,239.642975,231.632309,-0.000095,1.431391,9.052985,5973,-146,28,-13
35.850037,0.008553,-0.122660,-1.999751,-0.000023,0.603543,0.080047,-0.000037,1.003787,0.832745,0.174079,0.000005,0.000012,10.000000,-162.000000,-81.000000,-0.068196,-0.000005,0.000000,0.000000,0.000000,-0.164200,452.000000,0.000000,0.000000,0.000000,0.000000,35.849060,-59.701519,-60.793587,239.642975,231.632309,-0.000111,1.431340,9.052985,5973,-142,28,-13
35.851994,0.008553,-0.121449,-1.999588,-0.000023,0.605546,0.081715,-0.000041,1.000990,0.833964,0.174024,0.000005,0.000011,10.000000,-162.000000,-81.000000,-0.068196,-0.000005,0.000000,0.000000,0.000000,-0.164200,452.000000,0.000000,0.000000,0.000000,0.000000,35.851017,-59.701519,-60.793587,239.642975,231.632309,-0.000129,1.431285,9.052985,5973,-138,28,-13
35.853947,0.008553,-0.120234,-1.999422,-0.000023,0.607544,0.083384,-0.000045,0.998148,0.834898,0.173958,0.000006,0.000011,10.000000,-162.000000,-81.000000,-0.068196,-0.000005,0.000000,0.000000,0.000000,-0.164200,452.000000,0.000000,0.000000,0.000000,0.000000,35.852966,-59.701519,-60.793587,239.642975,231.632309,-0.000147,1.431229,9.052985,5973,-133,28,-13
35.855900,0.008553,-0.119014,-1.999253,-0.000023,0.609536,0.085055,-0.000049,0.995252,0.835575,0.173881,0.000006,0.000011,10.000000,-162.000000,-81.000000,-0.068196,-0.000005,0.000000,0.000000,0.000000,-0.164200,452.000000,0.000000,0.000000,0.000000,0.000000,35.854923,-59.701519,-60.793587,239.642975,231.632309,-0.000165,1.431171,9.052985,5973,-128,28,-13
35.857853,0.008553,-0.117791,-1.999080,-0.000023,0.611522,0.086727,-0.000053,0.992293,0.836014,0.173791,0.000007,0.000011,10.000000,-162.000000,-81.000000,-0.068196,-0.000005,0.000000,0.000000,0.000000,-0.164200,452.000000,0.000000,0.000000,0.000000,0.000000,35.856876,-59.701519,-60.793587,239.642975,231.632309,-0.000184,1.431112,9.052985,5973,-123,28,-13
35.859810,0.008553,-0.116564,-1.998904,-0.000023,0.613502,0.088399,-0.000057,0.989266,0.836237,0.173689,0.000007,0.000010,10.000000,-162.000000,-81.000000,-0.068196,-0.000005,0.000000,0.000000,0.000000,-0.164200,452.000000,0.000000,0.000000,0.000000,0.000000,35.858833,-59.701519,-60.793587,239.642975,231.632309,-0.000202,1.431053,9.052985,5973,-118,28,-13
35.861763,0.008553,-0.115333,-1.998724,-0.000023,0.615476,0.090072,-0.000060,0.986163,0.836260,0.173574,0.000008,0.000010,10.000000,-162.000000,-81.000000,-0.068196,-0.000005,0.000000,0.000000,0.000000,-0.164200,452.000000,0.000000,0.000000,0.000000,0.000000,35.860783,-59.701519,-60.793587,239.642975,231.632309,-0.000221,1.430995,9.052985,5973,-112,28,-13
35.863716,0.008553,-0.114097,-1.998542,-0.000023,0.617444,0.091744,-0.000064,0.982980,0.836101,0.173446,0.000008,0.000010,10.000000,-162.000000,-81.000000,-0.068196,-0.000005,0.000000,0.000000,0.000000,-0.164200,452.000000,0.000000,0.000000,0.000000,0.000000,35.862740,-59.701519,-60.793587,239.642975,231.632309,-0.000239,1.430937,9.052985,5973,-106,28,-13
35.865669,0.008553,-0.112858,-1.998355,-0.000024,0.619405,0.093416,-0.000067,0.979714,0.835776,0.173305,0.000009,0.000009,10.000000,-162.000000,-81.000000,-0.068196,-0.000005,0.000000,0.000000,0.000000,-0.164200,452.000000,0.000000,0.000000,0.000000,0.000000,35.864693,-59.701519,-60.793587,239.642975,231.632309,-0.000258,1.430880,9.052985,5973,-100,28,-13
35.867622,0.008553,-0.111615,-1.998166,-0.000024,0.621359,0.095087,-0.000070,0.976366,0.835272,0.173151,0.000009,0.000009,10.000000,-162.000000,-81.000000,-0.068196,-0.000005,0.000000,0.000000,0.000000,-0.164200,452.000000,0.000000,0.000000,0.000000,0.000000,35.866650,-59.701519,-60.793587,239.642975,231.632309,-0.000271,1.430837,9.052985,5973,-93,28,-13
35.869579,0.008553,-0.110368,-1.997973,-0.000024,0.623307,0.096756,-0.000073,0.972928,0.834647,0.172984,0.000009,0.000008,10.000000,-162.000000,-81.000000,-0.068196,-0.000005,0.000000,0.000000,0.000000,-0.164200,452.000000,0.000000,0.000000,0.000000,0.000000,35.868599,-59.701519,-60.793587,239.642975,231.632309,-0.000285,1.430795,9.052985,5973,-87,28,-13
35.871532,0.008553,-0.109118,-1.997777,-0.000024,0.625247,0.098424,-0.000076,0.969400,0.833903,0.172804,0.000010,0.000008,10.000000,-162.000000,-81.000000,-0.068196,-0.000005,0.000000,0.000000,0.000000,-0.164200,452.000000,0.000000,0.000000,0.000000,0.000000,35.870556,-59.701519,-60.793587,239.642975,231.632309,-0.000301,1.430743,9.052985,5973,-80,28,-13
35.873486,0.008553,-0.107863,-1.997577,-0.000024,0.627181,0.100091,-0.000079,0.965783,0.833042,0.172611,0.000010,0.000007,10.000000,-162.000000,-81.000000,-0.068196,-0.000005,0.000000,0.000000,0.000000,-0.164200,452.000000,0.000000,0.000000,0.000000,0.000000,35.872509,-59.701519,-60.793587,239.642975,231.632309,-0.000317,1.430693,9.052985,5973,-73,28,-12
35.875439,0.008553,-0.106605,-1.997374,-0.000024,0.629107,0.101755,-0.000081,0.962075,0.832073,0.172406,0.000011,0.000006,10.000000,-162.000000,-81.000000,-0.068196,-0.000005,0.000000,0.000000,0.000000,-0.164200,452.000000,0.000000,0.000000,0.000000,0.000000,35.874462,-59.701519,-60.793587,239.642975,231.632309,-0.000324,1.430671,9.052985,5973,-71,28,-12
35.877396,0.008553,-0.105342,-1.997168,-0.000024,0.631025,0.103418,-0.000083,0.958283,0.831005,0.172189,0.000011,0.000006,10.000000,-162.000000,-81.000000,-0.068196,-0.000005,0.000000,0.000000,0.000000,-0.164200,452.000000,0.000000,0.000000,0.000000,0.000000,35.876415,-59.701519,-60.793587,239.642975,231.632309,-0.000324,1.430673,9.052985,5973,-64,28,-12
35.879349,0.008553,-0.104076,-1.996959,-0.000025,0.632936,0.105078,-0.000085,0.954406,0.829847,0.171961,0.000011,0.000005,10.000000,-162.000000,-81.000000,-0.068196,-0.000005,0.000000,0.000000,0.000000,-0.164200,452.000000,0.000000,0.000000,0.000000,0.000000,35.878372,-59.701519,-60.793587,239.642975,231.632309,-0.000323,1.430675,9.052985,5973,-57,28,-12
35.881302,0.008553,-0.102806,-1.996746,-0.000025,0.634839,0.106736,-0.000086,0.950445,0.828606,0.171721,0.000012,0.000005,10.000000,-162.000000,-81.000000,-0.068196,-0.000005,0.000000,0.000000,0.000000,-0.164200,452.000000,0.000000,0.000000,0.000000,0.000000,35.880325,-59.701519,-60.793587,239.642975,231.632309,-0.000322,1.430678,9.052985,5973,-50,28,-12
35.883255,0.008553,-0.101532,-1.996530,-0.000025,0.636734,0.108391,-0.000087,0.946404,0.827289,0.171469,0.000012,0.000004,10.000000,-162.000000,-81.000000,-0.068196,-0.000005,0.000000,0.000000,0.000000,-0.164200,452.000000,0.000000,0.000000,0.000000,0.000000,35.882278,-59.701519,-60.793587,239.642975,231.632309,-0.000321,1.430682,9.052985,5973,-43,28,-12
35.885208,0.008553,-0.100255,-1.996310,-0.000025,0.638620,0.110044,-0.000088,0.942284,0.825903,0.171208,0.000012,0.000003,10.000000,-162.000000,-81.000000,-0.068196,-0.000005,0.000000,0.000000,0.000000,-0.164200,452.000000,0.000000,0.000000,0.000000,0.000000,35.884232,-59.701519,-60.793587,239.642975,231.632309,-0.000319,1.430688,9.052985,5973,-31,28,-11
35.887165,0.008552,-0.098973,-1.996087,-0.000025,0.640499,0.111694,-0.000089,0.938088,0.824454,0.170936,0.000012,0.000003,10.000000,-162.000000,-81.000000,-0.068196,-0.000005,0.000000,0.000000,0.000000,-0.164200,452.000000,0.000000,0.000000,0.000000,0.000000,35.886189,-59.701519,-60.793587,239.642975,231.632309,-0.000309,1.430720,9.052985,5973,-24,28,-11
35.889118,0.008552,-0.097688,-1.995861,-0.000026,0.642368,0.113340,-0.000089,0.933824,0.822949,0.170655,0.000012,0.000002,10.000000,-162.000000,-81.000000,-0.068196,-0.000005,0.000000,0.000000,0.000000,-0.164200,452.000000,0.000000,0.000000,0.000000,0.000000,35.888142,-59.701519,-60.793587,239.642975,231.632309,-0.000291,1.430776,9.052985,5973,-18,28,-11
35.891071,0.008552,-0.096399,-1.995632,-0.000026,0.644229,0.114984,-0.000089,0.929494,0.821392,0.170366,0.000012,0.000002,10.000000,-162.000000,-81.000000,-0.068196,-0.000005,0.000000,0.000000,0.000000,-0.164200,452.000000,0.000000,0.000000,0.000000,0.000000,35.890095,-59.701519,-60.793587,239.642975,231.632309,-0.000273,1.430833,9.052985,5973,-11,28,-11
35.893024,0.008552,-0.095107,-1.995399,-0.000026,0.646082,0.116624,-0.000089,0.925104,0.819788,0.170068,0.000012,0.000001,10.000000,-162.000000,-81.000000,-0.068196,-0.000005,0.000000,0.000000,0.000000,-0.164200,452.000000,0.000000,0.000000,0.000000,0.000000,35.892048,-59.701519,-60.793587,239.642975,231.632309,-0.000254,1.430890,9.052985,5973,-4,28,-11
35.894981,0.008552,-0.093811,-1.995163,-0.000026,0.647925,0.118261,-0.000088,0.920658,0.818141,0.169762,0.000013,0.000001,10.000000,-162.000000,-81.000000,-0.068196,-0.000005,0.000000,0.000000,0.000000,-0.164200,452.000000,0.000000,0.000000,0.000000,0.000000,35.894005,-59.701519,-60.793587,239.642975,231.632309,-0.000236,1.430948,9.052985,5973,1,28,-11
35.896935,0.008552,-0.092511,-1.994924,-0.000026,0.649760,0.119895,-0.000088,0.916162,0.816457,0.169450,0.000013,0.000000,10.000000,-162.000000,-81.000000,-0.068196,-0.000005,0.000000,0.000000,0.000000,-0.164200,452.000000,0.000000,0.000000,0.000000,0.000000,35.895954,-59.701519,-60.793587,239.642975,231.632309,-0.000217,1.431008,9.052985,5973,7,28,-11
35.898888,0.008552,-0.091207,-1.994681,-0.000026,0.651586,0.121525,-0.000087,0.911622,0.814738,0.169131,0.000012,-0.000000,10.000000,-162.000000,-81.000000,-0.068196,-0.000005,0.000000,0.000000,0.000000,-0.164200,452.000000,0.000000,0.000000,0.000000,0.000000,35.897911,-59.701519,-60.793587,239.642975,231.632309,-0.000197,1.431070,9.052985,5973,13,28,-10
35.900841,0.008552,-0.089900,-1.994436,-0.000027,0.653402,0.123152,-0.000086,0.907040,0.812989,0.168807,0.000012,-0.000000,10.000000,-162.000000,-81.000000,-0.068196,-0.000005,0.000000,0.000000,0.000000,-0.164200,452.000000,0.000000,0.000000,0.000000,0.000000,35.899864,-59.701519,-60.793587,239.642975,231.632309,-0.000169,1.431157,9.052985,5973,19,28,-10
35.902798,0.008552,-0.088589,-1.994187,-0.000027,0.655209,0.124776,-0.000084,0.902428,0.811214,0.168478,0.000012,-0.000001,10.000000,-162.000000,-81.000000,-0.068196,-0.000005,0.000000,0.000000,0.000000,-0.164200,452.000000,0.000000,0.000000,0.000000,0.000000,35.901821,-59.701519,-60.793587,239.642975,231.632309,-0.000134,1.431268,9.052985,5973,25,28,-10
35.904751,0.008552,-0.087275,-1.993935,-0.000027,0.657007,0.126395,-0.000082,0.897787,0.809416,0.168145,0.000012,-0.000001,10.000000,-162.000000,-81.000000,-0.068196,-0.000005,0.000000,0.000000,0.000000,-0.164200,452.000000,0.000000,0.000000,0.000000,0.000000,35.903770,-59.701519,-60.793587,239.642975,231.632309,-0.000099,1.431378,9.052985,5973,30,28,-10
35.906704,0.008552,-0.085957,-1.993679,-0.000027,0.658796,0.128011,-0.000080,0.893125,0.807596,0.167809,0.000012,-0.000001,10.000000,-162.000000,-81.000000,-0.068196,-0.000005,0.000000,0.000000,0.000000,-0.164200,452.000000,0.000000,0.000000,0.000000,0.000000,35.905727,-59.701519,-60.793587,239.642975,231.632309,-0.000064,1.431489,9.052985,5973,35,28,-10
35.908657,0.008552,-0.084635,-1.993420,-0.000027,0.660575,0.129624,-0.000078,0.888446,0.805760,0.167470,0.000012,-0.000001,10.000000,-162.000000,-81.000000,-0.068196,-0.000005,0.000000,0.000000,0.000000,-0.164200,452.000000,0.000000,0.000000,0.000000,0.000000,35.907681,-59.701519,-60.793587,239.642975,231.632309,-0.000028,1.431600,9.052985,5973,40,28,-10
35.910610,0.008552,-0.083310,-1.993158,-0.000027,0.662345,0.131233,-0.000076,0.883757,0.803909,0.167128,0.000011,-0.000001,10.000000,-161.000000,-82.000000,-0.068196,-0.000005,0.000000,0.000000,0.000000,-0.164200,472.000000,0.000000,0.000000,0.000000,0.000000,35.909637,-59.701519,-60.793587,239.642975,231.632309,0.000007,1.431712,9.052985,5973,45,28,-10
35.912567,0.008552,-0.081981,-1.992893,-0.000028,0.664105,0.132838,-0.000073,0.879064,0.802045,0.166786,0.000011,-0.000001,10.000000,-161.000000,-82.000000,-0.021151,-0.000007,0.000000,0.000000,0.067000,0.319638,472.000000,0.000000,0.000000,0.000000,0.000000,35.911587,-14.925366,-26.781534,668.300476,361.785400,0.000043,0.630841,9.057985,5917,-737,28,-10
35.914520,0.008552,-0.080649,-1.992625,-0.000028,0.665855,0.134447,-0.000070,0.873389,0.806018,0.166439,0.000011,-0.000001,10.000000,-161.000000,-82.000000,-0.021151,-0.000007,0.000000,0.000000,0.000000,0.319638,472.000000,0.000000,0.000000,0.000000,0.000000,35.913544,-14.925366,-26.781534,668.300476,361.785400,0.000063,0.630903,9.057985,5917,-733,28,-10
35.916473,0.008552,-0.079314,-1.992353,-0.000028,0.667593,0.136067,-0.000066,0.867438,0.811303,0.166082,0.000010,-0.000001,10.000000,-161.000000,-82.000000,-0.021151,-0.000007,0.000000,0.000000,0.000000,0.319638,472.000000,0.000000,0.000000,0.000000,0.000000,35.915497,-14.925366,-26.781534,668.300476,361.785400,0.000054,0.630875,9.057985,5917,-726,28,-10
35.918427,0.008552,-0.077974,-1.992079,-0.000028,0.669319,0.137696,-0.000062,0.861482,0.815879,0.165705,0.000010,-0.000001,10.000000,-161.000000,-82.000000,-0.021151,-0.000007,0.000000,0.000000,0.000000,0.319638,472.000000,0.000000,0.000000,0.000000,0.000000,35.917454,-14.925366,-26.781534,668.300476,361.785400,0.000030,0.630800,9.057985,5917,-716,28,-10
35.920383,0.008552,-0.076632,-1.991800,-0.000028,0.671033,0.139334,-0.000058,0.855448,0.819798,0.165303,0.000009,-0.000001,10.000000,-161.000000,-82.000000,-0.021151,-0.000007,0.000000,0.000000,0.000000,0.319638,472.000000,0.000000,0.000000,0.000000,0.000000,35.919403,-14.925366,-26.781534,668.300476,361.785400,-0.000007,0.630684,9.057985,5917,-703,29,-11
35.922337,0.008551,-0.075286,-1.991519,-0.000028,0.672734,0.140979,-0.000054,0.849272,0.823112,0.164870,0.000009,-0.000001,10.000000,-161.000000,-82.000000,-0.021151,-0.000007,0.000000,0.000000,0.000000,0.319638,472.000000,0.000000,0.000000,0.000000,0.000000,35.921360,-14.925366,-26.781534,668.300476,361.785400,-0.000063,0.630508,9.057985,5917,-689,29,-11
35.924290,0.008551,-0.073937,-1.991234,-0.000028,0.674423,0.142629,-0.000049,0.842893,0.825865,0.164400,0.000009,-0.000002,10.000000,-161.000000,-82.000000,-0.021151,-0.000007,0.000000,0.000000,0.000000,0.319638,472.000000,0.000000,0.000000,0.000000,0.000000,35.923313,-14.925366,-26.781534,668.300476,361.785400,-0.000136,0.630279,9.057985,5917,-672,29,-10
35.926243,0.008551,-0.072584,-1.990946,-0.000028,0.676099,0.144284,-0.000045,0.836259,0.828098,0.163888,0.000008,-0.000002,10.000000,-161.000000,-82.000000,-0.021151,-0.000007,0.000000,0.000000,0.000000,0.319638,472.000000,0.000000,0.000000,0.000000,0.000000,35.925266,-14.925366,-26.781534,668.300476,361.785400,-0.000209,0.630049,9.057985,5917,-653,29,-10
35.928200,0.008551,-0.071228,-1.990655,-0.000028,0.677761,0.145943,-0.000040,0.829330,0.829850,0.163332,0.000008,-0.000003,10.000000,-161.000000,-82.000000,-0.021151,-0.000007,0.000000,0.000000,0.000000,0.319638,472.000000,0.000000,0.000000,0.000000,0.000000,35.927219,-14.925366,-26.781534,668.300476,361.785400,-0.000282,0.629821,9.057985,5917,-632,29,-10
35.930153,0.008551,-0.069868,-1.990360,-0.000029,0.679409,0.147605,-0.000035,0.822066,0.831155,0.162727,0.000007,-0.000004,10.000000,-161.000000,-82.000000,-0.021151,-0.000007,0.000000,0.000000,0.000000,0.319638,472.000000,0.000000,0.000000,0.000000,0.000000,35.929176,-14.925366,-26.781534,668.300476,361.785400,-0.000361,0.629573,9.057985,5917,-609,29,-10
35.932106,0.008551,-0.068506,-1.990062,-0.000029,0.681042,0.149269,-0.000031,0.814435,0.832047,0.162070,0.000007,-0.000005,10.000000,-161.000000,-82.000000,-0.021151,-0.000007,0.000000,0.000000,0.000000,0.319638,472.000000,0.000000,0.000000,0.000000,0.000000,35.931129,-14.925366,-26.781534,668.300476,361.785400,-0.000444,0.629310,9.057985,5917,-584,29,-10
35.934059,0.008551,-0.067140,-1.989761,-0.000029,0.682659,0.150933,-0.000026,0.806410,0.832554,0.161360,0.000007,-0.000006,10.000000,-161.000000,-82.000000,-0.021151,-0.000007,0.000000,0.000000,0.000000,0.319638,472.000000,0.000000,0.000000,0.000000,0.000000,35.933083,-14.925366,-26.781534,668.300476,361.785400,-0.000532,0.629034,9.057985,5917,-563,29,-10
35.936012,0.008551,-0.065771,-1.989456,-0.000029,0.684259,0.152599,-0.000022,0.797968,0.832704,0.160595,0.000006,-0.000007,10.000000,-161.000000,-82.000000,-0.021151,-0.000007,0.000000,0.000000,0.000000,0.319638,472.000000,0.000000,0.000000,0.000000,0.000000,35.935036,-14.925366,-26.781534,668.300476,361.785400,-0.000623,0.628749,9.057985,5917,-536,29,-9
35.937969,0.008551,-0.064399,-1.989148,-0.000029,0.685842,0.154264,-0.000017,0.789090,0.832523,0.159773,0.000006,-0.000009,10.000000,-161.000000,-82.000000,-0.021151,-0.000007,0.000000,0.000000,0.000000,0.319638,472.000000,0.000000,0.000000,0.000000,0.000000,35.936993,-14.925366,-26.781534,668.300476,361.785400,-0.000708,0.628482,9.057985,5917,-507,29,-9
35.939922,0.008551,-0.063023,-1.988837,-0.000029,0.687406,0.155928,-0.000013,0.779767,0.832036,0.158894,0.000006,-0.000011,10.000000,-161.000000,-82.000000,-0.021151,-0.000007,0.000000,0.000000,0.000000,0.319638,472.000000,0.000000,0.000000,0.000000,0.000000,35.938946,-14.925366,-26.781534,668.300476,361.785400,-0.000787,0.628233,9.057985,5917,-478,29,-8
35.941875,0.008551,-0.061645,-1.988522,-0.000029,0.688951,0.157591,-0.000009,0.769987,0.831264,0.157956,0.000006,-0.000012,10.000000,-161.000000,-82.000000,-0.021151,-0.000007,0.000000,0.000000,0.000000,0.319638,472.000000,0.000000,0.000000,0.000000,0.000000,35.940899,-14.925366,-26.781534,668.300476,361.785400,-0.000860,0.628004,9.057985,5917,-447,29,-8
35.943829,0.008551,-0.060263,-1.988204,-0.000029,0.690475,0.159252,-0.000005,0.759748,0.830230,0.156960,0.000006,-0.000014,10.000000,-161.000000,-82.000000,-0.021151,-0.000007,0.000000,0.000000,0.000000,0.319638,472.000000,0.000000,0.000000,0.000000,0.000000,35.942852,-14.925366,-26.781534,668.300476,361.785400,-0.000927,0.627795,9.057985,5917,-416,29,-7
35.945786,0.008551,-0.058878,-1.987883,-0.000029,0.691979,0.160911,-0.000002,0.749044,0.828952,0.155907,0.000006,-0.000016,10.000000,-161.000000,-82.000000,-0.021151,-0.000007,0.000000,0.000000,0.000000,0.319638,472.000000,0.000000,0.000000,0.000000,0.000000,35.944809,-14.925366,-26.781534,668.300476,361.785400,-0.000986,0.627608,9.057985,5917,-384,29,-6
35.947739,0.008551,-0.057491,-1.987558,-0.000029,0.693460,0.162567,0.000001,0.737880,0.827449,0.154796,0.000006,-0.000018,10.000000,-161.000000,-82.000000,-0.021151,-0.000007,0.000000,0.000000,0.000000,0.319638,472.000000,0.000000,0.000000,0.000000,0.000000,35.946758,-14.925366,-26.781534,668.300476,361.785400,-0.001031,0.627467,9.057985,5917,-351,29,-6
35.949692,0.008551,-0.056100,-1.987230,-0.000029,0.694919,0.164219,0.000004,0.726263,0.825740,0.153629,0.000006,-0.000021,10.000000,-161.000000,-82.000000,-0.021151,-0.000007,0.000000,0.000000,0.000000,0.319638,472.000000,0.000000,0.000000,0.000000,0.000000,35.948715,-14.925366,-26.781534,668.300476,361.785400,-0.001069,0.627347,9.057985,5917,-318,29,-5
35.951645,0.008551,-0.054707,-1.986899,-0.000029,0.696353,0.165868,0.000007,0.714196,0.823841,0.152407,0.000006,-0.000023,10.000000,-161.000000,-82.000000,-0.021151,-0.000007,0.000000,0.000000,0.000000,0.319638,472.000000,0.000000,0.000000,0.000000,0.000000,35.950668,-14.925366,-26.781534,668.300476,361.785400,-0.001100,0.627252,9.057985,5917,-285,29,-4
35.953602,0.008551,-0.053311,-1.986565,-0.000029,0.697763,0.167512,0.000009,0.701697,0.821741,0.151132,0.000006,-0.000025,10.000000,-161.000000,-82.000000,-0.021151,-0.000007,0.000000,0.000000,0.000000,0.319638,472.000000,0.000000,0.000000,0.000000,0.000000,35.952625,-14.925366,-26.781534,668.300476,361.785400,-0.001119,0.627192,9.057985,5917,-251,29,-3
35.955555,0.008551,-0.051912,-1.986227,-0.000029,0.699147,0.169152,0.000011,0.688769,0.819503,0.149805,0.000006,-0.000027,10.000000,-161.000000,-82.000000,-0.021151,-0.000007,0.000000,0.000000,0.000000,0.319638,472.000000,0.000000,0.000000,0.000000,0.000000,35.954575,-14.925366,-26.781534,668.300476,361.785400,-0.001123,0.627180,9.057985,5917,-218,29,-2
35.957508,0.008550,-0.050510,-1.985886,-0.000029,0.700505,0.170788,0.000013,0.675433,0.817129,0.148428,0.000006,-0.000030,10.000000,-161.000000,-82.000000,-0.021151,-0.000007,0.000000,0.000000,0.000000,0.319638,472.000000,0.000000,0.000000,0.000000,0.000000,35.956532,-14.925366,-26.781534,668.300476,361.785400,-0.001108,0.627226,9.057985,5917,-184,29,-2
35.959461,0.008550,-0.049106,-1.985541,-0.000029,0.701835,0.172418,0.000014,0.661707,0.814625,0.147003,0.000006,-0.000032,10.000000,-161.000000,-82.000000,-0.021151,-0.000007,0.000000,0.000000,0.000000,0.319638,472.000000,0.000000,0.000000,0.000000,0.000000,35.958485,-14.925366,-26.781534,668.300476,361.785400,-0.001087,0.627293,9.057985,5917,-151,28,-1
35.961414,0.008550,-0.047699,-1.985194,-0.000029,0.703137,0.174044,0.000015,0.647607,0.812002,0.145534,0.000006,-0.000034,10.000000,-161.000000,-82.000000,-0.021151,-0.000007,0.000000,0.000000,0.000000,0.319638,472.000000,0.000000,0.000000,0.000000,0.000000,35.960442,-14.925366,-26.781534,668.300476,361.785400,-0.001058,0.627384,9.057985,5917,-118,28,0
35.963371,0.008550,-0.046289,-1.984843,-0.000029,0.704411,0.175663,0.000015,0.633157,0.809275,0.144021,0.000006,-0.000036,10.000000,-161.000000,-82.000000,-0.021151,-0.000007,0.000000,0.000000,0.000000,0.319638,472.000000,0.000000,0.000000,0.000000,0.000000,35.962391,-14.925366,-26.781534,668.300476,361.785400,-0.001014,0.627523,9.057985,5917,-85,28,0
35.965324,0.008550,-0.044877,-1.984489,-0.000029,0.705655,0.177278,0.000015,0.618379,0.806454,0.142469,0.000007,-0.000038,10.000000,-161.000000,-82.000000,-0.021151,-0.000007,0.000000,0.000000,0.000000,0.319638,472.000000,0.000000,0.000000,0.000000,0.000000,35.964348,-14.925366,-26.781534,668.300476,361.785400,-0.000962,0.627684,9.057985,5917,-53,28,1
35.967278,0.008550,-0.043462,-1.984131,-0.000029,0.706869,0.178886,0.000015,0.603295,0.803551,0.140879,0.000007,-0.000039,10.000000,-161.000000,-82.000000,-0.021151,-0.000007,0.000000,0.000000,0.000000,0.319638,472.000000,0.000000,0.000000,0.000000,0.000000,35.966301,-14.925366,-26.781534,668.300476,361.785400,-0.000903,0.627869,9.057985,5917,-21,28,1
35.969231,0.008550,-0.042045,-1.983771,-0.000029,0.708053,0.180489,0.000016,0.587932,0.800578,0.139256,0.000007,-0.000041,10.000000,-161.000000,-78.000000,-0.021151,-0.000007,0.000000,0.000000,0.000000,0.319638,472.000000,0.000000,0.000000,0.000000,0.000000,35.968258,-14.925366,-26.781534,668.300476,361.785400,-0.000837,0.628077,9.057985,5917,9,28,2
35.971188,0.008550,-0.040626,-1.983407,-0.000028,0.709205,0.182086,0.000016,0.572312,0.797543,0.137601,0.000007,-0.000043,10.000000,-161.000000,-78.000000,-0.018624,-0.000007,0.000000,0.000000,0.066000,0.000000,472.000000,0.000000,0.000000,0.000000,0.000000,35.970207,60.606075,34.307915,1144.416016,604.285217,-0.000763,-0.810346,9.055000,5925,-1375,28,3
35.973141,0.008550,-0.039205,-1.983040,-0.000028,0.710326,0.183675,0.000016,0.556580,0.793619,0.135913,0.000007,-0.000044,10.000000,-161.000000,-78.000000,-0.018624,-0.000007,0.000000,0.000000,0.000000,0.000000,472.000000,0.000000,0.000000,0.000000,0.000000,35.972164,60.606075,34.307915,1144.416016,604.285217,-0.000703,-0.810159,9.055000,5925,-1345,28,3
35.975094,0.008550,-0.037781,-1.982670,-0.000028,0.711415,0.185256,0.000016,0.540557,0.789447,0.134180,0.000007,-0.000045,10.000000,-161.000000,-78.000000,-0.018624,-0.000007,0.000000,0.000000,0.000000,0.000000,472.000000,0.000000,0.000000,0.000000,0.000000,35.974117,60.606075,34.307915,1144.416016,604.285217,-0.000689,-0.810113,9.055000,5925,-1311,28,4
35.977047,0.008550,-0.036355,-1.982297,-0.000028,0.712472,0.186829,0.000016,0.524097,0.785307,0.132390,0.000007,-0.000047,10.000000,-161.000000,-78.000000,-0.018624,-0.000007,0.000000,0.000000,0.000000,0.000000,472.000000,0.000000,0.000000,0.000000,0.000000,35.976070,60.606075,34.307915,1144.416016,604.285217,-0.000693,-0.810128,9.055000,5925,-1272,28,5
35.979004,0.008550,-0.034927,-1.981920,-0.000028,0.713495,0.188393,0.000017,0.507110,0.781182,0.130534,0.000007,-0.000048,10.000000,-161.000000,-78.000000,-0.018624,-0.000007,0.000000,0.000000,0.000000,0.000000,472.000000,0.000000,0.000000,0.000000,0.000000,35.978024,60.606075,34.307915,1144.416016,604.285217,-0.000707,-0.810171,9.055000,5925,-1229,28,5
35.980957,0.008550,-0.033497,-1.981541,-0.000028,0.714483,0.189949,0.000017,0.489518,0.777063,0.128602,0.000007,-0.000050,10.000000,-161.000000,-78.000000,-0.018624,-0.000007,0.000000,0.000000,0.000000,0.000000,472.000000,0.000000,0.000000,0.000000,0.000000,35.979980,60.606075,34.307915,1144.416016,604.285217,-0.000735,-0.810259,9.055000,5925,-1183,28,6
35.982910,0.008550,-0.032065,-1.981158,-0.000028,0.715434,0.191497,0.000018,0.471249,0.772938,0.126589,0.000007,-0.000051,10.000000,-161.000000,-78.000000,-0.018624,-0.000007,0.000000,0.000000,0.000000,0.000000,472.000000,0.000000,0.000000,0.000000,0.000000,35.981934,60.606075,34.307915,1144.416016,604.285217,-0.000775,-0.810384,9.055000,5925,-1133,28,7
35.984863,0.008550,-0.030632,-1.980773,-0.000028,0.716348,0.193037,0.000020,0.452249,0.768799,0.124487,0.000007,-0.000053,10.000000,-161.000000,-78.000000,-0.018624,-0.000007,0.000000,0.000000,0.000000,0.000000,472.000000,0.000000,0.000000,0.000000,0.000000,35.983887,60.606075,34.307915,1144.416016,604.285217,-0.000816,-0.810515,9.055000,5925,-1081,28,7
35.986816,0.008550,-0.029196,-1.980384,-0.000028,0.717223,0.194568,0.000021,0.432472,0.764642,0.122293,0.000007,-0.000055,10.000000,-161.000000,-78.000000,-0.018624,-0.000007,0.000000,0.000000,0.000000,0.000000,472.000000,0.000000,0.000000,0.000000,0.000000,35.985840,60.606075,34.307915,1144.416016,604.285217,-0.000865,-0.810667,9.055000,5925,-1025,28,8
35.988773,0.008550,-0.027759,-1.979992,-0.000028,0.718057,0.196091,0.000023,0.411878,0.760464,0.120002,0.000007,-0.000057,10.000000,-161.000000,-78.000000,-0.018624,-0.000007,0.000000,0.000000,0.000000,0.000000,472.000000,0.000000,0.000000,0.000000,0.000000,35.987797,60.606075,34.307915,1144.416016,604.285217,-0.000919,-0.810836,9.055000,5925,-967,29,9
35.990726,0.008549,-0.026320,-1.979597,-0.000028,0.718849,0.197606,0.000025,0.390442,0.756265,0.117611,0.000007,-0.000059,10.000000,-161.000000,-78.000000,-0.018624,-0.000007,0.000000,0.000000,0.000000,0.000000,472.000000,0.000000,0.000000,0.000000,0.000000,35.989746,60.606075,34.307915,1144.416016,604.285217,-0.000968,-0.810992,9.055000,5925,-907,29,9
35.992680,0.008549,-0.024880,-1.979199,-0.000028,0.719597,0.199112,0.000028,0.368146,0.752045,0.115118,0.000007,-0.000061,10.000000,-161.000000,-78.000000,-0.018624,-0.000007,0.000000,0.000000,0.000000,0.000000,472.000000,0.000000,0.000000,0.000000,0.000000,35.991703,60.606075,34.307915,1144.416016,604.285217,-0.001020,-0.811155,9.055000,5925,-846,29,10
35.994633,0.008549,-0.023438,-1.978799,-0.000028,0.720298,0.200610,0.000031,0.344977,0.747806,0.112524,0.000006,-0.000063,10.000000,-161.000000,-78.000000,-0.018624,-0.000007,0.000000,0.000000,0.000000,0.000000,472.000000,0.000000,0.000000,0.000000,0.000000,35.993656,60.606075,34.307915,1144.416016,604.285217,-0.001071,-0.811316,9.055000,5925,-787,29,11
35.996590,0.008549,-0.021995,-1.978395,-0.000028,0.720952,0.202099,0.000035,0.320932,0.743554,0.109826,0.000006,-0.000065,10.000000,-161.000000,-78.000000,-0.018624,-0.000007,0.000000,0.000000,0.000000,0.000000,472.000000,0.000000,0.000000,0.000000,0.000000,35.995613,60.606075,34.307915,1144.416016,604.285217,-0.001113,-0.811448,9.055000,5925,-722,29,12
35.998543,0.008549,-0.020551,-1.977988,-0.000028,0.721557,0.203580,0.000039,0.296015,0.739293,0.107027,0.000006,-0.000068,10.000000,-161.000000,-78.000000,-0.018624,-0.000007,0.000000,0.000000,0.000000,0.000000,472.000000,0.000000,0.000000,0.000000,0.000000,35.997562,60.606075,34.307915,1144.416016,604.285217,-0.001145,-0.811547,9.055000,5925,-656,29,13
36.000496,0.008549,-0.019106,-1.977578,-0.000028,0.722110,0.205052,0.000043,0.270234,0.735029,0.104127,0.000005,-0.000070,10.000000,-161.000000,-78.000000,-0.018624,-0.000007,0.000000,0.000000,0.000000,0.000000,472.000000,0.000000,0.000000,0.000000,0.000000,35.999519,60.606075,34.307915,1144.416016,604.285217,-0.001165,-0.811610,9.055000,5925,-590,29,14
36.002449,0.008549,-0.017659,-1.977165,-0.000028,0.722611,0.206516,0.000048,0.243607,0.730772,0.101129,0.000005,-0.000072,10.000000,-161.000000,-78.000000,-0.018624,-0.000007,0.000000,0.000000,0.000000,0.000000,472.000000,0.000000,0.000000,0.000000,0.000000,36.001472,60.606075,34.307915,1144.416016,604.285217,-0.001173,-0.811635,9.055000,5925,-523,29,15
36.004402,0.008549,-0.016212,-1.976750,-0.000028,0.723057,0.207971,0.000053,0.216153,0.726527,0.098034,0.000004,-0.000075,10.000000,-161.000000,-78.000000,-0.018624,-0.000007,0.000000,0.000000,0.000000,0.000000,472.000000,0.000000,0.000000,0.000000,0.000000,36.003429,60.606075,34.307915,1144.416016,604.285217,-0.001168,-0.811619,9.055000,5925,-456,29,16
36.006359,0.008549,-0.014764,-1.976331,-0.000027,0.723447,0.209418,0.000058,0.187898,0.722306,0.094846,0.000003,-0.000077,10.000000,-161.000000,-78.000000,-0.018624,-0.000007,0.000000,0.000000,0.000000,0.000000,472.000000,0.000000,0.000000,0.000000,0.000000,36.005379,60.606075,34.307915,1144.416016,604.285217,-0.001149,-0.811559,9.055000,5925,-389,29,17
36.008312,0.008549,-0.013315,-1.975910,-0.000027,0.723780,0.210856,0.000064,0.158874,0.718116,0.091568,0.000003,-0.000079,10.000000,-161.000000,-78.000000,-0.018624,-0.000007,0.000000,0.000000,0.000000,0.000000,472.000000,0.000000,0.000000,0.000000,0.000000,36.007336,60.606075,34.307915,1144.416016,604.285217,-0.001115,-0.811454,9.055000,5925,-321,29,18
36.010265,0.008549,-0.011866,-1.975485,-0.000027,0.724053,0.212286,0.000070,0.129114,0.713967,0.088204,0.000002,-0.000082,10.000000,-161.000000,-78.000000,-0.018624,-0.000007,0.000000,0.000000,0.000000,0.000000,472.000000,0.000000,0.000000,0.000000,0.000000,36.009289,60.606075,34.307915,1144.416016,604.285217,-0.001067,-0.811302,9.055000,5925,-255,29,19
36.012218,0.008549,-0.010416,-1.975058,-0.000027,0.724265,0.213708,0.000076,0.098659,0.709871,0.084760,0.000001,-0.000084,10.000000,-161.000000,-78.000000,-0.018624,-0.000007,0.000000,0.000000,0.000000,0.000000,472.000000,0.000000,0.000000,0.000000,0.000000,36.011246,60.606075,34.307915,1144.416016,604.285217,-0.001003,-0.811100,9.055000,5925,-184,29,20
36.014175,0.008549,-0.008965,-1.974628,-0.000027,0.724416,0.215121,0.000083,0.067548,0.705836,0.081239,-0.000000,-0.000086,10.000000,-161.000000,-78.000000,-0.018624,-0.000007,0.000000,0.000000,0.000000,0.000000,472.000000,0.000000,0.000000,0.000000,0.000000,36.013195,60.606075,34.307915,1144.416016,604.285217,-0.000922,-0.810847,9.055000,5925,-119,29,21
36.016129,0.008549,-0.007515,-1.974196,-0.000027,0.724504,0.216527,0.000091,0.035829,0.701872,0.077647,-0.000001,-0.000087,10.000000,-161.000000,-78.000000,-0.018624,-0.000007,0.000000,0.000000,0.000000,0.000000,472.000000,0.000000,0.000000,0.000000,0.000000,36.015152,60.606075,34.307915,1144.416016,604.285217,-0.000825,-0.810542,9.055000,5925,-55,29,22
36.018082,0.008549,-0.006065,-1.973760,-0.000027,0.724527,0.217925,0.000099,0.003549,0.697989,0.073989,-0.000002,-0.000089,10.000000,-161.000000,-78.000000,-0.018624,-0.000007,0.000000,0.000000,0.000000,0.000000,472.000000,0.000000,0.000000,0.000000,0.000000,36.017105,60.606075,34.307915,1144.416016,604.285217,-0.000711,-0.810185,9.055000,5925,8,30,23
36.020035,0.008549,-0.004614,-1.973322,-0.000026,0.724485,0.219315,0.000107,-0.029241,0.694197,0.070270,-0.000003,-0.000090,10.000000,-161.000000,-78.000000,-0.018624,-0.000007,0.000000,0.000000,0.000000,0.000000,472.000000,0.000000,0.000000,0.000000,0.000000,36.019058,60.606075,34.307915,1144.416016,604.285217,-0.000580,-0.809774,9.055000,5925,69,30,23
36.021992,0.008549,-0.003164,-1.972880,-0.000026,0.724377,0.220698,0.000116,-0.062487,0.690505,0.066498,-0.000005,-0.000091,10.000000,-161.000000,-78.000000,-0.018624,-0.000007,0.000000,0.000000,0.000000,0.000000,472.000000,0.000000,0.000000,0.000000,0.000000,36.021011,60.606075,34.307915,1144.416016,604.285217,-0.000440,-0.809332,9.055000,5925,129,30,24
36.023945,0.008549,-0.001714,-1.972437,-0.000026,0.724201,0.222074,0.000126,-0.096139,0.686921,0.062677,-0.000006,-0.000091,10.000000,-161.000000,-78.000000,-0.018624,-0.000007,0.000000,0.000000,0.000000,0.000000,472.000000,0.000000,0.000000,0.000000,0.000000,36.022968,60.606075,34.307915,1144.416016,604.285217,-0.000288,-0.808856,9.055000,5925,188,30,25
36.025898,0.008549,-0.000264,-1.971990,-0.000026,0.723958,0.223442,0.000136,-0.130140,0.683453,0.058814,-0.000008,-0.000092,10.000000,-161.000000,-78.000000,-0.018624,-0.000007,0.000000,0.000000,0.000000,0.000000,472.000000,0.000000,0.000000,0.000000,0.000000,36.024921,60.606075,34.307915,1144.416016,604.285217,-0.000118,-0.808321,9.055000,5925,245,30,25
36.027851,0.008548,0.001185,-1.971540,-0.000025,0.723646,0.224804,0.000147,-0.164431,0.680107,0.054916,-0.000009,-0.000092,10.000000,-166.000000,-61.000000,-0.018624,-0.000007,0.000000,0.000000,0.000000,0.000000,488.000000,0.000000,0.000000,0.000000,0.000000,36.026875,60.606075,34.307915,1144.416016,604.285217,0.000064,-0.807751,9.055000,5924,299,30,25
36.029804,0.008548,0.002633,-1.971088,-0.000025,0.723266,0.226160,0.000158,-0.198963,0.676995,0.050987,-0.000011,-0.000091,10.000000,-166.000000,-61.000000,0.014103,-0.000006,0.000000,0.000000,0.067000,0.246717,488.000000,0.000000,0.000000,0.000000,0.000000,36.028828,253.731232,180.649780,2882.463623,1304.789185,0.000250,-4.253518,9.015075,6496,-415,30,26
36.031761,0.008548,0.004080,-1.970634,-0.000025,0.722820,0.227428,0.000170,-0.230706,0.613557,0.047033,-0.000013,-0.000090,10.000000,-166.000000,-61.000000,0.014103,-0.000006,0.000000,0.000000,0.000000,0.246717,488.000000,0.000000,0.000000,0.000000,0.000000,36.030785,253.731232,180.649780,2882.463623,1304.789185,0.000426,-4.252964,9.015075,6496,-364,30,26
36.033714,0.008548,0.005526,-1.970177,-0.000024,0.722311,0.228539,0.000184,-0.262490,0.536460,0.043052,-0.000015,-0.000089,10.000000,-166.000000,-61.000000,0.014103,-0.000006,0.000000,0.000000,0.000000,0.246717,488.000000,0.000000,0.000000,0.000000,0.000000,36.032738,253.731232,180.649780,2882.463623,1304.789185,0.000581,-4.252479,9.015075,6496,-313,30,26
36.035667,0.008548,0.006972,-1.969718,-0.000024,0.721737,0.229506,0.000198,-0.295355,0.466526,0.039041,-0.000017,-0.000088,10.000000,-166.000000,-61.000000,0.014103,-0.000006,0.000000,0.000000,0.000000,0.246717,488.000000,0.000000,0.000000,0.000000,0.000000,36.034691,253.731232,180.649780,2882.463623,1304.789185,0.000726,-4.252022,9.015075,6496,-261,30,26
36.037621,0.008548,0.008416,-1.969257,-0.000023,0.721095,0.230343,0.000213,-0.329209,0.403105,0.035000,-0.000019,-0.000086,10.000000,-166.000000,-61.000000,0.014103,-0.000006,0.000000,0.000000,0.000000,0.246717,488.000000,0.000000,0.000000,0.000000,0.000000,36.036644,253.731232,180.649780,2882.463623,1304.789185,0.000865,-4.251585,9.015075,6496,-210,31,26
36.039577,0.008548,0.009858,-1.968795,-0.000023,0.720385,0.231062,0.000230,-0.363962,0.345613,0.030929,-0.000021,-0.000084,10.000000,-166.000000,-61.000000,0.014103,-0.000006,0.000000,0.000000,0.000000,0.246717,488.000000,0.000000,0.000000,0.000000,0.000000,36.038601,253.731232,180.649780,2882.463623,1304.789185,0.000999,-4.251164,9.015075,6496,-158,31,25
36.041531,0.008548,0.011299,-1.968331,-0.000023,0.719604,0.231675,0.000248,-0.399531,0.293516,0.026829,-0.000023,-0.000082,10.000000,-166.000000,-61.000000,0.014103,-0.000006,0.000000,0.000000,0.000000,0.246717,488.000000,0.000000,0.000000,0.000000,0.000000,36.040550,253.731232,180.649780,2882.463623,1304.789185,0.001123,-4.250777,9.015075,6495,-106,31,25
36.043484,0.008548,0.012739,-1.967867,-0.000022,0.718750,0.232191,0.000268,-0.435842,0.246439,0.022700,-0.000026,-0.000079,10.000000,-166.000000,-61.000000,0.014103,-0.000006,0.000000,0.000000,0.000000,0.246717,488.000000,0.000000,0.000000,0.000000,0.000000,36.042507,253.731232,180.649780,2882.463623,1304.789185,0.001238,-4.250415,9.015075,6495,-55,31,24
36.045437,0.008548,0.014176,-1.967401,-0.000021,0.717823,0.232619,0.000289,-0.472810,0.203861,0.018544,-0.000028,-0.000076,10.000000,-166.000000,-61.000000,0.014103,-0.000006,0.000000,0.000000,0.000000,0.246717,488.000000,0.000000,0.000000,0.000000,0.000000,36.044460,253.731232,180.649780,2882.463623,1304.789185,0.001347,-4.250072,9.015075,6495,-4,31,24
36.047394,0.008548,0.015612,-1.966935,-0.000021,0.716821,0.232969,0.000312,-0.510364,0.165351,0.014364,-0.000031,-0.000074,10.000000,-166.000000,-61.000000,0.014103,-0.000006,0.000000,0.000000,0.000000,0.246717,488.000000,0.000000,0.000000,0.000000,0.000000,36.046417,253.731232,180.649780,2882.463623,1304.789185,0.001452,-4.249742,9.015075,6495,45,32,23
36.049347,0.008548,0.017045,-1.966468,-0.000020,0.715744,0.233247,0.000336,-0.548428,0.130548,0.010161,-0.000034,-0.000070,10.000000,-166.000000,-61.000000,0.014103,-0.000006,0.000000,0.000000,0.000000,0.246717,488.000000,0.000000,0.000000,0.000000,0.000000,36.048367,253.731232,180.649780,2882.463623,1304.789185,0.001554,-4.249422,9.015075,6495,94,32,23
36.051300,0.008548,0.018476,-1.966001,-0.000019,0.714589,0.233460,0.000362,-0.586936,0.099129,0.005938,-0.000037,-0.000067,10.000000,-166.000000,-61.000000,0.014103,-0.000006,0.000000,0.000000,0.000000,0.246717,488.000000,0.000000,0.000000,0.000000,0.000000,36.050323,253.731232,180.649780,2882.463623,1304.789185,0.001655,-4.249106,9.015075,6495,142,32,22
36.053253,0.008548,0.019905,-1.965533,-0.000019,0.713357,0.233616,0.000389,-0.625816,0.070798,0.001698,-0.000040,-0.000064,10.000000,-166.000000,-61.000000,0.014103,-0.000006,0.000000,0.000000,0.000000,0.246717,488.000000,0.000000,0.000000,0.000000,0.000000,36.052277,253.731232,180.649780,2882.463623,1304.789185,0.001755,-4.248792,9.015075,6495,189,32,21
36.055206,0.008548,0.021331,-1.965065,-0.000018,0.712046,0.233719,0.000418,-0.665002,0.045285,-0.002555,-0.000044,-0.000060,10.000000,-166.000000,-61.000000,0.014103,-0.000006,0.000000,0.000000,0.000000,0.246717,488.000000,0.000000,0.000000,0.000000,0.000000,36.054234,253.731232,180.649780,2882.463623,1304.789185,0.001849,-4.248498,9.015075,6495,235,32,20
36.057163,0.008548,0.022755,-1.964597,-0.000017,0.710657,0.233774,0.000449,-0.704430,0.022347,-0.006817,-0.000047,-0.000056,10.000000,-166.000000,-61.000000,0.014103,-0.000006,0.000000,0.000000,0.000000,0.246717,488.000000,0.000000,0.000000,0.000000,0.000000,36.056183,253.731232,180.649780,2882.463623,1304.789185,0.001937,-4.248219,9.015075,6495,279,33,19
36.059116,0.008548,0.024175,-1.964129,-0.000016,0.709189,0.233788,0.000481,-0.744036,0.001764,-0.011086,-0.000051,-0.000052,10.000000,-166.000000,-61.000000,0.014103,-0.000006,0.000000,0.000000,0.000000,0.246717,488.000000,0.000000,0.000000,0.000000,0.000000,36.058140,253.731232,180.649780,2882.463623,1304.789185,0.002022,-4.247952,9.015075,6495,322,33,18
36.061069,0.008548,0.025593,-1.963661,-0.000015,0.707641,0.233764,0.000514,-0.783757,-0.016668,-0.015356,-0.000055,-0.000047,10.000000,-166.000000,-61.000000,0.014103,-0.000006,0.000000,0.000000,0.000000,0.246717,488.000000,0.000000,0.000000,0.000000,0.000000,36.060093,253.731232,180.649780,2882.463623,1304.789185,0.002105,-4.247693,9.015075,6495,364,33,17
36.063023,0.008548,0.027007,-1.963193,-0.000014,0.706014,0.233705,0.000549,-0.823533,-0.033131,-0.019625,-0.000058,-0.000043,10.000000,-166.000000,-61.000000,0.014103,-0.000006,0.000000,0.000000,0.000000,0.246717,488.000000,0.000000,0.000000,0.000000,0.000000,36.062050,253.731232,180.649780,2882.463623,1304.789185,0.002186,-4.247438,9.015075,6494,403,33,16
36.064980,0.008548,0.028418,-1.962726,-0.000013,0.704307,0.233617,0.000585,-0.863302,-0.047688,-0.023887,-0.000062,-0.000038,10.000000,-166.000000,-61.000000,0.014103,-0.000006,0.000000,0.000000,0.000000,0.246717,488.000000,0.000000,0.000000,0.000000,0.000000,36.063999,253.731232,180.649780,2882.463623,1304.789185,0.002267,-4.247185,9.015075,6494,441,34,15
36.066933,0.008548,0.029825,-1.962258,-0.000012,0.702521,0.233502,0.000622,-0.903007,-0.060574,-0.028139,-0.000066,-0.000033,10.000000,-166.000000,-61.000000,0.014103,-0.000006,0.000000,0.000000,0.000000,0.246717,488.000000,0.000000,0.000000,0.000000,0.000000,36.065956,253.731232,180.649780,2882.463623,1304.789185,0.002347,-4.246933,9.015075,6494,477,34,13
36.068886,0.008548,0.031229,-1.961791,-0.000010,0.700656,0.233364,0.000661,-0.942589,-0.071962,-0.032376,-0.000070,-0.000028,10.000000,-166.000000,-61.000000,0.014103,-0.000006,0.000000,0.000000,0.000000,0.246717,488.000000,0.000000,0.000000,0.000000,0.000000,36.067909,253.731232,180.649780,2882.463623,1304.789185,0.002421,-4.246700,9.015075,6494,512,34,12
36.070839,0.008548,0.032629,-1.961324,-0.000009,0.698712,0.233205,0.000700,-0.981999,-0.081981,-0.036594,-0.000075,-0.000023,10.000000,-166.000000,-61.000000,0.014103,-0.000006,0.000000,0.000000,0.000000,0.246717,488.000000,0.000000,0.000000,0.000000,0.000000,36.069862,253.731232,180.649780,2882.463623,1304.789185,0.002490,-4.246485,9.015075,6494,544,34,11
36.072796,0.008548,0.034025,-1.960857,-0.000007,0.696689,0.233027,0.000740,-1.021181,-0.090746,-0.040788,-0.000079,-0.000018,10.000000,-166.000000,-61.000000,0.014103,-0.000006,0.000000,0.000000,0.000000,0.246717,488.000000,0.000000,0.000000,0.000000,0.000000,36.071815,253.731232,180.649780,2882.463623,1304.789185,0.002561,-4.246262,9.015075,6494,575,35,9
36.074749,0.008548,0.035416,-1.960391,-0.000006,0.694588,0.232834,0.000780,-1.060081,-0.098363,-0.044956,-0.000083,-0.000012,10.000000,-166.000000,-61.000000,0.014103,-0.000006,0.000000,0.000000,0.000000,0.246717,488.000000,0.000000,0.000000,0.000000,0.000000,36.073772,253.731232,180.649780,2882.463623,1304.789185,0.002627,-4.246054,9.015075,6494,603,35,8
36.076702,0.008548,0.036803,-1.959925,-0.000004,0.692410,0.232628,0.000821,-1.098655,-0.104929,-0.049091,-0.000087,-0.000007,10.000000,-166.000000,-61.000000,0.014103,-0.000006,0.000000,0.000000,0.000000,0.246717,488.000000,0.000000,0.000000,0.000000,0.000000,36.075726,253.731232,180.649780,2882.463623,1304.789185,0.002690,-4.245856,9.015075,6494,629,35,6
36.078655,0.008548,0.038186,-1.959460,-0.000003,0.690155,0.232409,0.000862,-1.136849,-0.110533,-0.053190,-0.000091,-0.000001,10.000000,-166.000000,-61.000000,0.014103,-0.000006,0.000000,0.000000,0.000000,0.246717,488.000000,0.000000,0.000000,0.000000,0.000000,36.077679,253.731232,180.649780,2882.463623,1304.789185,0.002750,-4.245669,9.015075,6494,654,35,5
36.080608,0.008548,0.039564,-1.958995,-0.000001,0.687825,0.232181,0.000904,-1.174622,-0.115258,-0.057250,-0.000095,0.000005,10.000000,-166.000000,-61.000000,0.014103,-0.000006,0.000000,0.000000,0.000000,0.246717,488.000000,0.000000,0.000000,0.000000,0.000000,36.079632,253.731232,180.649780,2882.463623,1304.789185,0.002806,-4.245491,9.015075,6494,676,35,3
36.082565,0.008548,0.040938,-1.958530,0.000001,0.685420,0.231944,0.000945,-1.211925,-0.119181,-0.061265,-0.000099,0.000011,10.000000,-166.000000,-61.000000,0.014103,-0.000006,0.000000,0.000000,0.000000,0.246717,488.000000,0.000000,0.000000,0.000000,0.000000,36.081589,253.731232,180.649780,2882.463623,1304.789185,0.002860,-4.245322,9.015075,6494,696,36,1
36.084518,0.008548,0.042306,-1.958066,0.000003,0.682941,0.231701,0.000985,-1.248719,-0.122369,-0.065232,-0.000103,0.000017,10.000000,-166.000000,-61.000000,0.014103,-0.000006,0.000000,0.000000,0.000000,0.246717,488.000000,0.000000,0.000000,0.000000,0.000000,36.083542,253.731232,180.649780,2882.463623,1304.789185,0.002905,-4.245181,9.015075,6494,714,36,0
36.086472,0.008548,0.043670,-1.957603,0.000005,0.680389,0.231453,0.001026,-1.284964,-0.124889,-0.069148,-0.000107,0.000023,10.000000,-166.000000,-61.000000,0.014103,-0.000006,0.000000,0.000000,0.000000,0.246717,488.000000,0.000000,0.000000,0.000000,0.000000,36.085495,253.731232,180.649780,2882.463623,1304.789185,0.002948,-4.245044,9.015075,6494,731,36,-1
36.088425,0.008548,0.045028,-1.957140,0.000007,0.677765,0.231200,0.001065,-1.320621,-0.126800,-0.073009,-0.000110,0.000029,10.000000,-166.000000,-61.000000,0.014103,-0.000006,0.000000,0.000000,0.000000,0.246717,488.000000,0.000000,0.000000,0.000000,0.000000,36.087448,253.731232,180.649780,2882.463623,1304.789185,0.002997,-4.244891,9.015075,6494,745,36,-3
36.090382,0.008548,0.046381,-1.956677,0.000009,0.675071,0.230944,0.001104,-1.355652,-0.128157,-0.076811,-0.000114,0.000036,10.000000,-166.000000,-61.000000,0.014103,-0.000006,0.000000,0.000000,0.000000,0.246717,488.000000,0.000000,0.000000,0.000000,0.000000,36.089405,253.731232,180.649780,2882.463623,1304.789185,0.003044,-4.244744,9.015075,6494,757,36,-5
36.092335,0.008548,0.047728,-1.956215,0.000012,0.672308,0.230687,0.001142,-1.390024,-0.129012,-0.080552,-0.000117,0.000042,10.000000,-166.000000,-61.000000,0.014103,-0.000006,0.000000,0.000000,0.000000,0.246717,488.000000,0.000000,0.000000,0.000000,0.000000,36.091354,253.731232,180.649780,2882.463623,1304.789185,0.003081,-4.244627,9.015075,6494,767,36,-7
36.094288,0.008548,0.049070,-1.955754,0.000014,0.669478,0.230428,0.001178,-1.423706,-0.129413,-0.084227,-0.000120,0.000049,10.000000,-166.000000,-61.000000,0.014103,-0.000006,0.000000,0.000000,0.000000,0.246717,488.000000,0.000000,0.000000,0.000000,0.000000,36.093311,253.731232,180.649780,2882.463623,1304.789185,0.003110,-4.244537,9.015075,6494,775,36,-8
36.096241,0.008548,0.050406,-1.955293,0.000016,0.666581,0.230169,0.001213,-1.456670,-0.129403,-0.087835,-0.000123,0.000055,10.000000,-166.000000,-61.000000,0.014103,-0.000006,0.000000,0.000000,0.000000,0.246717,488.000000,0.000000,0.000000,0.000000,0.000000,36.095264,253.731232,180.649780,2882.463623,1304.789185,0.003138,-4.244451,9.015075,6494,781,36,-10
36.098194,0.008548,0.051736,-1.954833,0.000019,0.663619,0.229911,0.001247,-1.488884,-0.129023,-0.091372,-0.000126,0.000062,10.000000,-166.000000,-61.000000,0.014103,-0.000006,0.000000,0.000000,0.000000,0.246717,488.000000,0.000000,0.000000,0.000000,0.000000,36.097221,253.731232,180.649780,2882.463623,1304.789185,0.003163,-4.244370,9.015075,6494,785,36,-12
36.100151,0.008548,0.053060,-1.954373,0.000021,0.660594,0.229654,0.001278,-1.520325,-0.128314,-0.094835,-0.000129,0.000069,10.000000,-166.000000,-61.000000,0.014103,-0.000006,0.000000,0.000000,0.000000,0.246717,488.000000,0.000000,0.000000,0.000000,0.000000,36.099171,253.731232,180.649780,2882.463623,1304.789185,0.003180,-4.244318,9.015075,6494,787,36,-14
36.102104,0.008548,0.054378,-1.953913,0.000024,0.657507,0.229399,0.001308,-1.550971,-0.127309,-0.098224,-0.000131,0.000075,10.000000,-166.000000,-61.000000,0.014103,-0.000006,0.000000,0.000000,0.000000,0.246717,488.000000,0.000000,0.000000,0.000000,0.000000,36.101128,253.731232,180.649780,2882.463623,1304.789185,0.003188,-4.244293,9.015075,6494,788,36,-16
36.104057,0.008548,0.055690,-1.953454,0.000027,0.654361,0.229146,0.001337,-1.580799,-0.126042,-0.101534,-0.000133,0.000082,10.000000,-166.000000,-61.000000,0.014103,-0.000006,0.000000,0.000000,0.000000,0.246717,488.000000,0.000000,0.000000,0.000000,0.000000,36.103081,253.731232,180.649780,2882.463623,1304.789185,0.003187,-4.244295,9.015075,6494,787,36,-18
36.106010,0.008548,0.056995,-1.952996,0.000029,0.651155,0.228896,0.001363,-1.609792,-0.124545,-0.104765,-0.000135,0.000088,10.000000,-170.000000,-34.000000,0.014103,-0.000006,0.000000,0.000000,0.000000,0.246717,536.000000,0.000000,0.000000,0.000000,0.000000,36.105038,253.731232,180.649780,2882.463623,1304.789185,0.003178,-4.244324,9.015075,6494,784,36,-20
36.107967,0.008548,0.058293,-1.952538,0.000032,0.647893,0.228649,0.001386,-1.637934,-0.122845,-0.107915,-0.000137,0.000095,10.000000,-170.000000,-34.000000,0.100693,0.000007,0.000000,0.000000,0.067000,0.683973,536.000000,0.000000,0.000000,0.000000,0.000000,36.106987,402.985229,339.688232,2227.672607,1653.470825,0.003161,-7.989734,8.998059,7842,779,36,-23
36.109921,0.008548,0.059586,-1.952081,0.000035,0.644556,0.228216,0.001429,-1.680798,-0.262829,-0.110982,-0.000138,0.000101,10.000000,-170.000000,-34.000000,0.100693,0.000007,0.000000,0.000000,0.000000,0.683973,536.000000,0.000000,0.000000,0.000000,0.000000,36.108944,402.985229,339.688232,2227.672607,1653.470825,0.003127,-7.989839,8.998059,7842,773,36,-25
36.111874,0.008548,0.060871,-1.951625,0.000038,0.641124,0.227431,0.001475,-1.727288,-0.434825,-0.113964,-0.000139,0.000108,10.000000,-170.000000,-34.000000,0.100693,0.000007,0.000000,0.000000,0.000000,0.683973,536.000000,0.000000,0.000000,0.000000,0.000000,36.110897,402.985229,339.688232,2227.672607,1653.470825,0.003083,-7.989979,8.998059,7842,766,36,-27
36.113827,0.008548,0.062149,-1.951172,0.000041,0.637602,0.226326,0.001518,-1.771986,-0.590036,-0.116861,-0.000141,0.000114,10.000000,-170.000000,-34.000000,0.100693,0.000007,0.000000,0.000000,0.000000,0.683973,536.000000,0.000000,0.000000,0.000000,0.000000,36.112850,402.985229,339.688232,2227.672607,1653.470825,0.003035,-7.990129,8.998059,7842,757,36,-29
36.115784,0.008548,0.063420,-1.950721,0.000044,0.633994,0.224934,0.001558,-1.814878,-0.730042,-0.119672,-0.000141,0.000120,10.000000,-170.000000,-34.000000,0.100693,0.000007,0.000000,0.000000,0.000000,0.683973,536.000000,0.000000,0.000000,0.000000,0.000000,36.114803,402.985229,339.688232,2227.672607,1653.470825,0.002983,-7.990292,8.998059,7842,746,36,-31
36.117737,0.008548,0.064684,-1.950273,0.000047,0.630302,0.223283,0.001595,-1.855965,-0.856274,-0.122396,-0.000142,0.000126,10.000000,-170.000000,-34.000000,0.100693,0.000007,0.000000,0.000000,0.000000,0.683973,536.000000,0.000000,0.000000,0.000000,0.000000,36.116760,402.985229,339.688232,2227.672607,1653.470825,0.002926,-7.990470,8.998059,7842,735,36,-33
36.119690,0.008549,0.065940,-1.949829,0.000050,0.626531,0.221399,0.001630,-1.895251,-0.970030,-0.125032,-0.000143,0.000132,10.000000,-170.000000,-34.000000,0.100693,0.000007,0.000000,0.000000,0.000000,0.683973,536.000000,0.000000,0.000000,0.000000,0.000000,36.118713,402.985229,339.688232,2227.672607,1653.470825,0.002864,-7.990664,8.998059,7843,722,36,-35
36.121643,0.008549,0.067189,-1.949388,0.000054,0.622684,0.219303,0.001664,-1.932765,-1.072595,-0.127580,-0.000144,0.000137,10.000000,-170.000000,-34.000000,0.100693,0.000007,0.000000,0.000000,0.000000,0.683973,536.000000,0.000000,0.000000,0.000000,0.000000,36.120667,402.985229,339.688232,2227.672607,1653.470825,0.002796,-7.990878,8.998059,7843,708,36,-37
36.123596,0.008549,0.068429,-1.948953,0.000057,0.618765,0.217018,0.001695,-1.968515,-1.164955,-0.130039,-0.000145,0.000143,10.000000,-170.000000,-34.000000,0.100693,0.000007,0.000000,0.000000,0.000000,0.683973,536.000000,0.000000,0.000000,0.000000,0.000000,36.122620,402.985229,339.688232,2227.672607,1653.470825,0.002722,-7.991111,8.998059,7843,693,36,-39
36.125553,0.008549,0.069662,-1.948522,0.000061,0.614776,0.214563,0.001726,-2.002523,-1.248045,-0.132411,-0.000145,0.000148,10.000000,-170.000000,-34.000000,0.100693,0.000007,0.000000,0.000000,0.000000,0.683973,536.000000,0.000000,0.000000,0.000000,0.000000,36.124577,402.985229,339.688232,2227.672607,1653.470825,0.002640,-7.991368,8.998059,7843,677,36,-41
36.127506,0.008549,0.070887,-1.948096,0.000064,0.610723,0.211954,0.001756,-2.034817,-1.322744,-0.134694,-0.000146,0.000154,10.000000,-170.000000,-34.000000,0.100693,0.000007,0.000000,0.000000,0.000000,0.683973,536.000000,0.000000,0.000000,0.000000,0.000000,36.126530,402.985229,339.688232,2227.672607,1653.470825,0.002551,-7.991648,8.998059,7843,660,36,-43
36.129459,0.008549,0.072103,-1.947676,0.000068,0.606607,0.209207,0.001786,-2.065429,-1.389851,-0.136890,-0.000147,0.000159,10.000000,-170.000000,-34.000000,0.100693,0.000007,0.000000,0.000000,0.000000,0.683973,536.000000,0.000000,0.000000,0.000000,0.000000,36.128483,402.985229,339.688232,2227.672607,1653.470825,0.002454,-7.991952,8.998059,7843,642,37,-44
36.131413,0.008549,0.073312,-1.947261,0.000071,0.602432,0.206336,0.001815,-2.094398,-1.450089,-0.138998,-0.000148,0.000164,10.000000,-170.000000,-34.000000,0.100693,0.000007,0.000000,0.000000,0.000000,0.683973,536.000000,0.000000,0.000000,0.000000,0.000000,36.130436,402.985229,339.688232,2227.672607,1653.470825,0.002356,-7.992260,8.998059,7843,624,37,-46
36.133369,0.008549,0.074511,-1.946853,0.000075,0.598202,0.203354,0.001844,-2.121758,-1.504114,-0.141020,-0.000149,0.000168,10.000000,-170.000000,-34.000000,0.100693,0.000007,0.000000,0.000000,0.000000,0.683973,536.000000,0.000000,0.000000,0.000000,0.000000,36.132393,402.985229,339.688232,2227.672607,1653.470825,0.002256,-7.992576,8.998059,7843,605,37,-48
36.135323,0.008550,0.075702,-1.946450,0.000079,0.593920,0.200272,0.001872,-2.147550,-1.552521,-0.142956,-0.000150,0.000173,10.000000,-170.000000,-34.000000,0.100693,0.000007,0.000000,0.000000,0.000000,0.683973,536.000000,0.000000,0.000000,0.000000,0.000000,36.134342,402.985229,339.688232,2227.672607,1653.470825,0.002145,-7.992923,8.998059,7844,585,37,-50
36.137276,0.008550,0.076885,-1.946054,0.000082,0.589588,0.197101,0.001901,-2.171832,-1.595954,-0.144808,-0.000152,0.000177,10.000000,-170.000000,-34.000000,0.100693,0.000007,0.000000,0.000000,0.000000,0.683973,536.000000,0.000000,0.000000,0.000000,0.000000,36.136299,402.985229,339.688232,2227.672607,1653.470825,0.002024,-7.993304,8.998059,7844,565,37,-51
36.139229,0.008550,0.078059,-1.945664,0.000086,0.585210,0.193851,0.001930,-2.194636,-1.634821,-0.146576,-0.000153,0.000181,10.000000,-170.000000,-34.000000,0.100693,0.000007,0.000000,0.000000,0.000000,0.683973,536.000000,0.000000,0.000000,0.000000,0.000000,36.138252,402.985229,339.688232,2227.672607,1653.470825,0.001899,-7.993695,8.998059,7844,545,38,-53
36.141186,0.008550,0.079224,-1.945281,0.000090,0.580789,0.190528,0.001960,-2.215999,-1.669528,-0.148262,-0.000155,0.000185,10.000000,-170.000000,-34.000000,0.100693,0.000007,0.000000,0.000000,0.000000,0.683973,536.000000,0.000000,0.000000,0.000000,0.000000,36.140209,402.985229,339.688232,2227.672607,1653.470825,0.001770,-7.994101,8.998059,7844,524,38,-55
36.143139,0.008550,0.080380,-1.944905,0.000094,0.576327,0.187143,0.001989,-2.235965,-1.700477,-0.149866,-0.000156,0.000188,10.000000,-170.000000,-34.000000,0.100693,0.000007,0.000000,0.000000,0.000000,0.683973,536.000000,0.000000,0.000000,0.000000,0.000000,36.142159,402.985229,339.688232,2227.672607,1653.470825,0.001629,-7.994544,8.998059,7844,503,38,-56
36.145092,0.008550,0.081527,-1.944535,0.000098,0.571827,0.183700,0.002019,-2.254584,-1.728034,-0.151392,-0.000158,0.000191,10.000000,-170.000000,-34.000000,0.100693,0.000007,0.000000,0.000000,0.000000,0.683973,536.000000,0.000000,0.000000,0.000000,0.000000,36.144115,402.985229,339.688232,2227.672607,1653.470825,0.001483,-7.995003,8.998059,7844,481,38,-57
36.147045,0.008551,0.082665,-1.944173,0.000102,0.567291,0.180207,0.002049,-2.271896,-1.752526,-0.152839,-0.000160,0.000194,10.000000,-170.000000,-34.000000,0.100693,0.000007,0.000000,0.000000,0.000000,0.683973,536.000000,0.000000,0.000000,0.000000,0.000000,36.146069,402.985229,339.688232,2227.672607,1653.470825,0.001337,-7.995460,8.998059,7845,460,39,-59
36.148998,0.008551,0.083794,-1.943817,0.000106,0.562723,0.176669,0.002078,-2.287964,-1.774359,-0.154210,-0.000162,0.000197,10.000000,-170.000000,-34.000000,0.100693,0.000007,0.000000,0.000000,0.000000,0.683973,536.000000,0.000000,0.000000,0.000000,0.000000,36.148026,402.985229,339.688232,2227.672607,1653.470825,0.001185,-7.995938,8.998059,7845,438,39,-60
36.150955,0.008551,0.084913,-1.943469,0.000111,0.558125,0.173091,0.002108,-2.302823,-1.793722,-0.155507,-0.000163,0.000199,10.000000,-170.000000,-34.000000,0.100693,0.000007,0.000000,0.000000,0.000000,0.683973,536.000000,0.000000,0.000000,0.000000,0.000000,36.149975,402.985229,339.688232,2227.672607,1653.470825,0.001025,-7.996439,8.998059,7845,417,39,-61
36.152908,0.008551,0.086024,-1.943128,0.000115,0.553499,0.169477,0.002138,-2.316511,-1.810823,-0.156731,-0.000166,0.000201,10.000000,-170.000000,-34.000000,0.100693,0.000007,0.000000,0.000000,0.000000,0.683973,536.000000,0.000000,0.000000,0.000000,0.000000,36.151932,402.985229,339.688232,2227.672607,1653.470825,0.000865,-7.996943,8.998059,7845,395,39,-62
36.154861,0.008552,0.087125,-1.942794,0.000119,0.548847,0.165833,0.002168,-2.329074,-1.825885,-0.157885,-0.000168,0.000203,10.000000,-170.000000,-34.000000,0.100693,0.000007,0.000000,0.000000,0.000000,0.683973,536.000000,0.000000,0.000000,0.000000,0.000000,36.153885,402.985229,339.688232,2227.672607,1653.470825,0.000702,-7.997455,8.998059,7845,374,39,-63
36.156815,0.008552,0.088217,-1.942468,0.000124,0.544171,0.162161,0.002197,-2.340556,-1.839109,-0.158970,-0.000170,0.000204,10.000000,-170.000000,-34.000000,0.100693,0.000007,0.000000,0.000000,0.000000,0.683973,536.000000,0.000000,0.000000,0.000000,0.000000,36.155842,402.985229,339.688232,2227.672607,1653.470825,0.000536,-7.997974,8.998059,7846,353,40,-64
36.158772,0.008552,0.089299,-1.942149,0.000128,0.539474,0.158465,0.002226,-2.351018,-1.850782,-0.159989,-0.000172,0.000205,10.000000,-170.000000,-34.000000,0.100693,0.000007,0.000000,0.000000,0.000000,0.683973,536.000000,0.000000,0.000000,0.000000,0.000000,36.157791,402.985229,339.688232,2227.672607,1653.470825,0.000367,-7.998504,8.998059,7846,332,40,-65
36.160725,0.008552,0.090372,-1.941837,0.000132,0.534758,0.154748,0.002254,-2.360492,-1.860986,-0.160944,-0.000174,0.000206,10.000000,-170.000000,-34.000000,0.100693,0.000007,0.000000,0.000000,0.000000,0.683973,536.000000,0.000000,0.000000,0.000000,0.000000,36.159748,402.985229,339.688232,2227.672607,1653.470825,0.000195,-7.999046,8.998059,7846,311,40,-65
36.162678,0.008553,0.091435,-1.941533,0.000137,0.530024,0.151012,0.002281,-2.369016,-1.869835,-0.161836,-0.000177,0.000206,10.000000,-170.000000,-34.000000,0.100693,0.000007,0.000000,0.000000,0.000000,0.683973,536.000000,0.000000,0.000000,0.000000,0.000000,36.161701,402.985229,339.688232,2227.672607,1653.470825,0.000025,-7.999580,8.998059,7846,291,40,-66
36.164631,0.008553,0.092489,-1.941236,0.000142,0.525274,0.147261,0.002308,-2.376630,-1.877464,-0.162668,-0.000179,0.000206,10.000000,-170.000000,-15.000000,0.100693,0.000007,0.000000,0.000000,0.000000,0.683973,524.000000,0.000000,0.000000,0.000000,0.000000,36.163654,402.985229,339.688232,2227.672607,1653.470825,-0.000145,-8.000113,8.998059,7847,271,40,-66
36.166588,0.008553,0.093534,-1.940947,0.000146,0.520511,0.143496,0.002334,-2.383395,-1.884100,-0.163443,-0.000181,0.000206,10.000000,-170.000000,-15.000000,0.100693,0.000007,0.000000,0.000000,-0.933999,0.683973,524.000000,0.000000,0.000000,0.000000,0.000000,36.165607,402.985229,339.688232,2227.672607,1653.470825,-0.000314,-8.000643,8.998059,7847,252,40,-67
36.168541,0.008553,0.094569,-1.940665,0.000151,0.515735,0.139719,0.002359,-2.389338,-1.889771,-0.164163,-0.000183,0.000205,10.000000,-170.000000,-15.000000,0.100693,0.000007,0.000000,0.000000,0.000000,0.683973,524.000000,0.000000,0.000000,0.000000,0.000000,36.167564,402.985229,339.688232,2227.672607,1653.470825,-0.000483,-8.001176,8.998059,7847,233,41,-67
36.170494,0.008554,0.095594,-1.940391,0.000156,0.510949,0.135933,0.002382,-2.394495,-1.894542,-0.164829,-0.000186,0.000204,10.000000,-170.000000,-15.000000,0.100693,0.000007,0.000000,0.000000,0.000000,0.683973,524.000000,0.000000,0.000000,0.000000,0.000000,36.169518,402.985229,339.688232,2227.672607,1653.470825,-0.000654,-8.001711,8.998059,7847,214,41,-67
36.172447,0.008554,0.096610,-1.940125,0.000161,0.506153,0.132137,0.002404,-2.398905,-1.898503,-0.165444,-0.000188,0.000203,10.000000,-170.000000,-15.000000,0.100693,0.000007,0.000000,0.000000,0.000000,0.683973,524.000000,0.000000,0.000000,0.000000,0.000000,36.171471,402.985229,339.688232,2227.672607,1653.470825,-0.000819,-8.002230,8.998059,7848,196,41,-67
36.174400,0.008554,0.097616,-1.939866,0.000165,0.501349,0.128335,0.002425,-2.402624,-1.901841,-0.166011,-0.000190,0.000201,10.000000,-170.000000,-15.000000,0.100693,0.000007,0.000000,0.000000,0.000000,0.683973,524.000000,0.000000,0.000000,0.000000,0.000000,36.173424,402.985229,339.688232,2227.672607,1653.470825,-0.000980,-8.002736,8.998059,7848,178,41,-67
36.176357,0.008555,0.098612,-1.939615,0.000170,0.496540,0.124528,0.002444,-2.405677,-1.904550,-0.166531,-0.000192,0.000199,10.000000,-170.000000,-15.000000,0.100693,0.000007,0.000000,0.000000,0.000000,0.683973,524.000000,0.000000,0.000000,0.000000,0.000000,36.175381,402.985229,339.688232,2227.672607,1653.470825,-0.001139,-8.003234,8.998059,7848,162,41,-67
36.178310,0.008555,0.099599,-1.939371,0.000175,0.491724,0.120715,0.002461,-2.408094,-1.906658,-0.167008,-0.000194,0.000196,10.000000,-170.000000,-15.000000,0.100693,0.000007,0.000000,0.000000,0.000000,0.683973,524.000000,0.000000,0.000000,0.000000,0.000000,36.177334,402.985229,339.688232,2227.672607,1653.470825,-0.001295,-8.003724,8.998059,7848,145,41,-67
36.180264,0.008555,0.100576,-1.939135,0.000180,0.486905,0.116900,0.002476,-2.409913,-1.908228,-0.167442,-0.000196,0.000194,10.000000,-170.000000,-15.000000,0.100693,0.000007,0.000000,0.000000,0.000000,0.683973,524.000000,0.000000,0.000000,0.000000,0.000000,36.179287,402.985229,339.688232,2227.672607,1653.470825,-0.001449,-8.004210,8.998059,7848,129,41,-66
36.182217,0.008556,0.101544,-1.938907,0.000185,0.482084,0.113081,0.002488,-2.411169,-1.909312,-0.167837,-0.000198,0.000191,10.000000,-170.000000,-15.000000,0.100693,0.000007,0.000000,0.000000,0.000000,0.683973,524.000000,0.000000,0.000000,0.000000,0.000000,36.181240,402.985229,339.688232,2227.672607,1653.470825,-0.001596,-8.004671,8.998059,7849,114,41,-66
36.184174,0.008556,0.102502,-1.938686,0.000190,0.477260,0.109262,0.002499,-2.411912,-1.910067,-0.168195,-0.000199,0.000187,10.000000,-170.000000,-15.000000,0.100693,0.000007,0.000000,0.000000,0.000000,0.683973,524.000000,0.000000,0.000000,0.000000,0.000000,36.183197,402.985229,339.688232,2227.672607,1653.470825,-0.001737,-8.005113,8.998059,7849,100,41,-66
36.186127,0.008557,0.103450,-1.938473,0.000195,0.472436,0.105441,0.002507,-2.412163,-1.910454,-0.168518,-0.000201,0.000184,10.000000,-170.000000,-15.000000,0.100693,0.000007,0.000000,0.000000,0.000000,0.683973,524.000000,0.000000,0.000000,0.000000,0.000000,36.185146,402.985229,339.688232,2227.672607,1653.470825,-0.001878,-8.005556,8.998059,7849,86,41,-65
36.188080,0.008557,0.104389,-1.938268,0.000200,0.467612,0.101620,0.002512,-2.411950,-1.910478,-0.168808,-0.000202,0.000180,10.000000,-170.000000,-15.000000,0.100693,0.000007,0.000000,0.000000,0.000000,0.683973,524.000000,0.000000,0.000000,0.000000,0.000000,36.187103,402.985229,339.688232,2227.672607,1653.470825,-0.002014,-8.005983,8.998059,7849,73,41,-64
36.190033,0.008557,0.105318,-1.938070,0.000205,0.462789,0.097799,0.002516,-2.411304,-1.910176,-0.169067,-0.000203,0.000176,10.000000,-170.000000,-15.000000,0.100693,0.000007,0.000000,0.000000,0.000000,0.683973,524.000000,0.000000,0.000000,0.000000,0.000000,36.189056,402.985229,339.688232,2227.672607,1653.470825,-0.002139,-8.006375,8.998059,7849,61,41,-63
36.191990,0.008558,0.106237,-1.937880,0.000210,0.457968,0.093980,0.002516,-2.410254,-1.909580,-0.169297,-0.000204,0.000171,10.000000,-170.000000,-15.000000,0.100693,0.000007,0.000000,0.000000,0.000000,0.683973,524.000000,0.000000,0.000000,0.000000,0.000000,36.191013,402.985229,339.688232,2227.672607,1653.470825,-0.002254,-8.006736,8.998059,7849,49,41,-63
36.193943,0.008558,0.107147,-1.937698,0.000215,0.453149,0.090162,0.002514,-2.408828,-1.908722,-0.169500,-0.000205,0.000166,10.000000,-170.000000,-15.000000,0.100693,0.000007,0.000000,0.000000,0.000000,0.683973,524.000000,0.000000,0.000000,0.000000,0.000000,36.192963,402.985229,339.688232,2227.672607,1653.470825,-0.002366,-8.007089,8.998059,7850,38,41,-62
36.195896,0.008559,0.108046,-1.937523,0.000220,0.448334,0.086346,0.002508,-2.407077,-1.907730,-0.169678,-0.000206,0.000161,10.000000,-170.000000,-15.000000,0.100693,0.000007,0.000000,0.000000,0.000000,0.683973,524.000000,0.000000,0.000000,0.000000,0.000000,36.194920,402.985229,339.688232,2227.672607,1653.470825,-0.002476,-8.007434,8.998059,7850,27,41,-61
36.197849,0.008559,0.108937,-1.937356,0.000225,0.443523,0.082532,0.002500,-2.405011,-1.906548,-0.169834,-0.000206,0.000156,10.000000,-170.000000,-15.000000,0.100693,0.000007,0.000000,0.000000,0.000000,0.683973,524.000000,0.000000,0.000000,0.000000,0.000000,36.196873,402.985229,339.688232,2227.672607,1653.470825,-0.002578,-8.007753,8.998059,7850,18,41,-60
36.199802,0.008560,0.109818,-1.937196,0.000230,0.438717,0.078721,0.002490,-2.402651,-1.905161,-0.169968,-0.000206,0.000151,10.000000,-170.000000,-15.000000,0.100693,0.000007,0.000000,0.000000,0.000000,0.683973,524.000000,0.000000,0.000000,0.000000,0.000000,36.198830,402.985229,339.688232,2227.672607,1653.470825,-0.002672,-8.008050,8.998059,7850,8,40,-59
36.201759,0.008560,0.110689,-1.937045,0.000235,0.433915,0.074913,0.002476,-2.400023,-1.903591,-0.170083,-0.000206,0.000145,10.000000,-170.000000,-15.000000,0.100693,0.000007,0.000000,0.000000,0.000000,0.683973,524.000000,0.000000,0.000000,0.000000,0.000000,36.200779,402.985229,339.688232,2227.672607,1653.470825,-0.002760,-8.008324,8.998059,7850,0,40,-57
36.203712,0.008561,0.111550,-1.936900,0.000240,0.429120,0.071109,0.002459,-2.397151,-1.901855,-0.170180,-0.000206,0.000139,10.000000,-170.000000,-15.000000,0.100693,0.000007,0.000000,0.000000,0.000000,0.683973,524.000000,0.000000,0.000000,0.000000,0.000000,36.202736,402.985229,339.688232,2227.672607,1653.470825,-0.002834,-8.008558,8.998059,7850,-7,40,-56
36.205666,0.008561,0.112402,-1.936764,0.000245,0.424330,0.067308,0.002439,-2.394058,-1.899968,-0.170262,-0.000205,0.000133,10.000000,-170.000000,-15.000000,0.100693,0.000007,0.000000,0.000000,0.000000,0.683973,524.000000,0.000000,0.000000,0.000000,0.000000,36.204689,402.985229,339.688232,2227.672607,1653.470825,-0.002897,-8.008756,8.998059,7850,-14,40,-55
36.207619,0.008562,0.113244,-1.936635,0.000250,0.419547,0.063511,0.002417,-2.390765,-1.897946,-0.170329,-0.000205,0.000127,10.000000,-170.000000,-15.000000,0.100693,0.000007,0.000000,0.000000,0.000000,0.683973,524.000000,0.000000,0.000000,0.000000,0.000000,36.206642,402.985229,339.688232,2227.672607,1653.470825,-0.002956,-8.008939,8.998059,7850,-20,40,-53
36.209576,0.008562,0.114077,-1.936513,0.000255,0.414770,0.059718,0.002392,-2.387296,-1.895802,-0.170383,-0.000204,0.000121,10.000000,-170.000000,-15.000000,0.100693,0.000007,0.000000,0.000000,0.000000,0.683973,524.000000,0.000000,0.000000,0.000000,0.000000,36.208595,402.985229,339.688232,2227.672607,1653.470825,-0.003003,-8.009089,8.998059,7851,-26,40,-52
36.211529,0.008563,0.114900,-1.936399,0.000259,0.410001,0.055930,0.002364,-2.383685,-1.893651,-0.170426,-0.000203,0.000115,10.000000,-170.000000,-15.000000,0.100693,0.000007,0.000000,0.000000,0.000000,0.683973,524.000000,0.000000,0.000000,0.000000,0.000000,36.210552,402.985229,339.688232,2227.672607,1653.470825,-0.003041,-8.009207,8.998059,7851,-31,40,-51
36.213482,0.008563,0.115714,-1.936293,0.000264,0.405239,0.052146,0.002333,-2.379939,-1.891423,-0.170459,-0.000202,0.000108,10.000000,-170.000000,-15.000000,0.100693,0.000007,0.000000,0.000000,0.000000,0.683973,524.000000,0.000000,0.000000,0.000000,0.000000,36.212505,402.985229,339.688232,2227.672607,1653.470825,-0.003076,-8.009316,8.998059,7851,-36,40,-49
36.215435,0.008564,0.116518,-1.936194,0.000269,0.400485,0.048366,0.002300,-2.376072,-1.889092,-0.170483,-0.000200,0.000102,10.000000,-170.000000,-15.000000,0.100693,0.000007,0.000000,0.000000,0.000000,0.683973,524.000000,0.000000,0.000000,0.000000,0.000000,36.214458,402.985229,339.688232,2227.672607,1653.470825,-0.003101,-8.009397,8.998059,7851,-40,39,-48
36.217388,0.008564,0.117313,-1.936103,0.000273,0.395739,0.044592,0.002265,-2.372096,-1.886667,-0.170500,-0.000198,0.000095,10.000000,-170.000000,-15.000000,0.100693,0.000007,0.000000,0.000000,0.000000,0.683973,524.000000,0.000000,0.000000,0.000000,0.000000,36.216412,402.985229,339.688232,2227.672607,1653.470825,-0.003118,-8.009450,8.998059,7851,-44,39,-46
36.219345,0.008565,0.118098,-1.936019,0.000278,0.391001,0.040822,0.002227,-2.368032,-1.884155,-0.170511,-0.000197,0.000088,10.000000,-170.000000,-15.000000,0.100693,0.000007,0.000000,0.000000,0.000000,0.683973,524.000000,0.000000,0.000000,0.000000,0.000000,36.218369,402.985229,339.688232,2227.672607,1653.470825,-0.003127,-8.009478,8.998059,7851,-47,39,-45
36.221298,0.008565,0.118874,-1.935943,0.000282,0.386271,0.037058,0.002186,-2.363891,-1.881567,-0.170516,-0.000195,0.000082,10.000000,-170.000000,-15.000000,0.100693,0.000007,0.000000,0.000000,0.000000,0.683973,524.000000,0.000000,0.000000,0.000000,0.000000,36.220322,402.985229,339.688232,2227.672607,1653.470825,-0.003128,-8.009481,8.998059,7851,-50,39,-43
36.223251,0.008566,0.119640,-1.935875,0.000286,0.381550,0.033299,0.002144,-2.359690,-1.878905,-0.170517,-0.000192,0.000075,10.000000,-169.000000,-6.000000,0.100693,0.000007,0.000000,0.000000,0.000000,0.683973,530.000000,0.000000,0.000000,0.000000,0.000000,36.222275,402.985229,339.688232,2227.672607,1653.470825,-0.003122,-8.009461,8.998059,7851,-52,39,-42
36.225204,0.008566,0.120397,-1.935814,0.000291,0.376837,0.029545,0.002099,-2.355439,-1.876180,-0.170515,-0.000190,0.000068,10.000000,-169.000000,-6.000000,0.098640,0.000069,0.000000,0.000000,0.067000,0.084723,530.000000,0.000000,0.000000,0.000000,0.000000,36.224228,417.910431,420.618042,222.764191,1296.697998,-0.003109,-9.915318,9.017985,8735,-54,39,-40
36.227161,0.008567,0.121144,-1.935760,0.000295,0.372111,0.025673,0.002070,-2.367041,-1.965626,-0.170511,-0.000187,0.000061,10.000000,-169.000000,-6.000000,0.098640,0.000069,0.000000,0.000000,0.000000,0.084723,530.000000,0.000000,0.000000,0.000000,0.000000,36.226185,417.910431,420.618042,222.764191,1296.697998,-0.003070,-9.915195,9.017985,8735,-55,38,-39
36.229115,0.008568,0.121882,-1.935715,0.000299,0.367354,0.021575,0.002043,-2.382222,-2.075998,-0.170505,-0.000184,0.000055,10.000000,-169.000000,-6.000000,0.098640,0.000069,0.000000,0.000000,0.000000,0.084723,530.000000,0.000000,0.000000,0.000000,0.000000,36.228134,417.910431,420.618042,222.764191,1296.697998,-0.003010,-9.915007,9.017985,8735,-56,38,-37
36.231068,0.008568,0.122610,-1.935678,0.000303,0.362569,0.017272,0.002013,-2.395537,-2.175557,-0.170499,-0.000181,0.000048,10.000000,-169.000000,-6.000000,0.098640,0.000069,0.000000,0.000000,0.000000,0.084723,530.000000,0.000000,0.000000,0.000000,0.000000,36.230091,417.910431,420.618042,222.764191,1296.697998,-0.002948,-9.914814,9.017985,8735,-56,38,-36
36.233021,0.008569,0.123329,-1.935650,0.000307,0.357760,0.012785,0.001978,-2.407165,-2.265312,-0.170493,-0.000178,0.000042,10.000000,-169.000000,-6.000000,0.098640,0.000069,0.000000,0.000000,0.000000,0.084723,530.000000,0.000000,0.000000,0.000000,0.000000,36.232044,417.910431,420.618042,222.764191,1296.697998,-0.002885,-9.914616,9.017985,8734,-56,38,-34
36.234978,0.008569,0.124038,-1.935632,0.000311,0.352931,0.008133,0.001941,-2.417256,-2.346068,-0.170487,-0.000175,0.000036,10.000000,-169.000000,-6.000000,0.098640,0.000069,0.000000,0.000000,0.000000,0.084723,530.000000,0.000000,0.000000,0.000000,0.000000,36.234001,417.910431,420.618042,222.764191,1296.697998,-0.002820,-9.914412,9.017985,8734,-56,38,-33
36.236931,0.008570,0.124737,-1.935623,0.000315,0.348083,0.003331,0.001902,-2.425971,-2.418736,-0.170483,-0.000173,0.000030,10.000000,-169.000000,-6.000000,0.098640,0.000069,0.000000,0.000000,0.000000,0.084723,530.000000,0.000000,0.000000,0.000000,0.000000,36.235950,417.910431,420.618042,222.764191,1296.697998,-0.002753,-9.914200,9.017985,8734,-55,38,-31
36.238884,0.008571,0.125427,-1.935624,0.000318,0.343220,-0.001606,0.001862,-2.433457,-2.484099,-0.170481,-0.000170,0.000024,10.000000,-169.000000,-6.000000,0.098640,0.000069,0.000000,0.000000,0.000000,0.084723,530.000000,0.000000,0.000000,0.000000,0.000000,36.237907,417.910431,420.618042,222.764191,1296.697998,-0.002683,-9.913980,9.017985,8734,-54,38,-30
36.240837,0.008571,0.126106,-1.935634,0.000322,0.338343,-0.006663,0.001821,-2.439834,-2.542838,-0.170480,-0.000167,0.000018,10.000000,-169.000000,-6.000000,0.098640,0.000069,0.000000,0.000000,0.000000,0.084723,530.000000,0.000000,0.000000,0.000000,0.000000,36.239861,417.910431,420.618042,222.764191,1296.697998,-0.002610,-9.913751,9.017985,8734,-53,38,-29
36.242790,0.008572,0.126776,-1.935655,0.000326,0.333455,-0.011828,0.001780,-2.445215,-2.595567,-0.170483,-0.000164,0.000013,10.000000,-169.000000,-6.000000,0.098640,0.000069,0.000000,0.000000,0.000000,0.084723,530.000000,0.000000,0.000000,0.000000,0.000000,36.241817,417.910431,420.618042,222.764191,1296.697998,-0.002540,-9.913532,9.017985,8734,-52,38,-27
36.244747,0.008573,0.127437,-1.935687,0.000329,0.328558,-0.017091,0.001739,-2.449704,-2.642847,-0.170489,-0.000161,0.000007,10.000000,-169.000000,-6.000000,0.098640,0.000069,0.000000,0.000000,0.000000,0.084723,530.000000,0.000000,0.000000,0.000000,0.000000,36.243767,417.910431,420.618042,222.764191,1296.697998,-0.002467,-9.913301,9.017985,8734,-50,38,-26
36.246700,0.008573,0.128087,-1.935729,0.000332,0.323653,-0.022441,0.001698,-2.453389,-2.685183,-0.170498,-0.000158,0.000002,10.000000,-169.000000,-6.000000,0.098640,0.000069,0.000000,0.000000,0.000000,0.084723,530.000000,0.000000,0.000000,0.000000,0.000000,36.245724,417.910431,420.618042,222.764191,1296.697998,-0.002389,-9.913058,9.017985,8734,-48,38,-25
36.248653,0.008574,0.128728,-1.935782,0.000336,0.318742,-0.027869,0.001659,-2.456356,-2.723037,-0.170511,-0.000156,-0.000003,10.000000,-169.000000,-6.000000,0.098640,0.000069,0.000000,0.000000,0.000000,0.084723,530.000000,0.000000,0.000000,0.000000,0.000000,36.247677,417.910431,420.618042,222.764191,1296.697998,-0.002314,-9.912823,9.017985,8734,-46,38,-24
36.250607,0.008575,0.129358,-1.935846,0.000339,0.313825,-0.033366,0.001621,-2.458678,-2.756824,-0.170527,-0.000154,-0.000008,10.000000,-169.000000,-6.000000,0.098640,0.000069,0.000000,0.000000,0.000000,0.084723,530.000000,0.000000,0.000000,0.000000,0.000000,36.249634,417.910431,420.618042,222.764191,1296.697998,-0.002241,-9.912592,9.017985,8733,-44,38,-22
36.252563,0.008575,0.129979,-1.935921,0.000342,0.308905,-0.038925,0.001584,-2.460408,-2.786818,-0.170548,-0.000151,-0.000013,10.000000,-169.000000,-6.000000,0.098640,0.000069,0.000000,0.000000,0.000000,0.084723,530.000000,0.000000,0.000000,0.000000,0.000000,36.251583,417.910431,420.618042,222.764191,1296.697998,-0.002162,-9.912344,9.017985,8733,-42,39,-21
36.254517,0.008576,0.130590,-1.936008,0.000345,0.303983,-0.044539,0.001549,-2.461618,-2.813443,-0.170573,-0.000149,-0.000017,10.000000,-169.000000,-6.000000,0.098640,0.000069,0.000000,0.000000,0.000000,0.084723,530.000000,0.000000,0.000000,0.000000,0.000000,36.253540,417.910431,420.618042,222.764191,1296.697998,-0.002078,-9.912082,9.017985,8733,-39,39,-20
36.256470,0.008577,0.131191,-1.936105,0.000348,0.299058,-0.050202,0.001516,-2.462373,-2.837072,-0.170602,-0.000147,-0.000022,10.000000,-169.000000,-6.000000,0.098640,0.000069,0.000000,0.000000,0.000000,0.084723,530.000000,0.000000,0.000000,0.000000,0.000000,36.255493,417.910431,420.618042,222.764191,1296.697998,-0.001999,-9.911832,9.017985,8733,-37,39,-19
36.258423,0.008577,0.131783,-1.936215,0.000351,0.294133,-0.055907,0.001485,-2.462719,-2.857941,-0.170635,-0.000146,-0.000026,10.000000,-169.000000,-6.000000,0.098640,0.000069,0.000000,0.000000,0.000000,0.084723,530.000000,0.000000,0.000000,0.000000,0.000000,36.257446,417.910431,420.618042,222.764191,1296.697998,-0.001919,-9.911582,9.017985,8733,-34,39,-18
36.260380,0.008578,0.132364,-1.936335,0.000354,0.289207,-0.061651,0.001456,-2.462698,-2.876315,-0.170673,-0.000144,-0.000030,10.000000,-169.000000,-6.000000,0.098640,0.000069,0.000000,0.000000,0.000000,0.084723,530.000000,0.000000,0.000000,0.000000,0.000000,36.259399,417.910431,420.618042,222.764191,1296.697998,-0.001837,-9.911324,9.017985,8733,-32,39,-17
36.262333,0.008579,0.132936,-1.936467,0.000357,0.284283,-0.067428,0.001430,-2.462353,-2.892435,-0.170715,-0.000143,-0.000034,10.000000,-169.000000,-6.000000,0.098640,0.000069,0.000000,0.000000,0.000000,0.084723,530.000000,0.000000,0.000000,0.000000,0.000000,36.261356,417.910431,420.618042,222.764191,1296.697998,-0.001754,-9.911064,9.017985,8733,-29,40,-16
36.264286,0.008580,0.133498,-1.936611,0.000360,0.279359,-0.073234,0.001405,-2.461721,-2.906511,-0.170762,-0.000142,-0.000037,10.000000,-169.000000,-6.000000,0.098640,0.000069,0.000000,0.000000,0.000000,0.084723,530.000000,0.000000,0.000000,0.000000,0.000000,36.263309,417.910431,420.618042,222.764191,1296.697998,-0.001671,-9.910804,9.017985,8733,-26,40,-15
36.266239,0.008580,0.134049,-1.936766,0.000363,0.274437,-0.079066,0.001384,-2.460831,-2.918732,-0.170812,-0.000141,-0.000041,10.000000,-169.000000,-6.000000,0.098640,0.000069,0.000000,0.000000,0.000000,0.084723,530.000000,0.000000,0.000000,0.000000,0.000000,36.265263,417.910431,420.618042,222.764191,1296.697998,-0.001587,-9.910540,9.017985,8732,-23,40,-15
36.268192,0.008581,0.134592,-1.936933,0.000366,0.269517,-0.084919,0.001364,-2.459695,-2.929168,-0.170867,-0.000140,-0.000044,10.000000,-169.000000,-6.000000,0.098640,0.000069,0.000000,0.000000,0.000000,0.084723,530.000000,0.000000,0.000000,0.000000,0.000000,36.267216,417.910431,420.618042,222.764191,1296.697998,-0.001509,-9.910293,9.017985,8732,-20,40,-14
36.270149,0.008582,0.135124,-1.937112,0.000368,0.264599,-0.090791,0.001347,-2.458354,-2.938057,-0.170926,-0.000139,-0.000047,10.000000,-169.000000,-6.000000,0.098640,0.000069,0.000000,0.000000,0.000000,0.084723,530.000000,0.000000,0.000000,0.000000,0.000000,36.269173,417.910431,420.618042,222.764191,1296.697998,-0.001434,-9.910059,9.017985,8732,-17,40,-13
36.272102,0.008583,0.135646,-1.937303,0.000371,0.259685,-0.096679,0.001332,-2.456835,-2.945577,-0.170988,-0.000139,-0.000050,10.000000,-169.000000,-6.000000,0.098640,0.000069,0.000000,0.000000,0.000000,0.084723,530.000000,0.000000,0.000000,0.000000,0.000000,36.271126,417.910431,420.618042,222.764191,1296.697998,-0.001357,-9.909818,9.017985,8732,-15,40,-12
36.274055,0.008583,0.136159,-1.937505,0.000374,0.254774,-0.102579,0.001318,-2.455159,-2.951855,-0.171054,-0.000138,-0.000052,10.000000,-169.000000,-6.000000,0.098640,0.000069,0.000000,0.000000,0.000000,0.084723,530.000000,0.000000,0.000000,0.000000,0.000000,36.273079,417.910431,420.618042,222.764191,1296.697998,-0.001278,-9.909569,9.017985,8732,-12,41,-11
36.276009,0.008584,0.136661,-1.937719,0.000376,0.249866,-0.108491,0.001307,-2.453342,-2.957007,-0.171124,-0.000138,-0.000055,10.000000,-169.000000,-6.000000,0.098640,0.000069,0.000000,0.000000,0.000000,0.084723,530.000000,0.000000,0.000000,0.000000,0.000000,36.275032,417.910431,420.618042,222.764191,1296.697998,-0.001196,-9.909311,9.017985,8732,-9,41,-11
36.277966,0.008585,0.137154,-1.937945,0.000379,0.244962,-0.114411,0.001298,-2.451399,-2.961138,-0.171197,-0.000138,-0.000057,10.000000,-169.000000,-6.000000,0.098640,0.000069,0.000000,0.000000,0.000000,0.084723,530.000000,0.000000,0.000000,0.000000,0.000000,36.276989,417.910431,420.618042,222.764191,1296.697998,-0.001117,-9.909064,9.017985,8732,-6,41,-10
36.279919,0.008586,0.137637,-1.938183,0.000381,0.240062,-0.120339,0.001291,-2.449347,-2.964345,-0.171273,-0.000138,-0.000059,10.000000,-169.000000,-6.000000,0.098640,0.000069,0.000000,0.000000,0.000000,0.084723,530.000000,0.000000,0.000000,0.000000,0.000000,36.278938,417.910431,420.618042,222.764191,1296.697998,-0.001042,-9.908827,9.017985,8732,-4,41,-9
36.281872,0.008586,0.138110,-1.938433,0.000384,0.235167,-0.126271,0.001285,-2.447195,-2.966715,-0.171352,-0.000138,-0.000061,10.000000,-169.000000,-6.000000,0.098640,0.000069,0.000000,0.000000,0.000000,0.084723,530.000000,0.000000,0.000000,0.000000,0.000000,36.280895,417.910431,420.618042,222.764191,1296.697998,-0.000962,-9.908577,9.017985,8731,-1,41,-9
36.283825,0.008587,0.138574,-1.938695,0.000387,0.230276,-0.132207,0.001281,-2.444935,-2.968221,-0.171434,-0.000138,-0.000063,10.000000,-169.000000,-6.000000,0.098640,0.000069,0.000000,0.000000,0.000000,0.084723,530.000000,0.000000,0.000000,0.000000,0.000000,36.282848,417.910431,420.618042,222.764191,1296.697998,-0.000885,-9.908336,9.017985,8731,0,42,-8
36.285782,0.008588,0.139028,-1.938969,0.000389,0.225390,-0.138144,0.001278,-2.442592,-2.969015,-0.171518,-0.000138,-0.000064,10.000000,-169.000000,-6.000000,0.098640,0.000069,0.000000,0.000000,0.000000,0.084723,530.000000,0.000000,0.000000,0.000000,0.000000,36.284805,417.910431,420.618042,222.764191,1296.697998,-0.000811,-9.908101,9.017985,8731,3,42,-8
36.287735,0.008589,0.139471,-1.939254,0.000392,0.220508,-0.144083,0.001277,-2.440179,-2.969200,-0.171604,-0.000139,-0.000066,10.000000,-169.000000,-6.000000,0.098640,0.000069,0.000000,0.000000,0.000000,0.084723,530.000000,0.000000,0.000000,0.000000,0.000000,36.286755,417.910431,420.618042,222.764191,1296.697998,-0.000737,-9.907871,9.017985,8731,5,42,-7
36.289688,0.008589,0.139906,-1.939551,0.000394,0.215631,-0.150021,0.001276,-2.437704,-2.968833,-0.171693,-0.000139,-0.000067,10.000000,-169.000000,-6.000000,0.098640,0.000069,0.000000,0.000000,0.000000,0.084723,530.000000,0.000000,0.000000,0.000000,0.000000,36.288712,417.910431,420.618042,222.764191,1296.697998,-0.000666,-9.907645,9.017985,8731,7,42,-7
36.291641,0.008590,0.140330,-1.939861,0.000397,0.210760,-0.155957,0.001277,-2.435170,-2.967965,-0.171782,-0.000139,-0.000068,10.000000,-169.000000,-6.000000,0.098640,0.000069,0.000000,0.000000,0.000000,0.084723,530.000000,0.000000,0.000000,0.000000,0.000000,36.290665,417.910431,420.618042,222.764191,1296.697998,-0.000595,-9.907423,9.017985,8731,9,42,-6
36.293594,0.008591,0.140745,-1.940182,0.000399,0.205893,-0.161891,0.001278,-2.432586,-2.966645,-0.171874,-0.000140,-0.000069,10.000000,-169.000000,-6.000000,0.098640,0.000069,0.000000,0.000000,0.000000,0.084723,530.000000,0.000000,0.000000,0.000000,0.000000,36.292622,417.910431,420.618042,222.764191,1296.697998,-0.000525,-9.907203,9.017985,8731,11,42,-6
36.295551,0.008592,0.141150,-1.940515,0.000402,0.201032,-0.167822,0.001279,-2.429952,-2.964917,-0.171966,-0.000140,-0.000070,10.000000,-169.000000,-6.000000,0.098640,0.000069,0.000000,0.000000,0.000000,0.084723,530.000000,0.000000,0.000000,0.000000,0.000000,36.294571,417.910431,420.618042,222.764191,1296.697998,-0.000455,-9.906985,9.017985,8731,13,42,-5
36.297504,0.008593,0.141545,-1.940860,0.000404,0.196176,-0.173749,0.001281,-2.427274,-2.962819,-0.172060,-0.000141,-0.000070,10.000000,-169.000000,-6.000000,0.098640,0.000069,0.000000,0.000000,0.000000,0.084723,530.000000,0.000000,0.000000,0.000000,0.000000,36.296528,417.910431,420.618042,222.764191,1296.697998,-0.000386,-9.906768,9.017985,8731,15,42,-5
36.299458,0.008593,0.141930,-1.941216,0.000407,0.191326,-0.179671,0.001283,-2.424554,-2.960388,-0.172154,-0.000141,-0.000071,10.000000,-169.000000,-6.000000,0.098640,0.000069,0.000000,0.000000,0.000000,0.084723,530.000000,0.000000,0.000000,0.000000,0.000000,36.298481,417.910431,420.618042,222.764191,1296.697998,-0.000317,-9.906550,9.017985,8731,17,43,-4
36.301411,0.008594,0.142306,-1.941585,0.000410,0.186481,-0.185587,0.001285,-2.421794,-2.957654,-0.172248,-0.000141,-0.000071,10.000000,-168.000000,2.000000,0.098640,0.000069,0.000000,0.000000,0.000000,0.084723,540.000000,0.000000,0.000000,0.000000,0.000000,36.300434,417.910431,420.618042,222.764191,1296.697998,-0.000248,-9.906333,9.017985,8730,18,43,-4
36.303368,0.008595,0.142672,-1.941965,0.000412,0.181641,-0.191498,0.001287,-2.418977,-2.954544,-0.172343,-0.000142,-0.000072,10.000000,-168.000000,2.000000,0.103856,0.000098,0.000000,0.000000,0.067000,0.138844,540.000000,0.000000,0.000000,0.000000,0.000000,36.302387,119.402985,269.212769,-4455.334961,-404.880127,-0.000178,-6.340520,9.022985,7187,19,43,-4
36.305321,0.008596,0.143028,-1.942357,0.000415,0.176845,-0.197187,0.001267,-2.388096,-2.790229,-0.172438,-0.000142,-0.000072,10.000000,-168.000000,2.000000,0.103856,0.000098,0.000000,0.000000,0.000000,0.138844,540.000000,0.000000,0.000000,0.000000,0.000000,36.304344,119.402985,269.212769,-4455.334961,-404.880127,-0.000120,-6.340338,9.022985,7187,21,43,-4
36.307274,0.008597,0.143375,-1.942760,0.000417,0.172125,-0.202463,0.001242,-2.350775,-2.589104,-0.172533,-0.000142,-0.000072,10.000000,-168.000000,2.000000,0.103856,0.000098,0.000000,0.000000,0.000000,0.138844,540.000000,0.000000,0.000000,0.000000,0.000000,36.306297,119.402985,269.212769,-4455.334961,-404.880127,-0.000071,-6.340184,9.022985,7187,22,43,-3
36.309227,0.008598,0.143713,-1.943173,0.000420,0.167475,-0.207365,0.001217,-2.316658,-2.406573,-0.172627,-0.000142,-0.000072,10.000000,-168.000000,2.000000,0.103856,0.000098,0.000000,0.000000,0.000000,0.138844,540.000000,0.000000,0.000000,0.000000,0.000000,36.308250,119.402985,269.212769,-4455.334961,-404.880127,-0.000019,-6.340019,9.022985,7187,23,43,-3
36.311180,0.008598,0.144041,-1.943595,0.000422,0.162889,-0.211928,0.001191,-2.285443,-2.240907,-0.172720,-0.000142,-0.000072,10.000000,-168.000000,2.000000,0.103856,0.000098,0.000000,0.000000,0.000000,0.138844,540.000000,0.000000,0.000000,0.000000,0.000000,36.310204,119.402985,269.212769,-4455.334961,-404.880127,0.000037,-6.339846,9.022985,7187,24,43,-3
36.313137,0.008599,0.144361,-1.944026,0.000424,0.158362,-0.216182,0.001165,-2.256861,-2.090538,-0.172813,-0.000141,-0.000072,10.000000,-168.000000,2.000000,0.103856,0.000098,0.000000,0.000000,0.000000,0.138844,540.000000,0.000000,0.000000,0.000000,0.000000,36.312160,119.402985,269.212769,-4455.334961,-404.880127,0.000088,-6.339683,9.022985,7187,25,42,-3
36.315090,0.008600,0.144671,-1.944464,0.000427,0.153887,-0.220157,0.001136,-2.230665,-1.954042,-0.172904,-0.000140,-0.000072,10.000000,-168.000000,2.000000,0.103856,0.000098,0.000000,0.000000,0.000000,0.138844,540.000000,0.000000,0.000000,0.000000,0.000000,36.314114,119.402985,269.212769,-4455.334961,-404.880127,0.000137,-6.339530,9.022985,7187,26,42,-3
36.317043,0.008601,0.144972,-1.944911,0.000429,0.149462,-0.223878,0.001104,-2.206633,-1.830130,-0.172994,-0.000139,-0.000071,10.000000,-168.000000,2.000000,0.103856,0.000098,0.000000,0.000000,0.000000,0.138844,540.000000,0.000000,0.000000,0.000000,0.000000,36.316067,119.402985,269.212769,-4455.334961,-404.880127,0.000183,-6.339387,9.022985,7186,26,42,-2
36.318996,0.008602,0.145265,-1.945364,0.000431,0.145082,-0.227368,0.001069,-2.184543,-1.717525,-0.173083,-0.000137,-0.000071,10.000000,-168.000000,2.000000,0.103856,0.000098,0.000000,0.000000,0.000000,0.138844,540.000000,0.000000,0.000000,0.000000,0.000000,36.318020,119.402985,269.212769,-4455.334961,-404.880127,0.000232,-6.339232,9.022985,7186,27,42,-2
36.320953,0.008603,0.145549,-1.945824,0.000433,0.140744,-0.230648,0.001031,-2.164224,-1.615247,-0.173170,-0.000134,-0.000071,10.000000,-168.000000,2.000000,0.103856,0.000098,0.000000,0.000000,0.000000,0.138844,540.000000,0.000000,0.000000,0.000000,0.000000,36.319977,119.402985,269.212769,-4455.334961,-404.880127,0.000284,-6.339067,9.022985,7186,27,41,-2
36.322906,0.008604,0.145824,-1.946291,0.000435,0.136444,-0.233738,0.000989,-2.145515,-1.522370,-0.173255,-0.000132,-0.000071,10.000000,-168.000000,2.000000,0.103856,0.000098,0.000000,0.000000,0.000000,0.138844,540.000000,0.000000,0.000000,0.000000,0.000000,36.321926,119.402985,269.212769,-4455.334961,-404.880127,0.000334,-6.338913,9.022985,7186,27,41,-2
36.324860,0.008604,0.146091,-1.946763,0.000437,0.132179,-0.236655,0.000943,-2.128266,-1.438019,-0.173338,-0.000128,-0.000071,10.000000,-168.000000,2.000000,0.103856,0.000098,0.000000,0.000000,0.000000,0.138844,540.000000,0.000000,0.000000,0.000000,0.000000,36.323883,119.402985,269.212769,-4455.334961,-404.880127,0.000380,-6.338768,9.022985,7186,28,40,-2
36.326813,0.008605,0.146349,-1.947241,0.000439,0.127946,-0.239415,0.000893,-2.112338,-1.361403,-0.173419,-0.000125,-0.000070,10.000000,-168.000000,2.000000,0.103856,0.000098,0.000000,0.000000,0.000000,0.138844,540.000000,0.000000,0.000000,0.000000,0.000000,36.325836,119.402985,269.212769,-4455.334961,-404.880127,0.000423,-6.338632,9.022985,7186,28,40,-2
36.328770,0.008606,0.146599,-1.947724,0.000441,0.123744,-0.242033,0.000837,-2.097605,-1.291801,-0.173498,-0.000120,-0.000070,10.000000,-168.000000,2.000000,0.103856,0.000098,0.000000,0.000000,0.000000,0.138844,540.000000,0.000000,0.000000,0.000000,0.000000,36.327793,119.402985,269.212769,-4455.334961,-404.880127,0.000464,-6.338503,9.022985,7186,28,39,-2
36.330723,0.008607,0.146841,-1.948213,0.000442,0.119569,-0.244521,0.000778,-2.083956,-1.228562,-0.173575,-0.000115,-0.000070,10.000000,-168.000000,2.000000,0.103856,0.000098,0.000000,0.000000,0.000000,0.138844,540.000000,0.000000,0.000000,0.000000,0.000000,36.329742,119.402985,269.212769,-4455.334961,-404.880127,0.000502,-6.338383,9.022985,7186,27,39,-2
36.332676,0.008608,0.147074,-1.948706,0.000444,0.115421,-0.246891,0.000713,-2.071285,-1.171095,-0.173649,-0.000110,-0.000070,10.000000,-168.000000,2.000000,0.103856,0.000098,0.000000,0.000000,0.000000,0.138844,540.000000,0.000000,0.000000,0.000000,0.000000,36.331699,119.402985,269.212769,-4455.334961,-404.880127,0.000538,-6.338271,9.022985,7186,27,38,-2
36.334629,0.008609,0.147299,-1.949203,0.000445,0.111296,-0.249154,0.000644,-2.059501,-1.118863,-0.173720,-0.000104,-0.000070,10.000000,-168.000000,2.000000,0.103856,0.000098,0.000000,0.000000,0.000000,0.138844,540.000000,0.000000,0.000000,0.000000,0.000000,36.333652,119.402985,269.212769,-4455.334961,-404.880127,0.000572,-6.338164,9.022985,7186,27,38,-2
36.336582,0.008610,0.147515,-1.949706,0.000446,0.107193,-0.251320,0.000570,-2.048518,-1.071380,-0.173789,-0.000098,-0.000070,10.000000,-168.000000,2.000000,0.103856,0.000098,0.000000,0.000000,0.000000,0.138844,540.000000,0.000000,0.000000,0.000000,0.000000,36.335609,119.402985,269.212769,-4455.334961,-404.880127,0.000604,-6.338065,9.022985,7186,27,37,-2
36.338539,0.008611,0.147724,-1.950212,0.000447,0.103112,-0.253398,0.000492,-2.038259,-1.028204,-0.173855,-0.000091,-0.000070,10.000000,-168.000000,2.000000,0.103856,0.000098,0.000000,0.000000,0.000000,0.138844,540.000000,0.000000,0.000000,0.000000,0.000000,36.337559,119.402985,269.212769,-4455.334961,-404.880127,0.000634,-6.337971,9.022985,7186,26,37,-2
36.340492,0.008612,0.147924,-1.950722,0.000448,0.099050,-0.255395,0.000409,-2.028655,-0.988935,-0.173919,-0.000083,-0.000069,10.000000,-168.000000,2.000000,0.103856,0.000098,0.000000,0.000000,0.000000,0.138844,540.000000,0.000000,0.000000,0.000000,0.000000,36.339516,119.402985,269.212769,-4455.334961,-404.880127,0.000662,-6.337883,9.022985,7186,26,36,-2
36.342445,0.008612,0.148116,-1.951236,0.000449,0.095006,-0.257319,0.000322,-2.019643,-0.953210,-0.173979,-0.000075,-0.000069,10.000000,-168.000000,2.000000,0.103856,0.000098,0.000000,0.000000,0.000000,0.138844,540.000000,0.000000,0.000000,0.000000,0.000000,36.341469,119.402985,269.212769,-4455.334961,-404.880127,0.000688,-6.337801,9.022985,7186,25,35,-2
36.344398,0.008613,0.148300,-1.951754,0.000449,0.090980,-0.259176,0.000231,-2.011164,-0.920700,-0.174037,-0.000067,-0.000069,10.000000,-168.000000,2.000000,0.103856,0.000098,0.000000,0.000000,0.000000,0.138844,540.000000,0.000000,0.000000,0.000000,0.000000,36.343426,119.402985,269.212769,-4455.334961,-404.880127,0.000713,-6.337722,9.022985,7186,25,35,-2
36.346355,0.008614,0.148477,-1.952276,0.000449,0.086969,-0.260973,0.000135,-2.003168,-0.891108,-0.174092,-0.000058,-0.000069,10.000000,-168.000000,2.000000,0.103856,0.000098,0.000000,0.000000,0.000000,0.138844,540.000000,0.000000,0.000000,0.000000,0.000000,36.345375,119.402985,269.212769,-4455.334961,-404.880127,0.000736,-6.337649,9.022985,7186,24,34,-2
36.348309,0.008615,0.148645,-1.952801,0.000450,0.082974,-0.262714,0.000037,-1.995607,-0.864161,-0.174144,-0.000049,-0.000070,10.000000,-168.000000,2.000000,0.103856,0.000098,0.000000,0.000000,0.000000,0.138844,540.000000,0.000000,0.000000,0.000000,0.000000,36.347332,119.402985,269.212769,-4455.334961,-404.880127,0.000758,-6.337580,9.022985,7186,23,34,-3
36.350262,0.008616,0.148805,-1.953329,0.000449,0.078994,-0.264405,-0.000065,-1.988438,-0.839616,-0.174193,-0.000040,-0.000070,10.000000,-168.000000,2.000000,0.103856,0.000098,0.000000,0.000000,0.000000,0.138844,540.000000,0.000000,0.000000,0.000000,0.000000,36.349285,119.402985,269.212769,-4455.334961,-404.880127,0.000772,-6.337537,9.022985,7186,22,33,-3
36.352215,0.008617,0.148957,-1.953861,0.000449,0.075027,-0.266051,-0.000170,-1.981623,-0.817248,-0.174239,-0.000030,-0.000070,10.000000,-168.000000,2.000000,0.103856,0.000098,0.000000,0.000000,0.000000,0.138844,540.000000,0.000000,0.000000,0.000000,0.000000,36.351238,119.402985,269.212769,-4455.334961,-404.880127,0.000778,-6.337516,9.022985,7186,22,33,-3
36.354172,0.008618,0.149101,-1.954396,0.000449,0.071074,-0.267655,-0.000278,-1.975128,-0.796855,-0.174283,-0.000020,-0.000070,10.000000,-168.000000,2.000000,0.103856,0.000098,0.000000,0.000000,0.000000,0.138844,540.000000,0.000000,0.000000,0.000000,0.000000,36.353191,119.402985,269.212769,-4455.334961,-404.880127,0.000785,-6.337497,9.022985,7186,21,32,-3
36.356125,0.008619,0.149238,-1.954934,0.000448,0.067133,-0.269220,-0.000389,-1.968920,-0.778256,-0.174323,-0.000010,-0.000070,10.000000,-168.000000,2.000000,0.103856,0.000098,0.000000,0.000000,0.000000,0.138844,540.000000,0.000000,0.000000,0.000000,0.000000,36.355148,119.402985,269.212769,-4455.334961,-404.880127,0.000791,-6.337478,9.022985,7186,20,32,-3
36.358078,0.008620,0.149366,-1.955476,0.000447,0.063204,-0.270751,-0.000502,-1.962971,-0.761282,-0.174361,0.000001,-0.000070,10.000000,-168.000000,2.000000,0.103856,0.000098,0.000000,0.000000,0.000000,0.138844,540.000000,0.000000,0.000000,0.000000,0.000000,36.357101,119.402985,269.212769,-4455.334961,-404.880127,0.000796,-6.337461,9.022985,7186,19,31,-3
36.360031,0.008621,0.149487,-1.956020,0.000446,0.059287,-0.272250,-0.000616,-1.957255,-0.745785,-0.174396,0.000012,-0.000071,10.000000,-169.000000,11.000000,0.103856,0.000098,0.000000,0.000000,0.000000,0.138844,542.000000,0.000000,0.000000,0.000000,0.000000,36.359055,119.402985,269.212769,-4455.334961,-404.880127,0.000801,-6.337444,9.022985,7186,18,31,-3
36.361984,0.008621,0.149600,-1.956567,0.000444,0.055380,-0.273720,-0.000732,-1.951748,-0.731625,-0.174428,0.000023,-0.000071,10.000000,-169.000000,11.000000,0.094141,0.000106,0.000000,0.000000,0.066000,0.027981,542.000000,0.000000,0.000000,0.000000,0.000000,36.361008,136.363632,200.653793,256.979523,-364.948456,0.000806,-4.722865,9.011970,6631,17,30,-4
36.363941,0.008622,0.149705,-1.957117,0.000443,0.051499,-0.275087,-0.000846,-1.936230,-0.660815,-0.174458,0.000034,-0.000071,10.000000,-169.000000,11.000000,0.094141,0.000106,0.000000,0.000000,0.000000,0.027981,542.000000,0.000000,0.000000,0.000000,0.000000,36.362965,136.363632,200.653793,256.979523,-364.948456,0.000803,-4.722875,9.011970,6631,16,30,-4
36.365894,0.008623,0.149802,-1.957670,0.000441,0.047653,-0.276283,-0.000959,-1.918560,-0.577944,-0.174485,0.000045,-0.000072,10.000000,-169.000000,11.000000,0.094141,0.000106,0.000000,0.000000,0.000000,0.027981,542.000000,0.000000,0.000000,0.000000,0.000000,36.364918,136.363632,200.653793,256.979523,-364.948456,0.000793,-4.722907,9.011970,6631,15,29,-4
36.367847,0.008624,0.149892,-1.958225,0.000439,0.043840,-0.277325,-0.001072,-1.902229,-0.502826,-0.174509,0.000056,-0.000072,10.000000,-169.000000,11.000000,0.094141,0.000106,0.000000,0.000000,0.000000,0.027981,542.000000,0.000000,0.000000,0.000000,0.000000,36.366871,136.363632,200.653793,256.979523,-364.948456,0.000783,-4.722938,9.011970,6631,14,29,-4
36.369801,0.008625,0.149974,-1.958781,0.000437,0.040059,-0.278228,-0.001184,-1.887112,-0.434738,-0.174530,0.000067,-0.000072,10.000000,-169.000000,11.000000,0.094141,0.000106,0.000000,0.000000,0.000000,0.027981,542.000000,0.000000,0.000000,0.000000,0.000000,36.368824,136.363632,200.653793,256.979523,-364.948456,0.000774,-4.722967,9.011970,6631,13,28,-4
36.371758,0.008626,0.150048,-1.959339,0.000434,0.036306,-0.279004,-0.001295,-1.873095,-0.373029,-0.174550,0.000078,-0.000073,10.000000,-169.000000,11.000000,0.094141,0.000106,0.000000,0.000000,0.000000,0.027981,542.000000,0.000000,0.000000,0.000000,0.000000,36.370781,136.363632,200.653793,256.979523,-364.948456,0.000765,-4.722995,9.011970,6631,12,28,-4
36.373711,0.008627,0.150115,-1.959899,0.000431,0.032579,-0.279665,-0.001406,-1.860075,-0.317102,-0.174567,0.000090,-0.000073,10.000000,-169.000000,11.000000,0.094141,0.000106,0.000000,0.000000,0.000000,0.027981,542.000000,0.000000,0.000000,0.000000,0.000000,36.372730,136.363632,200.653793,256.979523,-364.948456,0.000756,-4.723023,9.011970,6631,11,28,-4
36.375664,0.008628,0.150175,-1.960460,0.000428,0.028877,-0.280223,-0.001515,-1.847960,-0.266421,-0.174581,0.000101,-0.000074,10.000000,-169.000000,11.000000,0.094141,0.000106,0.000000,0.000000,0.000000,0.027981,542.000000,0.000000,0.000000,0.000000,0.000000,36.374687,136.363632,200.653793,256.979523,-364.948456,0.000747,-4.723050,9.011970,6631,10,27,-4
36.377617,0.008628,0.150227,-1.961021,0.000425,0.025198,-0.280686,-0.001624,-1.836664,-0.220497,-0.174593,0.000112,-0.000074,10.000000,-169.000000,11.000000,0.094141,0.000106,0.000000,0.000000,0.000000,0.027981,542.000000,0.000000,0.000000,0.000000,0.000000,36.376640,136.363632,200.653793,256.979523,-364.948456,0.000739,-4.723076,9.011970,6631,9,27,-4
36.379574,0.008629,0.150272,-1.961584,0.000422,0.021541,-0.281064,-0.001731,-1.826111,-0.178888,-0.174604,0.000123,-0.000075,10.000000,-169.000000,11.000000,0.094141,0.000106,0.000000,0.000000,0.000000,0.027981,542.000000,0.000000,0.000000,0.000000,0.000000,36.378597,136.363632,200.653793,256.979523,-364.948456,0.000731,-4.723102,9.011970,6631,9,27,-5
36.381527,0.008630,0.150310,-1.962147,0.000418,0.017904,-0.281365,-0.001837,-1.816230,-0.141192,-0.174612,0.000134,-0.000075,10.000000,-169.000000,11.000000,0.094141,0.000106,0.000000,0.000000,0.000000,0.027981,542.000000,0.000000,0.000000,0.000000,0.000000,36.380547,136.363632,200.653793,256.979523,-364.948456,0.000716,-4.723150,9.011970,6631,8,26,-5
36.383480,0.008631,0.150340,-1.962711,0.000414,0.014285,-0.281596,-0.001942,-1.806962,-0.107045,-0.174618,0.000145,-0.000076,10.000000,-169.000000,11.000000,0.094141,0.000106,0.000000,0.000000,0.000000,0.027981,542.000000,0.000000,0.000000,0.000000,0.000000,36.382504,136.363632,200.653793,256.979523,-364.948456,0.000694,-4.723217,9.011970,6631,7,26,-5
36.385433,0.008632,0.150364,-1.963275,0.000410,0.010684,-0.281763,-0.002044,-1.798248,-0.076117,-0.174623,0.000156,-0.000076,10.000000,-169.000000,11.000000,0.094141,0.000106,0.000000,0.000000,0.000000,0.027981,542.000000,0.000000,0.000000,0.000000,0.000000,36.384457,136.363632,200.653793,256.979523,-364.948456,0.000673,-4.723282,9.011970,6631,6,26,-5
36.387386,0.008633,0.150380,-1.963839,0.000406,0.007100,-0.281873,-0.002145,-1.790035,-0.048108,-0.174626,0.000167,-0.000077,10.000000,-169.000000,11.000000,0.094141,0.000106,0.000000,0.000000,0.000000,0.027981,542.000000,0.000000,0.000000,0.000000,0.000000,36.386414,136.363632,200.653793,256.979523,-364.948456,0.000653,-4.723345,9.011970,6631,5,25,-5
36.389343,0.008633,0.150388,-1.964403,0.000402,0.003532,-0.281931,-0.002243,-1.782278,-0.022747,-0.174627,0.000177,-0.000077,10.000000,-169.000000,11.000000,0.094141,0.000106,0.000000,0.000000,0.000000,0.027981,542.000000,0.000000,0.000000,0.000000,0.000000,36.388363,136.363632,200.653793,256.979523,-364.948456,0.000634,-4.723405,9.011970,6631,4,25,-5
36.391296,0.008634,0.150390,-1.964968,0.000397,-0.000022,-0.281942,-0.002339,-1.774934,0.000212,-0.174626,0.000187,-0.000078,10.000000,-169.000000,11.000000,0.094141,0.000106,0.000000,0.000000,0.000000,0.027981,542.000000,0.000000,0.000000,0.000000,0.000000,36.390320,136.363632,200.653793,256.979523,-364.948456,0.000615,-4.723464,9.011970,6631,4,25,-5
36.393250,0.008635,0.150385,-1.965532,0.000392,-0.003561,-0.281910,-0.002433,-1.767965,0.020994,-0.174624,0.000197,-0.000079,10.000000,-169.000000,11.000000,0.094141,0.000106,0.000000,0.000000,0.000000,0.027981,542.000000,0.000000,0.000000,0.000000,0.000000,36.392273,136.363632,200.653793,256.979523,-364.948456,0.000597,-4.723522,9.011970,6631,3,25,-5
36.395203,0.008636,0.150372,-1.966097,0.000387,-0.007087,-0.281839,-0.002523,-1.761336,0.039800,-0.174621,0.000207,-0.000079,10.000000,-169.000000,11.000000,0.094141,0.000106,0.000000,0.000000,0.000000,0.027981,542.000000,0.000000,0.000000,0.000000,0.000000,36.394230,136.363632,200.653793,256.979523,-364.948456,0.000579,-4.723578,9.011970,6631,2,25,-5
36.397160,0.008636,0.150353,-1.966661,0.000382,-0.010600,-0.281734,-0.002611,-1.755015,0.056815,-0.174616,0.000216,-0.000080,10.000000,-169.000000,11.000000,0.094141,0.000106,0.000000,0.000000,0.000000,0.027981,542.000000,0.000000,0.000000,0.000000,0.000000,36.396179,136.363632,200.653793,256.979523,-364.948456,0.000562,-4.723633,9.011970,6631,1,25,-5
36.399113,0.008637,0.150326,-1.967224,0.000377,-0.014101,-0.281597,-0.002695,-1.748975,0.072205,-0.174611,0.000225,-0.000080,10.000000,-169.000000,11.000000,0.094141,0.000106,0.000000,0.000000,0.000000,0.027981,542.000000,0.000000,0.000000,0.000000,0.000000,36.398136,136.363632,200.653793,256.979523,-364.948456,0.000544,-4.723688,9.011970,6631,1,24,-5
36.401066,0.008638,0.150293,-1.967788,0.000371,-0.017590,-0.281432,-0.002776,-1.743190,0.086122,-0.174604,0.000234,-0.000081,10.000000,-169.000000,11.000000,0.094141,0.000106,0.000000,0.000000,0.000000,0.027981,542.000000,0.000000,0.000000,0.000000,0.000000,36.400089,136.363632,200.653793,256.979523,-364.948456,0.000527,-4.723742,9.011970,6631,0,24,-5
36.403019,0.008639,0.150252,-1.968351,0.000365,-0.021068,-0.281240,-0.002853,-1.737636,0.098702,-0.174596,0.000242,-0.000081,10.000000,-169.000000,11.000000,0.094141,0.000106,0.000000,0.000000,0.000000,0.027981,542.000000,0.000000,0.000000,0.000000,0.000000,36.402042,136.363632,200.653793,256.979523,-364.948456,0.000510,-4.723796,9.011970,6631,0,24,-5
36.404976,0.008639,0.150205,-1.968914,0.000360,-0.024536,-0.281026,-0.002927,-1.732292,0.110071,-0.174587,0.000250,-0.000081,10.000000,-169.000000,11.000000,0.094141,0.000106,0.000000,0.000000,0.000000,0.027981,542.000000,0.000000,0.000000,0.000000,0.000000,36.403996,136.363632,200.653793,256.979523,-364.948456,0.000493,-4.723849,9.011970,6631,0,24,-5
36.406929,0.008640,0.150151,-1.969476,0.000354,-0.027992,-0.280790,-0.002996,-1.727140,0.120341,-0.174578,0.000258,-0.000082,10.000000,-169.000000,11.000000,0.094141,0.000106,0.000000,0.000000,0.000000,0.027981,542.000000,0.000000,0.000000,0.000000,0.000000,36.405952,136.363632,200.653793,256.979523,-364.948456,0.000476,-4.723903,9.011970,6631,-1,24,-5
36.408882,0.008641,0.150090,-1.970038,0.000348,-0.031439,-0.280535,-0.003061,-1.722162,0.129615,-0.174568,0.000265,-0.000082,10.000000,-169.000000,11.000000,0.094141,0.000106,0.000000,0.000000,0.000000,0.027981,542.000000,0.000000,0.000000,0.000000,0.000000,36.407906,136.363632,200.653793,256.979523,-364.948456,0.000459,-4.723957,9.011970,6631,-1,24,-5
36.410835,0.008642,0.150021,-1.970599,0.000341,-0.034876,-0.280264,-0.003122,-1.717343,0.137985,-0.174557,0.000271,-0.000082,10.000000,-169.000000,11.000000,0.094141,0.000106,0.000000,0.000000,0.000000,0.027981,542.000000,0.000000,0.000000,0.000000,0.000000,36.409859,136.363632,200.653793,256.979523,-364.948456,0.000442,-4.724010,9.011970,6631,-2,24,-5
36.412788,0.008642,0.149947,-1.971160,0.000335,-0.038304,-0.279976,-0.003178,-1.712669,0.145535,-0.174545,0.000278,-0.000083,10.000000,-169.000000,11.000000,0.094141,0.000106,0.000000,0.000000,0.000000,0.027981,542.000000,0.000000,0.000000,0.000000,0.000000,36.411812,136.363632,200.653793,256.979523,-364.948456,0.000424,-4.724064,9.011970,6631,-2,24,-5
36.414745,0.008643,0.149865,-1.971720,0.000329,-0.041722,-0.279675,-0.003229,-1.708126,0.152343,-0.174533,0.000283,-0.000083,10.000000,-169.000000,11.000000,0.094141,0.000106,0.000000,0.000000,0.000000,0.027981,542.000000,0.000000,0.000000,0.000000,0.000000,36.413769,136.363632,200.653793,256.979523,-364.948456,0.000407,-4.724118,9.011970,6631,-2,24,-5
36.416698,0.008644,0.149776,-1.972279,0.000322,-0.045132,-0.279361,-0.003276,-1.703704,0.158476,-0.174521,0.000289,-0.000083,10.000000,-169.000000,11.000000,0.094141,0.000106,0.000000,0.000000,0.000000,0.027981,542.000000,0.000000,0.000000,0.000000,0.000000,36.415722,136.363632,200.653793,256.979523,-364.948456,0.000390,-4.724173,9.011970,6631,-3,24,-5
36.418652,0.008644,0.149681,-1.972838,0.000315,-0.048533,-0.279036,-0.003318,-1.699392,0.163999,-0.174508,0.000293,-0.000083,10.000000,-170.000000,20.000000,0.094141,0.000106,0.000000,0.000000,0.000000,0.027981,524.000000,0.000000,0.000000,0.000000,0.000000,36.417675,136.363632,200.653793,256.979523,-364.948456,0.000372,-4.724228,9.011970,6631,-3,25,-5
36.420605,0.008645,0.149578,-1.973396,0.000309,-0.051925,-0.278700,-0.003355,-1.695180,0.168967,-0.174495,0.000298,-0.000083,10.000000,-170.000000,20.000000,0.049622,0.000074,0.000000,0.000000,0.067000,-0.254187,524.000000,0.000000,0.000000,0.000000,0.000000,36.419628,134.328384,160.442825,-30.376839,-332.860565,0.000354,-3.777316,9.007015,6365,-3,25,-5
36.422562,0.008645,0.149469,-1.973954,0.000302,-0.055303,-0.278318,-0.003378,-1.686172,0.201167,-0.174482,0.000301,-0.000083,10.000000,-170.000000,20.000000,0.049622,0.000074,0.000000,0.000000,0.000000,-0.254187,524.000000,0.000000,0.000000,0.000000,0.000000,36.421585,134.328384,160.442825,-30.376839,-332.860565,0.000336,-3.777374,9.007015,6365,-4,25,-5
36.424515,0.008646,0.149354,-1.974510,0.000295,-0.058660,-0.277858,-0.003394,-1.676136,0.239221,-0.174468,0.000305,-0.000083,10.000000,-170.000000,20.000000,0.049622,0.000074,0.000000,0.000000,0.000000,-0.254187,524.000000,0.000000,0.000000,0.000000,0.000000,36.423534,134.328384,160.442825,-30.376839,-332.860565,0.000317,-3.777435,9.007015,6365,-4,25,-4
36.426468,0.008647,0.149231,-1.975066,0.000288,-0.061998,-0.277328,-0.003406,-1.666751,0.273626,-0.174455,0.000308,-0.000083,10.000000,-170.000000,20.000000,0.049622,0.000074,0.000000,0.000000,0.000000,-0.254187,524.000000,0.000000,0.000000,0.000000,0.000000,36.425491,134.328384,160.442825,-30.376839,-332.860565,0.000304,-3.777474,9.007015,6365,-4,25,-4
36.428421,0.008647,0.149102,-1.975620,0.000282,-0.065319,-0.276734,-0.003414,-1.657954,0.304721,-0.174441,0.000310,-0.000083,10.000000,-170.000000,20.000000,0.049622,0.000074,0.000000,0.000000,0.000000,-0.254187,524.000000,0.000000,0.000000,0.000000,0.000000,36.427444,134.328384,160.442825,-30.376839,-332.860565,0.000298,-3.777493,9.007015,6365,-4,25,-4
36.430374,0.008648,0.148966,-1.976173,0.000275,-0.068622,-0.276082,-0.003419,-1.649692,0.332815,-0.174427,0.000312,-0.000082,10.000000,-170.000000,20.000000,0.049622,0.000074,0.000000,0.000000,0.000000,-0.254187,524.000000,0.000000,0.000000,0.000000,0.000000,36.429401,134.328384,160.442825,-30.376839,-332.860565,0.000291,-3.777515,9.007015,6365,-5,26,-4
36.432331,0.008648,0.148824,-1.976725,0.000268,-0.071910,-0.275378,-0.003419,-1.641917,0.358190,-0.174414,0.000313,-0.000082,10.000000,-170.000000,20.000000,0.049622,0.000074,0.000000,0.000000,0.000000,-0.254187,524.000000,0.000000,0.000000,0.000000,0.000000,36.431351,134.328384,160.442825,-30.376839,-332.860565,0.000283,-3.777541,9.007015,6365,-5,26,-4
36.434284,0.008649,0.148675,-1.977275,0.000261,-0.075182,-0.274627,-0.003416,-1.634584,0.381097,-0.174400,0.000314,-0.000082,10.000000,-170.000000,20.000000,0.049622,0.000074,0.000000,0.000000,0.000000,-0.254187,524.000000,0.000000,0.000000,0.000000,0.000000,36.433308,134.328384,160.442825,-30.376839,-332.860565,0.000273,-3.777570,9.007015,6365,-5,26,-4
36.436237,0.008649,0.148520,-1.977823,0.000254,-0.078441,-0.273833,-0.003409,-1.627654,0.401766,-0.174387,0.000315,-0.000081,10.000000,-170.000000,20.000000,0.049622,0.000074,0.000000,0.000000,0.000000,-0.254187,524.000000,0.000000,0.000000,0.000000,0.000000,36.435261,134.328384,160.442825,-30.376839,-332.860565,0.000263,-3.777602,9.007015,6365,-5,26,-4
36.438190,0.008650,0.148358,-1.978370,0.000247,-0.081687,-0.273001,-0.003399,-1.621089,0.420405,-0.174373,0.000315,-0.000081,10.000000,-170.000000,20.000000,0.049622,0.000074,0.000000,0.000000,0.000000,-0.254187,524.000000,0.000000,0.000000,0.000000,0.000000,36.437218,134.328384,160.442825,-30.376839,-332.860565,0.000252,-3.777636,9.007015,6365,-5,26,-4
36.440147,0.008650,0.148189,-1.978916,0.000241,-0.084919,-0.272135,-0.003385,-1.614857,0.437205,-0.174360,0.000314,-0.000080,10.000000,-170.000000,20.000000,0.049622,0.000074,0.000000,0.000000,0.000000,-0.254187,524.000000,0.000000,0.000000,0.000000,0.000000,36.439167,134.328384,160.442825,-30.376839,-332.860565,0.000241,-3.777673,9.007015,6365,-5,26,-4
36.442101,0.008651,0.148014,-1.979459,0.000234,-0.088140,-0.271238,-0.003367,-1.608928,0.452336,-0.174348,0.000314,-0.000080,10.000000,-170.000000,20.000000,0.049622,0.000074,0.000000,0.000000,0.000000,-0.254187,524.000000,0.000000,0.000000,0.000000,0.000000,36.441124,134.328384,160.442825,-30.376839,-332.860565,0.000228,-3.777712,9.007015,6365,-5,27,-4
36.444054,0.008651,0.147833,-1.980001,0.000227,-0.091350,-0.270313,-0.003345,-1.603275,0.465954,-0.174335,0.000312,-0.000079,10.000000,-170.000000,20.000000,0.049622,0.000074,0.000000,0.000000,0.000000,-0.254187,524.000000,0.000000,0.000000,0.000000,0.000000,36.443077,134.328384,160.442825,-30.376839,-332.860565,0.000215,-3.777753,9.007015,6365,-5,27,-3
36.446007,0.008652,0.147646,-1.980541,0.000221,-0.094548,-0.269362,-0.003321,-1.597875,0.478202,-0.174323,0.000311,-0.000078,10.000000,-170.000000,20.000000,0.049622,0.000074,0.000000,0.000000,0.000000,-0.254187,524.000000,0.000000,0.000000,0.000000,0.000000,36.445030,134.328384,160.442825,-30.376839,-332.860565,0.000208,-3.777774,9.007015,6365,-5,27,-3
36.447964,0.008652,0.147451,-1.981078,0.000214,-0.097736,-0.268389,-0.003292,-1.592702,0.489205,-0.174312,0.000309,-0.000078,10.000000,-170.000000,20.000000,0.049622,0.000074,0.000000,0.000000,0.000000,-0.254187,524.000000,0.000000,0.000000,0.000000,0.000000,36.446983,134.328384,160.442825,-30.376839,-332.860565,0.000208,-3.777776,9.007015,6365,-5,27,-3
36.449917,0.008652,0.147251,-1.981614,0.000207,-0.100914,-0.267396,-0.003261,-1.587737,0.499080,-0.174300,0.000307,-0.000077,10.000000,-170.000000,20.000000,0.049622,0.000074,0.000000,0.000000,0.000000,-0.254187,524.000000,0.000000,0.000000,0.000000,0.000000,36.448940,134.328384,160.442825,-30.376839,-332.860565,0.000205,-3.777784,9.007015,6365,-5,27,-3
36.451870,0.008653,0.147044,-1.982148,0.000201,-0.104082,-0.266384,-0.003227,-1.582962,0.507932,-0.174289,0.000304,-0.000076,10.000000,-170.000000,20.000000,0.049622,0.000074,0.000000,0.000000,0.000000,-0.254187,524.000000,0.000000,0.000000,0.000000,0.000000,36.450893,134.328384,160.442825,-30.376839,-332.860565,0.000202,-3.777796,9.007015,6365,-5,28,-3
36.453823,0.008653,0.146831,-1.982680,0.000195,-0.107241,-0.265356,-0.003190,-1.578361,0.515857,-0.174279,0.000301,-0.000075,10.000000,-170.000000,20.000000,0.049622,0.000074,0.000000,0.000000,0.000000,-0.254187,524.000000,0.000000,0.000000,0.000000,0.000000,36.452847,134.328384,160.442825,-30.376839,-332.860565,0.000196,-3.777812,9.007015,6365,-5,28,-3
36.455776,0.008654,0.146612,-1.983209,0.000188,-0.110391,-0.264314,-0.003150,-1.573919,0.522941,-0.174269,0.000298,-0.000074,10.000000,-170.000000,20.000000,0.049622,0.000074,0.000000,0.000000,0.000000,-0.254187,524.000000,0.000000,0.000000,0.000000,0.000000,36.454800,134.328384,160.442825,-30.376839,-332.860565,0.000190,-3.777832,9.007015,6365,-5,28,-3
36.457733,0.008654,0.146386,-1.983737,0.000182,-0.113533,-0.263258,-0.003108,-1.569621,0.529264,-0.174259,0.000294,-0.000073,10.000000,-170.000000,20.000000,0.049622,0.000074,0.000000,0.000000,0.000000,-0.254187,524.000000,0.000000,0.000000,0.000000,0.000000,36.456757,134.328384,160.442825,-30.376839,-332.860565,0.000182,-3.777856,9.007015,6365,-5,28,-3
36.459686,0.008654,0.146154,-1.984262,0.000176,-0.116666,-0.262191,-0.003063,-1.565455,0.534896,-0.174250,0.000290,-0.000072,10.000000,-170.000000,20.000000,0.049622,0.000074,0.000000,0.000000,0.000000,-0.254187,524.000000,0.000000,0.000000,0.000000,0.000000,36.458710,134.328384,160.442825,-30.376839,-332.860565,0.000174,-3.777883,9.007015,6365,-5,28,-3
36.461639,0.008655,0.145916,-1.984786,0.000170,-0.119790,-0.261114,-0.003016,-1.561410,0.539900,-0.174241,0.000286,-0.000071,10.000000,-170.000000,20.000000,0.049622,0.000074,0.000000,0.000000,0.000000,-0.254187,524.000000,0.000000,0.000000,0.000000,0.000000,36.460663,134.328384,160.442825,-30.376839,-332.860565,0.000164,-3.777913,9.007015,6365,-5,29,-3
36.463593,0.008655,0.145671,-1.985307,0.000164,-0.122907,-0.260027,-0.002967,-1.557476,0.544338,-0.174233,0.000282,-0.000070,10.000000,-170.000000,20.000000,0.049622,0.000074,0.000000,0.000000,0.000000,-0.254187,524.000000,0.000000,0.000000,0.000000,0.000000,36.462616,134.328384,160.442825,-30.376839,-332.860565,0.000154,-3.777946,9.007015,6365,-5,29,-2
36.465549,0.008655,0.145420,-1.985826,0.000158,-0.126016,-0.258933,-0.002915,-1.553646,0.548261,-0.174226,0.000277,-0.000069,10.000000,-170.000000,20.000000,0.049622,0.000074,0.000000,0.000000,0.000000,-0.254187,524.000000,0.000000,0.000000,0.000000,0.000000,36.464573,134.328384,160.442825,-30.376839,-332.860565,0.000150,-3.777959,9.007015,6365,-5,29,-2
36.467503,0.008656,0.145164,-1.986342,0.000152,-0.129118,-0.257831,-0.002861,-1.549906,0.551717,-0.174219,0.000272,-0.000068,10.000000,-170.000000,20.000000,0.049622,0.000074,0.000000,0.000000,0.000000,-0.254187,524.000000,0.000000,0.000000,0.000000,0.000000,36.466522,134.328384,160.442825,-30.376839,-332.860565,0.000151,-3.777954,9.007015,6365,-5,29,-2
36.469456,0.008656,0.144900,-1.986857,0.000147,-0.132212,-0.256723,-0.002806,-1.546252,0.554750,-0.174212,0.000267,-0.000066,10.000000,-170.000000,20.000000,0.049622,0.000074,0.000000,0.000000,0.000000,-0.254187,524.000000,0.000000,0.000000,0.000000,0.000000,36.468479,134.328384,160.442825,-30.376839,-332.860565,0.000151,-3.777955,9.007015,6365,-4,29,-2
36.471409,0.008656,0.144631,-1.987369,0.000141,-0.135300,-0.255610,-0.002748,-1.542677,0.557400,-0.174206,0.000262,-0.000065,10.000000,-170.000000,20.000000,0.049622,0.000074,0.000000,0.000000,0.000000,-0.254187,524.000000,0.000000,0.000000,0.000000,0.000000,36.470432,134.328384,160.442825,-30.376839,-332.860565,0.000149,-3.777961,9.007015,6365,-4,29,-2
36.473366,0.008657,0.144356,-1.987879,0.000136,-0.138380,-0.254491,-0.002690,-1.539174,0.559703,-0.174201,0.000256,-0.000064,10.000000,-170.000000,20.000000,0.049622,0.000074,0.000000,0.000000,0.000000,-0.254187,524.000000,0.000000,0.000000,0.000000,0.000000,36.472389,134.328384,160.442825,-30.376839,-332.860565,0.000145,-3.777972,9.007015,6365,-4,30,-2
36.475319,0.008657,0.144074,-1.988387,0.000130,-0.141453,-0.253369,-0.002629,-1.535738,0.561692,-0.174196,0.000251,-0.000063,10.000000,-170.000000,20.000000,0.049622,0.000074,0.000000,0.000000,0.000000,-0.254187,524.000000,0.000000,0.000000,0.000000,0.000000,36.474339,134.328384,160.442825,-30.376839,-332.860565,0.000141,-3.777987,9.007015,6365,-4,30,-2
36.477272,0.008657,0.143786,-1.988893,0.000125,-0.144519,-0.252243,-0.002568,-1.532363,0.563396,-0.174191,0.000245,-0.000061,10.000000,-170.000000,20.000000,0.049622,0.000074,0.000000,0.000000,0.000000,-0.254187,524.000000,0.000000,0.000000,0.000000,0.000000,36.476295,134.328384,160.442825,-30.376839,-332.860565,0.000135,-3.778005,9.007015,6365,-4,30,-2
36.479225,0.008657,0.143492,-1.989396,0.000120,-0.147579,-0.251114,-0.002505,-1.529045,0.564842,-0.174188,0.000239,-0.000060,10.000000,-170.000000,20.000000,0.049622,0.000074,0.000000,0.000000,0.000000,-0.254187,524.000000,0.000000,0.000000,0.000000,0.000000,36.478249,134.328384,160.442825,-30.376839,-332.860565,0.000128,-3.778028,9.007015,6365,-4,30,-2
36.481178,0.008658,0.143192,-1.989897,0.000115,-0.150632,-0.249982,-0.002442,-1.525778,0.566053,-0.174184,0.000233,-0.000059,10.000000,-170.000000,20.000000,0.049622,0.000074,0.000000,0.000000,0.000000,-0.254187,524.000000,0.000000,0.000000,0.000000,0.000000,36.480206,134.328384,160.442825,-30.376839,-332.860565,0.000119,-3.778054,9.007015,6365,-3,30,-2
36.483135,0.008658,0.142886,-1.990396,0.000110,-0.153679,-0.248849,-0.002378,-1.522560,0.567053,-0.174182,0.000227,-0.000057,10.000000,-170.000000,20.000000,0.049622,0.000074,0.000000,0.000000,0.000000,-0.254187,524.000000,0.000000,0.000000,0.000000,0.000000,36.482155,134.328384,160.442825,-30.376839,-332.860565,0.000110,-3.778082,9.007015,6365,-3,30,-1
36.485088,0.008658,0.142574,-1.990892,0.000106,-0.156719,-0.247713,-0.002313,-1.519389,0.567860,-0.174180,0.000221,-0.000056,10.000000,-170.000000,20.000000,0.049622,0.000074,0.000000,0.000000,0.000000,-0.254187,524.000000,0.000000,0.000000,0.000000,0.000000,36.484112,134.328384,160.442825,-30.376839,-332.860565,0.000108,-3.778091,9.007015,6365,-3,30,-1
36.487041,0.008658,0.142255,-1.991387,0.000101,-0.159753,-0.246577,-0.002248,-1.516257,0.568493,-0.174178,0.000215,-0.000055,10.000000,-170.000000,20.000000,0.049622,0.000074,0.000000,0.000000,0.000000,-0.254187,524.000000,0.000000,0.000000,0.000000,0.000000,36.486065,134.328384,160.442825,-30.376839,-332.860565,0.000110,-3.778082,9.007015,6365,-3,31,-1
36.488995,0.008658,0.141931,-1.991878,0.000097,-0.162781,-0.245439,-0.002182,-1.513163,0.568970,-0.174177,0.000209,-0.000054,10.000000,-170.000000,20.000000,0.049622,0.000074,0.000000,0.000000,0.000000,-0.254187,524.000000,0.000000,0.000000,0.000000,0.000000,36.488022,134.328384,160.442825,-30.376839,-332.860565,0.000111,-3.778079,9.007015,6365,-2,31,-1
36.490952,0.008659,0.141601,-1.992368,0.000093,-0.165803,-0.244300,-0.002116,-1.510105,0.569303,-0.174176,0.000202,-0.000052,10.000000,-170.000000,20.000000,0.049622,0.000074,0.000000,0.000000,0.000000,-0.254187,524.000000,0.000000,0.000000,0.000000,0.000000,36.489971,134.328384,160.442825,-30.376839,-332.860565,0.000111,-3.778080,9.007015,6365,-2,31,-1
36.492905,0.008659,0.141264,-1.992855,0.000088,-0.168819,-0.243162,-0.002050,-1.507079,0.569507,-0.174176,0.000196,-0.000051,10.000000,-170.000000,20.000000,0.049622,0.000074,0.000000,0.000000,0.000000,-0.254187,524.000000,0.000000,0.000000,0.000000,0.000000,36.491928,134.328384,160.442825,-30.376839,-332.860565,0.000109,-3.778087,9.007015,6365,-2,31,-1
36.494858,0.008659,0.140922,-1.993341,0.000084,-0.171828,-0.242022,-0.001984,-1.504084,0.569595,-0.174176,0.000190,-0.000050,10.000000,-170.000000,20.000000,0.049622,0.000074,0.000000,0.000000,0.000000,-0.254187,524.000000,0.000000,0.000000,0.000000,0.000000,36.493881,134.328384,160.442825,-30.376839,-332.860565,0.000106,-3.778097,9.007015,6365,-2,31,-1
36.496811,0.008659,0.140573,-1.993823,0.000081,-0.174832,-0.240883,-0.001918,-1.501117,0.569576,-0.174177,0.000183,-0.000048,10.000000,-171.000000,29.000000,0.049622,0.000074,0.000000,0.000000,0.000000,-0.254187,500.000000,0.000000,0.000000,0.000000,0.000000,36.495834,134.328384,160.442825,-30.376839,-332.860565,0.000101,-3.778112,9.007015,6365,-2,31,-1
36.498768,0.008659,0.140219,-1.994304,0.000077,-0.177830,-0.239744,-0.001852,-1.498176,0.569461,-0.174178,0.000177,-0.000047,10.000000,-171.000000,29.000000,-0.000771,0.000019,0.000000,0.000000,0.067000,-0.354011,500.000000,0.000000,0.000000,0.000000,0.000000,36.497787,134.328354,139.849976,-0.000455,-261.676331,0.000095,-3.293168,9.002015,6247,-1,31,-1
36.500721,0.008659,0.139858,-1.994782,0.000073,-0.180819,-0.238589,-0.001785,-1.493095,0.581564,-0.174179,0.000171,-0.000046,10.000000,-171.000000,29.000000,-0.000771,0.000019,0.000000,0.000000,0.000000,-0.354011,500.000000,0.000000,0.000000,0.000000,0.000000,36.499744,134.328354,139.849976,-0.000455,-261.676331,0.000088,-3.293190,9.002015,6247,-1,31,-1
36.502674,0.008660,0.139492,-1.995258,0.000070,-0.183797,-0.237404,-0.001718,-1.487544,0.596387,-0.174181,0.000164,-0.000044,10.000000,-171.000000,29.000000,-0.000771,0.000019,0.000000,0.000000,0.000000,-0.354011,500.000000,0.000000,0.000000,0.000000,0.000000,36.501698,134.328354,139.849976,-0.000455,-261.676331,0.000080,-3.293215,9.002015,6247,-1,31,-1
36.504627,0.008660,0.139119,-1.995731,0.000066,-0.186764,-0.236191,-0.001652,-1.482266,0.609704,-0.174183,0.000158,-0.000043,10.000000,-171.000000,29.000000,-0.000771,0.000019,0.000000,0.000000,0.000000,-0.354011,500.000000,0.000000,0.000000,0.000000,0.000000,36.503651,134.328354,139.849976,-0.000455,-261.676331,0.000071,-3.293244,9.002015,6247,-1,31,0
36.506580,0.008660,0.138741,-1.996202,0.000063,-0.189721,-0.234953,-0.001587,-1.477239,0.621655,-0.174185,0.000152,-0.000042,10.000000,-171.000000,29.000000,-0.000771,0.000019,0.000000,0.000000,0.000000,-0.354011,500.000000,0.000000,0.000000,0.000000,0.000000,36.505604,134.328354,139.849976,-0.000455,-261.676331,0.000069,-3.293252,9.002015,6247,-1,31,0
36.508537,0.008660,0.138357,-1.996671,0.000060,-0.192668,-0.233694,-0.001523,-1.472437,0.632366,-0.174188,0.000146,-0.000041,10.000000,-171.000000,29.000000,-0.000771,0.000019,0.000000,0.000000,0.000000,-0.354011,500.000000,0.000000,0.000000,0.000000,0.000000,36.507561,134.328354,139.849976,-0.000455,-261.676331,0.000072,-3.293242,9.002015,6247,0,31,0
36.510490,0.008660,0.137967,-1.997137,0.000057,-0.195606,-0.232414,-0.001461,-1.467840,0.641955,-0.174191,0.000140,-0.000040,10.000000,-171.000000,29.000000,-0.000771,0.000019,0.000000,0.000000,0.000000,-0.354011,500.000000,0.000000,0.000000,0.000000,0.000000,36.509514,134.328354,139.849976,-0.000455,-261.676331,0.000073,-3.293237,9.002015,6247,0,31,0
36.512444,0.008660,0.137571,-1.997600,0.000054,-0.198535,-0.231117,-0.001399,-1.463431,0.650525,-0.174194,0.000134,-0.000038,10.000000,-171.000000,29.000000,-0.000771,0.000019,0.000000,0.000000,0.000000,-0.354011,500.000000,0.000000,0.000000,0.000000,0.000000,36.511467,134.328354,139.849976,-0.000455,-261.676331,0.000073,-3.293237,9.002015,6247,0,31,0
36.514397,0.008660,0.137169,-1.998061,0.000052,-0.201456,-0.229805,-0.001339,-1.459191,0.658171,-0.174197,0.000129,-0.000037,10.000000,-171.000000,29.000000,-0.000771,0.000019,0.000000,0.000000,0.000000,-0.354011,500.000000,0.000000,0.000000,0.000000,0.000000,36.513420,134.328354,139.849976,-0.000455,-261.676331,0.000072,-3.293241,9.002015,6247,0,31,0
36.516354,0.008660,0.136761,-1.998519,0.000049,-0.204368,-0.228478,-0.001281,-1.455106,0.664981,-0.174201,0.000123,-0.000036,10.000000,-171.000000,29.000000,-0.000771,0.000019,0.000000,0.000000,0.000000,-0.354011,500.000000,0.000000,0.000000,0.000000,0.000000,36.515377,134.328354,139.849976,-0.000455,-261.676331,0.000069,-3.293250,9.002015,6247,0,31,0
36.518307,0.008660,0.136348,-1.998975,0.000047,-0.207272,-0.227139,-0.001223,-1.451162,0.671032,-0.174204,0.000117,-0.000035,10.000000,-171.000000,29.000000,-0.000771,0.000019,0.000000,0.000000,0.000000,-0.354011,500.000000,0.000000,0.000000,0.000000,0.000000,36.517326,134.328354,139.849976,-0.000455,-261.676331,0.000065,-3.293263,9.002015,6247,0,31,0
36.520260,0.008660,0.135928,-1.999427,0.000044,-0.210169,-0.225789,-0.001167,-1.447346,0.676394,-0.174208,0.000112,-0.000034,10.000000,-171.000000,29.000000,-0.000771,0.000019,0.000000,0.000000,0.000000,-0.354011,500.000000,0.000000,0.000000,0.000000,0.000000,36.519283,134.328354,139.849976,-0.000455,-261.676331,0.000060,-3.293279,9.002015,6247,0,31,0
36.522213,0.008661,0.135503,-1.999877,0.000042,-0.213058,-0.224429,-0.001112,-1.443646,0.681133,-0.174212,0.000107,-0.000033,10.000000,-171.000000,29.000000,-0.000771,0.000019,0.000000,0.000000,0.000000,-0.354011,500.000000,0.000000,0.000000,0.000000,0.000000,36.521236,134.328354,139.849976,-0.000455,-261.676331,0.000053,-3.293299,9.002015,6247,0,31,0
36.524170,0.008661,0.135072,-2.000324,0.000040,-0.215940,-0.223060,-0.001059,-1.440053,0.685306,-0.174217,0.000101,-0.000032,10.000000,-171.000000,29.000000,-0.000771,0.000019,0.000000,0.000000,0.000000,-0.354011,500.000000,0.000000,0.000000,0.000000,0.000000,36.523193,134.328354,139.849976,-0.000455,-261.676331,0.000046,-3.293322,9.002015,6247,0,31,0
36.526123,0.008661,0.134636,-2.000769,0.000038,-0.218815,-0.221684,-0.001006,-1.436556,0.688966,-0.174221,0.000096,-0.000031,10.000000,-171.000000,29.000000,-0.000771,0.000019,0.000000,0.000000,0.000000,-0.354011,500.000000,0.000000,0.000000,0.000000,0.000000,36.525143,134.328354,139.849976,-0.000455,-261.676331,0.000038,-3.293348,9.002015,6247,0,31,0
36.528076,0.008661,0.134193,-2.001211,0.000036,-0.221682,-0.220301,-0.000955,-1.433148,0.692162,-0.174225,0.000091,-0.000030,10.000000,-171.000000,29.000000,-0.000771,0.000019,0.000000,0.000000,0.000000,-0.354011,500.000000,0.000000,0.000000,0.000000,0.000000,36.527100,134.328354,139.849976,-0.000455,-261.676331,0.000029,-3.293376,9.002015,6247,0,31,0
36.530029,0.008661,0.133745,-2.001650,0.000034,-0.224544,-0.218913,-0.000905,-1.429820,0.694936,-0.174230,0.000086,-0.000029,10.000000,-171.000000,29.000000,-0.000771,0.000019,0.000000,0.000000,0.000000,-0.354011,500.000000,0.000000,0.000000,0.000000,0.000000,36.529053,134.328354,139.849976,-0.000455,-261.676331,0.000019,-3.293407,9.002015,6247,0,31,0
36.531982,0.008661,0.133291,-2.002086,0.000032,-0.227399,-0.217519,-0.000856,-1.426566,0.697328,-0.174235,0.000081,-0.000028,10.000000,-171.000000,29.000000,-0.000771,0.000019,0.000000,0.000000,0.000000,-0.354011,500.000000,0.000000,0.000000,0.000000,0.000000,36.531010,134.328354,139.849976,-0.000455,-261.676331,0.000008,-3.293440,9.002015,6247,0,31,0
36.533939,0.008661,0.132832,-2.002519,0.000031,-0.230247,-0.216122,-0.000809,-1.423378,0.699375,-0.174239,0.000077,-0.000027,10.000000,-171.000000,29.000000,-0.000771,0.000019,0.000000,0.000000,0.000000,-0.354011,500.000000,0.000000,0.000000,0.000000,0.000000,36.532959,134.328354,139.849976,-0.000455,-261.676331,-0.000003,-3.293476,9.002015,6247,0,31,0
36.535892,0.008661,0.132367,-2.002950,0.000029,-0.233089,-0.214720,-0.000762,-1.420252,0.701107,-0.174244,0.000072,-0.000027,10.000000,-171.000000,29.000000,-0.000771,0.000019,0.000000,0.000000,0.000000,-0.354011,500.000000,0.000000,0.000000,0.000000,0.000000,36.534916,134.328354,139.849976,-0.000455,-261.676331,-0.000015,-3.293514,9.002015,6247,0,31,0
36.537846,0.008661,0.131896,-2.003377,0.000028,-0.235925,-0.213316,-0.000717,-1.417181,0.702556,-0.174249,0.000068,-0.000026,10.000000,-171.000000,29.000000,-0.000771,0.000019,0.000000,0.000000,0.000000,-0.354011,500.000000,0.000000,0.000000,0.000000,0.000000,36.536869,134.328354,139.849976,-0.000455,-261.676331,-0.000028,-3.293553,9.002015,6247,0,31,0
36.539799,0.008661,0.131419,-2.003803,0.000026,-0.238755,-0.211909,-0.000673,-1.414162,0.703746,-0.174254,0.000063,-0.000025,10.000000,-171.000000,29.000000,-0.000771,0.000019,0.000000,0.000000,0.000000,-0.354011,500.000000,0.000000,0.000000,0.000000,0.000000,36.538822,134.328354,139.849976,-0.000455,-261.676331,-0.000041,-3.293595,9.002015,6247,1,31,0
36.541756,0.008661,0.130937,-2.004225,0.000025,-0.241579,-0.210500,-0.000631,-1.411190,0.704704,-0.174259,0.000059,-0.000025,10.000000,-171.000000,29.000000,-0.000771,0.000019,0.000000,0.000000,0.000000,-0.354011,500.000000,0.000000,0.000000,0.000000,0.000000,36.540775,134.328354,139.849976,-0.000455,-261.676331,-0.000055,-3.293638,9.002015,6247,1,31,1
36.543709,0.008661,0.130449,-2.004644,0.000024,-0.244396,-0.209089,-0.000589,-1.408262,0.705450,-0.174264,0.000055,-0.000024,10.000000,-171.000000,29.000000,-0.000771,0.000019,0.000000,0.000000,0.000000,-0.354011,500.000000,0.000000,0.000000,0.000000,0.000000,36.542732,134.328354,139.849976,-0.000455,-261.676331,-0.000062,-3.293660,9.002015,6247,1,31,1
36.545662,0.008661,0.129955,-2.005060,0.000023,-0.247209,-0.207678,-0.000549,-1.405371,0.706005,-0.174269,0.000051,-0.000023,10.000000,-171.000000,29.000000,-0.000771,0.000019,0.000000,0.000000,0.000000,-0.354011,500.000000,0.000000,0.000000,0.000000,0.000000,36.544685,134.328354,139.849976,-0.000455,-261.676331,-0.000062,-3.293663,9.002015,6247,1,31,1
36.547615,0.008661,0.129456,-2.005474,0.000022,-0.250015,-0.206265,-0.000510,-1.402516,0.706386,-0.174274,0.000047,-0.000023,10.000000,-171.000000,29.000000,-0.000771,0.000019,0.000000,0.000000,0.000000,-0.354011,500.000000,0.000000,0.000000,0.000000,0.000000,36.546638,134.328354,139.849976,-0.000455,-261.676331,-0.000065,-3.293670,9.002015,6247,1,31,1
36.549568,0.008661,0.128952,-2.005885,0.000021,-0.252816,-0.204852,-0.000473,-1.399694,0.706610,-0.174279,0.000043,-0.000022,10.000000,-171.000000,29.000000,-0.000771,0.000019,0.000000,0.000000,0.000000,-0.354011,500.000000,0.000000,0.000000,0.000000,0.000000,36.548592,134.328354,139.849976,-0.000455,-261.676331,-0.000068,-3.293682,9.002015,6247,1,31,1
36.551525,0.008661,0.128441,-2.006293,0.000020,-0.255611,-0.203438,-0.000437,-1.396902,0.706692,-0.174284,0.000039,-0.000022,10.000000,-171.000000,29.000000,-0.000771,0.000019,0.000000,0.000000,0.000000,-0.354011,500.000000,0.000000,0.000000,0.000000,0.000000,36.550549,134.328354,139.849976,-0.000455,-261.676331,-0.000073,-3.293697,9.002015,6247,1,31,1
36.553478,0.008661,0.127925,-2.006698,0.000019,-0.258401,-0.202025,-0.000402,-1.394138,0.706644,-0.174289,0.000036,-0.000021,10.000000,-171.000000,29.000000,-0.000771,0.000019,0.000000,0.000000,0.000000,-0.354011,500.000000,0.000000,0.000000,0.000000,0.000000,36.552502,134.328354,139.849976,-0.000455,-261.676331,-0.000079,-3.293716,9.002015,6247,1,31,1
36.555431,0.008662,0.127404,-2.007100,0.000018,-0.261185,-0.200612,-0.000369,-1.391399,0.706480,-0.174294,0.000033,-0.000021,10.000000,-172.000000,37.000000,-0.000771,0.000019,0.000000,0.000000,0.000000,-0.354011,482.000000,0.000000,0.000000,0.000000,0.000000,36.554455,134.328354,139.849976,-0.000455,-261.676331,-0.000086,-3.293738,9.002015,6247,1,31,2
36.557384,0.008662,0.126877,-2.007500,0.000017,-0.263964,-0.199199,-0.000338,-1.388684,0.706210,-0.174299,0.000029,-0.000021,10.000000,-172.000000,37.000000,-0.034526,0.000004,0.000000,0.000000,0.066000,-0.280319,482.000000,0.000000,0.000000,0.000000,0.000000,36.556408,121.212097,122.602684,-198.731125,-248.863098,-0.000087,-2.887567,8.996969,6158,1,31,2
36.559341,0.008662,0.126344,-2.007896,0.000017,-0.266735,-0.197775,-0.000307,-1.384355,0.715124,-0.174304,0.000026,-0.000020,10.000000,-172.000000,37.000000,-0.034526,0.000004,0.000000,0.000000,0.000000,-0.280319,482.000000,0.000000,0.000000,0.000000,0.000000,36.558365,121.212097,122.602684,-198.731125,-248.863098,-0.000082,-2.887552,8.996969,6158,1,31,2
36.561295,0.008662,0.125806,-2.008290,0.000016,-0.269496,-0.196328,-0.000279,-1.379674,0.726063,-0.174308,0.000024,-0.000020,10.000000,-172.000000,37.000000,-0.034526,0.000004,0.000000,0.000000,0.000000,-0.280319,482.000000,0.000000,0.000000,0.000000,0.000000,36.560314,121.212097,122.602684,-198.731125,-248.863098,-0.000079,-2.887543,8.996969,6158,1,31,2
36.563248,0.008662,0.125262,-2.008681,0.000016,-0.272249,-0.194861,-0.000251,-1.375202,0.735840,-0.174313,0.000021,-0.000019,10.000000,-172.000000,37.000000,-0.034526,0.000004,0.000000,0.000000,0.000000,-0.280319,482.000000,0.000000,0.000000,0.000000,0.000000,36.562271,121.212097,122.602684,-198.731125,-248.863098,-0.000078,-2.887539,8.996969,6158,1,31,2
36.565201,0.008662,0.124713,-2.009069,0.000015,-0.274993,-0.193377,-0.000226,-1.370919,0.744565,-0.174317,0.000018,-0.000019,10.000000,-172.000000,37.000000,-0.034526,0.000004,0.000000,0.000000,0.000000,-0.280319,482.000000,0.000000,0.000000,0.000000,0.000000,36.564224,121.212097,122.602684,-198.731125,-248.863098,-0.000078,-2.887539,8.996969,6158,1,31,3
36.567158,0.008662,0.124159,-2.009454,0.000015,-0.277729,-0.191876,-0.000203,-1.366811,0.752335,-0.174322,0.000016,-0.000019,10.000000,-172.000000,37.000000,-0.034526,0.000004,0.000000,0.000000,0.000000,-0.280319,482.000000,0.000000,0.000000,0.000000,0.000000,36.566181,121.212097,122.602684,-198.731125,-248.863098,-0.000073,-2.887522,8.996969,6158,1,31,3
36.569111,0.008662,0.123598,-2.009836,0.000015,-0.280456,-0.190361,-0.000181,-1.362857,0.759241,-0.174326,0.000014,-0.000019,10.000000,-172.000000,37.000000,-0.034526,0.000004,0.000000,0.000000,0.000000,-0.280319,482.000000,0.000000,0.000000,0.000000,0.000000,36.568130,121.212097,122.602684,-198.731125,-248.863098,-0.000062,-2.887487,8.996969,6158,2,31,3
36.571064,0.008662,0.123033,-2.010215,0.000014,-0.283176,-0.188833,-0.000161,-1.359046,0.765361,-0.174331,0.000012,-0.000018,10.000000,-172.000000,37.000000,-0.034526,0.000004,0.000000,0.000000,0.000000,-0.280319,482.000000,0.000000,0.000000,0.000000,0.000000,36.570087,121.212097,122.602684,-198.731125,-248.863098,-0.000053,-2.887460,8.996969,6158,2,31,3
36.573017,0.008662,0.122462,-2.010590,0.000014,-0.285889,-0.187294,-0.000143,-1.355364,0.770770,-0.174335,0.000010,-0.000018,10.000000,-172.000000,37.000000,-0.034526,0.000004,0.000000,0.000000,0.000000,-0.280319,482.000000,0.000000,0.000000,0.000000,0.000000,36.572041,121.212097,122.602684,-198.731125,-248.863098,-0.000046,-2.887439,8.996969,6158,2,31,3
36.574970,0.008662,0.121885,-2.010963,0.000014,-0.288594,-0.185745,-0.000126,-1.351800,0.775534,-0.174339,0.000008,-0.000018,10.000000,-172.000000,37.000000,-0.034526,0.000004,0.000000,0.000000,0.000000,-0.280319,482.000000,0.000000,0.000000,0.000000,0.000000,36.573997,121.212097,122.602684,-198.731125,-248.863098,-0.000042,-2.887424,8.996969,6158,2,31,3
36.576927,0.008662,0.121304,-2.011333,0.000013,-0.291293,-0.184188,-0.000112,-1.348342,0.779713,-0.174343,0.000007,-0.000018,10.000000,-172.000000,37.000000,-0.034526,0.000004,0.000000,0.000000,0.000000,-0.280319,482.000000,0.000000,0.000000,0.000000,0.000000,36.575947,121.212097,122.602684,-198.731125,-248.863098,-0.000038,-2.887414,8.996969,6158,2,31,3
36.578880,0.008662,0.120716,-2.011699,0.000013,-0.293984,-0.182623,-0.000099,-1.344982,0.783362,-0.174347,0.000006,-0.000018,10.000000,-172.000000,37.000000,-0.034526,0.000004,0.000000,0.000000,0.000000,-0.280319,482.000000,0.000000,0.000000,0.000000,0.000000,36.577904,121.212097,122.602684,-198.731125,-248.863098,-0.000037,-2.887409,8.996969,6158,2,30,4
36.580833,0.008662,0.120124,-2.012062,0.000013,-0.296669,-0.181051,-0.000088,-1.341712,0.786531,-0.174350,0.000005,-0.000018,10.000000,-172.000000,37.000000,-0.034526,0.000004,0.000000,0.000000,0.000000,-0.280319,482.000000,0.000000,0.000000,0.000000,0.000000,36.579857,121.212097,122.602684,-198.731125,-248.863098,-0.000030,-2.887386,8.996969,6158,2,30,4
36.582787,0.008662,0.119526,-2.012422,0.000013,-0.299348,-0.179474,-0.000080,-1.338521,0.789263,-0.174354,0.000004,-0.000017,10.000000,-172.000000,37.000000,-0.034526,0.000004,0.000000,0.000000,0.000000,-0.280319,482.000000,0.000000,0.000000,0.000000,0.000000,36.581814,121.212097,122.602684,-198.731125,-248.863098,-0.000017,-2.887347,8.996969,6158,2,30,4
36.584743,0.008662,0.118923,-2.012779,0.000013,-0.302020,-0.177892,-0.000072,-1.335403,0.791601,-0.174357,0.000003,-0.000017,10.000000,-172.000000,37.000000,-0.034526,0.000004,0.000000,0.000000,0.000000,-0.280319,482.000000,0.000000,0.000000,0.000000,0.000000,36.583763,121.212097,122.602684,-198.731125,-248.863098,-0.000006,-2.887314,8.996969,6158,2,30,4
36.586697,0.008662,0.118314,-2.013133,0.000013,-0.304687,-0.176306,-0.000067,-1.332351,0.793581,-0.174361,0.000003,-0.000017,10.000000,-172.000000,37.000000,-0.034526,0.000004,0.000000,0.000000,0.000000,-0.280319,482.000000,0.000000,0.000000,0.000000,0.000000,36.585720,121.212097,122.602684,-198.731125,-248.863098,0.000002,-2.887287,8.996969,6158,2,30,4
36.588650,0.008662,0.117700,-2.013484,0.000012,-0.307347,-0.174716,-0.000063,-1.329360,0.795237,-0.174364,0.000002,-0.000017,10.000000,-172.000000,37.000000,-0.034526,0.000004,0.000000,0.000000,0.000000,-0.280319,482.000000,0.000000,0.000000,0.000000,0.000000,36.587673,121.212097,122.602684,-198.731125,-248.863098,0.000008,-2.887267,8.996969,6158,2,30,4
36.590603,0.008662,0.117081,-2.013831,0.000012,-0.310001,-0.173123,-0.000060,-1.326424,0.796599,-0.174367,0.000002,-0.000017,10.000000,-172.000000,37.000000,-0.034526,0.000004,0.000000,0.000000,0.000000,-0.280319,482.000000,0.000000,0.000000,0.000000,0.000000,36.589626,121.212097,122.602684,-198.731125,-248.863098,0.000013,-2.887252,8.996969,6158,2,30,4
36.592560,0.008662,0.116456,-2.014175,0.000012,-0.312650,-0.171529,-0.000059,-1.323538,0.797695,-0.174369,0.000002,-0.000017,10.000000,-172.000000,37.000000,-0.034526,0.000004,0.000000,0.000000,0.000000,-0.280319,482.000000,0.000000,0.000000,0.000000,0.000000,36.591579,121.212097,122.602684,-198.731125,-248.863098,0.000016,-2.887242,8.996969,6158,2,30,4
36.594513,0.008662,0.115826,-2.014516,0.000012,-0.315292,-0.169932,-0.000059,-1.320698,0.798549,-0.174372,0.000002,-0.000017,10.000000,-172.000000,37.000000,-0.034526,0.000004,0.000000,0.000000,0.000000,-0.280319,482.000000,0.000000,0.000000,0.000000,0.000000,36.593536,121.212097,122.602684,-198.731125,-248.863098,0.000018,-2.887237,8.996969,6158,2,29,4
36.596466,0.008662,0.115191,-2.014854,0.000012,-0.317930,-0.168334,-0.000060,-1.317900,0.799184,-0.174374,0.000003,-0.000017,10.000000,-172.000000,37.000000,-0.034526,0.000004,0.000000,0.000000,0.000000,-0.280319,482.000000,0.000000,0.000000,0.000000,0.000000,36.595490,121.212097,122.602684,-198.731125,-248.863098,0.000018,-2.887236,8.996969,6158,1,29,4
36.598419,0.008662,0.114551,-2.015188,0.000012,-0.320561,-0.166735,-0.000063,-1.315140,0.799621,-0.174376,0.000003,-0.000017,10.000000,-172.000000,37.000000,-0.034526,0.000004,0.000000,0.000000,0.000000,-0.280319,482.000000,0.000000,0.000000,0.000000,0.000000,36.597443,121.212097,122.602684,-198.731125,-248.863098,0.000017,-2.887239,8.996969,6158,1,29,5
36.600372,0.008662,0.113905,-2.015520,0.000012,-0.323187,-0.165135,-0.000067,-1.312415,0.799879,-0.174378,0.000003,-0.000017,10.000000,-172.000000,37.000000,-0.034526,0.000004,0.000000,0.000000,0.000000,-0.280319,482.000000,0.000000,0.000000,0.000000,0.000000,36.599396,121.212097,122.602684,-198.731125,-248.863098,0.000023,-2.887222,8.996969,6158,1,29,5
36.602329,0.008662,0.113254,-2.015848,0.000012,-0.325808,-0.163535,-0.000072,-1.309721,0.799975,-0.174380,0.000004,-0.000017,10.000000,-172.000000,37.000000,-0.034526,0.000004,0.000000,0.000000,0.000000,-0.280319,482.000000,0.000000,0.000000,0.000000,0.000000,36.601353,121.212097,122.602684,-198.731125,-248.863098,0.000033,-2.887188,8.996969,6158,1,29,5
36.604282,0.008662,0.112598,-2.016173,0.000011,-0.328424,-0.161935,-0.000077,-1.307056,0.799924,-0.174381,0.000005,-0.000017,10.000000,-172.000000,37.000000,-0.034526,0.000004,0.000000,0.000000,0.000000,-0.280319,482.000000,0.000000,0.000000,0.000000,0.000000,36.603306,121.212097,122.602684,-198.731125,-248.863098,0.000042,-2.887161,8.996969,6158,1,29,5
36.606236,0.008662,0.111936,-2.016495,0.000011,-0.331034,-0.160336,-0.000084,-1.304418,0.799739,-0.174383,0.000005,-0.000017,10.000000,-172.000000,37.000000,-0.034526,0.000004,0.000000,0.000000,0.000000,-0.280319,482.000000,0.000000,0.000000,0.000000,0.000000,36.605259,121.212097,122.602684,-198.731125,-248.863098,0.000049,-2.887140,8.996969,6158,1,29,5
36.608189,0.008662,0.111270,-2.016814,0.000011,-0.333639,-0.158737,-0.000091,-1.301805,0.799434,-0.174384,0.000006,-0.000017,10.000000,-172.000000,37.000000,-0.034526,0.000004,0.000000,0.000000,0.000000,-0.280319,482.000000,0.000000,0.000000,0.000000,0.000000,36.607212,121.212097,122.602684,-198.731125,-248.863098,0.000054,-2.887124,8.996969,6158,1,29,5
36.610146,0.008662,0.110598,-2.017129,0.000011,-0.336238,-0.157138,-0.000100,-1.299214,0.799019,-0.174385,0.000007,-0.000017,10.000000,-172.000000,37.000000,-0.034526,0.000004,0.000000,0.000000,0.000000,-0.280319,482.000000,0.000000,0.000000,0.000000,0.000000,36.609169,121.212097,122.602684,-198.731125,-248.863098,0.000058,-2.887112,8.996969,6158,1,29,5
36.612099,0.008662,0.109921,-2.017441,0.000011,-0.338833,-0.155541,-0.000108,-1.296645,0.798506,-0.174386,0.000008,-0.000017,10.000000,-172.000000,37.000000,-0.034526,0.000004,0.000000,0.000000,0.000000,-0.280319,482.000000,0.000000,0.000000,0.000000,0.000000,36.611118,121.212097,122.602684,-198.731125,-248.863098,0.000060,-2.887106,8.996969,6158,1,29,5
36.614052,0.008662,0.109238,-2.017750,0.000010,-0.341422,-0.153945,-0.000118,-1.294094,0.797904,-0.174387,0.000009,-0.000017,10.000000,-172.000000,44.000000,-0.034526,0.000004,0.000000,0.000000,0.000000,-0.280319,466.000000,0.000000,0.000000,0.000000,0.000000,36.613075,121.212097,122.602684,-198.731125,-248.863098,0.000060,-2.887103,8.996969,6158,1,28,5
36.616005,0.008662,0.108551,-2.018056,0.000010,-0.344007,-0.152350,-0.000128,-1.291561,0.797221,-0.174387,0.000010,-0.000018,10.000000,-172.000000,44.000000,-0.060987,0.000002,0.000000,0.000000,0.067000,-0.254068,466.000000,0.000000,0.000000,0.000000,0.000000,36.615028,104.477608,105.252853,-249.768494,-250.575043,0.000060,-2.478516,9.000000,6084,1,28,5
36.617958,0.008662,0.107858,-2.018358,0.000010,-0.346584,-0.150747,-0.000139,-1.287686,0.804180,-0.174388,0.000012,-0.000018,10.000000,-172.000000,44.000000,-0.060987,0.000002,0.000000,0.000000,0.000000,-0.254068,466.000000,0.000000,0.000000,0.000000,0.000000,36.616985,104.477608,105.252853,-249.768494,-250.575043,0.000059,-2.478520,9.000000,6084,1,28,5
36.619915,0.008662,0.107161,-2.018658,0.000010,-0.349153,-0.149125,-0.000150,-1.283516,0.812828,-0.174388,0.000013,-0.000018,10.000000,-172.000000,44.000000,-0.060987,0.000002,0.000000,0.000000,0.000000,-0.254068,466.000000,0.000000,0.000000,0.000000,0.000000,36.618935,104.477608,105.252853,-249.768494,-250.575043,0.000056,-2.478528,9.000000,6084,1,28,5
36.621868,0.008662,0.106458,-2.018954,0.000009,-0.351715,-0.147488,-0.000161,-1.279520,0.820517,-0.174389,0.000014,-0.000018,10.000000,-172.000000,44.000000,-0.060987,0.000002,0.000000,0.000000,0.000000,-0.254068,466.000000,0.000000,0.000000,0.000000,0.000000,36.620892,104.477608,105.252853,-249.768494,-250.575043,0.000053,-2.478538,9.000000,6084,1,28,5
36.623821,0.008662,0.105750,-2.019247,0.000009,-0.354268,-0.145836,-0.000173,-1.275679,0.827336,-0.174389,0.000016,-0.000018,10.000000,-172.000000,44.000000,-0.060987,0.000002,0.000000,0.000000,0.000000,-0.254068,466.000000,0.000000,0.000000,0.000000,0.000000,36.622845,104.477608,105.252853,-249.768494,-250.575043,0.000049,-2.478551,9.000000,6084,1,28,5
36.625774,0.008662,0.105037,-2.019536,0.000009,-0.356814,-0.144173,-0.000184,-1.271982,0.833365,-0.174388,0.000017,-0.000018,10.000000,-172.000000,44.000000,-0.060987,0.000002,0.000000,0.000000,0.000000,-0.254068,466.000000,0.000000,0.000000,0.000000,0.000000,36.624802,104.477608,105.252853,-249.768494,-250.575043,0.000044,-2.478567,9.000000,6084,1,28,5
36.627731,0.008662,0.104319,-2.019822,0.000008,-0.359352,-0.142498,-0.000197,-1.268414,0.838680,-0.174388,0.000018,-0.000018,10.000000,-172.000000,44.000000,-0.060987,0.000002,0.000000,0.000000,0.000000,-0.254068,466.000000,0.000000,0.000000,0.000000,0.000000,36.626751,104.477608,105.252853,-249.768494,-250.575043,0.000038,-2.478585,9.000000,6084,1,28,5
36.629684,0.008662,0.103596,-2.020105,0.000008,-0.361884,-0.140813,-0.000209,-1.264963,0.843345,-0.174388,0.000020,-0.000018,10.000000,-172.000000,44.000000,-0.060987,0.000002,0.000000,0.000000,0.000000,-0.254068,466.000000,0.000000,0.000000,0.000000,0.000000,36.628708,104.477608,105.252853,-249.768494,-250.575043,0.000032,-2.478606,9.000000,6084,1,28,6
36.631638,0.008662,0.102867,-2.020384,0.000007,-0.364409,-0.139121,-0.000222,-1.261621,0.847424,-0.174387,0.000021,-0.000019,10.000000,-172.000000,44.000000,-0.060987,0.000002,0.000000,0.000000,0.000000,-0.254068,466.000000,0.000000,0.000000,0.000000,0.000000,36.630661,104.477608,105.252853,-249.768494,-250.575043,0.000032,-2.478605,9.000000,6084,0,28,6
36.633591,0.008662,0.102134,-2.020660,0.000007,-0.366927,-0.137420,-0.000234,-1.258375,0.850969,-0.174387,0.000023,-0.000019,10.000000,-172.000000,44.000000,-0.060987,0.000002,0.000000,0.000000,0.000000,-0.254068,466.000000,0.000000,0.000000,0.000000,0.000000,36.632614,104.477608,105.252853,-249.768494,-250.575043,0.000038,-2.478586,9.000000,6084,0,28,6
36.635548,0.008663,0.101396,-2.020933,0.000006,-0.369439,-0.135714,-0.000247,-1.255217,0.854031,-0.174386,0.000024,-0.000019,10.000000,-172.000000,44.000000,-0.060987,0.000002,0.000000,0.000000,0.000000,-0.254068,466.000000,0.000000,0.000000,0.000000,0.000000,36.634567,104.477608,105.252853,-249.768494,-250.575043,0.000042,-2.478573,9.000000,6084,0,28,6
36.637501,0.008663,0.100652,-2.021202,0.000006,-0.371945,-0.134002,-0.000260,-1.252141,0.856655,-0.174385,0.000025,-0.000019,10.000000,-172.000000,44.000000,-0.060987,0.000002,0.000000,0.000000,0.000000,-0.254068,466.000000,0.000000,0.000000,0.000000,0.000000,36.636524,104.477608,105.252853,-249.768494,-250.575043,0.000045,-2.478564,9.000000,6084,0,28,6
36.639454,0.008663,0.099904,-2.021468,0.000005,-0.374445,-0.132285,-0.000273,-1.249137,0.858882,-0.174384,0.000027,-0.000019,10.000000,-172.000000,44.000000,-0.060987,0.000002,0.000000,0.000000,0.000000,-0.254068,466.000000,0.000000,0.000000,0.000000,0.000000,36.638477,104.477608,105.252853,-249.768494,-250.575043,0.000046,-2.478559,9.000000,6084,0,28,6
36.641407,0.008663,0.099150,-2.021730,0.000005,-0.376939,-0.130564,-0.000286,-1.246201,0.860750,-0.174382,0.000028,-0.000019,10.000000,-172.000000,44.000000,-0.060987,0.000002,0.000000,0.000000,0.000000,-0.254068,466.000000,0.000000,0.000000,0.000000,0.000000,36.640430,104.477608,105.252853,-249.768494,-250.575043,0.000046,-2.478559,9.000000,6084,0,28,6
36.643360,0.008663,0.098392,-2.021989,0.000004,-0.379427,-0.128840,-0.000298,-1.243327,0.862292,-0.174381,0.000030,-0.000020,10.000000,-172.000000,44.000000,-0.060987,0.000002,0.000000,0.000000,0.000000,-0.254068,466.000000,0.000000,0.000000,0.000000,0.000000,36.642384,104.477608,105.252853,-249.768494,-250.575043,0.000045,-2.478562,9.000000,6084,0,27,6
36.645317,0.008663,0.097629,-2.022244,0.000004,-0.381909,-0.127114,-0.000310,-1.240508,0.863539,-0.174380,0.000031,-0.000020,10.000000,-172.000000,44.000000,-0.060987,0.000002,0.000000,0.000000,0.000000,-0.254068,466.000000,0.000000,0.000000,0.000000,0.000000,36.644341,104.477608,105.252853,-249.768494,-250.575043,0.000043,-2.478569,9.000000,6084,0,27,6
36.647270,0.008663,0.096860,-2.022496,0.000003,-0.384386,-0.125385,-0.000322,-1.237741,0.864518,-0.174378,0.000032,-0.000020,10.000000,-172.000000,44.000000,-0.060987,0.000002,0.000000,0.000000,0.000000,-0.254068,466.000000,0.000000,0.000000,0.000000,0.000000,36.646294,104.477608,105.252853,-249.768494,-250.575043,0.000040,-2.478579,9.000000,6084,0,27,6
36.649223,0.008663,0.096087,-2.022744,0.000002,-0.386857,-0.123655,-0.000334,-1.235020,0.865256,-0.174377,0.000034,-0.000020,10.000000,-172.000000,44.000000,-0.060987,0.000002,0.000000,0.000000,0.000000,-0.254068,466.000000,0.000000,0.000000,0.000000,0.000000,36.648247,104.477608,105.252853,-249.768494,-250.575043,0.000036,-2.478592,9.000000,6084,0,27,6
36.651176,0.008663,0.095309,-2.022990,0.000002,-0.389323,-0.121924,-0.000345,-1.232343,0.865773,-0.174375,0.000035,-0.000020,10.000000,-172.000000,44.000000,-0.060987,0.000002,0.000000,0.000000,0.000000,-0.254068,466.000000,0.000000,0.000000,0.000000,0.000000,36.650200,104.477608,105.252853,-249.768494,-250.575043,0.000031,-2.478608,9.000000,6084,0,27,6
36.653133,0.008663,0.094526,-2.023231,0.000001,-0.391784,-0.120192,-0.000356,-1.229704,0.866093,-0.174374,0.000036,-0.000020,10.000000,-172.000000,44.000000,-0.060987,0.000002,0.000000,0.000000,0.000000,-0.254068,466.000000,0.000000,0.000000,0.000000,0.000000,36.652157,104.477608,105.252853,-249.768494,-250.575043,0.000025,-2.478626,9.000000,6084,0,27,6
36.655087,0.008663,0.093738,-2.023469,0.000000,-0.394240,-0.118459,-0.000366,-1.227102,0.866232,-0.174372,0.000037,-0.000021,10.000000,-172.000000,44.000000,-0.060987,0.000002,0.000000,0.000000,0.000000,-0.254068,466.000000,0.000000,0.000000,0.000000,0.000000,36.654106,104.477608,105.252853,-249.768494,-250.575043,0.000018,-2.478647,9.000000,6084,0,27,6
36.657040,0.008663,0.092945,-2.023704,-0.000001,-0.396690,-0.116727,-0.000376,-1.224532,0.866208,-0.174370,0.000039,-0.000021,10.000000,-172.000000,44.000000,-0.060987,0.000002,0.000000,0.000000,0.000000,-0.254068,466.000000,0.000000,0.000000,0.000000,0.000000,36.656063,104.477608,105.252853,-249.768494,-250.575043,0.000011,-2.478670,9.000000,6084,0,27,7
36.658993,0.008663,0.092147,-2.023935,-0.000001,-0.399135,-0.114995,-0.000386,-1.221995,0.866037,-0.174369,0.000040,-0.000021,10.000000,-172.000000,44.000000,-0.060987,0.000002,0.000000,0.000000,0.000000,-0.254068,466.000000,0.000000,0.000000,0.000000,0.000000,36.658016,104.477608,105.252853,-249.768494,-250.575043,0.000010,-2.478672,9.000000,6084,0,27,7
36.660950,0.008663,0.091344,-2.024162,-0.000002,-0.401575,-0.113263,-0.000394,-1.219484,0.865732,-0.174367,0.000041,-0.000021,10.000000,-172.000000,44.000000,-0.060987,0.000002,0.000000,0.000000,0.000000,-0.254068,466.000000,0.000000,0.000000,0.000000,0.000000,36.659973,104.477608,105.252853,-249.768494,-250.575043,0.000016,-2.478655,9.000000,6084,0,27,7
36.662903,0.008663,0.090537,-2.024386,-0.000003,-0.404011,-0.111532,-0.000403,-1.216999,0.865306,-0.174365,0.000042,-0.000021,10.000000,-172.000000,44.000000,-0.060987,0.000002,0.000000,0.000000,0.000000,-0.254068,466.000000,0.000000,0.000000,0.000000,0.000000,36.661922,104.477608,105.252853,-249.768494,-250.575043,0.000020,-2.478643,9.000000,6084,0,27,7
36.664856,0.008663,0.089724,-2.024607,-0.000004,-0.406441,-0.109803,-0.000410,-1.214537,0.864772,-0.174363,0.000042,-0.000021,10.000000,-172.000000,44.000000,-0.060987,0.000002,0.000000,0.000000,0.000000,-0.254068,466.000000,0.000000,0.000000,0.000000,0.000000,36.663879,104.477608,105.252853,-249.768494,-250.575043,0.000022,-2.478636,9.000000,6084,0,27,7
36.666809,0.008663,0.088907,-2.024824,-0.000005,-0.408866,-0.108074,-0.000417,-1.212097,0.864138,-0.174361,0.000043,-0.000021,10.000000,-172.000000,44.000000,-0.060987,0.000002,0.000000,0.000000,0.000000,-0.254068,466.000000,0.000000,0.000000,0.000000,0.000000,36.665833,104.477608,105.252853,-249.768494,-250.575043,0.000023,-2.478633,9.000000,6084,0,27,7
36.668762,0.008663,0.088085,-2.025038,-0.000005,-0.411287,-0.106347,-0.000423,-1.209677,0.863415,-0.174359,0.000044,-0.000021,10.000000,-172.000000,44.000000,-0.060987,0.000002,0.000000,0.000000,0.000000,-0.254068,466.000000,0.000000,0.000000,0.000000,0.000000,36.667789,104.477608,105.252853,-249.768494,-250.575043,0.000023,-2.478634,9.000000,6084,0,27,7
36.670719,0.008663,0.087258,-2.025248,-0.000006,-0.413703,-0.104621,-0.000428,-1.207276,0.862611,-0.174357,0.000045,-0.000022,10.000000,-172.000000,44.000000,-0.060987,0.000002,0.000000,0.000000,0.000000,-0.254068,466.000000,0.000000,0.000000,0.000000,0.000000,36.669739,104.477608,105.252853,-249.768494,-250.575043,0.000021,-2.478638,9.000000,6084,0,27,7
36.672672,0.008663,0.086426,-2.025455,-0.000007,-0.416114,-0.102897,-0.000432,-1.204893,0.861735,-0.174355,0.000045,-0.000022,10.000000,-172.000000,44.000000,-0.060987,0.000002,0.000000,0.000000,0.000000,-0.254068,466.000000,0.000000,0.000000,0.000000,0.000000,36.671696,104.477608,105.252853,-249.768494,-250.575043,0.000019,-2.478646,9.000000,6084,0,27,7
36.674625,0.008662,0.085589,-2.025659,-0.000008,-0.418520,-0.101175,-0.000435,-1.202525,0.860792,-0.174353,0.000045,-0.000022,10.000000,-172.000000,44.000000,-0.060987,0.000002,0.000000,0.000000,0.000000,-0.254068,466.000000,0.000000,0.000000,0.000000,0.000000,36.673649,104.477608,105.252853,-249.768494,-250.575043,0.000015,-2.478657,9.000000,6084,0,28,7
36.676579,0.008662,0.084748,-2.025859,-0.000009,-0.420921,-0.099455,-0.000438,-1.200173,0.859790,-0.174351,0.000046,-0.000022,10.000000,-172.000000,44.000000,-0.060987,0.000002,0.000000,0.000000,0.000000,-0.254068,466.000000,0.000000,0.000000,0.000000,0.000000,36.675606,104.477608,105.252853,-249.768494,-250.575043,0.000011,-2.478671,9.000000,6084,0,28,7
36.678535,0.008662,0.083901,-2.026055,-0.000010,-0.423318,-0.097737,-0.000439,-1.197834,0.858735,-0.174349,0.000046,-0.000022,10.000000,-172.000000,44.000000,-0.060987,0.000002,0.000000,0.000000,0.000000,-0.254068,466.000000,0.000000,0.000000,0.000000,0.000000,36.677555,104.477608,105.252853,-249.768494,-250.575043,0.000005,-2.478688,9.000000,6084,0,28,7
36.680489,0.008662,0.083050,-2.026248,-0.000011,-0.425710,-0.096021,-0.000439,-1.195509,0.857631,-0.174347,0.000046,-0.000022,10.000000,-172.000000,44.000000,-0.060987,0.000002,0.000000,0.000000,0.000000,-0.254068,466.000000,0.000000,0.000000,0.000000,0.000000,36.679512,104.477608,105.252853,-249.768494,-250.575043,-0.000001,-2.478707,9.000000,6084,0,28,8
36.682442,0.008662,0.082194,-2.026438,-0.000011,-0.428098,-0.094308,-0.000439,-1.193198,0.856483,-0.174345,0.000046,-0.000022,10.000000,-172.000000,44.000000,-0.060987,0.000002,0.000000,0.000000,0.000000,-0.254068,466.000000,0.000000,0.000000,0.000000,0.000000,36.681465,104.477608,105.252853,-249.768494,-250.575043,-0.000000,-2.478705,9.000000,6084,0,28,8
36.684395,0.008662,0.081334,-2.026624,-0.000012,-0.430481,-0.092596,-0.000438,-1.190896,0.855296,-0.174343,0.000046,-0.000022,10.000000,-172.000000,44.000000,-0.060987,0.000002,0.000000,0.000000,0.000000,-0.254068,466.000000,0.000000,0.000000,0.000000,0.000000,36.683418,104.477608,105.252853,-249.768494,-250.575043,0.000006,-2.478685,9.000000,6084,0,28,8
36.686352,0.008662,0.080468,-2.026807,-0.000013,-0.432859,-0.090888,-0.000436,-1.188605,0.854073,-0.174341,0.000046,-0.000022,10.000000,-172.000000,44.000000,-0.060987,0.000002,0.000000,0.000000,0.000000,-0.254068,466.000000,0.000000,0.000000,0.000000,0.000000,36.685371,104.477608,105.252853,-249.768494,-250.575043,0.000011,-2.478670,9.000000,6084,0,28,8
36.688305,0.008662,0.079598,-2.026986,-0.000014,-0.435233,-0.089181,-0.000433,-1.186324,0.852819,-0.174339,0.000045,-0.000022,10.000000,-172.000000,44.000000,-0.060987,0.000002,0.000000,0.000000,0.000000,-0.254068,466.000000,0.000000,0.000000,0.000000,0.000000,36.687328,104.477608,105.252853,-249.768494,-250.575043,0.000014,-2.478659,9.000000,6084,0,28,8
36.690258,0.008662,0.078723,-2.027162,-0.000015,-0.437602,-0.087478,-0.000429,-1.184053,0.851536,-0.174337,0.000045,-0.000021,10.000000,-172.000000,44.000000,-0.060987,0.000002,0.000000,0.000000,0.000000,-0.254068,466.000000,0.000000,0.000000,0.000000,0.000000,36.689281,104.477608,105.252853,-249.768494,-250.575043,0.000016,-2.478653,9.000000,6084,0,28,8
36.692211,0.008662,0.077844,-2.027335,-0.000016,-0.439967,-0.085777,-0.000425,-1.181791,0.850227,-0.174335,0.000045,-0.000021,10.000000,-171.000000,51.000000,-0.060987,0.000002,0.000000,0.000000,0.000000,-0.254068,464.000000,0.000000,0.000000,0.000000,0.000000,36.691235,104.477608,105.252853,-249.768494,-250.575043,0.000017,-2.478651,9.000000,6084,0,28,8
36.694164,0.008662,0.076959,-2.027504,-0.000017,-0.442327,-0.084078,-0.000420,-1.179538,0.848896,-0.174333,0.000044,-0.000021,10.000000,-171.000000,51.000000,-0.057517,-0.000004,0.000000,0.000000,0.067000,-0.032132,464.000000,0.000000,0.000000,0.000000,0.000000,36.693188,104.477654,98.431602,0.000683,-177.346695,0.000016,-2.318013,9.007985,6062,0,28,8
36.696121,0.008662,0.076070,-2.027670,-0.000018,-0.444682,-0.082379,-0.000414,-1.176888,0.849837,-0.174331,0.000044,-0.000021,10.000000,-171.000000,51.000000,-0.057517,-0.000004,0.000000,0.000000,0.000000,-0.032132,464.000000,0.000000,0.000000,0.000000,0.000000,36.695145,104.477654,98.431602,0.000683,-177.346695,0.000015,-2.318018,9.007985,6062,0,28,8
36.698074,0.008662,0.075176,-2.027832,-0.000018,-0.447032,-0.080677,-0.000407,-1.174155,0.851282,-0.174329,0.000043,-0.000021,10.000000,-171.000000,51.000000,-0.057517,-0.000004,0.000000,0.000000,0.000000,-0.032132,464.000000,0.000000,0.000000,0.000000,0.000000,36.697098,104.477654,98.431602,0.000683,-177.346695,0.000012,-2.318026,9.007985,6062,0,28,8
36.700027,0.008662,0.074278,-2.027991,-0.000019,-0.449376,-0.078973,-0.000399,-1.171476,0.852443,-0.174327,0.000042,-0.000021,10.000000,-171.000000,51.000000,-0.057517,-0.000004,0.000000,0.000000,0.000000,-0.032132,464.000000,0.000000,0.000000,0.000000,0.000000,36.699051,104.477654,98.431602,0.000683,-177.346695,0.000009,-2.318037,9.007985,6062,0,28,8
36.701981,0.008662,0.073375,-2.028147,-0.000020,-0.451715,-0.077267,-0.000391,-1.168848,0.853346,-0.174324,0.000041,-0.000021,10.000000,-171.000000,51.000000,-0.057517,-0.000004,0.000000,0.000000,0.000000,-0.032132,464.000000,0.000000,0.000000,0.000000,0.000000,36.701004,104.477654,98.431602,0.000683,-177.346695,0.000004,-2.318050,9.007985,6062,0,28,8
36.703938,0.008662,0.072467,-2.028299,-0.000021,-0.454049,-0.075559,-0.000382,-1.166264,0.854017,-0.174322,0.000040,-0.000021,10.000000,-171.000000,51.000000,-0.057517,-0.000004,0.000000,0.000000,0.000000,-0.032132,464.000000,0.000000,0.000000,0.000000,0.000000,36.702961,104.477654,98.431602,0.000683,-177.346695,-0.000001,-2.318067,9.007985,6062,0,28,9
36.705891,0.008662,0.071554,-2.028448,-0.000021,-0.456378,-0.073850,-0.000372,-1.163725,0.854477,-0.174320,0.000039,-0.000020,10.000000,-171.000000,51.000000,-0.057517,-0.000004,0.000000,0.000000,0.000000,-0.032132,464.000000,0.000000,0.000000,0.000000,0.000000,36.704910,104.477654,98.431602,0.000683,-177.346695,0.000001,-2.318062,9.007985,6062,0,29,9
36.707844,0.008662,0.070637,-2.028593,-0.000022,-0.458701,-0.072141,-0.000361,-1.161221,0.854746,-0.174318,0.000038,-0.000020,10.000000,-171.000000,51.000000,-0.057517,-0.000004,0.000000,0.000000,0.000000,-0.032132,464.000000,0.000000,0.000000,0.000000,0.000000,36.706867,104.477654,98.431602,0.000683,-177.346695,0.000008,-2.318039,9.007985,6062,0,29,9
36.709797,0.008662,0.069715,-2.028735,-0.000023,-0.461020,-0.070431,-0.000350,-1.158753,0.854841,-0.174316,0.000037,-0.000020,10.000000,-171.000000,51.000000,-0.057517,-0.000004,0.000000,0.000000,0.000000,-0.032132,464.000000,0.000000,0.000000,0.000000,0.000000,36.708820,104.477654,98.431602,0.000683,-177.346695,0.000014,-2.318021,9.007985,6062,0,29,9
36.711754,0.008662,0.068789,-2.028873,-0.000024,-0.463334,-0.068722,-0.000339,-1.156316,0.854780,-0.174314,0.000036,-0.000020,10.000000,-171.000000,51.000000,-0.057517,-0.000004,0.000000,0.000000,0.000000,-0.032132,464.000000,0.000000,0.000000,0.000000,0.000000,36.710777,104.477654,98.431602,0.000683,-177.346695,0.000018,-2.318008,9.007985,6062,0,29,9
36.713707,0.008662,0.067858,-2.029008,-0.000024,-0.465643,-0.067012,-0.000327,-1.153909,0.854577,-0.174312,0.000035,-0.000019,10.000000,-171.000000,51.000000,-0.057517,-0.000004,0.000000,0.000000,0.000000,-0.032132,464.000000,0.000000,0.000000,0.000000,0.000000,36.712727,104.477654,98.431602,0.000683,-177.346695,0.000021,-2.318000,9.007985,6062,-1,29,9
36.715660,0.008662,0.066922,-2.029140,-0.000025,-0.467947,-0.065304,-0.000315,-1.151530,0.854245,-0.174310,0.000034,-0.000019,10.000000,-171.000000,51.000000,-0.057517,-0.000004,0.000000,0.000000,0.000000,-0.032132,464.000000,0.000000,0.000000,0.000000,0.000000,36.714684,104.477654,98.431602,0.000683,-177.346695,0.000022,-2.317995,9.007985,6062,-1,29,9
36.717613,0.008662,0.065982,-2.029268,-0.000025,-0.470247,-0.063596,-0.000303,-1.149175,0.853797,-0.174308,0.000032,-0.000019,10.000000,-171.000000,51.000000,-0.057517,-0.000004,0.000000,0.000000,0.000000,-0.032132,464.000000,0.000000,0.000000,0.000000,0.000000,36.716637,104.477654,98.431602,0.000683,-177.346695,0.000022,-2.317995,9.007985,6062,-1,29,9
36.719566,0.008662,0.065037,-2.029393,-0.000026,-0.472542,-0.061889,-0.000291,-1.146844,0.853244,-0.174305,0.000031,-0.000019,10.000000,-171.000000,51.000000,-0.057517,-0.000004,0.000000,0.000000,0.000000,-0.032132,464.000000,0.000000,0.000000,0.000000,0.000000,36.718594,104.477654,98.431602,0.000683,-177.346695,0.000021,-2.317998,9.007985,6062,-1,29,9
36.721523,0.008662,0.064088,-2.029514,-0.000027,-0.474832,-0.060184,-0.000279,-1.144534,0.852595,-0.174303,0.000030,-0.000018,10.000000,-171.000000,51.000000,-0.057517,-0.000004,0.000000,0.000000,0.000000,-0.032132,464.000000,0.000000,0.000000,0.000000,0.000000,36.720543,104.477654,98.431602,0.000683,-177.346695,0.000019,-2.318004,9.007985,6062,-1,29,9
36.723476,0.008662,0.063134,-2.029632,-0.000027,-0.477118,-0.058480,-0.000266,-1.142244,0.851860,-0.174301,0.000029,-0.000018,10.000000,-171.000000,51.000000,-0.057517,-0.000004,0.000000,0.000000,0.000000,-0.032132,464.000000,0.000000,0.000000,0.000000,0.000000,36.722500,104.477654,98.431602,0.000683,-177.346695,0.000016,-2.318014,9.007985,6062,-1,29,9
36.725430,0.008662,0.062175,-2.029747,-0.000028,-0.479399,-0.056777,-0.000254,-1.139972,0.851049,-0.174299,0.000027,-0.000018,10.000000,-171.000000,51.000000,-0.057517,-0.000004,0.000000,0.000000,0.000000,-0.032132,464.000000,0.000000,0.000000,0.000000,0.000000,36.724453,104.477654,98.431602,0.000683,-177.346695,0.000012,-2.318026,9.007985,6062,-1,29,9
36.727383,0.008661,0.061212,-2.029858,-0.000028,-0.481675,-0.055076,-0.000242,-1.137718,0.850167,-0.174297,0.000026,-0.000018,10.000000,-171.000000,51.000000,-0.057517,-0.000004,0.000000,0.000000,0.000000,-0.032132,464.000000,0.000000,0.000000,0.000000,0.000000,36.726406,104.477654,98.431602,0.000683,-177.346695,0.000007,-2.318041,9.007985,6062,-1,29,9
36.729340,0.008661,0.060244,-2.029965,-0.000029,-0.483947,-0.053377,-0.000231,-1.135479,0.849222,-0.174295,0.000025,-0.000017,10.000000,-171.000000,51.000000,-0.057517,-0.000004,0.000000,0.000000,0.000000,-0.032132,464.000000,0.000000,0.000000,0.000000,0.000000,36.728359,104.477654,98.431602,0.000683,-177.346695,0.000002,-2.318058,9.007985,6062,-1,29,10
36.731293,0.008661,0.059272,-2.030070,-0.000029,-0.486215,-0.051680,-0.000219,-1.133258,0.848220,-0.174293,0.000024,-0.000017,10.000000,-171.000000,51.000000,-0.057517,-0.000004,0.000000,0.000000,0.000000,-0.032132,464.000000,0.000000,0.000000,0.000000,0.000000,36.730316,104.477654,98.431602,0.000683,-177.346695,0.000003,-2.318055,9.007985,6062,-1,29,10
36.733246,0.008661,0.058295,-2.030170,-0.000029,-0.488478,-0.049986,-0.000208,-1.131048,0.847166,-0.174292,0.000023,-0.000017,10.000000,-171.000000,51.000000,-0.057517,-0.000004,0.000000,0.000000,0.000000,-0.032132,464.000000,0.000000,0.000000,0.000000,0.000000,36.732269,104.477654,98.431602,0.000683,-177.346695,0.000010,-2.318033,9.007985,6062,-1,29,10
36.735199,0.008661,0.057314,-2.030268,-0.000030,-0.490737,-0.048293,-0.000196,-1.128852,0.846065,-0.174290,0.000021,-0.000017,10.000000,-171.000000,51.000000,-0.057517,-0.000004,0.000000,0.000000,0.000000,-0.032132,464.000000,0.000000,0.000000,0.000000,0.000000,36.734222,104.477654,98.431602,0.000683,-177.346695,0.000016,-2.318015,9.007985,6062,-1,29,10
36.737152,0.008661,0.056328,-2.030362,-0.000030,-0.492991,-0.046602,-0.000185,-1.126668,0.844923,-0.174288,0.000020,-0.000016,10.000000,-171.000000,51.000000,-0.057517,-0.000004,0.000000,0.000000,0.000000,-0.032132,464.000000,0.000000,0.000000,0.000000,0.000000,36.736176,104.477654,98.431602,0.000683,-177.346695,0.000019,-2.318003,9.007985,6062,-1,29,10
36.739109,0.008661,0.055338,-2.030453,-0.000031,-0.495241,-0.044914,-0.000174,-1.124496,0.843743,-0.174287,0.000019,-0.000016,10.000000,-171.000000,51.000000,-0.057517,-0.000004,0.000000,0.000000,0.000000,-0.032132,464.000000,0.000000,0.000000,0.000000,0.000000,36.738132,104.477654,98.431602,0.000683,-177.346695,0.000022,-2.317995,9.007985,6062,-1,29,10
36.741062,0.008661,0.054343,-2.030540,-0.000031,-0.497487,-0.043229,-0.000164,-1.122336,0.842529,-0.174285,0.000018,-0.000016,10.000000,-171.000000,51.000000,-0.057517,-0.000004,0.000000,0.000000,0.000000,-0.032132,464.000000,0.000000,0.000000,0.000000,0.000000,36.740086,104.477654,98.431602,0.000683,-177.346695,0.000023,-2.317991,9.007985,6062,-1,29,10
36.743015,0.008661,0.053343,-2.030624,-0.000031,-0.499729,-0.041545,-0.000154,-1.120186,0.841284,-0.174284,0.000017,-0.000016,10.000000,-171.000000,51.000000,-0.057517,-0.000004,0.000000,0.000000,0.000000,-0.032132,464.000000,0.000000,0.000000,0.000000,0.000000,36.742039,104.477654,98.431602,0.000683,-177.346695,0.000023,-2.317991,9.007985,6062,-1,29,10
36.744968,0.008661,0.052340,-2.030705,-0.000032,-0.501966,-0.039865,-0.000143,-1.118046,0.840012,-0.174282,0.000016,-0.000016,10.000000,-171.000000,51.000000,-0.057517,-0.000004,0.000000,0.000000,0.000000,-0.032132,464.000000,0.000000,0.000000,0.000000,0.000000,36.743992,104.477654,98.431602,0.000683,-177.346695,0.000022,-2.317995,9.007985,6062,-1,29,10
36.746925,0.008661,0.051331,-2.030782,-0.000032,-0.504199,-0.038187,-0.000134,-1.115916,0.838716,-0.174281,0.000015,-0.000015,10.000000,-171.000000,51.000000,-0.057517,-0.000004,0.000000,0.000000,0.000000,-0.032132,464.000000,0.000000,0.000000,0.000000,0.000000,36.745949,104.477654,98.431602,0.000683,-177.346695,0.000020,-2.318001,9.007985,6062,-1,29,10
36.748878,0.008661,0.050318,-2.030856,-0.000032,-0.506427,-0.036511,-0.000124,-1.113796,0.837398,-0.174280,0.000014,-0.000015,10.000000,-171.000000,51.000000,-0.057517,-0.000004,0.000000,0.000000,0.000000,-0.032132,464.000000,0.000000,0.000000,0.000000,0.000000,36.747898,104.477654,98.431602,0.000683,-177.346695,0.000017,-2.318011,9.007985,6062,-1,29,10
36.750832,0.008661,0.049301,-2.030927,-0.000032,-0.508652,-0.034838,-0.000115,-1.111684,0.836061,-0.174279,0.000013,-0.000015,10.000000,-171.000000,57.000000,-0.057517,-0.000004,0.000000,0.000000,0.000000,-0.032132,458.000000,0.000000,0.000000,0.000000,0.000000,36.749855,104.477654,98.431602,0.000683,-177.346695,0.000013,-2.318023,9.007985,6062,-1,29,10
36.752785,0.008661,0.048280,-2.030994,-0.000033,-0.510872,-0.033168,-0.000106,-1.109581,0.834706,-0.174279,0.000012,-0.000015,10.000000,-171.000000,57.000000,-0.062288,-0.000008,0.000000,0.000000,0.067000,-0.097446,458.000000,0.000000,0.000000,0.000000,0.000000,36.751808,89.552200,87.457726,-222.767853,-184.474930,0.000008,-2.059603,9.005000,6020,-1,29,10
36.754742,0.008661,0.047254,-2.031058,-0.000033,-0.513087,-0.031495,-0.000098,-1.106716,0.837715,-0.174278,0.000011,-0.000015,10.000000,-171.000000,57.000000,-0.062288,-0.000008,0.000000,0.000000,0.000000,-0.097446,458.000000,0.000000,0.000000,0.000000,0.000000,36.753765,89.552200,87.457726,-222.767853,-184.474930,0.000003,-2.059620,9.005000,6020,-1,29,11
36.756695,0.008661,0.046223,-2.031118,-0.000033,-0.515296,-0.029814,-0.000089,-1.103685,0.841706,-0.174278,0.000010,-0.000014,10.000000,-171.000000,57.000000,-0.062288,-0.000008,0.000000,0.000000,0.000000,-0.097446,458.000000,0.000000,0.000000,0.000000,0.000000,36.755714,89.552200,87.457726,-222.767853,-184.474930,0.000005,-2.059614,9.005000,6020,-1,29,11
36.758648,0.008660,0.045188,-2.031176,-0.000033,-0.517499,-0.028125,-0.000081,-1.100749,0.845174,-0.174277,0.000010,-0.000014,10.000000,-171.000000,57.000000,-0.062288,-0.000008,0.000000,0.000000,0.000000,-0.097446,458.000000,0.000000,0.000000,0.000000,0.000000,36.757671,89.552200,87.457726,-222.767853,-184.474930,0.000013,-2.059590,9.005000,6020,-1,29,11
36.760601,0.008660,0.044149,-2.031229,-0.000033,-0.519696,-0.026430,-0.000074,-1.097903,0.848167,-0.174277,0.000009,-0.000014,10.000000,-171.000000,57.000000,-0.062288,-0.000008,0.000000,0.000000,0.000000,-0.097446,458.000000,0.000000,0.000000,0.000000,0.000000,36.759624,89.552200,87.457726,-222.767853,-184.474930,0.000019,-2.059571,9.005000,6020,0,29,11
36.762554,0.008660,0.043105,-2.031280,-0.000033,-0.521888,-0.024730,-0.000066,-1.095138,0.850732,-0.174277,0.000008,-0.000014,10.000000,-171.000000,57.000000,-0.062288,-0.000008,0.000000,0.000000,0.000000,-0.097446,458.000000,0.000000,0.000000,0.000000,0.000000,36.761581,89.552200,87.457726,-222.767853,-184.474930,0.000023,-2.059556,9.005000,6020,0,29,11
36.764511,0.008660,0.042057,-2.031327,-0.000033,-0.524074,-0.023025,-0.000060,-1.092447,0.852907,-0.174277,0.000007,-0.000014,10.000000,-171.000000,57.000000,-0.062288,-0.000008,0.000000,0.000000,0.000000,-0.097446,458.000000,0.000000,0.000000,0.000000,0.000000,36.763531,89.552200,87.457726,-222.767853,-184.474930,0.000026,-2.059546,9.005000,6020,0,29,11
36.766464,0.008660,0.041004,-2.031370,-0.000034,-0.526255,-0.021316,-0.000053,-1.089823,0.854728,-0.174277,0.000007,-0.000014,10.000000,-171.000000,57.000000,-0.062288,-0.000008,0.000000,0.000000,0.000000,-0.097446,458.000000,0.000000,0.000000,0.000000,0.000000,36.765488,89.552200,87.457726,-222.767853,-184.474930,0.000028,-2.059540,9.005000,6020,0,29,11
36.768417,0.008660,0.039948,-2.031410,-0.000034,-0.528431,-0.019605,-0.000048,-1.087261,0.856230,-0.174277,0.000006,-0.000013,10.000000,-171.000000,57.000000,-0.062288,-0.000008,0.000000,0.000000,0.000000,-0.097446,458.000000,0.000000,0.000000,0.000000,0.000000,36.767441,89.552200,87.457726,-222.767853,-184.474930,0.000029,-2.059538,9.005000,6020,0,29,11
36.770370,0.008660,0.038886,-2.031447,-0.000034,-0.530601,-0.017890,-0.000042,-1.084755,0.857442,-0.174278,0.000006,-0.000013,10.000000,-171.000000,57.000000,-0.062288,-0.000008,0.000000,0.000000,0.000000,-0.097446,458.000000,0.000000,0.000000,0.000000,0.000000,36.769398,89.552200,87.457726,-222.767853,-184.474930,0.000029,-2.059539,9.005000,6020,0,29,11
36.772327,0.008660,0.037821,-2.031480,-0.000034,-0.532767,-0.016174,-0.000038,-1.082300,0.858391,-0.174278,0.000005,-0.000013,10.000000,-171.000000,57.000000,-0.062288,-0.000008,0.000000,0.000000,0.000000,-0.097446,458.000000,0.000000,0.000000,0.000000,0.000000,36.771347,89.552200,87.457726,-222.767853,-184.474930,0.000027,-2.059543,9.005000,6020,0,29,11
36.774281,0.008660,0.036751,-2.031510,-0.000034,-0.534928,-0.014456,-0.000034,-1.079892,0.859102,-0.174278,0.000005,-0.000013,10.000000,-171.000000,57.000000,-0.062288,-0.000008,0.000000,0.000000,0.000000,-0.097446,458.000000,0.000000,0.000000,0.000000,0.000000,36.773304,89.552200,87.457726,-222.767853,-184.474930,0.000025,-2.059550,9.005000,6020,0,29,11
36.776234,0.008660,0.035677,-2.031536,-0.000034,-0.537084,-0.012737,-0.000031,-1.077526,0.859599,-0.174279,0.000005,-0.000013,10.000000,-171.000000,57.000000,-0.062288,-0.000008,0.000000,0.000000,0.000000,-0.097446,458.000000,0.000000,0.000000,0.000000,0.000000,36.775257,89.552200,87.457726,-222.767853,-184.474930,0.000022,-2.059560,9.005000,6020,0,29,11
36.778187,0.008660,0.034598,-2.031559,-0.000034,-0.539236,-0.011018,-0.000029,-1.075200,0.859900,-0.174280,0.000004,-0.000013,10.000000,-171.000000,57.000000,-0.062288,-0.000008,0.000000,0.000000,0.000000,-0.097446,458.000000,0.000000,0.000000,0.000000,0.000000,36.777210,89.552200,87.457726,-222.767853,-184.474930,0.000018,-2.059572,9.005000,6020,0,29,11
36.780144,0.008660,0.033516,-2.031579,-0.000034,-0.541383,-0.009298,-0.000027,-1.072910,0.860024,-0.174280,0.000004,-0.000013,10.000000,-171.000000,57.000000,-0.062288,-0.000008,0.000000,0.000000,0.000000,-0.097446,458.000000,0.000000,0.000000,0.000000,0.000000,36.779163,89.552200,87.457726,-222.767853,-184.474930,0.000013,-2.059587,9.005000,6020,0,28,11
36.782097,0.008660,0.032429,-2.031595,-0.000034,-0.543525,-0.007578,-0.000026,-1.070652,0.859988,-0.174281,0.000004,-0.000013,10.000000,-171.000000,57.000000,-0.062288,-0.000008,0.000000,0.000000,0.000000,-0.097446,458.000000,0.000000,0.000000,0.000000,0.000000,36.781120,89.552200,87.457726,-222.767853,-184.474930,0.000008,-2.059604,9.005000,6020,0,28,11
36.784050,0.008660,0.031337,-2.031607,-0.000034,-0.545663,-0.005858,-0.000026,-1.068425,0.859807,-0.174282,0.000004,-0.000013,10.000000,-171.000000,57.000000,-0.062288,-0.000008,0.000000,0.000000,0.000000,-0.097446,458.000000,0.000000,0.000000,0.000000,0.000000,36.783073,89.552200,87.457726,-222.767853,-184.474930,0.000002,-2.059623,9.005000,6020,0,28,12
36.786003,0.008660,0.030242,-2.031616,-0.000034,-0.547797,-0.004139,-0.000026,-1.066227,0.859495,-0.174282,0.000004,-0.000013,10.000000,-171.000000,57.000000,-0.062288,-0.000008,0.000000,0.000000,0.000000,-0.097446,458.000000,0.000000,0.000000,0.000000,0.000000,36.785027,89.552200,87.457726,-222.767853,-184.474930,0.000003,-2.059620,9.005000,6020,0,28,12
36.787956,0.008659,0.029142,-2.031622,-0.000034,-0.549926,-0.002420,-0.000028,-1.064053,0.859063,-0.174283,0.000004,-0.000013,10.000000,-171.000000,57.000000,-0.062288,-0.000008,0.000000,0.000000,0.000000,-0.097446,458.000000,0.000000,0.000000,0.000000,0.000000,36.786980,89.552200,87.457726,-222.767853,-184.474930,0.000010,-2.059598,9.005000,6020,0,28,12
36.789913,0.008659,0.028038,-2.031625,-0.000034,-0.552051,-0.000703,-0.000029,-1.061902,0.858525,-0.174284,0.000005,-0.000013,10.000000,-171.000000,57.000000,-0.062288,-0.000008,0.000000,0.000000,0.000000,-0.097446,458.000000,0.000000,0.000000,0.000000,0.000000,36.788937,89.552200,87.457726,-222.767853,-184.474930,0.000015,-2.059582,9.005000,6020,0,28,12
36.791866,0.008659,0.026929,-2.031623,-0.000034,-0.554172,0.001013,-0.000031,-1.059772,0.857890,-0.174285,0.000005,-0.000013,10.000000,-171.000000,57.000000,-0.062288,-0.000008,0.000000,0.000000,0.000000,-0.097446,458.000000,0.000000,0.000000,0.000000,0.000000,36.790890,89.552200,87.457726,-222.767853,-184.474930,0.000019,-2.059569,9.005000,6020,0,28,12
36.793819,0.008659,0.025817,-2.031619,-0.000034,-0.556288,0.002728,-0.000033,-1.057663,0.857167,-0.174286,0.000005,-0.000013,10.000000,-171.000000,57.000000,-0.062288,-0.000008,0.000000,0.000000,0.000000,-0.097446,458.000000,0.000000,0.000000,0.000000,0.000000,36.792843,89.552200,87.457726,-222.767853,-184.474930,0.000022,-2.059561,9.005000,6020,0,28,12
36.795773,0.008659,0.024700,-2.031611,-0.000035,-0.558400,0.004441,-0.000035,-1.055571,0.856365,-0.174286,0.000005,-0.000013,10.000000,-171.000000,57.000000,-0.062288,-0.000008,0.000000,0.000000,0.000000,-0.097446,458.000000,0.000000,0.000000,0.000000,0.000000,36.794796,89.552200,87.457726,-222.767853,-184.474930,0.000023,-2.059556,9.005000,6020,0,28,12
36.797729,0.008659,0.023579,-2.031599,-0.000035,-0.560508,0.006152,-0.000037,-1.053497,0.855491,-0.174287,0.000006,-0.000013,10.000000,-171.000000,57.000000,-0.062288,-0.000008,0.000000,0.000000,0.000000,-0.097446,458.000000,0.000000,0.000000,0.000000,0.000000,36.796753,89.552200,87.457726,-222.767853,-184.474930,0.000024,-2.059555,9.005000,6020,0,28,12
36.799683,0.008659,0.022453,-2.031584,-0.000035,-0.562612,0.007862,-0.000039,-1.051438,0.854552,-0.174288,0.000006,-0.000013,10.000000,-171.000000,57.000000,-0.062288,-0.000008,0.000000,0.000000,0.000000,-0.097446,458.000000,0.000000,0.000000,0.000000,0.000000,36.798702,89.552200,87.457726,-222.767853,-184.474930,0.000023,-2.059558,9.005000,6020,0,28,12
36.801636,0.008659,0.021324,-2.031566,-0.000035,-0.564712,0.009570,-0.000041,-1.049394,0.853555,-0.174289,0.000006,-0.000013,10.000000,-171.000000,57.000000,-0.062288,-0.000008,0.000000,0.000000,0.000000,-0.097446,458.000000,0.000000,0.000000,0.000000,0.000000,36.800659,89.552200,87.457726,-222.767853,-184.474930,0.000021,-2.059563,9.005000,6020,0,28,12
36.803589,0.008659,0.020190,-2.031544,-0.000035,-0.566808,0.011275,-0.000043,-1.047364,0.852505,-0.174290,0.000006,-0.000013,10.000000,-171.000000,57.000000,-0.062288,-0.000008,0.000000,0.000000,0.000000,-0.097446,458.000000,0.000000,0.000000,0.000000,0.000000,36.802612,89.552200,87.457726,-222.767853,-184.474930,0.000019,-2.059571,9.005000,6020,0,28,12
36.805546,0.008659,0.019052,-2.031519,-0.000035,-0.568899,0.012979,-0.000045,-1.045346,0.851409,-0.174291,0.000007,-0.000013,10.000000,-171.000000,57.000000,-0.062288,-0.000008,0.000000,0.000000,0.000000,-0.097446,458.000000,0.000000,0.000000,0.000000,0.000000,36.804569,89.552200,87.457726,-222.767853,-184.474930,0.000015,-2.059582,9.005000,6020,0,28,12
36.807499,0.008659,0.017910,-2.031491,-0.000035,-0.570987,0.014680,-0.000047,-1.043340,0.850269,-0.174292,0.000007,-0.000013,10.000000,-171.000000,57.000000,-0.062288,-0.000008,0.000000,0.000000,0.000000,-0.097446,458.000000,0.000000,0.000000,0.000000,0.000000,36.806519,89.552200,87.457726,-222.767853,-184.474930,0.000011,-2.059595,9.005000,6020,0,28,12
36.809452,0.008659,0.016764,-2.031459,-0.000035,-0.573071,0.016378,-0.000048,-1.041345,0.849091,-0.174293,0.000007,-0.000013,10.000000,-170.000000,61.000000,-0.062288,-0.000008,0.000000,0.000000,0.000000,-0.097446,458.000000,0.000000,0.000000,0.000000,0.000000,36.808475,89.552200,87.457726,-222.767853,-184.474930,0.000006,-2.059610,9.005000,6020,0,28,12
36.811405,0.008659,0.015613,-2.031423,-0.000035,-0.575150,0.018075,-0.000049,-1.039360,0.847878,-0.174294,0.000007,-0.000013,10.000000,-170.000000,61.000000,-0.054956,-0.000008,0.000000,0.000000,0.066000,0.000000,458.000000,0.000000,0.000000,0.000000,0.000000,36.810429,60.606075,65.926414,-438.577759,-257.055237,0.000001,-1.552565,9.013030,5960,35,28,12
36.813358,0.008659,0.014459,-2.031385,-0.000035,-0.577225,0.019777,-0.000049,-1.036283,0.852890,-0.174295,0.000007,-0.000013,10.000000,-170.000000,61.000000,-0.054956,-0.000008,0.000000,0.000000,0.000000,0.000000,458.000000,0.000000,0.000000,0.000000,0.000000,36.812386,60.606075,65.926414,-438.577759,-257.055237,-0.000004,-1.552581,9.013030,5960,35,28,13
36.815315,0.008658,0.013300,-2.031343,-0.000035,-0.579292,0.021493,-0.000049,-1.032964,0.859297,-0.174296,0.000007,-0.000013,10.000000,-170.000000,61.000000,-0.054956,-0.000008,0.000000,0.000000,0.000000,0.000000,458.000000,0.000000,0.000000,0.000000,0.000000,36.814335,60.606075,65.926414,-438.577759,-257.055237,-0.000001,-1.552569,9.013030,5960,34,28,13
36.817268,0.008658,0.012137,-2.031297,-0.000036,-0.581353,0.023220,-0.000049,-1.029774,0.864947,-0.174295,0.000007,-0.000013,10.000000,-170.000000,61.000000,-0.054956,-0.000008,0.000000,0.000000,0.000000,0.000000,458.000000,0.000000,0.000000,0.000000,0.000000,36.816292,60.606075,65.926414,-438.577759,-257.055237,0.000010,-1.552537,9.013030,5960,34,28,13
36.819221,0.008658,0.010970,-2.031248,-0.000036,-0.583408,0.024957,-0.000048,-1.026699,0.869912,-0.174294,0.000007,-0.000013,10.000000,-170.000000,61.000000,-0.054956,-0.000008,0.000000,0.000000,0.000000,0.000000,458.000000,0.000000,0.000000,0.000000,0.000000,36.818245,60.606075,65.926414,-438.577759,-257.055237,0.000019,-1.552508,9.013030,5960,34,28,13
36.821175,0.008658,0.009799,-2.031195,-0.000036,-0.585457,0.026704,-0.000047,-1.023726,0.874255,-0.174290,0.000007,-0.000013,10.000000,-170.000000,61.000000,-0.054956,-0.000008,0.000000,0.000000,0.000000,0.000000,458.000000,0.000000,0.000000,0.000000,0.000000,36.820202,60.606075,65.926414,-438.577759,-257.055237,0.000027,-1.552481,9.013030,5960,33,28,13
36.823132,0.008658,0.008624,-2.031139,-0.000036,-0.587500,0.028458,-0.000046,-1.020842,0.878031,-0.174286,0.000007,-0.000013,10.000000,-170.000000,61.000000,-0.054956,-0.000008,0.000000,0.000000,0.000000,0.000000,458.000000,0.000000,0.000000,0.000000,0.000000,36.822151,60.606075,65.926414,-438.577759,-257.055237,0.000035,-1.552458,9.013030,5960,33,28,13
36.825085,0.008658,0.007445,-2.031080,-0.000036,-0.589538,0.030219,-0.000045,-1.018036,0.881295,-0.174279,0.000007,-0.000012,10.000000,-170.000000,61.000000,-0.054956,-0.000008,0.000000,0.000000,0.000000,0.000000,458.000000,0.000000,0.000000,0.000000,0.000000,36.824108,60.606075,65.926414,-438.577759,-257.055237,0.000042,-1.552437,9.013030,5960,32,28,13
36.827038,0.008658,0.006262,-2.031016,-0.000036,-0.591570,0.031986,-0.000044,-1.015297,0.884093,-0.174270,0.000006,-0.000012,10.000000,-170.000000,61.000000,-0.054956,-0.000008,0.000000,0.000000,0.000000,0.000000,458.000000,0.000000,0.000000,0.000000,0.000000,36.826061,60.606075,65.926414,-438.577759,-257.055237,0.000047,-1.552418,9.013030,5960,31,28,13
36.828991,0.008658,0.005074,-2.030950,-0.000036,-0.593596,0.033757,-0.000042,-1.012617,0.886469,-0.174259,0.000006,-0.000012,10.000000,-170.000000,61.000000,-0.054956,-0.000008,0.000000,0.000000,0.000000,0.000000,458.000000,0.000000,0.000000,0.000000,0.000000,36.828014,60.606075,65.926414,-438.577759,-257.055237,0.000053,-1.552402,9.013030,5960,30,28,13
36.830948,0.008658,0.003883,-2.030879,-0.000036,-0.595618,0.035533,-0.000040,-1.009986,0.888463,-0.174245,0.000006,-0.000012,10.000000,-170.000000,61.000000,-0.054956,-0.000008,0.000000,0.000000,0.000000,0.000000,458.000000,0.000000,0.000000,0.000000,0.000000,36.829967,60.606075,65.926414,-438.577759,-257.055237,0.000057,-1.552388,9.013030,5960,29,28,13
36.832901,0.008658,0.002687,-2.030806,-0.000036,-0.597634,0.037313,-0.000038,-1.007398,0.890108,-0.174229,0.000006,-0.000012,10.000000,-170.000000,61.000000,-0.054956,-0.000008,0.000000,0.000000,0.000000,0.000000,458.000000,0.000000,0.000000,0.000000,0.000000,36.831924,60.606075,65.926414,-438.577759,-257.055237,0.000061,-1.552376,9.013030,5960,28,28,13
36.834854,0.008658,0.001488,-2.030728,-0.000036,-0.599645,0.039095,-0.000035,-1.004845,0.891438,-0.174210,0.000006,-0.000012,10.000000,-170.000000,61.000000,-0.054956,-0.000008,0.000000,0.000000,0.000000,0.000000,458.000000,0.000000,0.000000,0.000000,0.000000,36.833878,60.606075,65.926414,-438.577759,-257.055237,0.000064,-1.552367,9.013030,5960,27,28,13
36.836807,0.008658,0.000284,-2.030647,-0.000036,-0.601650,0.040880,-0.000033,-1.002323,0.892482,-0.174189,0.000005,-0.000012,10.000000,-170.000000,61.000000,-0.054956,-0.000008,0.000000,0.000000,0.000000,0.000000,458.000000,0.000000,0.000000,0.000000,0.000000,36.835831,60.606075,65.926414,-438.577759,-257.055237,0.000066,-1.552359,9.013030,5960,26,28,13
36.838760,0.008658,-0.000923,-2.030563,-0.000036,-0.603651,0.042666,-0.000030,-0.999826,0.893265,-0.174164,0.000005,-0.000011,10.000000,-170.000000,61.000000,-0.054956,-0.000008,0.000000,0.000000,0.000000,0.000000,458.000000,0.000000,0.000000,0.000000,0.000000,36.837784,60.606075,65.926414,-438.577759,-257.055237,0.000068,-1.552354,9.013030,5960,25,28,13
36.840717,0.008658,-0.002135,-2.030475,-0.000037,-0.605647,0.044453,-0.000026,-0.997349,0.893812,-0.174137,0.000005,-0.000011,10.000000,-170.000000,61.000000,-0.054956,-0.000008,0.000000,0.000000,0.000000,0.000000,458.000000,0.000000,0.000000,0.000000,0.000000,36.839741,60.606075,65.926414,-438.577759,-257.055237,0.000069,-1.552350,9.013030,5960,23,28,13
36.842670,0.008657,-0.003350,-2.030383,-0.000037,-0.607638,0.046241,-0.000023,-0.994888,0.894145,-0.174107,0.000004,-0.000011,10.000000,-170.000000,61.000000,-0.054956,-0.000008,0.000000,0.000000,0.000000,0.000000,458.000000,0.000000,0.000000,0.000000,0.000000,36.841694,60.606075,65.926414,-438.577759,-257.055237,0.000069,-1.552349,9.013030,5960,22,29,13
36.844624,0.008657,-0.004570,-2.030288,-0.000037,-0.609624,0.048030,-0.000019,-0.992440,0.894284,-0.174074,0.000004,-0.000011,10.000000,-170.000000,61.000000,-0.054956,-0.000008,0.000000,0.000000,0.000000,0.000000,458.000000,0.000000,0.000000,0.000000,0.000000,36.843647,60.606075,65.926414,-438.577759,-257.055237,0.000069,-1.552350,9.013030,5960,21,29,13
36.846577,0.008657,-0.005793,-2.030189,-0.000037,-0.611606,0.049818,-0.000015,-0.990001,0.894247,-0.174038,0.000004,-0.000011,10.000000,-170.000000,61.000000,-0.054956,-0.000008,0.000000,0.000000,0.000000,0.000000,458.000000,0.000000,0.000000,0.000000,0.000000,36.845600,60.606075,65.926414,-438.577759,-257.055237,0.000068,-1.552352,9.013030,5960,19,29,13
36.848534,0.008657,-0.007020,-2.030087,-0.000037,-0.613582,0.051607,-0.000012,-0.987569,0.894049,-0.173999,0.000003,-0.000010,10.000000,-170.000000,61.000000,-0.054956,-0.000008,0.000000,0.000000,0.000000,0.000000,458.000000,0.000000,0.000000,0.000000,0.000000,36.847557,60.606075,65.926414,-438.577759,-257.055237,0.000067,-1.552357,9.013030,5960,18,29,13
36.850487,0.008657,-0.008252,-2.029980,-0.000037,-0.615553,0.053394,-0.000008,-0.985142,0.893707,-0.173958,0.000003,-0.000010,10.000000,-170.000000,61.000000,-0.054956,-0.000008,0.000000,0.000000,0.000000,0.000000,458.000000,0.000000,0.000000,0.000000,0.000000,36.849506,60.606075,65.926414,-438.577759,-257.055237,0.000065,-1.552363,9.013030,5960,16,29,13
36.852440,0.008657,-0.009487,-2.029871,-0.000037,-0.617520,0.055181,-0.000004,-0.982718,0.893232,-0.173914,0.000002,-0.000010,10.000000,-170.000000,61.000000,-0.054956,-0.000008,0.000000,0.000000,0.000000,0.000000,458.000000,0.000000,0.000000,0.000000,0.000000,36.851463,60.606075,65.926414,-438.577759,-257.055237,0.000062,-1.552371,9.013030,5960,15,29,13
36.854393,0.008657,-0.010726,-2.029758,-0.000037,-0.619482,0.056966,0.000000,-0.980296,0.892639,-0.173867,0.000002,-0.000010,10.000000,-170.000000,61.000000,-0.054956,-0.000008,0.000000,0.000000,0.000000,0.000000,458.000000,0.000000,0.000000,0.000000,0.000000,36.853416,60.606075,65.926414,-438.577759,-257.055237,0.000059,-1.552381,9.013030,5960,13,29,13
36.856346,0.008657,-0.011969,-2.029641,-0.000037,-0.621439,0.058751,0.000004,-0.977873,0.891936,-0.173818,0.000001,-0.000010,10.000000,-170.000000,61.000000,-0.054956,-0.000008,0.000000,0.000000,0.000000,0.000000,458.000000,0.000000,0.000000,0.000000,0.000000,36.855373,60.606075,65.926414,-438.577759,-257.055237,0.000055,-1.552394,9.013030,5960,12,29,13
36.858303,0.008657,-0.013216,-2.029521,-0.000037,-0.623391,0.060533,0.000008,-0.975449,0.891136,-0.173766,0.000001,-0.000009,10.000000,-170.000000,61.000000,-0.054956,-0.000008,0.000000,0.000000,0.000000,0.000000,458.000000,0.000000,0.000000,0.000000,0.000000,36.857323,60.606075,65.926414,-438.577759,-257.055237,0.000051,-1.552408,9.013030,5960,10,29,13
36.860256,0.008657,-0.014467,-2.029397,-0.000037,-0.625338,0.062314,0.000011,-0.973024,0.890247,-0.173712,0.000001,-0.000009,10.000000,-170.000000,61.000000,-0.054956,-0.000008,0.000000,0.000000,0.000000,0.000000,458.000000,0.000000,0.000000,0.000000,0.000000,36.859280,60.606075,65.926414,-438.577759,-257.055237,0.000046,-1.552423,9.013030,5960,9,29,13
36.862209,0.008657,-0.015722,-2.029269,-0.000037,-0.627281,0.064093,0.000015,-0.970596,0.889277,-0.173655,0.000000,-0.000009,10.000000,-170.000000,61.000000,-0.054956,-0.000008,0.000000,0.000000,0.000000,0.000000,458.000000,0.000000,0.000000,0.000000,0.000000,36.861233,60.606075,65.926414,-438.577759,-257.055237,0.000040,-1.552441,9.013030,5960,8,29,13
36.864162,0.008657,-0.016981,-2.029138,-0.000037,-0.629218,0.065870,0.000018,-0.968166,0.888234,-0.173597,0.000000,-0.000009,10.000000,-170.000000,61.000000,-0.054956,-0.000008,0.000000,0.000000,0.000000,0.000000,458.000000,0.000000,0.000000,0.000000,0.000000,36.863190,60.606075,65.926414,-438.577759,-257.055237,0.000034,-1.552461,9.013030,5960,6,29,13
36.866119,0.008657,-0.018244,-2.029004,-0.000037,-0.631151,0.067645,0.000020,-0.965733,0.887125,-0.173536,-0.000000,-0.000009,10.000000,-170.000000,61.000000,-0.054956,-0.000008,0.000000,0.000000,0.000000,0.000000,458.000000,0.000000,0.000000,0.000000,0.000000,36.865139,60.606075,65.926414,-438.577759,-257.055237,0.000027,-1.552482,9.013030,5960,5,29,14
36.868073,0.008656,-0.019510,-2.028866,-0.000036,-0.633079,0.069418,0.000023,-0.963299,0.885957,-0.173473,-0.000000,-0.000009,10.000000,-170.000000,61.000000,-0.054956,-0.000008,0.000000,0.000000,0.000000,0.000000,458.000000,0.000000,0.000000,0.000000,0.000000,36.867096,60.606075,65.926414,-438.577759,-257.055237,0.000027,-1.552482,9.013030,5960,3,29,14
36.870026,0.008656,-0.020780,-2.028724,-0.000036,-0.635002,0.071188,0.000025,-0.960861,0.884734,-0.173409,-0.000001,-0.000009,10.000000,-170.000000,61.000000,-0.054956,-0.000008,0.000000,0.000000,0.000000,0.000000,458.000000,0.000000,0.000000,0.000000,0.000000,36.869049,60.606075,65.926414,-438.577759,-257.055237,0.000033,-1.552462,9.013030,5960,2,29,14
36.871979,0.008656,-0.022055,-2.028579,-0.000036,-0.636920,0.072955,0.000026,-0.958420,0.883463,-0.173343,-0.000001,-0.000009,10.000000,-170.000000,61.000000,-0.054956,-0.000008,0.000000,0.000000,0.000000,0.000000,458.000000,0.000000,0.000000,0.000000,0.000000,36.871002,60.606075,65.926414,-438.577759,-257.055237,0.000038,-1.552448,9.013030,5960,0,29,14
36.873936,0.008656,-0.023333,-2.028430,-0.000036,-0.638833,0.074720,0.000028,-0.955977,0.882148,-0.173275,-0.000001,-0.000008,10.000000,-170.000000,61.000000,-0.054956,-0.000008,0.000000,0.000000,0.000000,0.000000,458.000000,0.000000,0.000000,0.000000,0.000000,36.872955,60.606075,65.926414,-438.577759,-257.055237,0.000041,-1.552438,9.013030,5960,0,29,14
36.875889,0.008656,-0.024614,-2.028278,-0.000036,-0.640741,0.076483,0.000029,-0.953532,0.880794,-0.173206,-0.000001,-0.000008,10.000000,-170.000000,61.000000,-0.054956,-0.000008,0.000000,0.000000,0.000000,0.000000,458.000000,0.000000,0.000000,0.000000,0.000000,36.874912,60.606075,65.926414,-438.577759,-257.055237,0.000043,-1.552433,9.013030,5960,-1,28,14
36.877842,0.008656,-0.025900,-2.028122,-0.000036,-0.642645,0.078242,0.000029,-0.951087,0.879404,-0.173135,-0.000001,-0.000008,10.000000,-170.000000,61.000000,-0.054956,-0.000008,0.000000,0.000000,0.000000,0.000000,458.000000,0.000000,0.000000,0.000000,0.000000,36.876865,60.606075,65.926414,-438.577759,-257.055237,0.000043,-1.552432,9.013030,5960,-3,28,14
36.879795,0.008656,-0.027189,-2.027963,-0.000036,-0.644543,0.079999,0.000030,-0.948642,0.877981,-0.173064,-0.000001,-0.000008,10.000000,-170.000000,61.000000,-0.054956,-0.000008,0.000000,0.000000,0.000000,0.000000,458.000000,0.000000,0.000000,0.000000,0.000000,36.878819,60.606075,65.926414,-438.577759,-257.055237,0.000042,-1.552435,9.013030,5960,-4,28,14
36.881748,0.008656,-0.028483,-2.027800,-0.000036,-0.646437,0.081753,0.000030,-0.946197,0.876531,-0.172992,-0.000001,-0.000008,10.000000,-170.000000,61.000000,-0.054956,-0.000008,0.000000,0.000000,0.000000,0.000000,458.000000,0.000000,0.000000,0.000000,0.000000,36.880772,60.606075,65.926414,-438.577759,-257.055237,0.000040,-1.552441,9.013030,5960,-5,28,14
36.883705,0.008656,-0.029780,-2.027634,-0.000036,-0.648325,0.083503,0.000029,-0.943753,0.875055,-0.172918,-0.000001,-0.000008,10.000000,-170.000000,61.000000,-0.054956,-0.000008,0.000000,0.000000,0.000000,0.000000,458.000000,0.000000,0.000000,0.000000,0.000000,36.882729,60.606075,65.926414,-438.577759,-257.055237,0.000037,-1.552451,9.013030,5960,-6,28,14
36.885658,0.008656,-0.031080,-2.027464,-0.000036,-0.650209,0.085251,0.000029,-0.941312,0.873556,-0.172844,-0.000001,-0.000008,10.000000,-170.000000,61.000000,-0.054956,-0.000008,0.000000,0.000000,0.000000,0.000000,458.000000,0.000000,0.000000,0.000000,0.000000,36.884682,60.606075,65.926414,-438.577759,-257.055237,0.000033,-1.552465,9.013030,5960,-7,28,14
36.887611,0.008656,-0.032385,-2.027291,-0.000036,-0.652088,0.086996,0.000028,-0.938873,0.872037,-0.172770,-0.000001,-0.000008,10.000000,-169.000000,62.000000,-0.054956,-0.000008,0.000000,0.000000,0.000000,0.000000,464.000000,0.000000,0.000000,0.000000,0.000000,36.886635,60.606075,65.926414,-438.577759,-257.055237,0.000027,-1.552481,9.013030,5960,-8,28,14
36.889565,0.008656,-0.033693,-2.027114,-0.000036,-0.653962,0.088738,0.000028,-0.936438,0.870500,-0.172695,-0.000001,-0.000008,10.000000,-169.000000,62.000000,-0.036703,-0.000009,0.000000,0.000000,0.067000,0.096814,464.000000,0.000000,0.000000,0.000000,0.000000,36.888588,14.925366,28.776962,-681.801331,-388.079498,0.000021,-0.677631,9.017985,5893,852,28,14
36.891521,0.008656,-0.035005,-2.026934,-0.000036,-0.655830,0.090486,0.000027,-0.932789,0.875935,-0.172616,-0.000001,-0.000008,10.000000,-169.000000,62.000000,-0.036703,-0.000009,0.000000,0.000000,0.000000,0.096814,464.000000,0.000000,0.000000,0.000000,0.000000,36.890545,14.925366,28.776962,-681.801331,-388.079498,0.000033,-0.677594,9.017985,5893,851,28,14
36.893475,0.008656,-0.036321,-2.026750,-0.000036,-0.657690,0.092248,0.000026,-0.928799,0.882934,-0.172525,-0.000001,-0.000008,10.000000,-169.000000,62.000000,-0.036703,-0.000009,0.000000,0.000000,0.000000,0.096814,464.000000,0.000000,0.000000,0.000000,0.000000,36.892494,14.925366,28.776962,-681.801331,-388.079498,0.000076,-0.677459,9.017985,5893,846,28,14
36.895428,0.008655,-0.037641,-2.026563,-0.000036,-0.659541,0.094024,0.000025,-0.924810,0.889080,-0.172413,-0.000000,-0.000007,10.000000,-169.000000,62.000000,-0.036703,-0.000009,0.000000,0.000000,0.000000,0.096814,464.000000,0.000000,0.000000,0.000000,0.000000,36.894451,14.925366,28.776962,-681.801331,-388.079498,0.000135,-0.677273,9.017985,5893,839,28,14
36.897381,0.008655,-0.038964,-2.026372,-0.000036,-0.661385,0.095810,0.000025,-0.920736,0.894437,-0.172272,-0.000000,-0.000007,10.000000,-169.000000,62.000000,-0.036703,-0.000009,0.000000,0.000000,0.000000,0.096814,464.000000,0.000000,0.000000,0.000000,0.000000,36.896404,14.925366,28.776962,-681.801331,-388.079498,0.000208,-0.677043,9.017985,5893,828,28,14
36.899338,0.008655,-0.040291,-2.026177,-0.000036,-0.663220,0.097606,0.000024,-0.916501,0.899065,-0.172095,-0.000000,-0.000006,10.000000,-169.000000,62.000000,-0.036703,-0.000009,0.000000,0.000000,0.000000,0.096814,464.000000,0.000000,0.000000,0.000000,0.000000,36.898361,14.925366,28.776962,-681.801331,-388.079498,0.000294,-0.676773,9.017985,5893,814,28,14
36.901291,0.008655,-0.041621,-2.025979,-0.000036,-0.665046,0.099410,0.000023,-0.912034,0.903017,-0.171875,0.000000,-0.000006,10.000000,-169.000000,62.000000,-0.036703,-0.000009,0.000000,0.000000,0.000000,0.096814,464.000000,0.000000,0.000000,0.000000,0.000000,36.900311,14.925366,28.776962,-681.801331,-388.079498,0.000391,-0.676469,9.017985,5893,798,28,14
36.903244,0.008655,-0.042955,-2.025777,-0.000036,-0.666863,0.101221,0.000022,-0.907277,0.906343,-0.171608,0.000001,-0.000005,10.000000,-169.000000,62.000000,-0.036703,-0.000009,0.000000,0.000000,0.000000,0.096814,464.000000,0.000000,0.000000,0.000000,0.000000,36.902267,14.925366,28.776962,-681.801331,-388.079498,0.000498,-0.676134,9.017985,5893,779,28,13
36.905197,0.008655,-0.044293,-2.025572,-0.000035,-0.668670,0.103038,0.000021,-0.902173,0.909087,-0.171287,0.000001,-0.000003,10.000000,-169.000000,62.000000,-0.036703,-0.000009,0.000000,0.000000,0.000000,0.096814,464.000000,0.000000,0.000000,0.000000,0.000000,36.904221,14.925366,28.776962,-681.801331,-388.079498,0.000605,-0.675799,9.017985,5893,758,28,13
36.907150,0.008655,-0.045634,-2.025363,-0.000035,-0.670466,0.104859,0.000020,-0.896680,0.911292,-0.170910,0.000001,-0.000002,10.000000,-169.000000,62.000000,-0.036703,-0.000009,0.000000,0.000000,0.000000,0.096814,464.000000,0.000000,0.000000,0.000000,0.000000,36.906178,14.925366,28.776962,-681.801331,-388.079498,0.000712,-0.675463,9.017985,5893,734,28,13
36.909107,0.008655,-0.046979,-2.025150,-0.000035,-0.672251,0.106685,0.000019,-0.890756,0.912993,-0.170473,0.000002,-0.000000,10.000000,-169.000000,62.000000,-0.036703,-0.000009,0.000000,0.000000,0.000000,0.096814,464.000000,0.000000,0.000000,0.000000,0.000000,36.908127,14.925366,28.776962,-681.801331,-388.079498,0.000825,-0.675106,9.017985,5893,709,28,12
36.911060,0.008655,-0.048328,-2.024934,-0.000035,-0.674023,0.108512,0.000018,-0.884367,0.914227,-0.169972,0.000002,0.000002,10.000000,-169.000000,62.000000,-0.036703,-0.000009,0.000000,0.000000,0.000000,0.096814,464.000000,0.000000,0.000000,0.000000,0.000000,36.910084,14.925366,28.776962,-681.801331,-388.079498,0.000936,-0.674757,9.017985,5893,686,28,12
36.913013,0.008655,-0.049680,-2.024714,-0.000035,-0.675781,0.110342,0.000017,-0.877488,0.915026,-0.169406,0.000002,0.000004,10.000000,-169.000000,62.000000,-0.036703,-0.000009,0.000000,0.000000,0.000000,0.096814,464.000000,0.000000,0.000000,0.000000,0.000000,36.912037,14.925366,28.776962,-681.801331,-388.079498,0.001045,-0.674418,9.017985,5893,657,28,11
36.914967,0.008655,-0.051035,-2.024490,-0.000035,-0.677525,0.112173,0.000016,-0.870092,0.915420,-0.168773,0.000003,0.000006,10.000000,-169.000000,62.000000,-0.036703,-0.000009,0.000000,0.000000,0.000000,0.096814,464.000000,0.000000,0.000000,0.000000,0.000000,36.913994,14.925366,28.776962,-681.801331,-388.079498,0.001149,-0.674090,9.017985,5893,627,28,10
36.916924,0.008655,-0.052394,-2.024263,-0.000035,-0.679254,0.114004,0.000015,-0.862164,0.915438,-0.168071,0.000004,0.000009,10.000000,-169.000000,62.000000,-0.036703,-0.000009,0.000000,0.000000,0.000000,0.096814,464.000000,0.000000,0.000000,0.000000,0.000000,36.915943,14.925366,28.776962,-681.801331,-388.079498,0.001242,-0.673797,9.017985,5893,595,28,10
36.918877,0.008655,-0.053757,-2.024032,-0.000035,-0.680965,0.115834,0.000014,-0.853694,0.915105,-0.167300,0.000004,0.000011,10.000000,-169.000000,62.000000,-0.036703,-0.000009,0.000000,0.000000,0.000000,0.096814,464.000000,0.000000,0.000000,0.000000,0.000000,36.917900,14.925366,28.776962,-681.801331,-388.079498,0.001332,-0.673516,9.017985,5893,561,28,9
36.920830,0.008655,-0.055123,-2.023797,-0.000035,-0.682659,0.117663,0.000013,-0.844667,0.914447,-0.166459,0.000005,0.000014,10.000000,-169.000000,62.000000,-0.036703,-0.000009,0.000000,0.000000,0.000000,0.096814,464.000000,0.000000,0.000000,0.000000,0.000000,36.919853,14.925366,28.776962,-681.801331,-388.079498,0.001416,-0.673252,9.017985,5893,527,28,8
36.922783,0.008654,-0.056492,-2.023559,-0.000035,-0.684334,0.119491,0.000012,-0.835083,0.913485,-0.165548,0.000005,0.000017,10.000000,-169.000000,62.000000,-0.036703,-0.000009,0.000000,0.000000,0.000000,0.096814,464.000000,0.000000,0.000000,0.000000,0.000000,36.921806,14.925366,28.776962,-681.801331,-388.079498,0.001487,-0.673027,9.017985,5893,492,28,7
36.924740,0.008654,-0.057864,-2.023317,-0.000035,-0.685989,0.121316,0.000011,-0.824941,0.912243,-0.164568,0.000006,0.000020,10.000000,-169.000000,62.000000,-0.036703,-0.000009,0.000000,0.000000,0.000000,0.096814,464.000000,0.000000,0.000000,0.000000,0.000000,36.923759,14.925366,28.776962,-681.801331,-388.079498,0.001546,-0.672842,9.017985,5893,455,28,6
36.926693,0.008654,-0.059240,-2.023072,-0.000035,-0.687623,0.123138,0.000010,-0.814244,0.910741,-0.163519,0.000007,0.000023,10.000000,-169.000000,62.000000,-0.036703,-0.000009,0.000000,0.000000,0.000000,0.096814,464.000000,0.000000,0.000000,0.000000,0.000000,36.925716,14.925366,28.776962,-681.801331,-388.079498,0.001592,-0.672698,9.017985,5893,419,28,5
36.928646,0.008654,-0.060619,-2.022822,-0.000035,-0.689235,0.124957,0.000009,-0.802999,0.908998,-0.162403,0.000007,0.000026,10.000000,-169.000000,62.000000,-0.036703,-0.000009,0.000000,0.000000,0.000000,0.096814,464.000000,0.000000,0.000000,0.000000,0.000000,36.927670,14.925366,28.776962,-681.801331,-388.079498,0.001626,-0.672593,9.017985,5893,381,28,3
36.930599,0.008654,-0.062001,-2.022569,-0.000035,-0.690823,0.126772,0.000008,-0.791215,0.907033,-0.161222,0.000008,0.000030,10.000000,-169.000000,62.000000,-0.036703,-0.000009,0.000000,0.000000,0.000000,0.096814,464.000000,0.000000,0.000000,0.000000,0.000000,36.929623,14.925366,28.776962,-681.801331,-388.079498,0.001638,-0.672554,9.017985,5893,344,28,2
36.932552,0.008654,-0.063387,-2.022313,-0.000035,-0.692387,0.128583,0.000007,-0.778907,0.904864,-0.159976,0.000008,0.000033,10.000000,-169.000000,62.000000,-0.036703,-0.000009,0.000000,0.000000,0.000000,0.096814,464.000000,0.000000,0.000000,0.000000,0.000000,36.931576,14.925366,28.776962,-681.801331,-388.079498,0.001631,-0.672577,9.017985,5893,306,28,1
36.934509,0.008654,-0.064775,-2.022053,-0.000035,-0.693926,0.130389,0.000006,-0.766088,0.902508,-0.158668,0.000009,0.000036,10.000000,-169.000000,62.000000,-0.036703,-0.000009,0.000000,0.000000,0.000000,0.096814,464.000000,0.000000,0.000000,0.000000,0.000000,36.933533,14.925366,28.776962,-681.801331,-388.079498,0.001612,-0.672637,9.017985,5893,268,28,0
36.936462,0.008654,-0.066167,-2.021789,-0.000035,-0.695438,0.132191,0.000005,-0.752778,0.899981,-0.157301,0.000009,0.000039,10.000000,-169.000000,62.000000,-0.036703,-0.000009,0.000000,0.000000,0.000000,0.096814,464.000000,0.000000,0.000000,0.000000,0.000000,36.935486,14.925366,28.776962,-681.801331,-388.079498,0.001580,-0.672735,9.017985,5893,230,28,0
36.938416,0.008654,-0.067561,-2.021522,-0.000035,-0.696923,0.133987,0.000004,-0.738998,0.897300,-0.155876,0.000010,0.000042,10.000000,-169.000000,62.000000,-0.036703,-0.000009,0.000000,0.000000,0.000000,0.096814,464.000000,0.000000,0.000000,0.000000,0.000000,36.937439,14.925366,28.776962,-681.801331,-388.079498,0.001545,-0.672847,9.017985,5893,192,28,-1
36.940369,0.008654,-0.068959,-2.021251,-0.000035,-0.698380,0.135777,0.000003,-0.724765,0.894478,-0.154398,0.000010,0.000045,10.000000,-169.000000,62.000000,-0.036703,-0.000009,0.000000,0.000000,0.000000,0.096814,464.000000,0.000000,0.000000,0.000000,0.000000,36.939392,14.925366,28.776962,-681.801331,-388.079498,0.001504,-0.672976,9.017985,5893,155,28,-3
36.942326,0.008654,-0.070359,-2.020976,-0.000035,-0.699807,0.137562,0.000003,-0.710105,0.891529,-0.152867,0.000011,0.000048,10.000000,-169.000000,62.000000,-0.036703,-0.000009,0.000000,0.000000,0.000000,0.096814,464.000000,0.000000,0.000000,0.000000,0.000000,36.941349,14.925366,28.776962,-681.801331,-388.079498,0.001441,-0.673172,9.017985,5893,118,28,-4
36.944279,0.008654,-0.071762,-2.020698,-0.000035,-0.701205,0.139340,0.000002,-0.695046,0.888468,-0.151289,0.000011,0.000051,10.000000,-169.000000,62.000000,-0.036703,-0.000009,0.000000,0.000000,0.000000,0.096814,464.000000,0.000000,0.000000,0.000000,0.000000,36.943298,14.925366,28.776962,-681.801331,-388.079498,0.001359,-0.673432,9.017985,5893,81,28,-5
36.946232,0.008654,-0.073168,-2.020416,-0.000035,-0.702572,0.141112,0.000002,-0.679614,0.885308,-0.149665,0.000011,0.000053,10.000000,-170.000000,59.000000,-0.036703,-0.000009,0.000000,0.000000,0.000000,0.096814,470.000000,0.000000,0.000000,0.000000,0.000000,36.945255,14.925366,28.776962,-681.801331,-388.079498,0.001264,-0.673729,9.017985,5893,46,28,-6
36.948185,0.008654,-0.074577,-2.020131,-0.000035,-0.703908,0.142878,0.000002,-0.663837,0.882061,-0.147999,0.000012,0.000055,10.000000,-170.000000,59.000000,-0.020758,-0.000008,0.000000,0.000000,0.066000,0.097023,470.000000,0.000000,0.000000,0.000000,0.000000,36.947208,-45.454556,-24.567604,-914.847473,-557.398010,0.001157,0.582199,9.006969,5882,1254,28,-7
36.950142,0.008654,-0.075988,-2.019843,-0.000035,-0.705211,0.144639,0.000002,-0.647574,0.879890,-0.146291,0.000012,0.000057,10.000000,-170.000000,59.000000,-0.020758,-0.000008,0.000000,0.000000,0.000000,0.097023,470.000000,0.000000,0.000000,0.000000,0.000000,36.949165,-45.454556,-24.567604,-914.847473,-557.398010,0.001063,0.581906,9.006969,5882,1220,28,-8
36.952095,0.008653,-0.077402,-2.019550,-0.000035,-0.706481,0.146395,0.000002,-0.630890,0.877904,-0.144530,0.000012,0.000059,10.000000,-170.000000,59.000000,-0.020758,-0.000008,0.000000,0.000000,0.000000,0.097023,470.000000,0.000000,0.000000,0.000000,0.000000,36.951115,-45.454556,-24.567604,-914.847473,-557.398010,0.001004,0.581719,9.006969,5882,1181,28,-9
36.954048,0.008653,-0.078818,-2.019255,-0.000035,-0.707717,0.148148,0.000003,-0.613761,0.875700,-0.142707,0.000012,0.000061,10.000000,-170.000000,59.000000,-0.020758,-0.000008,0.000000,0.000000,0.000000,0.097023,470.000000,0.000000,0.000000,0.000000,0.000000,36.953072,-45.454556,-24.567604,-914.847473,-557.398010,0.000956,0.581570,9.006969,5882,1139,28,-9
36.956001,0.008653,-0.080236,-2.018955,-0.000035,-0.708918,0.149896,0.000003,-0.596113,0.873288,-0.140815,0.000012,0.000063,10.000000,-170.000000,59.000000,-0.020758,-0.000008,0.000000,0.000000,0.000000,0.097023,470.000000,0.000000,0.000000,0.000000,0.000000,36.955025,-45.454556,-24.567604,-914.847473,-557.398010,0.000925,0.581472,9.006969,5882,1094,28,-10
36.957954,0.008653,-0.081657,-2.018653,-0.000035,-0.710083,0.151639,0.000004,-0.577875,0.870676,-0.138846,0.000012,0.000065,10.000000,-170.000000,59.000000,-0.020758,-0.000008,0.000000,0.000000,0.000000,0.097023,470.000000,0.000000,0.000000,0.000000,0.000000,36.956982,-45.454556,-24.567604,-914.847473,-557.398010,0.000908,0.581417,9.006969,5882,1045,28,-11
36.959911,0.008653,-0.083081,-2.018347,-0.000035,-0.711211,0.153376,0.000005,-0.558994,0.867876,-0.136796,0.000012,0.000067,10.000000,-170.000000,59.000000,-0.020758,-0.000008,0.000000,0.000000,0.000000,0.097023,470.000000,0.000000,0.000000,0.000000,0.000000,36.958931,-45.454556,-24.567604,-914.847473,-557.398010,0.000894,0.581375,9.006969,5882,994,28,-12
36.961864,0.008653,-0.084506,-2.018037,-0.000035,-0.712300,0.155107,0.000007,-0.539426,0.864896,-0.134659,0.000012,0.000068,10.000000,-170.000000,59.000000,-0.020758,-0.000008,0.000000,0.000000,0.000000,0.097023,470.000000,0.000000,0.000000,0.000000,0.000000,36.960888,-45.454556,-24.567604,-914.847473,-557.398010,0.000882,0.581337,9.006969,5882,941,28,-12
36.963818,0.008653,-0.085934,-2.017724,-0.000035,-0.713348,0.156832,0.000008,-0.519136,0.861750,-0.132433,0.000012,0.000070,10.000000,-170.000000,59.000000,-0.020758,-0.000008,0.000000,0.000000,0.000000,0.097023,470.000000,0.000000,0.000000,0.000000,0.000000,36.962841,-45.454556,-24.567604,-914.847473,-557.398010,0.000878,0.581323,9.006969,5882,881,28,-13
36.965771,0.008653,-0.087364,-2.017407,-0.000035,-0.714355,0.158551,0.000010,-0.498095,0.858448,-0.130114,0.000012,0.000072,10.000000,-170.000000,59.000000,-0.020758,-0.000008,0.000000,0.000000,0.000000,0.097023,470.000000,0.000000,0.000000,0.000000,0.000000,36.964794,-45.454556,-24.567604,-914.847473,-557.398010,0.000878,0.581324,9.006969,5882,823,28,-14
36.967728,0.008653,-0.088795,-2.017087,-0.000035,-0.715318,0.160262,0.000012,-0.476285,0.855003,-0.127702,0.000012,0.000074,10.000000,-170.000000,59.000000,-0.020758,-0.000008,0.000000,0.000000,0.000000,0.097023,470.000000,0.000000,0.000000,0.000000,0.000000,36.966747,-45.454556,-24.567604,-914.847473,-557.398010,0.000873,0.581310,9.006969,5882,764,29,-15
36.969681,0.008653,-0.090229,-2.016764,-0.000035,-0.716237,0.161967,0.000014,-0.453698,0.851429,-0.125195,0.000011,0.000076,10.000000,-170.000000,59.000000,-0.020758,-0.000008,0.000000,0.000000,0.000000,0.097023,470.000000,0.000000,0.000000,0.000000,0.000000,36.968704,-45.454556,-24.567604,-914.847473,-557.398010,0.000863,0.581278,9.006969,5882,704,29,-15
36.971634,0.008653,-0.091664,-2.016437,-0.000035,-0.717110,0.163664,0.000017,-0.430330,0.847739,-0.122595,0.000011,0.000077,10.000000,-170.000000,59.000000,-0.020758,-0.000008,0.000000,0.000000,0.000000,0.097023,470.000000,0.000000,0.000000,0.000000,0.000000,36.970657,-45.454556,-24.567604,-914.847473,-557.398010,0.000854,0.581249,9.006969,5882,643,29,-16
36.973587,0.008653,-0.093101,-2.016107,-0.000035,-0.717934,0.165354,0.000020,-0.406182,0.843947,-0.119900,0.000011,0.000079,10.000000,-170.000000,59.000000,-0.020758,-0.000008,0.000000,0.000000,0.000000,0.097023,470.000000,0.000000,0.000000,0.000000,0.000000,36.972610,-45.454556,-24.567604,-914.847473,-557.398010,0.000844,0.581216,9.006969,5882,581,29,-17
36.975540,0.008653,-0.094539,-2.015773,-0.000035,-0.718709,0.167036,0.000023,-0.381265,0.840066,-0.117114,0.000010,0.000081,10.000000,-170.000000,59.000000,-0.020758,-0.000008,0.000000,0.000000,0.000000,0.097023,470.000000,0.000000,0.000000,0.000000,0.000000,36.974564,-45.454556,-24.567604,-914.847473,-557.398010,0.000822,0.581149,9.006969,5882,518,29,-18
36.977497,0.008653,-0.095979,-2.015436,-0.000035,-0.719433,0.168710,0.000027,-0.355593,0.836110,-0.114237,0.000010,0.000082,10.000000,-170.000000,59.000000,-0.020758,-0.000008,0.000000,0.000000,0.000000,0.097023,470.000000,0.000000,0.000000,0.000000,0.000000,36.976521,-45.454556,-24.567604,-914.847473,-557.398010,0.000790,0.581047,9.006969,5882,455,29,-18
36.979450,0.008652,-0.097420,-2.015096,-0.000035,-0.720105,0.170377,0.000031,-0.329188,0.832095,-0.111273,0.000009,0.000084,10.000000,-170.000000,59.000000,-0.020758,-0.000008,0.000000,0.000000,0.000000,0.097023,470.000000,0.000000,0.000000,0.000000,0.000000,36.978474,-45.454556,-24.567604,-914.847473,-557.398010,0.000753,0.580930,9.006969,5882,392,29,-19
36.981403,0.008652,-0.098863,-2.014753,-0.000035,-0.720723,0.172035,0.000035,-0.302071,0.828035,-0.108224,0.000009,0.000085,10.000000,-170.000000,59.000000,-0.020758,-0.000008,0.000000,0.000000,0.000000,0.097023,470.000000,0.000000,0.000000,0.000000,0.000000,36.980427,-45.454556,-24.567604,-914.847473,-557.398010,0.000709,0.580794,9.006969,5882,329,29,-20
36.983356,0.008652,-0.100307,-2.014406,-0.000035,-0.721285,0.173685,0.000039,-0.274273,0.823942,-0.105094,0.000008,0.000087,10.000000,-170.000000,59.000000,-0.020758,-0.000008,0.000000,0.000000,0.000000,0.097023,470.000000,0.000000,0.000000,0.000000,0.000000,36.982380,-45.454556,-24.567604,-914.847473,-557.398010,0.000651,0.580612,9.006969,5882,266,29,-20
36.985313,0.008652,-0.101752,-2.014055,-0.000034,-0.721791,0.175326,0.000043,-0.245829,0.819833,-0.101887,0.000007,0.000088,10.000000,-170.000000,59.000000,-0.020758,-0.000008,0.000000,0.000000,0.000000,0.097023,470.000000,0.000000,0.000000,0.000000,0.000000,36.984337,-45.454556,-24.567604,-914.847473,-557.398010,0.000586,0.580407,9.006969,5882,204,29,-21
36.987267,0.008652,-0.103197,-2.013702,-0.000034,-0.722239,0.176960,0.000048,-0.216769,0.815719,-0.098607,0.000007,0.000089,10.000000,-170.000000,59.000000,-0.020758,-0.000008,0.000000,0.000000,0.000000,0.097023,470.000000,0.000000,0.000000,0.000000,0.000000,36.986286,-45.454556,-24.567604,-914.847473,-557.398010,0.000512,0.580174,9.006969,5882,143,29,-22
36.989220,0.008652,-0.104644,-2.013345,-0.000034,-0.722629,0.178585,0.000053,-0.187137,0.811615,-0.095258,0.000006,0.000090,10.000000,-170.000000,59.000000,-0.020758,-0.000008,0.000000,0.000000,0.000000,0.097023,470.000000,0.000000,0.000000,0.000000,0.000000,36.988243,-45.454556,-24.567604,-914.847473,-557.398010,0.000420,0.579887,9.006969,5882,82,29,-22
36.991173,0.008652,-0.106091,-2.012985,-0.000034,-0.722958,0.180202,0.000058,-0.156975,0.807533,-0.091846,0.000005,0.000091,10.000000,-170.000000,59.000000,-0.020758,-0.000008,0.000000,0.000000,0.000000,0.097023,470.000000,0.000000,0.000000,0.000000,0.000000,36.990196,-45.454556,-24.567604,-914.847473,-557.398010,0.000320,0.579571,9.006969,5882,23,29,-23
36.993130,0.008652,-0.107539,-2.012622,-0.000034,-0.723226,0.181811,0.000064,-0.126325,0.803486,-0.088376,0.000004,0.000091,10.000000,-170.000000,59.000000,-0.020758,-0.000008,0.000000,0.000000,0.000000,0.097023,470.000000,0.000000,0.000000,0.000000,0.000000,36.992153,-45.454556,-24.567604,-914.847473,-557.398010,0.000208,0.579221,9.006969,5882,-34,29,-23
36.995083,0.008652,-0.108987,-2.012256,-0.000034,-0.723432,0.183412,0.000070,-0.095236,0.799486,-0.084853,0.000003,0.000091,10.000000,-170.000000,59.000000,-0.020758,-0.000008,0.000000,0.000000,0.000000,0.097023,470.000000,0.000000,0.000000,0.000000,0.000000,36.994102,-45.454556,-24.567604,-914.847473,-557.398010,0.000086,0.578837,9.006969,5882,-91,29,-24
36.997036,0.008652,-0.110435,-2.011886,-0.000034,-0.723575,0.185005,0.000076,-0.063753,0.795544,-0.081282,0.000002,0.000091,10.000000,-170.000000,59.000000,-0.020758,-0.000008,0.000000,0.000000,0.000000,0.097023,470.000000,0.000000,0.000000,0.000000,0.000000,36.996059,-45.454556,-24.567604,-914.847473,-557.398010,-0.000048,0.578416,9.006969,5882,-147,29,-24
36.998989,0.008652,-0.111884,-2.011513,-0.000034,-0.723655,0.186591,0.000083,-0.031930,0.791669,-0.077669,0.000001,0.000091,10.000000,-170.000000,59.000000,-0.020758,-0.000008,0.000000,0.000000,0.000000,0.097023,470.000000,0.000000,0.000000,0.000000,0.000000,36.998013,-45.454556,-24.567604,-914.847473,-557.398010,-0.000194,0.577958,9.006969,5882,-200,29,-24
37.000942,0.008652,-0.113333,-2.011137,-0.000033,-0.723671,0.188168,0.000090,0.000185,0.787874,-0.074020,-0.000000,0.000090,10.000000,-170.000000,59.000000,-0.020758,-0.000008,0.000000,0.000000,0.000000,0.097023,470.000000,0.000000,0.000000,0.000000,0.000000,36.999969,-45.454556,-24.567604,-914.847473,-557.398010,-0.000345,0.577485,9.006969,5882,-252,29,-25
37.002899,0.008652,-0.114782,-2.010758,-0.000033,-0.723622,0.189738,0.000098,0.032542,0.784164,-0.070341,-0.000002,0.000089,10.000000,-170.000000,59.000000,-0.020758,-0.000008,0.000000,0.000000,0.000000,0.097023,470.000000,0.000000,0.000000,0.000000,0.000000,37.001919,-45.454556,-24.567604,-914.847473,-557.398010,-0.000509,0.576970,9.006969,5882,-302,30,-25
37.004852,0.008652,-0.116230,-2.010376,-0.000033,-0.723508,0.191301,0.000106,0.065085,0.780551,-0.066637,-0.000003,0.000088,10.000000,-173.000000,42.000000,-0.020758,-0.000008,0.000000,0.000000,0.000000,0.097023,476.000000,0.000000,0.000000,0.000000,0.000000,37.003876,-45.454556,-24.567604,-914.847473,-557.398010,-0.000686,0.576414,9.006969,5882,-354,30,-25
37.006805,0.008652,-0.117678,-2.009991,-0.000033,-0.723329,0.192857,0.000115,0.097761,0.777014,-0.062915,-0.000005,0.000086,10.000000,-173.000000,42.000000,-0.006734,-0.000008,0.000000,0.000000,0.067000,0.094366,476.000000,0.000000,0.000000,0.000000,0.000000,37.005829,-253.731445,-176.517685,-3108.611572,-1333.085205,-0.000865,4.154274,8.986045,6452,594,30,-24
37.008759,0.008651,-0.119126,-2.009603,-0.000033,-0.723089,0.194325,0.000124,0.126835,0.713372,-0.059177,-0.000006,0.000084,10.000000,-173.000000,42.000000,-0.006734,-0.000008,0.000000,0.000000,0.000000,0.094366,476.000000,0.000000,0.000000,0.000000,0.000000,37.007786,-253.731445,-176.517685,-3108.611572,-1333.085205,-0.001016,4.153802,8.986045,6452,550,30,-24
37.010715,0.008651,-0.120573,-2.009212,-0.000032,-0.722792,0.195635,0.000135,0.155690,0.636117,-0.055419,-0.000008,0.000082,10.000000,-173.000000,42.000000,-0.006734,-0.000008,0.000000,0.000000,0.000000,0.094366,476.000000,0.000000,0.000000,0.000000,0.000000,37.009735,-253.731445,-176.517685,-3108.611572,-1333.085205,-0.001127,4.153451,8.986045,6451,505,30,-24
37.012669,0.008651,-0.122020,-2.008818,-0.000032,-0.722436,0.196802,0.000146,0.185635,0.566079,-0.051635,-0.000009,0.000079,10.000000,-173.000000,42.000000,-0.006734,-0.000008,0.000000,0.000000,0.000000,0.094366,476.000000,0.000000,0.000000,0.000000,0.000000,37.011692,-253.731445,-176.517685,-3108.611572,-1333.085205,-0.001229,4.153132,8.986045,6451,458,30,-23
37.014622,0.008651,-0.123466,-2.008423,-0.000032,-0.722018,0.197838,0.000158,0.216592,0.502527,-0.047823,-0.000011,0.000077,10.000000,-173.000000,42.000000,-0.006734,-0.000008,0.000000,0.000000,0.000000,0.094366,476.000000,0.000000,0.000000,0.000000,0.000000,37.013645,-253.731445,-176.517685,-3108.611572,-1333.085205,-0.001316,4.152859,8.986045,6451,410,30,-23
37.016575,0.008651,-0.124910,-2.008025,-0.000031,-0.721538,0.198755,0.000171,0.248495,0.444841,-0.043979,-0.000013,0.000074,10.000000,-173.000000,42.000000,-0.006734,-0.000008,0.000000,0.000000,0.000000,0.094366,476.000000,0.000000,0.000000,0.000000,0.000000,37.015598,-253.731445,-176.517685,-3108.611572,-1333.085205,-0.001390,4.152626,8.986045,6451,361,30,-22
37.018532,0.008651,-0.126354,-2.007626,-0.000031,-0.720992,0.199566,0.000185,0.281275,0.392492,-0.040103,-0.000015,0.000071,10.000000,-173.000000,42.000000,-0.006734,-0.000008,0.000000,0.000000,0.000000,0.094366,476.000000,0.000000,0.000000,0.000000,0.000000,37.017551,-253.731445,-176.517685,-3108.611572,-1333.085205,-0.001455,4.152424,8.986045,6451,312,30,-22
37.020485,0.008651,-0.127797,-2.007225,-0.000031,-0.720379,0.200279,0.000200,0.314875,0.344999,-0.036193,-0.000017,0.000068,10.000000,-173.000000,42.000000,-0.006734,-0.000008,0.000000,0.000000,0.000000,0.094366,476.000000,0.000000,0.000000,0.000000,0.000000,37.019508,-253.731445,-176.517685,-3108.611572,-1333.085205,-0.001511,4.152248,8.986045,6451,262,30,-21
37.022438,0.008651,-0.129238,-2.006823,-0.000030,-0.719697,0.200904,0.000217,0.349230,0.301929,-0.032250,-0.000019,0.000065,10.000000,-173.000000,42.000000,-0.006734,-0.000008,0.000000,0.000000,0.000000,0.094366,476.000000,0.000000,0.000000,0.000000,0.000000,37.021461,-253.731445,-176.517685,-3108.611572,-1333.085205,-0.001560,4.152093,8.986045,6451,212,31,-20
37.024391,0.008651,-0.130678,-2.006420,-0.000030,-0.718947,0.201449,0.000235,0.384284,0.262889,-0.028272,-0.000022,0.000062,10.000000,-173.000000,42.000000,-0.006734,-0.000008,0.000000,0.000000,0.000000,0.094366,476.000000,0.000000,0.000000,0.000000,0.000000,37.023415,-253.731445,-176.517685,-3108.611572,-1333.085205,-0.001597,4.151976,8.986045,6451,162,31,-19
37.026344,0.008651,-0.132116,-2.006016,-0.000029,-0.718125,0.201921,0.000255,0.419978,0.227520,-0.024261,-0.000024,0.000059,10.000000,-173.000000,42.000000,-0.006734,-0.000008,0.000000,0.000000,0.000000,0.094366,476.000000,0.000000,0.000000,0.000000,0.000000,37.025368,-253.731445,-176.517685,-3108.611572,-1333.085205,-0.001625,4.151890,8.986045,6451,112,31,-19
37.028301,0.008651,-0.133552,-2.005611,-0.000029,-0.717230,0.202328,0.000277,0.456257,0.195501,-0.020218,-0.000027,0.000056,10.000000,-173.000000,42.000000,-0.006734,-0.000008,0.000000,0.000000,0.000000,0.094366,476.000000,0.000000,0.000000,0.000000,0.000000,37.027325,-253.731445,-176.517685,-3108.611572,-1333.085205,-0.001652,4.151805,8.986045,6451,62,31,-18
37.030254,0.008651,-0.134986,-2.005206,-0.000028,-0.716263,0.202675,0.000300,0.493061,0.166539,-0.016146,-0.000029,0.000052,10.000000,-173.000000,42.000000,-0.006734,-0.000008,0.000000,0.000000,0.000000,0.094366,476.000000,0.000000,0.000000,0.000000,0.000000,37.029278,-253.731445,-176.517685,-3108.611572,-1333.085205,-0.001679,4.151721,8.986045,6451,12,31,-17
37.032207,0.008651,-0.136419,-2.004800,-0.000027,-0.715221,0.202968,0.000325,0.530334,0.140367,-0.012046,-0.000032,0.000049,10.000000,-173.000000,42.000000,-0.006734,-0.000008,0.000000,0.000000,0.000000,0.094366,476.000000,0.000000,0.000000,0.000000,0.000000,37.031231,-253.731445,-176.517685,-3108.611572,-1333.085205,-0.001700,4.151653,8.986045,6451,-35,32,-16
37.034161,0.008651,-0.137849,-2.004393,-0.000027,-0.714103,0.203213,0.000352,0.568021,0.116746,-0.007920,-0.000036,0.000045,10.000000,-173.000000,42.000000,-0.006734,-0.000008,0.000000,0.000000,0.000000,0.094366,476.000000,0.000000,0.000000,0.000000,0.000000,37.033184,-253.731445,-176.517685,-3108.611572,-1333.085205,-0.001717,4.151599,8.986045,6451,-83,32,-15
37.036118,0.008651,-0.139277,-2.003986,-0.000026,-0.712910,0.203415,0.000380,0.606067,0.095456,-0.003773,-0.000039,0.000042,10.000000,-173.000000,42.000000,-0.006734,-0.000008,0.000000,0.000000,0.000000,0.094366,476.000000,0.000000,0.000000,0.000000,0.000000,37.035141,-253.731445,-176.517685,-3108.611572,-1333.085205,-0.001731,4.151555,8.986045,6451,-130,32,-14
37.038071,0.008651,-0.140702,-2.003578,-0.000025,-0.711641,0.203577,0.000410,0.644414,0.076299,0.000393,-0.000042,0.000038,10.000000,-173.000000,42.000000,-0.006734,-0.000008,0.000000,0.000000,0.000000,0.094366,476.000000,0.000000,0.000000,0.000000,0.000000,37.037090,-253.731445,-176.517685,-3108.611572,-1333.085205,-0.001744,4.151517,8.986045,6451,-176,32,-14
37.040024,0.008651,-0.142125,-2.003170,-0.000024,-0.710294,0.203703,0.000442,0.683011,0.059095,0.004576,-0.000046,0.000035,10.000000,-173.000000,42.000000,-0.006734,-0.000008,0.000000,0.000000,0.000000,0.094366,476.000000,0.000000,0.000000,0.000000,0.000000,37.039047,-253.731445,-176.517685,-3108.611572,-1333.085205,-0.001762,4.151458,8.986045,6451,-221,33,-13
37.041977,0.008650,-0.143545,-2.002763,-0.000023,-0.708870,0.203798,0.000474,0.721797,0.043680,0.008770,-0.000049,0.000031,10.000000,-173.000000,42.000000,-0.006734,-0.000008,0.000000,0.000000,0.000000,0.094366,476.000000,0.000000,0.000000,0.000000,0.000000,37.041000,-253.731445,-176.517685,-3108.611572,-1333.085205,-0.001788,4.151379,8.986045,6451,-265,33,-12
37.043934,0.008650,-0.144962,-2.002355,-0.000022,-0.707368,0.203865,0.000509,0.760722,0.029905,0.012972,-0.000053,0.000028,10.000000,-173.000000,42.000000,-0.006734,-0.000008,0.000000,0.000000,0.000000,0.094366,476.000000,0.000000,0.000000,0.000000,0.000000,37.042957,-253.731445,-176.517685,-3108.611572,-1333.085205,-0.001813,4.151299,8.986045,6451,-307,33,-11
37.045887,0.008650,-0.146376,-2.001946,-0.000021,-0.705788,0.203906,0.000544,0.799729,0.017632,0.017178,-0.000057,0.000024,10.000000,-173.000000,42.000000,-0.006734,-0.000008,0.000000,0.000000,0.000000,0.094366,476.000000,0.000000,0.000000,0.000000,0.000000,37.044907,-253.731445,-176.517685,-3108.611572,-1333.085205,-0.001839,4.151218,8.986045,6451,-348,33,-10
37.047840,0.008650,-0.147786,-2.001538,-0.000020,-0.704130,0.203925,0.000581,0.838767,0.006739,0.021385,-0.000061,0.000020,10.000000,-173.000000,42.000000,-0.006734,-0.000008,0.000000,0.000000,0.000000,0.094366,476.000000,0.000000,0.000000,0.000000,0.000000,37.046864,-253.731445,-176.517685,-3108.611572,-1333.085205,-0.001866,4.151133,8.986045,6451,-388,34,-9
37.049793,0.008650,-0.149193,-2.001130,-0.000019,-0.702394,0.203923,0.000619,0.877782,-0.002887,0.025587,-0.000065,0.000016,10.000000,-173.000000,42.000000,-0.006734,-0.000008,0.000000,0.000000,0.000000,0.094366,476.000000,0.000000,0.000000,0.000000,0.000000,37.048817,-253.731445,-176.517685,-3108.611572,-1333.085205,-0.001895,4.151041,8.986045,6451,-425,34,-8
37.051746,0.008650,-0.150597,-2.000722,-0.000018,-0.700580,0.203905,0.000658,0.916722,-0.011350,0.029781,-0.000069,0.000012,10.000000,-173.000000,42.000000,-0.006734,-0.000008,0.000000,0.000000,0.000000,0.094366,476.000000,0.000000,0.000000,0.000000,0.000000,37.050774,-253.731445,-176.517685,-3108.611572,-1333.085205,-0.001926,4.150942,8.986045,6451,-462,34,-7
37.053703,0.008650,-0.151996,-2.000314,-0.000016,-0.698688,0.203871,0.000697,0.955537,-0.018746,0.033963,-0.000073,0.000008,10.000000,-173.000000,42.000000,-0.006734,-0.000008,0.000000,0.000000,0.000000,0.094366,476.000000,0.000000,0.000000,0.000000,0.000000,37.052723,-253.731445,-176.517685,-3108.611572,-1333.085205,-0.001961,4.150835,8.986045,6451,-496,34,-6
37.055656,0.008650,-0.153392,-1.999905,-0.000015,-0.696719,0.203824,0.000737,0.994174,-0.025160,0.038127,-0.000077,0.000004,10.000000,-173.000000,42.000000,-0.006734,-0.000008,0.000000,0.000000,0.000000,0.094366,476.000000,0.000000,0.000000,0.000000,0.000000,37.054680,-253.731445,-176.517685,-3108.611572,-1333.085205,-0.001998,4.150718,8.986045,6451,-528,35,-5
37.057610,0.008650,-0.154784,-1.999497,-0.000013,-0.694673,0.203765,0.000777,1.032586,-0.030672,0.042270,-0.000082,-0.000000,10.000000,-173.000000,42.000000,-0.006734,-0.000008,0.000000,0.000000,0.000000,0.094366,476.000000,0.000000,0.000000,0.000000,0.000000,37.056633,-253.731445,-176.517685,-3108.611572,-1333.085205,-0.002038,4.150592,8.986045,6451,-559,35,-4
37.059563,0.008650,-0.156171,-1.999089,-0.000012,-0.692551,0.203696,0.000818,1.070725,-0.035357,0.046388,-0.000086,-0.000005,10.000000,-173.000000,42.000000,-0.006734,-0.000008,0.000000,0.000000,0.000000,0.094366,476.000000,0.000000,0.000000,0.000000,0.000000,37.058586,-253.731445,-176.517685,-3108.611572,-1333.085205,-0.002082,4.150455,8.986045,6451,-588,35,-3
37.061520,0.008650,-0.157555,-1.998682,-0.000010,-0.690352,0.203620,0.000859,1.108543,-0.039281,0.050476,-0.000090,-0.000009,10.000000,-173.000000,42.000000,-0.006734,-0.000008,0.000000,0.000000,0.000000,0.094366,476.000000,0.000000,0.000000,0.000000,0.000000,37.060539,-253.731445,-176.517685,-3108.611572,-1333.085205,-0.002129,4.150307,8.986045,6451,-615,35,-2
37.063473,0.008650,-0.158933,-1.998274,-0.000008,-0.688079,0.203536,0.000900,1.145995,-0.042508,0.054530,-0.000094,-0.000014,10.000000,-173.000000,42.000000,-0.006734,-0.000008,0.000000,0.000000,0.000000,0.094366,476.000000,0.000000,0.000000,0.000000,0.000000,37.062496,-253.731445,-176.517685,-3108.611572,-1333.085205,-0.002179,4.150149,8.986045,6451,-640,35,-1
37.065426,0.008650,-0.160307,-1.997867,-0.000006,-0.685732,0.203447,0.000940,1.183038,-0.045094,0.058546,-0.000098,-0.000019,10.000000,-173.000000,42.000000,-0.006734,-0.000008,0.000000,0.000000,0.000000,0.094366,476.000000,0.000000,0.000000,0.000000,0.000000,37.064449,-253.731445,-176.517685,-3108.611572,-1333.085205,-0.002233,4.149980,8.986045,6450,-662,35,0
37.067379,0.008650,-0.161677,-1.997460,-0.000004,-0.683311,0.203354,0.000981,1.219623,-0.046990,0.062520,-0.000102,-0.000023,10.000000,-173.000000,42.000000,-0.006734,-0.000008,0.000000,0.000000,0.000000,0.094366,476.000000,0.000000,0.000000,0.000000,0.000000,37.066402,-253.731445,-176.517685,-3108.611572,-1333.085205,-0.002290,4.149801,8.986045,6450,-683,36,1
37.069332,0.008650,-0.163041,-1.997053,-0.000002,-0.680817,0.203258,0.001020,1.255713,-0.048324,0.066448,-0.000106,-0.000028,10.000000,-173.000000,42.000000,-0.006734,-0.000008,0.000000,0.000000,0.000000,0.094366,476.000000,0.000000,0.000000,0.000000,0.000000,37.068356,-253.731445,-176.517685,-3108.611572,-1333.085205,-0.002350,4.149612,8.986045,6450,-702,36,2
37.071289,0.008650,-0.164400,-1.996646,-0.000000,-0.678252,0.203160,0.001059,1.291271,-0.049180,0.070327,-0.000109,-0.000034,10.000000,-173.000000,42.000000,-0.006734,-0.000008,0.000000,0.000000,0.000000,0.094366,476.000000,0.000000,0.000000,0.000000,0.000000,37.070312,-253.731445,-176.517685,-3108.611572,-1333.085205,-0.002413,4.149413,8.986045,6450,-719,36,3
37.073242,0.008650,-0.165754,-1.996239,0.000002,-0.675617,0.203061,0.001097,1.326260,-0.049601,0.074152,-0.000113,-0.000039,10.000000,-173.000000,42.000000,-0.006734,-0.000008,0.000000,0.000000,0.000000,0.094366,476.000000,0.000000,0.000000,0.000000,0.000000,37.072266,-253.731445,-176.517685,-3108.611572,-1333.085205,-0.002480,4.149206,8.986045,6450,-734,36,5
37.075195,0.008650,-0.167102,-1.995833,0.000004,-0.672913,0.202962,0.001135,1.360644,-0.049626,0.077921,-0.000116,-0.000044,10.000000,-173.000000,42.000000,-0.006734,-0.000008,0.000000,0.000000,0.000000,0.094366,476.000000,0.000000,0.000000,0.000000,0.000000,37.074219,-253.731445,-176.517685,-3108.611572,-1333.085205,-0.002541,4.149014,8.986045,6450,-747,36,6
37.077148,0.008650,-0.168445,-1.995427,0.000006,-0.670141,0.202863,0.001170,1.394393,-0.049290,0.081629,-0.000120,-0.000050,10.000000,-173.000000,42.000000,-0.006734,-0.000008,0.000000,0.000000,0.000000,0.094366,476.000000,0.000000,0.000000,0.000000,0.000000,37.076172,-253.731445,-176.517685,-3108.611572,-1333.085205,-0.002598,4.148835,8.986045,6450,-757,36,8
37.079105,0.008650,-0.169783,-1.995021,0.000009,-0.667303,0.202765,0.001205,1.427471,-0.048630,0.085275,-0.000123,-0.000055,10.000000,-173.000000,42.000000,-0.006734,-0.000008,0.000000,0.000000,0.000000,0.094366,476.000000,0.000000,0.000000,0.000000,0.000000,37.078129,-253.731445,-176.517685,-3108.611572,-1333.085205,-0.002650,4.148670,8.986045,6450,-766,36,10
37.081059,0.008650,-0.171114,-1.994615,0.000011,-0.664399,0.202670,0.001238,1.459852,-0.047677,0.088854,-0.000126,-0.000061,10.000000,-173.000000,42.000000,-0.006734,-0.000008,0.000000,0.000000,0.000000,0.094366,476.000000,0.000000,0.000000,0.000000,0.000000,37.080078,-253.731445,-176.517685,-3108.611572,-1333.085205,-0.002692,4.148540,8.986045,6450,-773,36,11
37.083012,0.008650,-0.172440,-1.994210,0.000014,-0.661432,0.202576,0.001269,1.491508,-0.046460,0.092364,-0.000128,-0.000067,10.000000,-175.000000,14.000000,-0.006734,-0.000008,0.000000,0.000000,0.000000,0.094366,504.000000,0.000000,0.000000,0.000000,0.000000,37.082035,-253.731445,-176.517685,-3108.611572,-1333.085205,-0.002729,4.148421,8.986045,6450,-778,36,13
37.084965,0.008650,-0.173760,-1.993804,0.000016,-0.658402,0.202485,0.001298,1.522413,-0.045008,0.095803,-0.000131,-0.000072,10.000000,-175.000000,14.000000,0.046820,0.000004,0.000000,0.000000,0.067000,0.420517,504.000000,0.000000,0.000000,0.000000,0.000000,37.083988,-417.910248,-347.364349,-2450.428711,-1743.558838,-0.002764,8.171753,8.979030,7912,-781,36,15
37.086922,0.008650,-0.175073,-1.993399,0.000019,-0.655292,0.202191,0.001347,1.567610,-0.197397,0.099168,-0.000133,-0.000078,10.000000,-175.000000,14.000000,0.046820,0.000004,0.000000,0.000000,0.000000,0.420517,504.000000,0.000000,0.000000,0.000000,0.000000,37.085945,-417.910248,-347.364349,-2450.428711,-1743.558838,-0.002784,8.171688,8.979030,7912,-783,36,16
37.088875,0.008650,-0.176380,-1.992995,0.000022,-0.652083,0.201514,0.001400,1.616583,-0.384528,0.102456,-0.000135,-0.000084,10.000000,-175.000000,14.000000,0.046820,0.000004,0.000000,0.000000,0.000000,0.420517,504.000000,0.000000,0.000000,0.000000,0.000000,37.087894,-417.910248,-347.364349,-2450.428711,-1743.558838,-0.002802,8.171632,8.979030,7912,-782,36,18
37.090828,0.008650,-0.177681,-1.992593,0.000025,-0.648779,0.200489,0.001450,1.664083,-0.553412,0.105666,-0.000137,-0.000090,10.000000,-175.000000,14.000000,0.046820,0.000004,0.000000,0.000000,0.000000,0.420517,504.000000,0.000000,0.000000,0.000000,0.000000,37.089851,-417.910248,-347.364349,-2450.428711,-1743.558838,-0.002820,8.171575,8.979030,7912,-780,36,20
37.092781,0.008650,-0.178975,-1.992194,0.000028,-0.645381,0.199152,0.001498,1.710058,-0.705760,0.108796,-0.000138,-0.000096,10.000000,-175.000000,14.000000,0.046820,0.000004,0.000000,0.000000,0.000000,0.420517,504.000000,0.000000,0.000000,0.000000,0.000000,37.091805,-417.910248,-347.364349,-2450.428711,-1743.558838,-0.002831,8.171542,8.979030,7912,-776,36,22
37.094734,0.008650,-0.180261,-1.991798,0.000031,-0.641894,0.197532,0.001543,1.754469,-0.843124,0.111845,-0.000140,-0.000102,10.000000,-175.000000,14.000000,0.046820,0.000004,0.000000,0.000000,0.000000,0.420517,504.000000,0.000000,0.000000,0.000000,0.000000,37.093761,-417.910248,-347.364349,-2450.428711,-1743.558838,-0.002834,8.171534,8.979030,7912,-771,36,24
37.096691,0.008651,-0.181541,-1.991405,0.000034,-0.638321,0.195659,0.001587,1.797287,-0.966912,0.114810,-0.000142,-0.000108,10.000000,-175.000000,14.000000,0.046820,0.000004,0.000000,0.000000,0.000000,0.420517,504.000000,0.000000,0.000000,0.000000,0.000000,37.095711,-417.910248,-347.364349,-2450.428711,-1743.558838,-0.002829,8.171547,8.979030,7912,-764,36,26
37.098644,0.008651,-0.182814,-1.991016,0.000037,-0.634664,0.193556,0.001630,1.838492,-1.078401,0.117691,-0.000144,-0.000114,10.000000,-175.000000,14.000000,0.046820,0.000004,0.000000,0.000000,0.000000,0.420517,504.000000,0.000000,0.000000,0.000000,0.000000,37.097668,-417.910248,-347.364349,-2450.428711,-1743.558838,-0.002817,8.171585,8.979030,7912,-755,36,28
37.100597,0.008651,-0.184079,-1.990632,0.000041,-0.630928,0.191248,0.001672,1.878077,-1.178753,0.120487,-0.000145,-0.000119,10.000000,-175.000000,14.000000,0.046820,0.000004,0.000000,0.000000,0.000000,0.420517,504.000000,0.000000,0.000000,0.000000,0.000000,37.099621,-417.910248,-347.364349,-2450.428711,-1743.558838,-0.002797,8.171649,8.979030,7912,-745,37,30
37.102551,0.008651,-0.185336,-1.990253,0.000044,-0.627114,0.188754,0.001713,1.916037,-1.269020,0.123196,-0.000147,-0.000125,10.000000,-175.000000,14.000000,0.046820,0.000004,0.000000,0.000000,0.000000,0.420517,504.000000,0.000000,0.000000,0.000000,0.000000,37.101578,-417.910248,-347.364349,-2450.428711,-1743.558838,-0.002769,8.171737,8.979030,7912,-734,37,32
37.104507,0.008651,-0.186586,-1.989879,0.000047,-0.623228,0.186093,0.001754,1.952378,-1.350156,0.125818,-0.000149,-0.000131,10.000000,-175.000000,14.000000,0.046820,0.000004,0.000000,0.000000,0.000000,0.420517,504.000000,0.000000,0.000000,0.000000,0.000000,37.103527,-417.910248,-347.364349,-2450.428711,-1743.558838,-0.002733,8.171849,8.979030,7912,-722,37,34
37.106461,0.008651,-0.187827,-1.989511,0.000051,-0.619271,0.183282,0.001795,1.987108,-1.423029,0.128353,-0.000151,-0.000136,10.000000,-175.000000,14.000000,0.046820,0.000004,0.000000,0.000000,0.000000,0.420517,504.000000,0.000000,0.000000,0.000000,0.000000,37.105484,-417.910248,-347.364349,-2450.428711,-1743.558838,-0.002688,8.171989,8.979030,7912,-708,37,36
37.108414,0.008651,-0.189061,-1.989148,0.000055,-0.615247,0.180337,0.001836,2.020243,-1.488423,0.130801,-0.000152,-0.000142,10.000000,-175.000000,14.000000,0.046820,0.000004,0.000000,0.000000,0.000000,0.420517,504.000000,0.000000,0.000000,0.000000,0.000000,37.107437,-417.910248,-347.364349,-2450.428711,-1743.558838,-0.002635,8.172157,8.979030,7912,-694,37,38
37.110367,0.008651,-0.190287,-1.988792,0.000058,-0.611158,0.177271,0.001876,2.051801,-1.547051,0.133161,-0.000154,-0.000147,10.000000,-175.000000,14.000000,0.046820,0.000004,0.000000,0.000000,0.000000,0.420517,504.000000,0.000000,0.000000,0.000000,0.000000,37.109390,-417.910248,-347.364349,-2450.428711,-1743.558838,-0.002572,8.172353,8.979030,7912,-678,37,40
37.112324,0.008651,-0.191504,-1.988442,0.000062,-0.607010,0.174098,0.001917,2.081805,-1.599560,0.135433,-0.000157,-0.000153,10.000000,-175.000000,14.000000,0.046820,0.000004,0.000000,0.000000,0.000000,0.420517,504.000000,0.000000,0.000000,0.000000,0.000000,37.111343,-417.910248,-347.364349,-2450.428711,-1743.558838,-0.002501,8.172578,8.979030,7913,-662,38,42
37.114277,0.008651,-0.192713,-1.988098,0.000066,-0.602803,0.170827,0.001958,2.110295,-1.646642,0.137618,-0.000159,-0.000158,10.000000,-175.000000,14.000000,0.046820,0.000004,0.000000,0.000000,0.000000,0.420517,504.000000,0.000000,0.000000,0.000000,0.000000,37.113300,-417.910248,-347.364349,-2450.428711,-1743.558838,-0.002420,8.172832,8.979030,7913,-644,38,43
37.116230,0.008652,-0.193913,-1.987761,0.000070,-0.598542,0.167470,0.002000,2.137289,-1.688745,0.139717,-0.000161,-0.000163,10.000000,-175.000000,14.000000,0.046820,0.000004,0.000000,0.000000,0.000000,0.420517,504.000000,0.000000,0.000000,0.000000,0.000000,37.115253,-417.910248,-347.364349,-2450.428711,-1743.558838,-0.002337,8.173094,8.979030,7913,-626,38,45
37.118183,0.008652,-0.195105,-1.987431,0.000074,-0.594229,0.164036,0.002042,2.162810,-1.726317,0.141729,-0.000163,-0.000168,10.000000,-175.000000,14.000000,0.046820,0.000004,0.000000,0.000000,0.000000,0.420517,504.000000,0.000000,0.000000,0.000000,0.000000,37.117207,-417.910248,-347.364349,-2450.428711,-1743.558838,-0.002249,8.173368,8.979030,7913,-607,39,47
37.120136,0.008652,-0.196288,-1.987108,0.000078,-0.589867,0.160533,0.002085,2.186893,-1.759796,0.143656,-0.000166,-0.000172,10.000000,-175.000000,14.000000,0.046820,0.000004,0.000000,0.000000,0.000000,0.420517,504.000000,0.000000,0.000000,0.000000,0.000000,37.119160,-417.910248,-347.364349,-2450.428711,-1743.558838,-0.002151,8.173676,8.979030,7913,-588,39,49
37.122093,0.008652,-0.197463,-1.986792,0.000082,-0.585459,0.156968,0.002127,2.209570,-1.789577,0.145498,-0.000168,-0.000177,10.000000,-175.000000,14.000000,0.046820,0.000004,0.000000,0.000000,0.000000,0.420517,504.000000,0.000000,0.000000,0.000000,0.000000,37.121117,-417.910248,-347.364349,-2450.428711,-1743.558838,-0.002042,8.174019,8.979030,7913,-568,39,51
37.124046,0.008652,-0.198628,-1.986483,0.000087,-0.581008,0.153349,0.002170,2.230877,-1.816022,0.147257,-0.000171,-0.000181,10.000000,-175.000000,14.000000,0.046820,0.000004,0.000000,0.000000,0.000000,0.420517,504.000000,0.000000,0.000000,0.000000,0.000000,37.123070,-417.910248,-347.364349,-2450.428711,-1743.558838,-0.001922,8.174397,8.979030,7913,-548,39,52
37.125999,0.008652,-0.199784,-1.986182,0.000091,-0.576516,0.149681,0.002213,2.250854,-1.839456,0.148934,-0.000174,-0.000185,10.000000,-175.000000,14.000000,0.046820,0.000004,0.000000,0.000000,0.000000,0.420517,504.000000,0.000000,0.000000,0.000000,0.000000,37.125023,-417.910248,-347.364349,-2450.428711,-1743.558838,-0.001797,8.174788,8.979030,7914,-527,40,54
37.127953,0.008653,-0.200932,-1.985888,0.000096,-0.571986,0.145971,0.002256,2.269548,-1.860278,0.150530,-0.000177,-0.000189,10.000000,-175.000000,14.000000,0.046820,0.000004,0.000000,0.000000,0.000000,0.420517,504.000000,0.000000,0.000000,0.000000,0.000000,37.126976,-417.910248,-347.364349,-2450.428711,-1743.558838,-0.001666,8.175199,8.979030,7914,-506,40,55
37.129910,0.008653,-0.202070,-1.985601,0.000100,-0.567421,0.142222,0.002299,2.286990,-1.878675,0.152046,-0.000180,-0.000192,10.000000,-175.000000,14.000000,0.046820,0.000004,0.000000,0.000000,0.000000,0.420517,504.000000,0.000000,0.000000,0.000000,0.000000,37.128933,-417.910248,-347.364349,-2450.428711,-1743.558838,-0.001530,8.175626,8.979030,7914,-485,40,57
37.131863,0.008653,-0.203199,-1.985322,0.000105,-0.562822,0.138440,0.002342,2.303210,-1.894854,0.153485,-0.000183,-0.000195,10.000000,-175.000000,14.000000,0.046820,0.000004,0.000000,0.000000,0.000000,0.420517,504.000000,0.000000,0.000000,0.000000,0.000000,37.130882,-417.910248,-347.364349,-2450.428711,-1743.558838,-0.001387,8.176074,8.979030,7914,-463,40,58
37.133816,0.008653,-0.204319,-1.985050,0.000110,-0.558193,0.134629,0.002384,2.318250,-1.909033,0.154847,-0.000185,-0.000198,10.000000,-175.000000,14.000000,0.046820,0.000004,0.000000,0.000000,0.000000,0.420517,504.000000,0.000000,0.000000,0.000000,0.000000,37.132839,-417.910248,-347.364349,-2450.428711,-1743.558838,-0.001237,8.176545,8.979030,7914,-442,40,59
37.135769,0.008653,-0.205430,-1.984787,0.000115,-0.553535,0.130792,0.002425,2.332147,-1.921414,0.156135,-0.000188,-0.000201,10.000000,-175.000000,14.000000,0.046820,0.000004,0.000000,0.000000,0.000000,0.420517,504.000000,0.000000,0.000000,0.000000,0.000000,37.134792,-417.910248,-347.364349,-2450.428711,-1743.558838,-0.001087,8.177017,8.979030,7915,-420,41,61
37.137726,0.008654,-0.206531,-1.984531,0.000119,-0.548852,0.126933,0.002465,2.344957,-1.932279,0.157351,-0.000191,-0.000203,10.000000,-175.000000,14.000000,0.046820,0.000004,0.000000,0.000000,0.000000,0.420517,504.000000,0.000000,0.000000,0.000000,0.000000,37.136749,-417.910248,-347.364349,-2450.428711,-1743.558838,-0.000928,8.177515,8.979030,7915,-399,41,62
37.139679,0.008654,-0.207622,-1.984282,0.000124,-0.544144,0.123054,0.002505,2.356708,-1.941710,0.158495,-0.000194,-0.000205,10.000000,-175.000000,14.000000,0.046820,0.000004,0.000000,0.000000,0.000000,0.420517,504.000000,0.000000,0.000000,0.000000,0.000000,37.138699,-417.910248,-347.364349,-2450.428711,-1743.558838,-0.000762,8.178040,8.979030,7915,-377,41,63
37.141632,0.008654,-0.208705,-1.984042,0.000129,-0.539415,0.119158,0.002543,2.367435,-1.949820,0.159571,-0.000197,-0.000207,10.000000,-173.000000,-7.000000,0.046820,0.000004,0.000000,0.000000,0.000000,0.420517,498.000000,0.000000,0.000000,0.000000,0.000000,37.140656,-417.910248,-347.364349,-2450.428711,-1743.558838,-0.000592,8.178570,8.979030,7915,-356,41,64
37.143585,0.008654,-0.209777,-1.983809,0.000135,-0.534665,0.115248,0.002580,2.377175,-1.956741,0.160581,-0.000200,-0.000208,10.000000,-173.000000,-7.000000,0.046820,0.000004,0.000000,0.000000,-0.933999,0.420517,498.000000,0.000000,0.000000,0.000000,0.000000,37.142609,-417.910248,-347.364349,-2450.428711,-1743.558838,-0.000420,8.179111,8.989030,7920,-335,41,65
37.145538,0.008655,-0.210841,-1.983584,0.000140,-0.529897,0.111325,0.002615,2.386053,-1.963117,0.161525,-0.000203,-0.000209,10.000000,-173.000000,-7.000000,0.046820,0.000004,0.000000,0.000000,0.000000,0.420517,498.000000,0.000000,0.000000,0.000000,0.000000,37.144566,-417.910248,-347.364349,-2450.428711,-1743.558838,-0.000245,8.179662,8.989030,7921,-314,42,65
37.147495,0.008655,-0.211894,-1.983367,0.000145,-0.525113,0.107390,0.002649,2.394063,-1.968758,0.162408,-0.000206,-0.000209,10.000000,-173.000000,-7.000000,0.046820,0.000004,0.000000,0.000000,0.000000,0.420517,498.000000,0.000000,0.000000,0.000000,0.000000,37.146515,-417.910248,-347.364349,-2450.428711,-1743.558838,-0.000072,8.180203,8.989030,7921,-294,42,66
37.149448,0.008655,-0.212938,-1.983158,0.000150,-0.520314,0.103446,0.002680,2.401196,-1.973502,0.163230,-0.000208,-0.000209,10.000000,-173.000000,-7.000000,0.046820,0.000004,0.000000,0.000000,0.000000,0.420517,498.000000,0.000000,0.000000,0.000000,0.000000,37.148472,-417.910248,-347.364349,-2450.428711,-1743.558838,0.000099,8.180742,8.989030,7921,-273,42,66
37.151402,0.008656,-0.213973,-1.982957,0.000156,-0.515502,0.099493,0.002710,2.407491,-1.977407,0.163994,-0.000211,-0.000209,10.000000,-173.000000,-7.000000,0.046820,0.000004,0.000000,0.000000,0.000000,0.420517,498.000000,0.000000,0.000000,0.000000,0.000000,37.150425,-417.910248,-347.364349,-2450.428711,-1743.558838,0.000270,8.181278,8.989030,7921,-254,42,67
37.153355,0.008656,-0.214998,-1.982764,0.000161,-0.510679,0.095533,0.002737,2.412982,-1.980561,0.164703,-0.000213,-0.000209,10.000000,-173.000000,-7.000000,0.046820,0.000004,0.000000,0.000000,0.000000,0.420517,498.000000,0.000000,0.000000,0.000000,0.000000,37.152382,-417.910248,-347.364349,-2450.428711,-1743.558838,0.000441,8.181816,8.989030,7921,-234,42,67
37.155312,0.008656,-0.216013,-1.982579,0.000167,-0.505846,0.091568,0.002761,2.417711,-1.983039,0.165358,-0.000216,-0.000208,10.000000,-173.000000,-7.000000,0.046820,0.000004,0.000000,0.000000,0.000000,0.420517,498.000000,0.000000,0.000000,0.000000,0.000000,37.154331,-417.910248,-347.364349,-2450.428711,-1743.558838,0.000613,8.182356,8.989030,7922,-216,42,67
37.157265,0.008657,-0.217018,-1.982401,0.000172,-0.501004,0.087599,0.002783,2.421730,-1.985016,0.165962,-0.000218,-0.000206,10.000000,-173.000000,-7.000000,0.046820,0.000004,0.000000,0.000000,0.000000,0.420517,498.000000,0.000000,0.000000,0.000000,0.000000,37.156288,-417.910248,-347.364349,-2450.428711,-1743.558838,0.000780,8.182879,8.989030,7922,-197,42,67
37.159218,0.008657,-0.218014,-1.982232,0.000178,-0.496156,0.083627,0.002802,2.425064,-1.986476,0.166517,-0.000220,-0.000205,10.000000,-173.000000,-7.000000,0.046820,0.000004,0.000000,0.000000,0.000000,0.420517,498.000000,0.000000,0.000000,0.000000,0.000000,37.158241,-417.910248,-347.364349,-2450.428711,-1743.558838,0.000943,8.183392,8.989030,7922,-180,42,67
37.161171,0.008657,-0.219000,-1.982070,0.000184,-0.491301,0.079652,0.002818,2.427743,-1.987437,0.167026,-0.000222,-0.000203,10.000000,-173.000000,-7.000000,0.046820,0.000004,0.000000,0.000000,0.000000,0.420517,498.000000,0.000000,0.000000,0.000000,0.000000,37.160194,-417.910248,-347.364349,-2450.428711,-1743.558838,0.001103,8.183893,8.989030,7922,-162,42,67
37.163128,0.008658,-0.219976,-1.981917,0.000189,-0.486443,0.075677,0.002831,2.429801,-1.987953,0.167490,-0.000223,-0.000200,10.000000,-173.000000,-7.000000,0.046820,0.000004,0.000000,0.000000,0.000000,0.420517,498.000000,0.000000,0.000000,0.000000,0.000000,37.162148,-417.910248,-347.364349,-2450.428711,-1743.558838,0.001260,8.184387,8.989030,7923,-146,42,67
37.165081,0.008658,-0.220943,-1.981771,0.000195,-0.481581,0.071700,0.002841,2.431293,-1.988174,0.167913,-0.000225,-0.000198,10.000000,-173.000000,-7.000000,0.046820,0.000004,0.000000,0.000000,0.000000,0.420517,498.000000,0.000000,0.000000,0.000000,0.000000,37.164104,-417.910248,-347.364349,-2450.428711,-1743.558838,0.001416,8.184875,8.989030,7923,-130,42,67
37.167034,0.008658,-0.221900,-1.981634,0.000201,-0.476717,0.067724,0.002848,2.432237,-1.988061,0.168296,-0.000226,-0.000195,10.000000,-173.000000,-7.000000,0.046820,0.000004,0.000000,0.000000,0.000000,0.420517,498.000000,0.000000,0.000000,0.000000,0.000000,37.166058,-417.910248,-347.364349,-2450.428711,-1743.558838,0.001570,8.185360,8.989030,7923,-115,42,66
37.168987,0.008659,-0.222847,-1.981504,0.000206,-0.471851,0.063749,0.002851,2.432662,-1.987615,0.168641,-0.000227,-0.000191,10.000000,-173.000000,-7.000000,0.046820,0.000004,0.000000,0.000000,0.000000,0.420517,498.000000,0.000000,0.000000,0.000000,0.000000,37.168011,-417.910248,-347.364349,-2450.428711,-1743.558838,0.001717,8.185822,8.989030,7923,-100,42,66
37.170940,0.008659,-0.223784,-1.981382,0.000212,-0.466986,0.059774,0.002852,2.432599,-1.986872,0.168951,-0.000228,-0.000188,10.000000,-173.000000,-7.000000,0.046820,0.000004,0.000000,0.000000,0.000000,0.420517,498.000000,0.000000,0.000000,0.000000,0.000000,37.169964,-417.910248,-347.364349,-2450.428711,-1743.558838,0.001858,8.186265,8.989030,7923,-86,42,65
37.172897,0.008660,-0.224712,-1.981269,0.000218,-0.462122,0.055802,0.002848,2.432085,-1.985890,0.169228,-0.000229,-0.000184,10.000000,-173.000000,-7.000000,0.046820,0.000004,0.000000,0.000000,0.000000,0.420517,498.000000,0.000000,0.000000,0.000000,0.000000,37.171921,-417.910248,-347.364349,-2450.428711,-1743.558838,0.001997,8.186702,8.989030,7924,-73,41,65
37.174850,0.008660,-0.225630,-1.981163,0.000223,-0.457259,0.051832,0.002841,2.431160,-1.984754,0.169473,-0.000229,-0.000179,10.000000,-173.000000,-7.000000,0.046820,0.000004,0.000000,0.000000,0.000000,0.420517,498.000000,0.000000,0.000000,0.000000,0.000000,37.173874,-417.910248,-347.364349,-2450.428711,-1743.558838,0.002132,8.187123,8.989030,7924,-60,41,64
37.176804,0.008661,-0.226538,-1.981065,0.000229,-0.452398,0.047865,0.002831,2.429844,-1.983418,0.169690,-0.000229,-0.000175,10.000000,-173.000000,-7.000000,0.046820,0.000004,0.000000,0.000000,0.000000,0.420517,498.000000,0.000000,0.000000,0.000000,0.000000,37.175827,-417.910248,-347.364349,-2450.428711,-1743.558838,0.002259,8.187522,8.989030,7924,-48,41,63
37.178757,0.008661,-0.227436,-1.980975,0.000235,-0.447541,0.043900,0.002817,2.428158,-1.981879,0.169880,-0.000229,-0.000170,10.000000,-173.000000,-7.000000,0.046820,0.000004,0.000000,0.000000,0.000000,0.420517,498.000000,0.000000,0.000000,0.000000,0.000000,37.177780,-417.910248,-347.364349,-2450.428711,-1743.558838,0.002376,8.187890,8.989030,7924,-37,41,62
37.180714,0.008662,-0.228325,-1.980893,0.000240,-0.442688,0.039939,0.002799,2.426131,-1.980157,0.170045,-0.000228,-0.000164,10.000000,-173.000000,-7.000000,0.046820,0.000004,0.000000,0.000000,0.000000,0.420517,498.000000,0.000000,0.000000,0.000000,0.000000,37.179737,-417.910248,-347.364349,-2450.428711,-1743.558838,0.002484,8.188230,8.989030,7924,-26,41,61
37.182667,0.008662,-0.229204,-1.980819,0.000246,-0.437839,0.035981,0.002778,2.423791,-1.978271,0.170187,-0.000228,-0.000159,10.000000,-173.000000,-7.000000,0.046820,0.000004,0.000000,0.000000,0.000000,0.420517,498.000000,0.000000,0.000000,0.000000,0.000000,37.181686,-417.910248,-347.364349,-2450.428711,-1743.558838,0.002584,8.188544,8.989030,7924,-16,41,60
37.184620,0.008663,-0.230073,-1.980753,0.000251,-0.432995,0.032028,0.002753,2.421163,-1.976239,0.170308,-0.000227,-0.000153,10.000000,-173.000000,-7.000000,0.046820,0.000004,0.000000,0.000000,0.000000,0.420517,498.000000,0.000000,0.000000,0.000000,0.000000,37.183643,-417.910248,-347.364349,-2450.428711,-1743.558838,0.002677,8.188836,8.989030,7925,-7,41,59
37.186573,0.008663,-0.230933,-1.980695,0.000257,-0.428157,0.028078,0.002726,2.418290,-1.974179,0.170409,-0.000226,-0.000148,10.000000,-173.000000,-7.000000,0.046820,0.000004,0.000000,0.000000,0.000000,0.420517,498.000000,0.000000,0.000000,0.000000,0.000000,37.185596,-417.910248,-347.364349,-2450.428711,-1743.558838,0.002763,8.189106,8.989030,7925,1,40,58
37.188526,0.008664,-0.231783,-1.980645,0.000262,-0.423325,0.024133,0.002694,2.415183,-1.972023,0.170493,-0.000224,-0.000142,10.000000,-173.000000,-7.000000,0.046820,0.000004,0.000000,0.000000,0.000000,0.420517,498.000000,0.000000,0.000000,0.000000,0.000000,37.187553,-417.910248,-347.364349,-2450.428711,-1743.558838,0.002843,8.189358,8.989030,7925,9,40,56
37.190483,0.008664,-0.232623,-1.980602,0.000268,-0.418500,0.020193,0.002660,2.411860,-1.969749,0.170561,-0.000223,-0.000135,10.000000,-173.000000,-7.000000,0.046820,0.000004,0.000000,0.000000,0.000000,0.420517,498.000000,0.000000,0.000000,0.000000,0.000000,37.189503,-417.910248,-347.364349,-2450.428711,-1743.558838,0.002911,8.189570,8.989030,7925,16,40,55
37.192436,0.008665,-0.233453,-1.980568,0.000273,-0.413682,0.016257,0.002622,2.408339,-1.967366,0.170615,-0.000221,-0.000129,10.000000,-173.000000,-7.000000,0.046820,0.000004,0.000000,0.000000,0.000000,0.420517,498.000000,0.000000,0.000000,0.000000,0.000000,37.191460,-417.910248,-347.364349,-2450.428711,-1743.558838,0.002968,8.189750,8.989030,7925,23,40,54
37.194389,0.008665,-0.234274,-1.980541,0.000278,-0.408870,0.012326,0.002581,2.404643,-1.964886,0.170655,-0.000219,-0.000122,10.000000,-173.000000,-7.000000,0.046820,0.000004,0.000000,0.000000,0.000000,0.420517,498.000000,0.000000,0.000000,0.000000,0.000000,37.193413,-417.910248,-347.364349,-2450.428711,-1743.558838,0.003021,8.189915,8.989030,7925,29,40,52
37.196342,0.008666,-0.235086,-1.980522,0.000283,-0.404067,0.008400,0.002538,2.400794,-1.962317,0.170685,-0.000217,-0.000116,10.000000,-173.000000,-7.000000,0.046820,0.000004,0.000000,0.000000,0.000000,0.420517,498.000000,0.000000,0.000000,0.000000,0.000000,37.195370,-417.910248,-347.364349,-2450.428711,-1743.558838,0.003063,8.190049,8.989030,7925,34,40,51
37.198299,0.008666,-0.235888,-1.980511,0.000288,-0.399271,0.004479,0.002491,2.396808,-1.959668,0.170704,-0.000214,-0.000109,10.000000,-173.000000,-7.000000,0.046820,0.000004,0.000000,0.000000,0.000000,0.420517,498.000000,0.000000,0.000000,0.000000,0.000000,37.197319,-417.910248,-347.364349,-2450.428711,-1743.558838,0.003097,8.190153,8.989030,7925,39,39,49
37.200253,0.008667,-0.236680,-1.980508,0.000293,-0.394484,0.000564,0.002442,2.392706,-1.956946,0.170715,-0.000211,-0.000102,10.000000,-172.000000,-18.000000,0.046820,0.000004,0.000000,0.000000,0.000000,0.420517,510.000000,0.000000,0.000000,0.000000,0.000000,37.199276,-417.910248,-347.364349,-2450.428711,-1743.558838,0.003121,8.190229,8.989030,7925,43,39,48
37.202206,0.008668,-0.237462,-1.980513,0.000298,-0.389705,-0.003346,0.002390,2.388502,-1.954157,0.170719,-0.000208,-0.000095,10.000000,-172.000000,-18.000000,0.063188,0.000070,0.000000,0.000000,0.067000,0.176637,510.000000,0.000000,0.000000,0.000000,0.000000,37.201229,-477.611969,-461.490601,-891.070557,-1565.118286,0.003137,10.877953,9.008955,9205,47,39,46
37.204159,0.008668,-0.238235,-1.980526,0.000303,-0.384903,-0.007429,0.002365,2.407244,-2.084851,0.170716,-0.000205,-0.000089,10.000000,-172.000000,-18.000000,0.063188,0.000070,0.000000,0.000000,0.000000,0.176637,510.000000,0.000000,0.000000,0.000000,0.000000,37.203182,-477.611969,-461.490601,-891.070557,-1565.118286,0.003116,10.877887,9.008955,9205,50,39,45
37.206116,0.008669,-0.238999,-1.980547,0.000307,-0.380053,-0.011842,0.002344,2.431141,-2.245867,0.170709,-0.000202,-0.000082,10.000000,-172.000000,-18.000000,0.063188,0.000070,0.000000,0.000000,0.000000,0.176637,510.000000,0.000000,0.000000,0.000000,0.000000,37.205135,-477.611969,-461.490601,-891.070557,-1565.118286,0.003064,10.877726,9.008955,9205,53,39,43
37.208069,0.008669,-0.239752,-1.980578,0.000312,-0.375158,-0.016554,0.002317,2.452296,-2.391250,0.170697,-0.000198,-0.000075,10.000000,-172.000000,-18.000000,0.063188,0.000070,0.000000,0.000000,0.000000,0.176637,510.000000,0.000000,0.000000,0.000000,0.000000,37.207092,-477.611969,-461.490601,-891.070557,-1565.118286,0.003013,10.877565,9.008955,9205,55,39,42
37.210022,0.008670,-0.240496,-1.980619,0.000317,-0.370225,-0.021535,0.002285,2.470965,-2.522459,0.170683,-0.000195,-0.000068,10.000000,-172.000000,-18.000000,0.063188,0.000070,0.000000,0.000000,0.000000,0.176637,510.000000,0.000000,0.000000,0.000000,0.000000,37.209045,-477.611969,-461.490601,-891.070557,-1565.118286,0.002962,10.877405,9.008955,9205,57,38,40
37.211975,0.008671,-0.241229,-1.980670,0.000321,-0.365259,-0.026759,0.002249,2.487393,-2.640810,0.170667,-0.000191,-0.000062,10.000000,-172.000000,-18.000000,0.063188,0.000070,0.000000,0.000000,0.000000,0.176637,510.000000,0.000000,0.000000,0.000000,0.000000,37.210999,-477.611969,-461.490601,-891.070557,-1565.118286,0.002911,10.877242,9.008955,9204,58,38,39
37.213928,0.008671,-0.241953,-1.980731,0.000326,-0.360262,-0.032202,0.002210,2.501774,-2.747397,0.170649,-0.000188,-0.000056,10.000000,-172.000000,-18.000000,0.063188,0.000070,0.000000,0.000000,0.000000,0.176637,510.000000,0.000000,0.000000,0.000000,0.000000,37.212952,-477.611969,-461.490601,-891.070557,-1565.118286,0.002858,10.877077,9.008955,9204,59,38,38
37.215885,0.008672,-0.242667,-1.980804,0.000330,-0.355239,-0.037842,0.002169,2.514322,-2.843384,0.170631,-0.000185,-0.000049,10.000000,-172.000000,-18.000000,0.063188,0.000070,0.000000,0.000000,0.000000,0.176637,510.000000,0.000000,0.000000,0.000000,0.000000,37.214909,-477.611969,-461.490601,-891.070557,-1565.118286,0.002810,10.876925,9.008955,9204,60,38,36
37.217838,0.008673,-0.243371,-1.980889,0.000334,-0.350194,-0.043659,0.002127,2.525224,-2.929790,0.170613,-0.000181,-0.000043,10.000000,-172.000000,-18.000000,0.063188,0.000070,0.000000,0.000000,0.000000,0.176637,510.000000,0.000000,0.000000,0.000000,0.000000,37.216862,-477.611969,-461.490601,-891.070557,-1565.118286,0.002759,10.876767,9.008955,9204,60,38,35
37.219791,0.008673,-0.244064,-1.980985,0.000338,-0.345129,-0.049636,0.002085,2.534642,-3.007508,0.170597,-0.000178,-0.000037,10.000000,-172.000000,-18.000000,0.063188,0.000070,0.000000,0.000000,0.000000,0.176637,510.000000,0.000000,0.000000,0.000000,0.000000,37.218815,-477.611969,-461.490601,-891.070557,-1565.118286,0.002706,10.876600,9.008955,9204,59,39,33
37.221745,0.008674,-0.244747,-1.981094,0.000342,-0.340048,-0.055757,0.002044,2.542725,-3.077345,0.170582,-0.000175,-0.000031,10.000000,-172.000000,-18.000000,0.063188,0.000070,0.000000,0.000000,0.000000,0.176637,510.000000,0.000000,0.000000,0.000000,0.000000,37.220768,-477.611969,-461.490601,-891.070557,-1565.118286,0.002650,10.876425,9.008955,9204,59,39,32
37.223701,0.008675,-0.245420,-1.981215,0.000347,-0.334952,-0.062007,0.002003,2.549605,-3.140034,0.170569,-0.000173,-0.000026,10.000000,-172.000000,-18.000000,0.063188,0.000070,0.000000,0.000000,0.000000,0.176637,510.000000,0.000000,0.000000,0.000000,0.000000,37.222725,-477.611969,-461.490601,-891.070557,-1565.118286,0.002591,10.876240,9.008955,9204,58,39,31
37.225655,0.008675,-0.246083,-1.981348,0.000350,-0.329844,-0.068372,0.001964,2.555407,-3.196241,0.170559,-0.000170,-0.000020,10.000000,-172.000000,-18.000000,0.063188,0.000070,0.000000,0.000000,0.000000,0.176637,510.000000,0.000000,0.000000,0.000000,0.000000,37.224674,-477.611969,-461.490601,-891.070557,-1565.118286,0.002535,10.876063,9.008955,9204,57,39,30
37.227608,0.008676,-0.246736,-1.981495,0.000354,-0.324726,-0.074840,0.001927,2.560240,-3.246567,0.170552,-0.000168,-0.000015,10.000000,-172.000000,-18.000000,0.063188,0.000070,0.000000,0.000000,0.000000,0.176637,510.000000,0.000000,0.000000,0.000000,0.000000,37.226631,-477.611969,-461.490601,-891.070557,-1565.118286,0.002481,10.875894,9.008955,9204,55,39,28
37.229561,0.008677,-0.247378,-1.981655,0.000358,-0.319599,-0.081402,0.001893,2.564206,-3.291559,0.170548,-0.000166,-0.000010,10.000000,-172.000000,-18.000000,0.063188,0.000070,0.000000,0.000000,0.000000,0.176637,510.000000,0.000000,0.000000,0.000000,0.000000,37.228584,-477.611969,-461.490601,-891.070557,-1565.118286,0.002423,10.875710,9.008955,9204,54,39,27
37.231518,0.008678,-0.248011,-1.981827,0.000362,-0.314466,-0.088046,0.001861,2.567393,-3.331715,0.170548,-0.000164,-0.000004,10.000000,-172.000000,-18.000000,0.063188,0.000070,0.000000,0.000000,0.000000,0.176637,510.000000,0.000000,0.000000,0.000000,0.000000,37.230541,-477.611969,-461.490601,-891.070557,-1565.118286,0.002360,10.875512,9.008955,9204,52,40,26
37.233471,0.008678,-0.248632,-1.982014,0.000366,-0.309327,-0.094763,0.001832,2.569885,-3.367483,0.170552,-0.000163,0.000000,10.000000,-172.000000,-18.000000,0.063188,0.000070,0.000000,0.000000,0.000000,0.176637,510.000000,0.000000,0.000000,0.000000,0.000000,37.232491,-477.611969,-461.490601,-891.070557,-1565.118286,0.002298,10.875319,9.008955,9203,50,40,25
37.235424,0.008679,-0.249244,-1.982214,0.000369,-0.304185,-0.101546,0.001807,2.571737,-3.399167,0.170560,-0.000162,0.000005,10.000000,-172.000000,-18.000000,0.063188,0.000070,0.000000,0.000000,0.000000,0.176637,510.000000,0.000000,0.000000,0.000000,0.000000,37.234447,-477.611969,-461.490601,-891.070557,-1565.118286,0.002238,10.875130,9.008955,9203,47,40,24
37.237377,0.008680,-0.249845,-1.982427,0.000373,-0.299039,-0.108387,0.001784,2.573030,-3.427217,0.170573,-0.000161,0.000010,10.000000,-172.000000,-18.000000,0.063188,0.000070,0.000000,0.000000,0.000000,0.176637,510.000000,0.000000,0.000000,0.000000,0.000000,37.236401,-477.611969,-461.490601,-891.070557,-1565.118286,0.002178,10.874942,9.008955,9203,45,41,23
37.239330,0.008680,-0.250436,-1.982655,0.000376,-0.293892,-0.115279,0.001766,2.573830,-3.452006,0.170590,-0.000160,0.000014,10.000000,-172.000000,-18.000000,0.063188,0.000070,0.000000,0.000000,0.000000,0.176637,510.000000,0.000000,0.000000,0.000000,0.000000,37.238358,-477.611969,-461.490601,-891.070557,-1565.118286,0.002118,10.874753,9.008955,9203,42,41,21
37.241287,0.008681,-0.251017,-1.982896,0.000380,-0.288744,-0.122216,0.001750,2.574193,-3.473837,0.170612,-0.000160,0.000018,10.000000,-172.000000,-18.000000,0.063188,0.000070,0.000000,0.000000,0.000000,0.176637,510.000000,0.000000,0.000000,0.000000,0.000000,37.240307,-477.611969,-461.490601,-891.070557,-1565.118286,0.002052,10.874545,9.008955,9203,40,41,20
37.243240,0.008682,-0.251587,-1.983151,0.000383,-0.283595,-0.129193,0.001738,2.574165,-3.492985,0.170639,-0.000160,0.000022,10.000000,-172.000000,-18.000000,0.063188,0.000070,0.000000,0.000000,0.000000,0.176637,510.000000,0.000000,0.000000,0.000000,0.000000,37.242264,-477.611969,-461.490601,-891.070557,-1565.118286,0.001979,10.874318,9.008955,9203,37,41,19
37.245193,0.008683,-0.252147,-1.983420,0.000387,-0.278447,-0.136204,0.001729,2.573790,-3.509700,0.170670,-0.000160,0.000026,10.000000,-172.000000,-18.000000,0.063188,0.000070,0.000000,0.000000,0.000000,0.176637,510.000000,0.000000,0.000000,0.000000,0.000000,37.244217,-477.611969,-461.490601,-891.070557,-1565.118286,0.001907,10.874091,9.008955,9203,34,42,18
37.247147,0.008684,-0.252697,-1.983703,0.000390,-0.273301,-0.143246,0.001724,2.573108,-3.524208,0.170707,-0.000160,0.000030,10.000000,-172.000000,-18.000000,0.063188,0.000070,0.000000,0.000000,0.000000,0.176637,510.000000,0.000000,0.000000,0.000000,0.000000,37.246174,-477.611969,-461.490601,-891.070557,-1565.118286,0.001834,10.873862,9.008955,9203,31,42,17
37.249104,0.008684,-0.253236,-1.984001,0.000394,-0.268156,-0.150313,0.001722,2.572153,-3.536714,0.170747,-0.000161,0.000033,10.000000,-172.000000,-18.000000,0.063188,0.000070,0.000000,0.000000,0.000000,0.176637,510.000000,0.000000,0.000000,0.000000,0.000000,37.248123,-477.611969,-461.490601,-891.070557,-1565.118286,0.001760,10.873631,9.008955,9203,28,42,16
37.251057,0.008685,-0.253765,-1.984312,0.000397,-0.263013,-0.157403,0.001723,2.570957,-3.547407,0.170793,-0.000161,0.000036,10.000000,-172.000000,-18.000000,0.063188,0.000070,0.000000,0.000000,0.000000,0.176637,510.000000,0.000000,0.000000,0.000000,0.000000,37.250080,-477.611969,-461.490601,-891.070557,-1565.118286,0.001686,10.873396,9.008955,9203,25,43,15
37.253010,0.008686,-0.254284,-1.984638,0.000401,-0.257874,-0.164511,0.001727,2.569548,-3.556455,0.170843,-0.000162,0.000039,10.000000,-172.000000,-18.000000,0.063188,0.000070,0.000000,0.000000,0.000000,0.176637,510.000000,0.000000,0.000000,0.000000,0.000000,37.252033,-477.611969,-461.490601,-891.070557,-1565.118286,0.001610,10.873158,9.008955,9202,22,43,14
37.254963,0.008687,-0.254793,-1.984978,0.000404,-0.252737,-0.171636,0.001733,2.567931,-3.563907,0.170897,-0.000164,0.000042,10.000000,-172.000000,-18.000000,0.063188,0.000070,0.000000,0.000000,0.000000,0.176637,510.000000,0.000000,0.000000,0.000000,0.000000,37.253986,-477.611969,-461.490601,-891.070557,-1565.118286,0.001532,10.872913,9.008955,9202,19,43,14
37.256920,0.008688,-0.255291,-1.985332,0.000407,-0.247604,-0.178773,0.001743,2.566142,-3.569983,0.170955,-0.000165,0.000045,10.000000,-172.000000,-18.000000,0.063188,0.000070,0.000000,0.000000,0.000000,0.176637,510.000000,0.000000,0.000000,0.000000,0.000000,37.255939,-477.611969,-461.490601,-891.070557,-1565.118286,0.001459,10.872684,9.008955,9202,17,44,13
37.258873,0.008688,-0.255779,-1.985701,0.000411,-0.242474,-0.185920,0.001754,2.564209,-3.574845,0.171018,-0.000166,0.000048,10.000000,-172.000000,-18.000000,0.063188,0.000070,0.000000,0.000000,0.000000,0.176637,510.000000,0.000000,0.000000,0.000000,0.000000,37.257896,-477.611969,-461.490601,-891.070557,-1565.118286,0.001389,10.872464,9.008955,9202,14,44,12
37.260826,0.008689,-0.256257,-1.986084,0.000415,-0.237349,-0.193076,0.001768,2.562146,-3.578606,0.171084,-0.000168,0.000050,10.000000,-172.000000,-18.000000,0.063188,0.000070,0.000000,0.000000,0.000000,0.176637,510.000000,0.000000,0.000000,0.000000,0.000000,37.259850,-477.611969,-461.490601,-891.070557,-1565.118286,0.001316,10.872236,9.008955,9202,11,44,11
37.262779,0.008690,-0.256724,-1.986481,0.000418,-0.232228,-0.200237,0.001784,2.559970,-3.581371,0.171154,-0.000170,0.000052,10.000000,-172.000000,-18.000000,0.063188,0.000070,0.000000,0.000000,0.000000,0.176637,510.000000,0.000000,0.000000,0.000000,0.000000,37.261803,-477.611969,-461.490601,-891.070557,-1565.118286,0.001241,10.871999,9.008955,9202,8,44,10
37.264732,0.008691,-0.257182,-1.986893,0.000422,-0.227111,-0.207403,0.001801,2.557693,-3.583232,0.171227,-0.000172,0.000054,10.000000,-172.000000,-18.000000,0.063188,0.000070,0.000000,0.000000,0.000000,0.176637,510.000000,0.000000,0.000000,0.000000,0.000000,37.263756,-477.611969,-461.490601,-891.070557,-1565.118286,0.001162,10.871752,9.008955,9202,5,44,10
37.266689,0.008692,-0.257629,-1.987319,0.000425,-0.222000,-0.214571,0.001820,2.555326,-3.584276,0.171303,-0.000174,0.000056,10.000000,-172.000000,-18.000000,0.063188,0.000070,0.000000,0.000000,0.000000,0.176637,510.000000,0.000000,0.000000,0.000000,0.000000,37.265713,-477.611969,-461.490601,-891.070557,-1565.118286,0.001087,10.871514,9.008955,9202,3,45,9
37.268642,0.008693,-0.258065,-1.987759,0.000429,-0.216893,-0.221740,0.001839,2.552880,-3.584578,0.171383,-0.000175,0.000058,10.000000,-172.000000,-18.000000,0.063188,0.000070,0.000000,0.000000,0.000000,0.176637,510.000000,0.000000,0.000000,0.000000,0.000000,37.267666,-477.611969,-461.490601,-891.070557,-1565.118286,0.001013,10.871284,9.008955,9201,0,45,8
37.270596,0.008693,-0.258492,-1.988214,0.000433,-0.211791,-0.228908,0.001860,2.550345,-3.584105,0.171465,-0.000177,0.000059,10.000000,-172.000000,-18.000000,0.063188,0.000070,0.000000,0.000000,0.000000,0.176637,510.000000,0.000000,0.000000,0.000000,0.000000,37.269619,-477.611969,-461.490601,-891.070557,-1565.118286,0.000936,10.871041,9.008955,9201,-2,45,8
37.272549,0.008694,-0.258908,-1.988683,0.000436,-0.206694,-0.236075,0.001881,2.547741,-3.583001,0.171549,-0.000179,0.000060,10.000000,-172.000000,-18.000000,0.063188,0.000070,0.000000,0.000000,0.000000,0.176637,510.000000,0.000000,0.000000,0.000000,0.000000,37.271572,-477.611969,-461.490601,-891.070557,-1565.118286,0.000861,10.870806,9.008955,9201,-4,45,7
37.274506,0.008695,-0.259314,-1.989166,0.000440,-0.201602,-0.243239,0.001902,2.545083,-3.581359,0.171636,-0.000181,0.000062,10.000000,-172.000000,-18.000000,0.063188,0.000070,0.000000,0.000000,0.000000,0.176637,510.000000,0.000000,0.000000,0.000000,0.000000,37.273529,-477.611969,-461.490601,-891.070557,-1565.118286,0.000787,10.870575,9.008955,9201,-6,45,6
37.276459,0.008696,-0.259710,-1.989664,0.000444,-0.196516,-0.250398,0.001923,2.542374,-3.579231,0.171725,-0.000183,0.000063,10.000000,-172.000000,-18.000000,0.063188,0.000070,0.000000,0.000000,0.000000,0.176637,510.000000,0.000000,0.000000,0.000000,0.000000,37.275478,-477.611969,-461.490601,-891.070557,-1565.118286,0.000709,10.870330,9.008955,9201,-8,46,6
37.278412,0.008697,-0.260096,-1.990176,0.000448,-0.191436,-0.257553,0.001944,2.539618,-3.576663,0.171815,-0.000185,0.000064,10.000000,-171.000000,-25.000000,0.063188,0.000070,0.000000,0.000000,0.000000,0.176637,500.000000,0.000000,0.000000,0.000000,0.000000,37.277435,-477.611969,-461.490601,-891.070557,-1565.118286,0.000632,10.870089,9.008955,9201,-11,46,5
37.280365,0.008698,-0.260472,-1.990703,0.000452,-0.186361,-0.264702,0.001965,2.536821,-3.573698,0.171906,-0.000187,0.000064,10.000000,-171.000000,-25.000000,0.036758,0.000107,0.000000,0.000000,0.067000,-0.148515,500.000000,0.000000,0.000000,0.000000,0.000000,37.279388,-104.477608,-279.761719,5569.169434,525.131592,0.000557,6.590137,9.007985,7274,-13,46,5
37.282318,0.008699,-0.260837,-1.991243,0.000456,-0.181338,-0.271575,0.001949,2.499073,-3.369370,0.171999,-0.000189,0.000065,10.000000,-171.000000,-25.000000,0.036758,0.000107,0.000000,0.000000,0.000000,-0.148515,500.000000,0.000000,0.000000,0.000000,0.000000,37.281345,-104.477608,-279.761719,5569.169434,525.131592,0.000490,6.589928,9.007985,7274,-14,46,4
37.284275,0.008700,-0.261193,-1.991796,0.000460,-0.176409,-0.277935,0.001922,2.453309,-3.119006,0.172093,-0.000190,0.000066,10.000000,-171.000000,-25.000000,0.036758,0.000107,0.000000,0.000000,0.000000,-0.148515,500.000000,0.000000,0.000000,0.000000,0.000000,37.283295,-104.477608,-279.761719,5569.169434,525.131592,0.000430,6.589739,9.007985,7274,-16,46,4
37.286228,0.008701,-0.261539,-1.992361,0.000463,-0.171565,-0.283830,0.001895,2.411539,-2.891808,0.172187,-0.000192,0.000066,10.000000,-171.000000,-25.000000,0.036758,0.000107,0.000000,0.000000,0.000000,-0.148515,500.000000,0.000000,0.000000,0.000000,0.000000,37.285252,-104.477608,-279.761719,5569.169434,525.131592,0.000368,6.589542,9.007985,7274,-18,46,3
37.288181,0.008702,-0.261875,-1.992938,0.000467,-0.166800,-0.289302,0.001868,2.373393,-2.685621,0.172282,-0.000192,0.000067,10.000000,-171.000000,-25.000000,0.036758,0.000107,0.000000,0.000000,0.000000,-0.148515,500.000000,0.000000,0.000000,0.000000,0.000000,37.287205,-104.477608,-279.761719,5569.169434,525.131592,0.000303,6.589339,9.007985,7273,-19,46,3
37.290134,0.008703,-0.262202,-1.993525,0.000471,-0.162106,-0.294390,0.001839,2.338513,-2.498387,0.172376,-0.000193,0.000067,10.000000,-171.000000,-25.000000,0.036758,0.000107,0.000000,0.000000,0.000000,-0.148515,500.000000,0.000000,0.000000,0.000000,0.000000,37.289162,-104.477608,-279.761719,5569.169434,525.131592,0.000236,6.589129,9.007985,7273,-21,45,3
37.292091,0.008703,-0.262520,-1.994121,0.000474,-0.157477,-0.299129,0.001807,2.306607,-2.328412,0.172471,-0.000193,0.000067,10.000000,-171.000000,-25.000000,0.036758,0.000107,0.000000,0.000000,0.000000,-0.148515,500.000000,0.000000,0.000000,0.000000,0.000000,37.291111,-104.477608,-279.761719,5569.169434,525.131592,0.000173,6.588933,9.007985,7273,-22,45,2
37.294044,0.008704,-0.262828,-1.994727,0.000478,-0.152908,-0.303553,0.001772,2.277406,-2.174124,0.172565,-0.000192,0.000068,10.000000,-171.000000,-25.000000,0.036758,0.000107,0.000000,0.000000,0.000000,-0.148515,500.000000,0.000000,0.000000,0.000000,0.000000,37.293068,-104.477608,-279.761719,5569.169434,525.131592,0.000108,6.588729,9.007985,7273,-23,45,2
37.295998,0.008705,-0.263127,-1.995341,0.000482,-0.148394,-0.307689,0.001733,2.250653,-2.034065,0.172659,-0.000191,0.000068,10.000000,-171.000000,-25.000000,0.036758,0.000107,0.000000,0.000000,0.000000,-0.148515,500.000000,0.000000,0.000000,0.000000,0.000000,37.295021,-104.477608,-279.761719,5569.169434,525.131592,0.000041,6.588518,9.007985,7273,-24,45,2
37.297951,0.008706,-0.263418,-1.995963,0.000485,-0.143929,-0.311565,0.001689,2.226120,-1.906911,0.172752,-0.000189,0.000068,10.000000,-171.000000,-25.000000,0.036758,0.000107,0.000000,0.000000,0.000000,-0.148515,500.000000,0.000000,0.000000,0.000000,0.000000,37.296974,-104.477608,-279.761719,5569.169434,525.131592,-0.000022,6.588320,9.007985,7273,-25,44,2
37.299908,0.008707,-0.263699,-1.996592,0.000488,-0.139511,-0.315205,0.001640,2.203600,-1.791463,0.172844,-0.000187,0.000068,10.000000,-171.000000,-25.000000,0.036758,0.000107,0.000000,0.000000,0.000000,-0.148515,500.000000,0.000000,0.000000,0.000000,0.000000,37.298927,-104.477608,-279.761719,5569.169434,525.131592,-0.000081,6.588135,9.007985,7273,-26,44,1
37.301861,0.008708,-0.263972,-1.997228,0.000491,-0.135135,-0.318629,0.001585,2.182906,-1.686631,0.172935,-0.000184,0.000069,10.000000,-171.000000,-25.000000,0.036758,0.000107,0.000000,0.000000,0.000000,-0.148515,500.000000,0.000000,0.000000,0.000000,0.000000,37.300884,-104.477608,-279.761719,5569.169434,525.131592,-0.000142,6.587941,9.007985,7273,-26,43,1
37.303814,0.008709,-0.264236,-1.997871,0.000495,-0.130798,-0.321858,0.001524,2.163862,-1.591429,0.173024,-0.000180,0.000069,10.000000,-171.000000,-25.000000,0.036758,0.000107,0.000000,0.000000,0.000000,-0.148515,500.000000,0.000000,0.000000,0.000000,0.000000,37.302837,-104.477608,-279.761719,5569.169434,525.131592,-0.000207,6.587739,9.007985,7273,-27,42,1
37.305767,0.008710,-0.264491,-1.998520,0.000497,-0.126497,-0.324910,0.001458,2.146315,-1.504960,0.173112,-0.000175,0.000069,10.000000,-171.000000,-25.000000,0.036758,0.000107,0.000000,0.000000,0.000000,-0.148515,500.000000,0.000000,0.000000,0.000000,0.000000,37.304790,-104.477608,-279.761719,5569.169434,525.131592,-0.000267,6.587550,9.007985,7273,-27,42,1
37.307720,0.008711,-0.264738,-1.999175,0.000500,-0.122229,-0.327802,0.001385,2.130123,-1.426412,0.173198,-0.000170,0.000069,10.000000,-171.000000,-25.000000,0.036758,0.000107,0.000000,0.000000,0.000000,-0.148515,500.000000,0.000000,0.000000,0.000000,0.000000,37.306744,-104.477608,-279.761719,5569.169434,525.131592,-0.000324,6.587372,9.007985,7273,-28,41,1
37.309677,0.008712,-0.264977,-1.999835,0.000503,-0.117991,-0.330546,0.001305,2.115157,-1.355049,0.173282,-0.000164,0.000070,10.000000,-171.000000,-25.000000,0.036758,0.000107,0.000000,0.000000,0.000000,-0.148515,500.000000,0.000000,0.000000,0.000000,0.000000,37.308701,-104.477608,-279.761719,5569.169434,525.131592,-0.000377,6.587205,9.007985,7273,-28,40,1
37.311630,0.008713,-0.265206,-2.000501,0.000505,-0.113782,-0.333159,0.001220,2.101303,-1.290204,0.173364,-0.000157,0.000070,10.000000,-171.000000,-25.000000,0.036758,0.000107,0.000000,0.000000,0.000000,-0.148515,500.000000,0.000000,0.000000,0.000000,0.000000,37.310654,-104.477608,-279.761719,5569.169434,525.131592,-0.000427,6.587048,9.007985,7273,-28,40,1
37.313583,0.008714,-0.265428,-2.001172,0.000508,-0.109598,-0.335650,0.001128,2.088453,-1.231270,0.173444,-0.000149,0.000070,10.000000,-171.000000,-25.000000,0.036758,0.000107,0.000000,0.000000,0.000000,-0.148515,500.000000,0.000000,0.000000,0.000000,0.000000,37.312607,-104.477608,-279.761719,5569.169434,525.131592,-0.000474,6.586901,9.007985,7273,-28,39,1
37.315536,0.008715,-0.265641,-2.001847,0.000510,-0.105440,-0.338031,0.001029,2.076512,-1.177698,0.173521,-0.000141,0.000071,10.000000,-171.000000,-25.000000,0.036758,0.000107,0.000000,0.000000,0.000000,-0.148515,500.000000,0.000000,0.000000,0.000000,0.000000,37.314560,-104.477608,-279.761719,5569.169434,525.131592,-0.000518,6.586761,9.007985,7272,-28,38,1
37.317493,0.008716,-0.265846,-2.002527,0.000512,-0.101303,-0.340313,0.000925,2.065374,-1.128885,0.173596,-0.000132,0.000071,10.000000,-171.000000,-25.000000,0.036758,0.000107,0.000000,0.000000,0.000000,-0.148515,500.000000,0.000000,0.000000,0.000000,0.000000,37.316517,-104.477608,-279.761719,5569.169434,525.131592,-0.000560,6.586631,9.007985,7272,-28,37,1
37.319447,0.008717,-0.266043,-2.003212,0.000513,-0.097188,-0.342504,0.000815,2.054976,-1.084462,0.173669,-0.000123,0.000071,10.000000,-171.000000,-25.000000,0.036758,0.000107,0.000000,0.000000,0.000000,-0.148515,500.000000,0.000000,0.000000,0.000000,0.000000,37.318466,-104.477608,-279.761719,5569.169434,525.131592,-0.000599,6.586507,9.007985,7272,-28,37,1
37.321400,0.008718,-0.266231,-2.003901,0.000515,-0.093093,-0.344611,0.000699,2.045250,-1.044053,0.173739,-0.000113,0.000072,10.000000,-171.000000,-25.000000,0.036758,0.000107,0.000000,0.000000,0.000000,-0.148515,500.000000,0.000000,0.000000,0.000000,0.000000,37.320423,-104.477608,-279.761719,5569.169434,525.131592,-0.000636,6.586391,9.007985,7272,-27,36,1
37.323353,0.008719,-0.266411,-2.004594,0.000516,-0.089016,-0.346644,0.000578,2.036133,-1.007285,0.173806,-0.000102,0.000072,10.000000,-171.000000,-25.000000,0.036758,0.000107,0.000000,0.000000,0.000000,-0.148515,500.000000,0.000000,0.000000,0.000000,0.000000,37.322376,-104.477608,-279.761719,5569.169434,525.131592,-0.000671,6.586281,9.007985,7272,-27,35,1
37.325310,0.008721,-0.266583,-2.005291,0.000517,-0.084957,-0.348608,0.000452,2.027564,-0.973820,0.173871,-0.000091,0.000073,10.000000,-171.000000,-25.000000,0.036758,0.000107,0.000000,0.000000,0.000000,-0.148515,500.000000,0.000000,0.000000,0.000000,0.000000,37.324333,-104.477608,-279.761719,5569.169434,525.131592,-0.000704,6.586177,9.007985,7272,-26,34,1
37.327263,0.008722,-0.266747,-2.005991,0.000518,-0.080914,-0.350510,0.000322,2.019491,-0.943353,0.173932,-0.000079,0.000073,10.000000,-171.000000,-25.000000,0.036758,0.000107,0.000000,0.000000,0.000000,-0.148515,500.000000,0.000000,0.000000,0.000000,0.000000,37.326283,-104.477608,-279.761719,5569.169434,525.131592,-0.000735,6.586079,9.007985,7272,-26,34,1
37.329216,0.008723,-0.266903,-2.006696,0.000518,-0.076886,-0.352354,0.000187,2.011864,-0.915604,0.173991,-0.000067,0.000074,10.000000,-171.000000,-25.000000,0.036758,0.000107,0.000000,0.000000,0.000000,-0.148515,500.000000,0.000000,0.000000,0.000000,0.000000,37.328239,-104.477608,-279.761719,5569.169434,525.131592,-0.000765,6.585987,9.007985,7272,-25,33,1
37.331169,0.008724,-0.267051,-2.007404,0.000518,-0.072874,-0.354147,0.000048,2.004641,-0.890322,0.174047,-0.000055,0.000074,10.000000,-171.000000,-25.000000,0.036758,0.000107,0.000000,0.000000,0.000000,-0.148515,500.000000,0.000000,0.000000,0.000000,0.000000,37.330193,-104.477608,-279.761719,5569.169434,525.131592,-0.000793,6.585899,9.007985,7272,-25,32,1
37.333122,0.008725,-0.267191,-2.008116,0.000518,-0.068875,-0.355893,-0.000094,1.997780,-0.867277,0.174100,-0.000042,0.000075,10.000000,-171.000000,-25.000000,0.036758,0.000107,0.000000,0.000000,0.000000,-0.148515,500.000000,0.000000,0.000000,0.000000,0.000000,37.332150,-104.477608,-279.761719,5569.169434,525.131592,-0.000819,6.585816,9.007985,7272,-24,32,1
37.335079,0.008726,-0.267323,-2.008831,0.000518,-0.064889,-0.357596,-0.000239,1.991247,-0.846262,0.174150,-0.000029,0.000076,10.000000,-171.000000,-25.000000,0.036758,0.000107,0.000000,0.000000,0.000000,-0.148515,500.000000,0.000000,0.000000,0.000000,0.000000,37.334099,-104.477608,-279.761719,5569.169434,525.131592,-0.000844,6.585737,9.007985,7272,-23,31,2
37.337032,0.008727,-0.267447,-2.009549,0.000517,-0.060916,-0.359259,-0.000387,1.985006,-0.827089,0.174198,-0.000015,0.000076,10.000000,-172.000000,-34.000000,0.036758,0.000107,0.000000,0.000000,0.000000,-0.148515,486.000000,0.000000,0.000000,0.000000,0.000000,37.336056,-104.477608,-279.761719,5569.169434,525.131592,-0.000861,6.585684,9.007985,7272,-22,30,2
37.338985,0.008728,-0.267563,-2.010271,0.000516,-0.056955,-0.360887,-0.000537,1.979032,-0.809588,0.174242,-0.000001,0.000077,10.000000,-172.000000,-34.000000,0.006028,0.000123,0.000000,0.000000,0.066000,-0.216682,486.000000,0.000000,0.000000,0.000000,0.000000,37.338009,-136.363632,-205.645767,-483.121582,409.631012,-0.000871,4.840223,8.996969,6658,-21,30,2
37.340939,0.008729,-0.267671,-2.010996,0.000515,-0.053020,-0.362396,-0.000687,1.962025,-0.729583,0.174283,0.000013,0.000078,10.000000,-172.000000,-34.000000,0.006028,0.000123,0.000000,0.000000,0.000000,-0.216682,486.000000,0.000000,0.000000,0.000000,0.000000,37.339966,-136.363632,-205.645767,-483.121582,409.631012,-0.000880,4.840195,8.996969,6658,-21,29,2
37.342896,0.008730,-0.267771,-2.011723,0.000513,-0.049126,-0.363715,-0.000836,1.942663,-0.636393,0.174322,0.000027,0.000078,10.000000,-172.000000,-34.000000,0.006028,0.000123,0.000000,0.000000,0.000000,-0.216682,486.000000,0.000000,0.000000,0.000000,0.000000,37.341915,-136.363632,-205.645767,-483.121582,409.631012,-0.000888,4.840170,8.996969,6658,-20,29,2
37.344849,0.008731,-0.267864,-2.012453,0.000511,-0.045267,-0.364860,-0.000984,1.924803,-0.551921,0.174357,0.000041,0.000079,10.000000,-172.000000,-34.000000,0.006028,0.000123,0.000000,0.000000,0.000000,-0.216682,486.000000,0.000000,0.000000,0.000000,0.000000,37.343872,-136.363632,-205.645767,-483.121582,409.631012,-0.000896,4.840145,8.996969,6658,-19,28,2
37.346802,0.008732,-0.267949,-2.013185,0.000509,-0.041443,-0.365848,-0.001131,1.908303,-0.475357,0.174390,0.000055,0.000080,10.000000,-172.000000,-34.000000,0.006028,0.000123,0.000000,0.000000,0.000000,-0.216682,486.000000,0.000000,0.000000,0.000000,0.000000,37.345825,-136.363632,-205.645767,-483.121582,409.631012,-0.000903,4.840122,8.996969,6658,-18,27,3
37.348755,0.008733,-0.268026,-2.013919,0.000507,-0.037649,-0.366694,-0.001277,1.893036,-0.405966,0.174420,0.000070,0.000080,10.000000,-172.000000,-34.000000,0.006028,0.000123,0.000000,0.000000,0.000000,-0.216682,486.000000,0.000000,0.000000,0.000000,0.000000,37.347778,-136.363632,-205.645767,-483.121582,409.631012,-0.000904,4.840121,8.996969,6658,-17,27,3
37.350712,0.008734,-0.268096,-2.014654,0.000504,-0.033884,-0.367410,-0.001422,1.878889,-0.343079,0.174447,0.000084,0.000081,10.000000,-172.000000,-34.000000,0.006028,0.000123,0.000000,0.000000,0.000000,-0.216682,486.000000,0.000000,0.000000,0.000000,0.000000,37.349731,-136.363632,-205.645767,-483.121582,409.631012,-0.000897,4.840140,8.996969,6658,-16,26,3
37.352665,0.008735,-0.268158,-2.015390,0.000501,-0.030146,-0.368010,-0.001566,1.865754,-0.286091,0.174472,0.000098,0.000082,10.000000,-172.000000,-34.000000,0.006028,0.000123,0.000000,0.000000,0.000000,-0.216682,486.000000,0.000000,0.000000,0.000000,0.000000,37.351688,-136.363632,-205.645767,-483.121582,409.631012,-0.000892,4.840158,8.996969,6658,-15,26,3
37.354618,0.008736,-0.268213,-2.016128,0.000498,-0.026433,-0.368504,-0.001709,1.853537,-0.234454,0.174494,0.000113,0.000083,10.000000,-172.000000,-34.000000,0.006028,0.000123,0.000000,0.000000,0.000000,-0.216682,486.000000,0.000000,0.000000,0.000000,0.000000,37.353642,-136.363632,-205.645767,-483.121582,409.631012,-0.000886,4.840175,8.996969,6658,-14,26,3
37.356571,0.008737,-0.268260,-2.016866,0.000494,-0.022743,-0.368903,-0.001849,1.842151,-0.187669,0.174514,0.000127,0.000083,10.000000,-172.000000,-34.000000,0.006028,0.000123,0.000000,0.000000,0.000000,-0.216682,486.000000,0.000000,0.000000,0.000000,0.000000,37.355595,-136.363632,-205.645767,-483.121582,409.631012,-0.000881,4.840190,8.996969,6658,-13,25,4
37.358524,0.008738,-0.268300,-2.017605,0.000490,-0.019075,-0.369214,-0.001988,1.831517,-0.145287,0.174531,0.000141,0.000084,10.000000,-172.000000,-34.000000,0.006028,0.000123,0.000000,0.000000,0.000000,-0.216682,486.000000,0.000000,0.000000,0.000000,0.000000,37.357548,-136.363632,-205.645767,-483.121582,409.631012,-0.000870,4.840227,8.996969,6658,-12,25,4
37.360481,0.008739,-0.268333,-2.018345,0.000486,-0.015427,-0.369446,-0.002124,1.821567,-0.106896,0.174545,0.000155,0.000085,10.000000,-172.000000,-34.000000,0.006028,0.000123,0.000000,0.000000,0.000000,-0.216682,486.000000,0.000000,0.000000,0.000000,0.000000,37.359505,-136.363632,-205.645767,-483.121582,409.631012,-0.000852,4.840283,8.996969,6658,-11,24,4
37.362434,0.008740,-0.268358,-2.019085,0.000481,-0.011798,-0.369608,-0.002258,1.812236,-0.072126,0.174558,0.000169,0.000086,10.000000,-172.000000,-34.000000,0.006028,0.000123,0.000000,0.000000,0.000000,-0.216682,486.000000,0.000000,0.000000,0.000000,0.000000,37.361458,-136.363632,-205.645767,-483.121582,409.631012,-0.000835,4.840335,8.996969,6658,-10,24,4
37.364388,0.008741,-0.268377,-2.019825,0.000477,-0.008187,-0.369704,-0.002390,1.803466,-0.040638,0.174568,0.000183,0.000086,10.000000,-172.000000,-34.000000,0.006028,0.000123,0.000000,0.000000,0.000000,-0.216682,486.000000,0.000000,0.000000,0.000000,0.000000,37.363411,-136.363632,-205.645767,-483.121582,409.631012,-0.000819,4.840385,8.996969,6658,-9,24,4
37.366341,0.008742,-0.268388,-2.020565,0.000472,-0.004592,-0.369742,-0.002518,1.795203,-0.012130,0.174576,0.000196,0.000087,10.000000,-172.000000,-34.000000,0.006028,0.000123,0.000000,0.000000,0.000000,-0.216682,486.000000,0.000000,0.000000,0.000000,0.000000,37.365364,-136.363632,-205.645767,-483.121582,409.631012,-0.000804,4.840433,8.996969,6658,-8,24,4
37.368298,0.008743,-0.268391,-2.021305,0.000466,-0.001014,-0.369728,-0.002643,1.787401,0.013678,0.174582,0.000209,0.000088,10.000000,-172.000000,-34.000000,0.006028,0.000123,0.000000,0.000000,0.000000,-0.216682,486.000000,0.000000,0.000000,0.000000,0.000000,37.367321,-136.363632,-205.645767,-483.121582,409.631012,-0.000790,4.840478,8.996969,6658,-7,23,5
37.370251,0.008744,-0.268388,-2.022045,0.000461,0.002550,-0.369665,-0.002765,1.780014,0.037035,0.174586,0.000222,0.000088,10.000000,-172.000000,-34.000000,0.006028,0.000123,0.000000,0.000000,0.000000,-0.216682,486.000000,0.000000,0.000000,0.000000,0.000000,37.369270,-136.363632,-205.645767,-483.121582,409.631012,-0.000769,4.840544,8.996969,6658,-6,23,5
37.372204,0.008744,-0.268378,-2.022785,0.000455,0.006099,-0.369559,-0.002882,1.773008,0.058170,0.174588,0.000234,0.000089,10.000000,-172.000000,-34.000000,0.006028,0.000123,0.000000,0.000000,0.000000,-0.216682,486.000000,0.000000,0.000000,0.000000,0.000000,37.371227,-136.363632,-205.645767,-483.121582,409.631012,-0.000742,4.840628,8.996969,6658,-5,23,5
37.374157,0.008745,-0.268360,-2.023525,0.000449,0.009635,-0.369414,-0.002996,1.766344,0.077291,0.174589,0.000246,0.000090,10.000000,-172.000000,-34.000000,0.006028,0.000123,0.000000,0.000000,0.000000,-0.216682,486.000000,0.000000,0.000000,0.000000,0.000000,37.373180,-136.363632,-205.645767,-483.121582,409.631012,-0.000717,4.840708,8.996969,6658,-4,23,5
37.376114,0.008746,-0.268335,-2.024264,0.000443,0.013159,-0.369233,-0.003106,1.759991,0.094584,0.174588,0.000258,0.000090,10.000000,-172.000000,-34.000000,0.006028,0.000123,0.000000,0.000000,0.000000,-0.216682,486.000000,0.000000,0.000000,0.000000,0.000000,37.375137,-136.363632,-205.645767,-483.121582,409.631012,-0.000692,4.840784,8.996969,6658,-4,23,5
37.378067,0.008747,-0.268304,-2.025003,0.000437,0.016669,-0.369020,-0.003211,1.753921,0.110219,0.174585,0.000269,0.000091,10.000000,-172.000000,-34.000000,0.006028,0.000123,0.000000,0.000000,0.000000,-0.216682,486.000000,0.000000,0.000000,0.000000,0.000000,37.377087,-136.363632,-205.645767,-483.121582,409.631012,-0.000669,4.840858,8.996969,6658,-3,23,5
37.380020,0.008748,-0.268265,-2.025742,0.000430,0.020168,-0.368778,-0.003311,1.748106,0.124352,0.174581,0.000280,0.000092,10.000000,-172.000000,-34.000000,0.006028,0.000123,0.000000,0.000000,0.000000,-0.216682,486.000000,0.000000,0.000000,0.000000,0.000000,37.379044,-136.363632,-205.645767,-483.121582,409.631012,-0.000646,4.840928,8.996969,6658,-2,23,5
37.381973,0.008749,-0.268220,-2.026479,0.000423,0.023656,-0.368510,-0.003406,1.742525,0.137121,0.174576,0.000290,0.000092,10.000000,-172.000000,-34.000000,0.006028,0.000123,0.000000,0.000000,0.000000,-0.216682,486.000000,0.000000,0.000000,0.000000,0.000000,37.380997,-136.363632,-205.645767,-483.121582,409.631012,-0.000625,4.840996,8.996969,6658,-1,22,5
37.383926,0.008750,-0.268167,-2.027217,0.000417,0.027133,-0.368219,-0.003497,1.737154,0.148653,0.174569,0.000300,0.000093,10.000000,-172.000000,-34.000000,0.006028,0.000123,0.000000,0.000000,0.000000,-0.216682,486.000000,0.000000,0.000000,0.000000,0.000000,37.382954,-136.363632,-205.645767,-483.121582,409.631012,-0.000604,4.841063,8.996969,6658,-1,22,5
37.385883,0.008751,-0.268108,-2.027953,0.000409,0.030600,-0.367905,-0.003582,1.731976,0.159064,0.174562,0.000309,0.000093,10.000000,-172.000000,-34.000000,0.006028,0.000123,0.000000,0.000000,0.000000,-0.216682,486.000000,0.000000,0.000000,0.000000,0.000000,37.384903,-136.363632,-205.645767,-483.121582,409.631012,-0.000583,4.841128,8.996969,6658,0,22,5
37.387836,0.008751,-0.268041,-2.028689,0.000402,0.034056,-0.367573,-0.003661,1.726972,0.168458,0.174553,0.000317,0.000093,10.000000,-172.000000,-34.000000,0.006028,0.000123,0.000000,0.000000,0.000000,-0.216682,486.000000,0.000000,0.000000,0.000000,0.000000,37.386860,-136.363632,-205.645767,-483.121582,409.631012,-0.000563,4.841191,8.996969,6658,0,23,5
37.389790,0.008752,-0.267968,-2.029425,0.000395,0.037503,-0.367223,-0.003734,1.722128,0.176931,0.174543,0.000325,0.000094,10.000000,-172.000000,-34.000000,0.006028,0.000123,0.000000,0.000000,0.000000,-0.216682,486.000000,0.000000,0.000000,0.000000,0.000000,37.388813,-136.363632,-205.645767,-483.121582,409.631012,-0.000543,4.841253,8.996969,6658,0,23,5
37.391743,0.008753,-0.267887,-2.030159,0.000387,0.040940,-0.366858,-0.003802,1.717428,0.184567,0.174533,0.000333,0.000094,10.000000,-172.000000,-34.000000,0.006028,0.000123,0.000000,0.000000,0.000000,-0.216682,486.000000,0.000000,0.000000,0.000000,0.000000,37.390766,-136.363632,-205.645767,-483.121582,409.631012,-0.000523,4.841315,8.996969,6658,1,23,5
37.393700,0.008754,-0.267800,-2.030893,0.000379,0.044368,-0.366478,-0.003864,1.712860,0.191445,0.174522,0.000340,0.000094,10.000000,-172.000000,-34.000000,0.006028,0.000123,0.000000,0.000000,0.000000,-0.216682,486.000000,0.000000,0.000000,0.000000,0.000000,37.392719,-136.363632,-205.645767,-483.121582,409.631012,-0.000504,4.841375,8.996969,6658,1,23,5
37.395653,0.008754,-0.267706,-2.031626,0.000372,0.047787,-0.366086,-0.003920,1.708413,0.197635,0.174510,0.000346,0.000094,10.000000,-174.000000,-42.000000,0.006028,0.000123,0.000000,0.000000,0.000000,-0.216682,464.000000,0.000000,0.000000,0.000000,0.000000,37.394676,-136.363632,-205.645767,-483.121582,409.631012,-0.000485,4.841435,8.996969,6658,2,23,5
37.397606,0.008755,-0.267606,-2.032359,0.000364,0.051197,-0.365683,-0.003970,1.704075,0.203202,0.174497,0.000352,0.000094,10.000000,-174.000000,-42.000000,-0.036759,0.000087,0.000000,0.000000,0.067000,-0.349737,464.000000,0.000000,0.000000,0.000000,0.000000,37.396629,-119.402985,-152.818146,253.143982,435.343628,-0.000466,3.597404,8.984030,6307,2,23,5
37.399559,0.008756,-0.267498,-2.033090,0.000356,0.054591,-0.365220,-0.004000,1.693386,0.244800,0.174484,0.000357,0.000094,10.000000,-174.000000,-42.000000,-0.036759,0.000087,0.000000,0.000000,0.000000,-0.349737,464.000000,0.000000,0.000000,0.000000,0.000000,37.398582,-119.402985,-152.818146,253.143982,435.343628,-0.000446,3.597466,8.984030,6307,3,23,5
37.401512,0.008757,-0.267384,-2.033821,0.000348,0.057959,-0.364655,-0.004020,1.681322,0.294210,0.174471,0.000361,0.000094,10.000000,-174.000000,-42.000000,-0.036759,0.000087,0.000000,0.000000,0.000000,-0.349737,464.000000,0.000000,0.000000,0.000000,0.000000,37.400536,-119.402985,-152.818146,253.143982,435.343628,-0.000426,3.597530,8.984030,6307,3,23,5
37.403469,0.008757,-0.267263,-2.034550,0.000340,0.061305,-0.363999,-0.004036,1.670097,0.338885,0.174457,0.000365,0.000094,10.000000,-174.000000,-42.000000,-0.036759,0.000087,0.000000,0.000000,0.000000,-0.349737,464.000000,0.000000,0.000000,0.000000,0.000000,37.402493,-119.402985,-152.818146,253.143982,435.343628,-0.000405,3.597594,8.984030,6307,4,24,5
37.405422,0.008758,-0.267135,-2.035277,0.000332,0.064629,-0.363260,-0.004047,1.659632,0.379267,0.174443,0.000368,0.000094,10.000000,-174.000000,-42.000000,-0.036759,0.000087,0.000000,0.000000,0.000000,-0.349737,464.000000,0.000000,0.000000,0.000000,0.000000,37.404446,-119.402985,-152.818146,253.143982,435.343628,-0.000385,3.597658,8.984030,6307,4,24,5
37.407375,0.008759,-0.267001,-2.036003,0.000323,0.067934,-0.362447,-0.004054,1.649858,0.415756,0.174429,0.000371,0.000094,10.000000,-174.000000,-42.000000,-0.036759,0.000087,0.000000,0.000000,0.000000,-0.349737,464.000000,0.000000,0.000000,0.000000,0.000000,37.406399,-119.402985,-152.818146,253.143982,435.343628,-0.000365,3.597722,8.984030,6307,4,24,5
37.409328,0.008759,-0.266860,-2.036728,0.000315,0.071220,-0.361565,-0.004056,1.640712,0.448714,0.174414,0.000373,0.000093,10.000000,-174.000000,-42.000000,-0.036759,0.000087,0.000000,0.000000,0.000000,-0.349737,464.000000,0.000000,0.000000,0.000000,0.000000,37.408352,-119.402985,-152.818146,253.143982,435.343628,-0.000345,3.597786,8.984030,6307,4,24,5
37.411285,0.008760,-0.266712,-2.037450,0.000307,0.074488,-0.360623,-0.004053,1.632136,0.478470,0.174400,0.000375,0.000093,10.000000,-174.000000,-42.000000,-0.036759,0.000087,0.000000,0.000000,0.000000,-0.349737,464.000000,0.000000,0.000000,0.000000,0.000000,37.410309,-119.402985,-152.818146,253.143982,435.343628,-0.000324,3.597850,8.984030,6307,5,24,5
37.413239,0.008760,-0.266558,-2.038171,0.000299,0.077740,-0.359625,-0.004046,1.624078,0.505321,0.174385,0.000376,0.000093,10.000000,-174.000000,-42.000000,-0.036759,0.000087,0.000000,0.000000,0.000000,-0.349737,464.000000,0.000000,0.000000,0.000000,0.000000,37.412258,-119.402985,-152.818146,253.143982,435.343628,-0.000304,3.597914,8.984030,6307,5,25,5
37.415192,0.008761,-0.266398,-2.038889,0.000291,0.080977,-0.358578,-0.004035,1.616491,0.529539,0.174370,0.000376,0.000092,10.000000,-174.000000,-42.000000,-0.036759,0.000087,0.000000,0.000000,0.000000,-0.349737,464.000000,0.000000,0.000000,0.000000,0.000000,37.414215,-119.402985,-152.818146,253.143982,435.343628,-0.000283,3.597978,8.984030,6307,5,25,4
37.417145,0.008762,-0.266231,-2.039605,0.000283,0.084199,-0.357486,-0.004020,1.609334,0.551371,0.174356,0.000376,0.000092,10.000000,-174.000000,-42.000000,-0.036759,0.000087,0.000000,0.000000,0.000000,-0.349737,464.000000,0.000000,0.000000,0.000000,0.000000,37.416168,-119.402985,-152.818146,253.143982,435.343628,-0.000270,3.598020,8.984030,6307,5,25,4
37.419102,0.008762,-0.266057,-2.040319,0.000275,0.087408,-0.356353,-0.004001,1.602565,0.571037,0.174342,0.000375,0.000091,10.000000,-174.000000,-42.000000,-0.036759,0.000087,0.000000,0.000000,0.000000,-0.349737,464.000000,0.000000,0.000000,0.000000,0.000000,37.418125,-119.402985,-152.818146,253.143982,435.343628,-0.000263,3.598042,8.984030,6307,5,25,4
37.421055,0.008763,-0.265877,-2.041031,0.000267,0.090603,-0.355184,-0.003977,1.596149,0.588739,0.174327,0.000374,0.000090,10.000000,-174.000000,-42.000000,-0.036759,0.000087,0.000000,0.000000,0.000000,-0.349737,464.000000,0.000000,0.000000,0.000000,0.000000,37.420074,-119.402985,-152.818146,253.143982,435.343628,-0.000255,3.598068,8.984030,6307,6,26,4
37.423008,0.008763,-0.265691,-2.041740,0.000259,0.093786,-0.353983,-0.003950,1.590056,0.604661,0.174314,0.000373,0.000090,10.000000,-174.000000,-42.000000,-0.036759,0.000087,0.000000,0.000000,0.000000,-0.349737,464.000000,0.000000,0.000000,0.000000,0.000000,37.422031,-119.402985,-152.818146,253.143982,435.343628,-0.000246,3.598096,8.984030,6307,6,26,4
37.424961,0.008764,-0.265499,-2.042447,0.000251,0.096958,-0.352752,-0.003919,1.584257,0.618969,0.174300,0.000371,0.000089,10.000000,-174.000000,-42.000000,-0.036759,0.000087,0.000000,0.000000,0.000000,-0.349737,464.000000,0.000000,0.000000,0.000000,0.000000,37.423985,-119.402985,-152.818146,253.143982,435.343628,-0.000235,3.598128,8.984030,6307,6,26,4
37.426914,0.008764,-0.265300,-2.043151,0.000243,0.100118,-0.351495,-0.003885,1.578724,0.631813,0.174287,0.000369,0.000088,10.000000,-174.000000,-42.000000,-0.036759,0.000087,0.000000,0.000000,0.000000,-0.349737,464.000000,0.000000,0.000000,0.000000,0.000000,37.425941,-119.402985,-152.818146,253.143982,435.343628,-0.000224,3.598163,8.984030,6307,6,26,4
37.428871,0.008765,-0.265095,-2.043853,0.000236,0.103267,-0.350213,-0.003847,1.573435,0.643330,0.174274,0.000366,0.000087,10.000000,-174.000000,-42.000000,-0.036759,0.000087,0.000000,0.000000,0.000000,-0.349737,464.000000,0.000000,0.000000,0.000000,0.000000,37.427891,-119.402985,-152.818146,253.143982,435.343628,-0.000213,3.598200,8.984030,6307,6,27,4
37.430824,0.008765,-0.264883,-2.044552,0.000228,0.106407,-0.348911,-0.003806,1.568367,0.653643,0.174261,0.000363,0.000086,10.000000,-174.000000,-42.000000,-0.036759,0.000087,0.000000,0.000000,0.000000,-0.349737,464.000000,0.000000,0.000000,0.000000,0.000000,37.429848,-119.402985,-152.818146,253.143982,435.343628,-0.000200,3.598240,8.984030,6307,6,27,4
37.432777,0.008766,-0.264666,-2.045249,0.000221,0.109536,-0.347590,-0.003761,1.563502,0.662866,0.174249,0.000359,0.000085,10.000000,-174.000000,-42.000000,-0.036759,0.000087,0.000000,0.000000,0.000000,-0.349737,464.000000,0.000000,0.000000,0.000000,0.000000,37.431801,-119.402985,-152.818146,253.143982,435.343628,-0.000186,3.598282,8.984030,6307,6,27,3
37.434731,0.008766,-0.264442,-2.045943,0.000213,0.112656,-0.346252,-0.003714,1.558824,0.671100,0.174237,0.000355,0.000084,10.000000,-174.000000,-42.000000,-0.036759,0.000087,0.000000,0.000000,0.000000,-0.349737,464.000000,0.000000,0.000000,0.000000,0.000000,37.433758,-119.402985,-152.818146,253.143982,435.343628,-0.000180,3.598303,8.984030,6307,6,27,3
37.436687,0.008766,-0.264211,-2.046634,0.000206,0.115767,-0.344898,-0.003664,1.554312,0.678437,0.174226,0.000351,0.000083,10.000000,-174.000000,-42.000000,-0.036759,0.000087,0.000000,0.000000,0.000000,-0.349737,464.000000,0.000000,0.000000,0.000000,0.000000,37.435707,-119.402985,-152.818146,253.143982,435.343628,-0.000179,3.598307,8.984030,6307,6,27,3
37.438641,0.008767,-0.263975,-2.047322,0.000198,0.118869,-0.343532,-0.003611,1.549954,0.684961,0.174215,0.000346,0.000082,10.000000,-174.000000,-42.000000,-0.036759,0.000087,0.000000,0.000000,0.000000,-0.349737,464.000000,0.000000,0.000000,0.000000,0.000000,37.437664,-119.402985,-152.818146,253.143982,435.343628,-0.000176,3.598315,8.984030,6307,6,28,3
37.440594,0.008767,-0.263732,-2.048008,0.000191,0.121962,-0.342153,-0.003555,1.545737,0.690748,0.174205,0.000342,0.000080,10.000000,-174.000000,-42.000000,-0.036759,0.000087,0.000000,0.000000,0.000000,-0.349737,464.000000,0.000000,0.000000,0.000000,0.000000,37.439617,-119.402985,-152.818146,253.143982,435.343628,-0.000172,3.598328,8.984030,6307,5,28,3
37.442547,0.008768,-0.263484,-2.048691,0.000184,0.125048,-0.340764,-0.003497,1.541649,0.695866,0.174195,0.000336,0.000079,10.000000,-174.000000,-42.000000,-0.036759,0.000087,0.000000,0.000000,0.000000,-0.349737,464.000000,0.000000,0.000000,0.000000,0.000000,37.441570,-119.402985,-152.818146,253.143982,435.343628,-0.000166,3.598345,8.984030,6307,5,28,3
37.444504,0.008768,-0.263229,-2.049371,0.000177,0.128125,-0.339365,-0.003436,1.537679,0.700380,0.174186,0.000331,0.000078,10.000000,-174.000000,-42.000000,-0.036759,0.000087,0.000000,0.000000,0.000000,-0.349737,464.000000,0.000000,0.000000,0.000000,0.000000,37.443523,-119.402985,-152.818146,253.143982,435.343628,-0.000160,3.598366,8.984030,6307,5,28,3
37.446457,0.008768,-0.262967,-2.050048,0.000171,0.131195,-0.337958,-0.003373,1.533816,0.704344,0.174178,0.000325,0.000077,10.000000,-174.000000,-42.000000,-0.036759,0.000087,0.000000,0.000000,0.000000,-0.349737,464.000000,0.000000,0.000000,0.000000,0.000000,37.445480,-119.402985,-152.818146,253.143982,435.343628,-0.000152,3.598390,8.984030,6307,5,28,3
37.448410,0.008769,-0.262700,-2.050723,0.000164,0.134257,-0.336544,-0.003308,1.530053,0.707811,0.174170,0.000319,0.000075,10.000000,-174.000000,-42.000000,-0.036759,0.000087,0.000000,0.000000,0.000000,-0.349737,464.000000,0.000000,0.000000,0.000000,0.000000,37.447433,-119.402985,-152.818146,253.143982,435.343628,-0.000143,3.598418,8.984030,6307,5,29,3
37.450363,0.008769,-0.262427,-2.051394,0.000157,0.137311,-0.335124,-0.003241,1.526380,0.710827,0.174162,0.000313,0.000074,10.000000,-174.000000,-42.000000,-0.036759,0.000087,0.000000,0.000000,0.000000,-0.349737,464.000000,0.000000,0.000000,0.000000,0.000000,37.449387,-119.402985,-152.818146,253.143982,435.343628,-0.000133,3.598449,8.984030,6307,5,29,2
37.452316,0.008769,-0.262147,-2.052063,0.000151,0.140359,-0.333699,-0.003172,1.522792,0.713436,0.174155,0.000307,0.000073,10.000000,-174.000000,-42.000000,-0.036759,0.000087,0.000000,0.000000,0.000000,-0.349737,464.000000,0.000000,0.000000,0.000000,0.000000,37.451340,-119.402985,-152.818146,253.143982,435.343628,-0.000129,3.598461,8.984030,6307,4,29,2
37.454273,0.008770,-0.261862,-2.052729,0.000145,0.143399,-0.332268,-0.003102,1.519279,0.715674,0.174149,0.000300,0.000071,10.000000,-174.000000,-42.000000,-0.036759,0.000087,0.000000,0.000000,0.000000,-0.349737,464.000000,0.000000,0.000000,0.000000,0.000000,37.453297,-119.402985,-152.818146,253.143982,435.343628,-0.000132,3.598454,8.984030,6307,4,29,2
37.456226,0.008770,-0.261570,-2.053392,0.000139,0.146432,-0.330834,-0.003030,1.515836,0.717575,0.174143,0.000293,0.000070,10.000000,-174.000000,-42.000000,-0.036759,0.000087,0.000000,0.000000,0.000000,-0.349737,464.000000,0.000000,0.000000,0.000000,0.000000,37.455250,-119.402985,-152.818146,253.143982,435.343628,-0.000132,3.598454,8.984030,6307,4,29,2
37.458179,0.008770,-0.261272,-2.054052,0.000133,0.149459,-0.329397,-0.002956,1.512458,0.719173,0.174138,0.000286,0.000068,10.000000,-174.000000,-42.000000,-0.036759,0.000087,0.000000,0.000000,0.000000,-0.349737,464.000000,0.000000,0.000000,0.000000,0.000000,37.457203,-119.402985,-152.818146,253.143982,435.343628,-0.000130,3.598458,8.984030,6307,4,30,2
37.460133,0.008770,-0.260969,-2.054709,0.000127,0.152479,-0.327956,-0.002882,1.509140,0.720496,0.174134,0.000279,0.000067,10.000000,-174.000000,-42.000000,-0.036759,0.000087,0.000000,0.000000,0.000000,-0.349737,464.000000,0.000000,0.000000,0.000000,0.000000,37.459156,-119.402985,-152.818146,253.143982,435.343628,-0.000128,3.598467,8.984030,6307,4,30,2
37.462090,0.008771,-0.260659,-2.055364,0.000121,0.155492,-0.326514,-0.002806,1.505877,0.721570,0.174130,0.000272,0.000065,10.000000,-174.000000,-42.000000,-0.036759,0.000087,0.000000,0.000000,0.000000,-0.349737,464.000000,0.000000,0.000000,0.000000,0.000000,37.461113,-119.402985,-152.818146,253.143982,435.343628,-0.000123,3.598480,8.984030,6307,3,30,2
37.464043,0.008771,-0.260343,-2.056015,0.000116,0.158499,-0.325069,-0.002730,1.502664,0.722418,0.174126,0.000265,0.000064,10.000000,-174.000000,-42.000000,-0.036759,0.000087,0.000000,0.000000,0.000000,-0.349737,464.000000,0.000000,0.000000,0.000000,0.000000,37.463062,-119.402985,-152.818146,253.143982,435.343628,-0.000118,3.598498,8.984030,6307,3,30,2
37.465996,0.008771,-0.260021,-2.056664,0.000111,0.161500,-0.323623,-0.002653,1.499499,0.723061,0.174123,0.000257,0.000062,10.000000,-174.000000,-42.000000,-0.036759,0.000087,0.000000,0.000000,0.000000,-0.349737,464.000000,0.000000,0.000000,0.000000,0.000000,37.465019,-119.402985,-152.818146,253.143982,435.343628,-0.000111,3.598519,8.984030,6307,3,30,2
37.467949,0.008771,-0.259693,-2.057310,0.000105,0.164494,-0.322176,-0.002575,1.496377,0.723519,0.174121,0.000250,0.000061,10.000000,-174.000000,-42.000000,-0.036759,0.000087,0.000000,0.000000,0.000000,-0.349737,464.000000,0.000000,0.000000,0.000000,0.000000,37.466972,-119.402985,-152.818146,253.143982,435.343628,-0.000103,3.598544,8.984030,6307,3,30,2
37.469906,0.008771,-0.259360,-2.057953,0.000100,0.167482,-0.320729,-0.002497,1.493295,0.723810,0.174119,0.000242,0.000059,10.000000,-174.000000,-42.000000,-0.036759,0.000087,0.000000,0.000000,0.000000,-0.349737,464.000000,0.000000,0.000000,0.000000,0.000000,37.468929,-119.402985,-152.818146,253.143982,435.343628,-0.000094,3.598572,8.984030,6307,3,30,1
37.471859,0.008772,-0.259020,-2.058593,0.000095,0.170464,-0.319281,-0.002420,1.490253,0.723948,0.174118,0.000235,0.000058,10.000000,-174.000000,-42.000000,-0.036759,0.000087,0.000000,0.000000,0.000000,-0.349737,464.000000,0.000000,0.000000,0.000000,0.000000,37.470879,-119.402985,-152.818146,253.143982,435.343628,-0.000092,3.598579,8.984030,6307,2,31,1
37.473812,0.008772,-0.258674,-2.059230,0.000091,0.173440,-0.317833,-0.002342,1.487242,0.723949,0.174117,0.000227,0.000056,10.000000,-175.000000,-51.000000,-0.036759,0.000087,0.000000,0.000000,0.000000,-0.349737,444.000000,0.000000,0.000000,0.000000,0.000000,37.472836,-119.402985,-152.818146,253.143982,435.343628,-0.000095,3.598569,8.984030,6307,2,31,1
37.475765,0.008772,-0.258322,-2.059864,0.000086,0.176410,-0.316386,-0.002264,1.484264,0.723826,0.174116,0.000220,0.000055,10.000000,-175.000000,-51.000000,-0.071547,0.000021,0.000000,0.000000,0.067000,-0.332454,444.000000,0.000000,0.000000,0.000000,0.000000,37.474789,-134.328354,-135.402588,-222.766693,275.658569,-0.000096,3.188428,8.982015,6211,2,31,1
37.477718,0.008772,-0.257965,-2.060495,0.000082,0.179372,-0.314925,-0.002184,1.479554,0.733600,0.174116,0.000212,0.000053,10.000000,-175.000000,-51.000000,-0.071547,0.000021,0.000000,0.000000,0.000000,-0.332454,444.000000,0.000000,0.000000,0.000000,0.000000,37.476746,-134.328354,-135.402588,-222.766693,275.658569,-0.000096,3.188429,8.982015,6211,2,31,1
37.479675,0.008772,-0.257601,-2.061123,0.000077,0.182323,-0.313439,-0.002104,1.474472,0.745550,0.174117,0.000205,0.000051,10.000000,-175.000000,-51.000000,-0.071547,0.000021,0.000000,0.000000,0.000000,-0.332454,444.000000,0.000000,0.000000,0.000000,0.000000,37.478695,-134.328354,-135.402588,-222.766693,275.658569,-0.000094,3.188436,8.982015,6211,2,31,1
37.481628,0.008772,-0.257232,-2.061748,0.000073,0.185265,-0.311932,-0.002026,1.469620,0.756239,0.174117,0.000197,0.000050,10.000000,-175.000000,-51.000000,-0.071547,0.000021,0.000000,0.000000,0.000000,-0.332454,444.000000,0.000000,0.000000,0.000000,0.000000,37.480652,-134.328354,-135.402588,-222.766693,275.658569,-0.000091,3.188446,8.982015,6211,1,31,1
37.483582,0.008773,-0.256857,-2.062371,0.000069,0.188197,-0.310405,-0.001948,1.464978,0.765786,0.174118,0.000190,0.000049,10.000000,-175.000000,-51.000000,-0.071547,0.000021,0.000000,0.000000,0.000000,-0.332454,444.000000,0.000000,0.000000,0.000000,0.000000,37.482605,-134.328354,-135.402588,-222.766693,275.658569,-0.000086,3.188460,8.982015,6211,1,31,1
37.485535,0.008773,-0.256475,-2.062990,0.000066,0.191120,-0.308861,-0.001872,1.460528,0.774296,0.174120,0.000182,0.000047,10.000000,-175.000000,-51.000000,-0.071547,0.000021,0.000000,0.000000,0.000000,-0.332454,444.000000,0.000000,0.000000,0.000000,0.000000,37.484558,-134.328354,-135.402588,-222.766693,275.658569,-0.000081,3.188478,8.982015,6211,1,31,1
37.487492,0.008773,-0.256088,-2.063606,0.000062,0.194035,-0.307301,-0.001797,1.456251,0.781868,0.174122,0.000175,0.000046,10.000000,-175.000000,-51.000000,-0.071547,0.000021,0.000000,0.000000,0.000000,-0.332454,444.000000,0.000000,0.000000,0.000000,0.000000,37.486511,-134.328354,-135.402588,-222.766693,275.658569,-0.000074,3.188500,8.982015,6211,1,31,1
37.489445,0.008773,-0.255696,-2.064219,0.000059,0.196941,-0.305727,-0.001724,1.452132,0.788589,0.174124,0.000168,0.000044,10.000000,-175.000000,-51.000000,-0.071547,0.000021,0.000000,0.000000,0.000000,-0.332454,444.000000,0.000000,0.000000,0.000000,0.000000,37.488468,-134.328354,-135.402588,-222.766693,275.658569,-0.000066,3.188524,8.982015,6211,1,31,0
37.491398,0.008773,-0.255297,-2.064828,0.000055,0.199840,-0.304141,-0.001652,1.448160,0.794537,0.174126,0.000161,0.000043,10.000000,-175.000000,-51.000000,-0.071547,0.000021,0.000000,0.000000,0.000000,-0.332454,444.000000,0.000000,0.000000,0.000000,0.000000,37.490421,-134.328354,-135.402588,-222.766693,275.658569,-0.000064,3.188529,8.982015,6211,1,31,0
37.493351,0.008773,-0.254893,-2.065435,0.000052,0.202730,-0.302544,-0.001582,1.444317,0.799785,0.174129,0.000154,0.000042,10.000000,-175.000000,-51.000000,-0.071547,0.000021,0.000000,0.000000,0.000000,-0.332454,444.000000,0.000000,0.000000,0.000000,0.000000,37.492374,-134.328354,-135.402588,-222.766693,275.658569,-0.000069,3.188515,8.982015,6211,0,31,0
37.495304,0.008773,-0.254482,-2.066038,0.000049,0.205613,-0.300937,-0.001513,1.440593,0.804399,0.174132,0.000148,0.000040,10.000000,-175.000000,-51.000000,-0.071547,0.000021,0.000000,0.000000,0.000000,-0.332454,444.000000,0.000000,0.000000,0.000000,0.000000,37.494328,-134.328354,-135.402588,-222.766693,275.658569,-0.000071,3.188508,8.982015,6211,0,31,0
37.497261,0.008773,-0.254066,-2.066638,0.000046,0.208489,-0.299322,-0.001446,1.436978,0.808438,0.174135,0.000141,0.000039,10.000000,-175.000000,-51.000000,-0.071547,0.000021,0.000000,0.000000,0.000000,-0.332454,444.000000,0.000000,0.000000,0.000000,0.000000,37.496284,-134.328354,-135.402588,-222.766693,275.658569,-0.000072,3.188505,8.982015,6211,0,31,0
37.499214,0.008774,-0.253645,-2.067235,0.000043,0.211358,-0.297700,-0.001380,1.433463,0.811955,0.174138,0.000135,0.000038,10.000000,-175.000000,-51.000000,-0.071547,0.000021,0.000000,0.000000,0.000000,-0.332454,444.000000,0.000000,0.000000,0.000000,0.000000,37.498238,-134.328354,-135.402588,-222.766693,275.658569,-0.000071,3.188507,8.982015,6211,0,31,0
37.501167,0.008774,-0.253217,-2.067828,0.000041,0.214219,-0.296071,-0.001316,1.430037,0.815000,0.174142,0.000128,0.000036,10.000000,-175.000000,-51.000000,-0.071547,0.000021,0.000000,0.000000,0.000000,-0.332454,444.000000,0.000000,0.000000,0.000000,0.000000,37.500191,-134.328354,-135.402588,-222.766693,275.658569,-0.000069,3.188514,8.982015,6211,0,31,0
37.503120,0.008774,-0.252784,-2.068419,0.000038,0.217074,-0.294437,-0.001253,1.426695,0.817617,0.174145,0.000122,0.000035,10.000000,-175.000000,-51.000000,-0.071547,0.000021,0.000000,0.000000,0.000000,-0.332454,444.000000,0.000000,0.000000,0.000000,0.000000,37.502144,-134.328354,-135.402588,-222.766693,275.658569,-0.000066,3.188524,8.982015,6211,0,31,0
37.505077,0.008774,-0.252345,-2.069006,0.000036,0.219923,-0.292799,-0.001192,1.423427,0.819846,0.174149,0.000116,0.000034,10.000000,-175.000000,-51.000000,-0.071547,0.000021,0.000000,0.000000,0.000000,-0.332454,444.000000,0.000000,0.000000,0.000000,0.000000,37.504101,-134.328354,-135.402588,-222.766693,275.658569,-0.000061,3.188539,8.982015,6211,0,31,0
37.507030,0.008774,-0.251901,-2.069589,0.000033,0.222765,-0.291156,-0.001133,1.420229,0.821722,0.174153,0.000110,0.000033,10.000000,-175.000000,-51.000000,-0.071547,0.000021,0.000000,0.000000,0.000000,-0.332454,444.000000,0.000000,0.000000,0.000000,0.000000,37.506050,-134.328354,-135.402588,-222.766693,275.658569,-0.000056,3.188556,8.982015,6211,0,31,0
37.508984,0.008774,-0.251450,-2.070170,0.000031,0.225601,-0.289510,-0.001075,1.417092,0.823280,0.174157,0.000105,0.000032,10.000000,-175.000000,-51.000000,-0.071547,0.000021,0.000000,0.000000,0.000000,-0.332454,444.000000,0.000000,0.000000,0.000000,0.000000,37.508007,-134.328354,-135.402588,-222.766693,275.658569,-0.000049,3.188577,8.982015,6211,0,31,0
37.510937,0.008774,-0.250995,-2.070747,0.000029,0.228430,-0.287862,-0.001019,1.414014,0.824550,0.174162,0.000099,0.000031,10.000000,-175.000000,-51.000000,-0.071547,0.000021,0.000000,0.000000,0.000000,-0.332454,444.000000,0.000000,0.000000,0.000000,0.000000,37.509960,-134.328354,-135.402588,-222.766693,275.658569,-0.000041,3.188601,8.982015,6211,0,31,0
37.512894,0.008774,-0.250533,-2.071321,0.000027,0.231254,-0.286211,-0.000964,1.410987,0.825558,0.174166,0.000094,0.000030,10.000000,-175.000000,-51.000000,-0.071547,0.000021,0.000000,0.000000,0.000000,-0.332454,444.000000,0.000000,0.000000,0.000000,0.000000,37.511917,-134.328354,-135.402588,-222.766693,275.658569,-0.000033,3.188628,8.982015,6211,0,31,0
37.514847,0.008774,-0.250066,-2.071891,0.000025,0.234071,-0.284559,-0.000911,1.408009,0.826328,0.174170,0.000088,0.000029,10.000000,-175.000000,-51.000000,-0.071547,0.000021,0.000000,0.000000,0.000000,-0.332454,444.000000,0.000000,0.000000,0.000000,0.000000,37.513866,-134.328354,-135.402588,-222.766693,275.658569,-0.000023,3.188658,8.982015,6211,0,31,0
37.516800,0.008774,-0.249593,-2.072459,0.000024,0.236883,-0.282905,-0.000859,1.405074,0.826883,0.174175,0.000083,0.000028,10.000000,-175.000000,-51.000000,-0.071547,0.000021,0.000000,0.000000,0.000000,-0.332454,444.000000,0.000000,0.000000,0.000000,0.000000,37.515823,-134.328354,-135.402588,-222.766693,275.658569,-0.000013,3.188690,8.982015,6211,0,31,0
37.518753,0.008774,-0.249114,-2.073022,0.000022,0.239689,-0.281251,-0.000809,1.402180,0.827245,0.174180,0.000078,0.000027,10.000000,-175.000000,-51.000000,-0.071547,0.000021,0.000000,0.000000,0.000000,-0.332454,444.000000,0.000000,0.000000,0.000000,0.000000,37.517776,-134.328354,-135.402588,-222.766693,275.658569,-0.000002,3.188725,8.982015,6211,0,31,0
37.520706,0.008774,-0.248630,-2.073583,0.000020,0.242489,-0.279596,-0.000761,1.399323,0.827430,0.174184,0.000073,0.000026,10.000000,-175.000000,-51.000000,-0.071547,0.000021,0.000000,0.000000,0.000000,-0.332454,444.000000,0.000000,0.000000,0.000000,0.000000,37.519733,-134.328354,-135.402588,-222.766693,275.658569,0.000010,3.188761,8.982015,6211,0,31,0
37.522663,0.008774,-0.248141,-2.074140,0.000019,0.245283,-0.277941,-0.000714,1.396499,0.827455,0.174189,0.000069,0.000025,10.000000,-175.000000,-51.000000,-0.071547,0.000021,0.000000,0.000000,0.000000,-0.332454,444.000000,0.000000,0.000000,0.000000,0.000000,37.521683,-134.328354,-135.402588,-222.766693,275.658569,0.000022,3.188800,8.982015,6211,0,31,0
37.524616,0.008774,-0.247646,-2.074694,0.000018,0.248072,-0.276287,-0.000668,1.393707,0.827336,0.174194,0.000064,0.000025,10.000000,-175.000000,-51.000000,-0.071547,0.000021,0.000000,0.000000,0.000000,-0.332454,444.000000,0.000000,0.000000,0.000000,0.000000,37.523640,-134.328354,-135.402588,-222.766693,275.658569,0.000035,3.188840,8.982015,6211,-1,31,0
37.526569,0.008774,-0.247145,-2.075245,0.000016,0.250855,-0.274632,-0.000624,1.390944,0.827087,0.174199,0.000060,0.000024,10.000000,-175.000000,-51.000000,-0.071547,0.000021,0.000000,0.000000,0.000000,-0.332454,444.000000,0.000000,0.000000,0.000000,0.000000,37.525593,-134.328354,-135.402588,-222.766693,275.658569,0.000048,3.188883,8.982015,6211,-1,31,0
37.528522,0.008774,-0.246638,-2.075792,0.000015,0.253633,-0.272979,-0.000582,1.388206,0.826720,0.174204,0.000055,0.000023,10.000000,-175.000000,-51.000000,-0.071547,0.000021,0.000000,0.000000,0.000000,-0.332454,444.000000,0.000000,0.000000,0.000000,0.000000,37.527550,-134.328354,-135.402588,-222.766693,275.658569,0.000062,3.188927,8.982015,6211,-1,31,-1
37.530479,0.008774,-0.246126,-2.076336,0.000014,0.256405,-0.271326,-0.000541,1.385496,0.826246,0.174209,0.000051,0.000023,10.000000,-175.000000,-51.000000,-0.071547,0.000021,0.000000,0.000000,0.000000,-0.332454,444.000000,0.000000,0.000000,0.000000,0.000000,37.529499,-134.328354,-135.402588,-222.766693,275.658569,0.000069,3.188949,8.982015,6211,-1,31,-1
37.532433,0.008774,-0.245609,-2.076877,0.000013,0.259172,-0.269674,-0.000502,1.382805,0.825676,0.174214,0.000047,0.000022,10.000000,-175.000000,-58.000000,-0.071547,0.000021,0.000000,0.000000,0.000000,-0.332454,432.000000,0.000000,0.000000,0.000000,0.000000,37.531456,-134.328354,-135.402588,-222.766693,275.658569,0.000070,3.188952,8.982015,6211,-1,31,-1
37.534386,0.008774,-0.245086,-2.077414,0.000012,0.261934,-0.268024,-0.000464,1.380135,0.825017,0.174219,0.000043,0.000022,10.000000,-175.000000,-58.000000,-0.087260,0.000003,0.000000,0.000000,0.066000,-0.208997,432.000000,0.000000,0.000000,0.000000,0.000000,37.533409,-106.060631,-110.519508,428.298920,321.674408,0.000073,2.602963,8.985000,6096,-1,31,-1
37.536339,0.008774,-0.244557,-2.077948,0.000011,0.264687,-0.266359,-0.000428,1.375373,0.836270,0.174224,0.000040,0.000021,10.000000,-175.000000,-58.000000,-0.087260,0.000003,0.000000,0.000000,0.000000,-0.208997,432.000000,0.000000,0.000000,0.000000,0.000000,37.535362,-106.060631,-110.519508,428.298920,321.674408,0.000077,2.602975,8.985000,6096,-1,31,-1
37.538296,0.008774,-0.244023,-2.078479,0.000010,0.267430,-0.264665,-0.000393,1.370149,0.850179,0.174229,0.000036,0.000021,10.000000,-175.000000,-58.000000,-0.087260,0.000003,0.000000,0.000000,0.000000,-0.208997,432.000000,0.000000,0.000000,0.000000,0.000000,37.537315,-106.060631,-110.519508,428.298920,321.674408,0.000082,2.602991,8.985000,6096,-1,31,-1
37.540249,0.008774,-0.243484,-2.079006,0.000010,0.270163,-0.262946,-0.000361,1.365187,0.862624,0.174233,0.000033,0.000020,10.000000,-175.000000,-58.000000,-0.087260,0.000003,0.000000,0.000000,0.000000,-0.208997,432.000000,0.000000,0.000000,0.000000,0.000000,37.539272,-106.060631,-110.519508,428.298920,321.674408,0.000088,2.603010,8.985000,6096,-1,31,-2
37.542202,0.008774,-0.242939,-2.079530,0.000009,0.272886,-0.261204,-0.000330,1.360465,0.873742,0.174238,0.000030,0.000020,10.000000,-175.000000,-58.000000,-0.087260,0.000003,0.000000,0.000000,0.000000,-0.208997,432.000000,0.000000,0.000000,0.000000,0.000000,37.541225,-106.060631,-110.519508,428.298920,321.674408,0.000088,2.603010,8.985000,6096,-1,31,-2
37.544155,0.008774,-0.242388,-2.080050,0.000008,0.275600,-0.259442,-0.000302,1.355957,0.883657,0.174243,0.000027,0.000020,10.000000,-175.000000,-58.000000,-0.087260,0.000003,0.000000,0.000000,0.000000,-0.208997,432.000000,0.000000,0.000000,0.000000,0.000000,37.543179,-106.060631,-110.519508,428.298920,321.674408,0.000082,2.602992,8.985000,6096,-1,30,-2
37.546108,0.008775,-0.241833,-2.080567,0.000008,0.278306,-0.257661,-0.000275,1.351646,0.892480,0.174248,0.000025,0.000019,10.000000,-175.000000,-58.000000,-0.087260,0.000003,0.000000,0.000000,0.000000,-0.208997,432.000000,0.000000,0.000000,0.000000,0.000000,37.545132,-106.060631,-110.519508,428.298920,321.674408,0.000078,2.602979,8.985000,6096,-1,30,-2
37.548065,0.008775,-0.241271,-2.081080,0.000007,0.281003,-0.255864,-0.000251,1.347514,0.900313,0.174252,0.000022,0.000019,10.000000,-175.000000,-58.000000,-0.087260,0.000003,0.000000,0.000000,0.000000,-0.208997,432.000000,0.000000,0.000000,0.000000,0.000000,37.547089,-106.060631,-110.519508,428.298920,321.674408,0.000076,2.602973,8.985000,6096,-1,30,-2
37.550018,0.008775,-0.240705,-2.081590,0.000007,0.283692,-0.254053,-0.000229,1.343543,0.907249,0.174257,0.000020,0.000019,10.000000,-175.000000,-58.000000,-0.087260,0.000003,0.000000,0.000000,0.000000,-0.208997,432.000000,0.000000,0.000000,0.000000,0.000000,37.549042,-106.060631,-110.519508,428.298920,321.674408,0.000076,2.602972,8.985000,6096,-1,30,-2
37.551971,0.008775,-0.240133,-2.082096,0.000006,0.286373,-0.252229,-0.000208,1.339720,0.913373,0.174261,0.000018,0.000019,10.000000,-175.000000,-58.000000,-0.087260,0.000003,0.000000,0.000000,0.000000,-0.208997,432.000000,0.000000,0.000000,0.000000,0.000000,37.550995,-106.060631,-110.519508,428.298920,321.674408,0.000077,2.602975,8.985000,6096,-1,30,-3
37.553925,0.008775,-0.239556,-2.082598,0.000006,0.289047,-0.250394,-0.000189,1.336033,0.918760,0.174265,0.000016,0.000018,10.000000,-175.000000,-58.000000,-0.087260,0.000003,0.000000,0.000000,0.000000,-0.208997,432.000000,0.000000,0.000000,0.000000,0.000000,37.552948,-106.060631,-110.519508,428.298920,321.674408,0.000072,2.602959,8.985000,6096,-2,30,-3
37.555882,0.008775,-0.238973,-2.083097,0.000006,0.291714,-0.248550,-0.000173,1.332466,0.923478,0.174270,0.000014,0.000018,10.000000,-175.000000,-58.000000,-0.087260,0.000003,0.000000,0.000000,0.000000,-0.208997,432.000000,0.000000,0.000000,0.000000,0.000000,37.554905,-106.060631,-110.519508,428.298920,321.674408,0.000061,2.602927,8.985000,6096,-2,30,-3
37.557835,0.008775,-0.238385,-2.083591,0.000005,0.294374,-0.246696,-0.000157,1.329010,0.927591,0.174274,0.000013,0.000018,10.000000,-175.000000,-58.000000,-0.087260,0.000003,0.000000,0.000000,0.000000,-0.208997,432.000000,0.000000,0.000000,0.000000,0.000000,37.556854,-106.060631,-110.519508,428.298920,321.674408,0.000053,2.602901,8.985000,6096,-2,30,-3
37.559788,0.008775,-0.237792,-2.084082,0.000005,0.297027,-0.244836,-0.000144,1.325655,0.931155,0.174278,0.000012,0.000018,10.000000,-175.000000,-58.000000,-0.087260,0.000003,0.000000,0.000000,0.000000,-0.208997,432.000000,0.000000,0.000000,0.000000,0.000000,37.558811,-106.060631,-110.519508,428.298920,321.674408,0.000047,2.602882,8.985000,6096,-2,30,-3
37.561741,0.008775,-0.237193,-2.084570,0.000005,0.299673,-0.242969,-0.000133,1.322391,0.934220,0.174282,0.000010,0.000018,10.000000,-175.000000,-58.000000,-0.087260,0.000003,0.000000,0.000000,0.000000,-0.208997,432.000000,0.000000,0.000000,0.000000,0.000000,37.560764,-106.060631,-110.519508,428.298920,321.674408,0.000043,2.602868,8.985000,6096,-2,30,-3
37.563698,0.008775,-0.236589,-2.085053,0.000004,0.302313,-0.241096,-0.000123,1.319210,0.936835,0.174286,0.000009,0.000018,10.000000,-175.000000,-58.000000,-0.087260,0.000003,0.000000,0.000000,0.000000,-0.208997,432.000000,0.000000,0.000000,0.000000,0.000000,37.562721,-106.060631,-110.519508,428.298920,321.674408,0.000040,2.602859,8.985000,6096,-2,29,-3
37.565651,0.008775,-0.235980,-2.085533,0.000004,0.304947,-0.239219,-0.000115,1.316105,0.939039,0.174289,0.000009,0.000018,10.000000,-175.000000,-58.000000,-0.087260,0.000003,0.000000,0.000000,0.000000,-0.208997,432.000000,0.000000,0.000000,0.000000,0.000000,37.564671,-106.060631,-110.519508,428.298920,321.674408,0.000039,2.602856,8.985000,6096,-2,29,-4
37.567604,0.008775,-0.235365,-2.086009,0.000004,0.307575,-0.237338,-0.000109,1.313071,0.940873,0.174293,0.000008,0.000018,10.000000,-175.000000,-58.000000,-0.087260,0.000003,0.000000,0.000000,0.000000,-0.208997,432.000000,0.000000,0.000000,0.000000,0.000000,37.566628,-106.060631,-110.519508,428.298920,321.674408,0.000032,2.602833,8.985000,6096,-2,29,-4
37.569557,0.008775,-0.234746,-2.086482,0.000004,0.310196,-0.235454,-0.000104,1.310097,0.942371,0.174296,0.000008,0.000018,10.000000,-175.000000,-58.000000,-0.087260,0.000003,0.000000,0.000000,0.000000,-0.208997,432.000000,0.000000,0.000000,0.000000,0.000000,37.568581,-106.060631,-110.519508,428.298920,321.674408,0.000019,2.602794,8.985000,6096,-2,29,-4
37.571510,0.008775,-0.234121,-2.086950,0.000004,0.312812,-0.233568,-0.000101,1.307181,0.943565,0.174299,0.000008,0.000018,10.000000,-175.000000,-58.000000,-0.087260,0.000003,0.000000,0.000000,0.000000,-0.208997,432.000000,0.000000,0.000000,0.000000,0.000000,37.570538,-106.060631,-110.519508,428.298920,321.674408,0.000009,2.602762,8.985000,6096,-2,29,-4
37.573467,0.008775,-0.233491,-2.087415,0.000003,0.315422,-0.231679,-0.000099,1.304317,0.944483,0.174302,0.000007,0.000018,10.000000,-175.000000,-58.000000,-0.087260,0.000003,0.000000,0.000000,0.000000,-0.208997,432.000000,0.000000,0.000000,0.000000,0.000000,37.572487,-106.060631,-110.519508,428.298920,321.674408,0.000001,2.602737,8.985000,6096,-2,29,-4
37.575420,0.008775,-0.232855,-2.087876,0.000003,0.318026,-0.229789,-0.000099,1.301500,0.945152,0.174305,0.000007,0.000018,10.000000,-175.000000,-58.000000,-0.087260,0.000003,0.000000,0.000000,0.000000,-0.208997,432.000000,0.000000,0.000000,0.000000,0.000000,37.574444,-106.060631,-110.519508,428.298920,321.674408,-0.000005,2.602717,8.985000,6096,-2,29,-4
37.577374,0.008775,-0.232215,-2.088333,0.000003,0.320625,-0.227898,-0.000099,1.298726,0.945595,0.174308,0.000008,0.000018,10.000000,-175.000000,-58.000000,-0.087260,0.000003,0.000000,0.000000,0.000000,-0.208997,432.000000,0.000000,0.000000,0.000000,0.000000,37.576397,-106.060631,-110.519508,428.298920,321.674408,-0.000010,2.602703,8.985000,6096,-2,29,-4
37.579327,0.008775,-0.231569,-2.088787,0.000003,0.323219,-0.226007,-0.000101,1.295992,0.945832,0.174310,0.000008,0.000018,10.000000,-175.000000,-58.000000,-0.087260,0.000003,0.000000,0.000000,0.000000,-0.208997,432.000000,0.000000,0.000000,0.000000,0.000000,37.578354,-106.060631,-110.519508,428.298920,321.674408,-0.000013,2.602694,8.985000,6096,-2,28,-4
37.581284,0.008775,-0.230918,-2.089236,0.000003,0.325807,-0.224115,-0.000105,1.293294,0.945884,0.174313,0.000008,0.000018,10.000000,-175.000000,-58.000000,-0.087260,0.000003,0.000000,0.000000,0.000000,-0.208997,432.000000,0.000000,0.000000,0.000000,0.000000,37.580303,-106.060631,-110.519508,428.298920,321.674408,-0.000014,2.602690,8.985000,6096,-2,28,-4
37.583237,0.008775,-0.230262,-2.089682,0.000002,0.328389,-0.222223,-0.000109,1.290629,0.945767,0.174315,0.000009,0.000018,10.000000,-175.000000,-58.000000,-0.087260,0.000003,0.000000,0.000000,0.000000,-0.208997,432.000000,0.000000,0.000000,0.000000,0.000000,37.582260,-106.060631,-110.519508,428.298920,321.674408,-0.000014,2.602690,8.985000,6096,-1,28,-4
37.585190,0.008775,-0.229600,-2.090124,0.000002,0.330966,-0.220332,-0.000114,1.287994,0.945499,0.174317,0.000010,0.000018,10.000000,-175.000000,-58.000000,-0.087260,0.000003,0.000000,0.000000,0.000000,-0.208997,432.000000,0.000000,0.000000,0.000000,0.000000,37.584213,-106.060631,-110.519508,428.298920,321.674408,-0.000013,2.602693,8.985000,6096,-1,28,-5
37.587143,0.008775,-0.228934,-2.090562,0.000002,0.333539,-0.218442,-0.000120,1.285388,0.945092,0.174319,0.000010,0.000018,10.000000,-175.000000,-58.000000,-0.087260,0.000003,0.000000,0.000000,0.000000,-0.208997,432.000000,0.000000,0.000000,0.000000,0.000000,37.586166,-106.060631,-110.519508,428.298920,321.674408,-0.000018,2.602677,8.985000,6096,-1,28,-5
37.589096,0.008775,-0.228262,-2.090997,0.000002,0.336105,-0.216552,-0.000127,1.282806,0.944561,0.174320,0.000011,0.000018,10.000000,-175.000000,-58.000000,-0.087260,0.000003,0.000000,0.000000,0.000000,-0.208997,432.000000,0.000000,0.000000,0.000000,0.000000,37.588120,-106.060631,-110.519508,428.298920,321.674408,-0.000029,2.602644,8.985000,6096,-1,28,-5
37.591053,0.008775,-0.227586,-2.091428,0.000001,0.338667,-0.214664,-0.000134,1.280247,0.943918,0.174322,0.000012,0.000018,10.000000,-176.000000,-65.000000,-0.087260,0.000003,0.000000,0.000000,0.000000,-0.208997,420.000000,0.000000,0.000000,0.000000,0.000000,37.590076,-106.060631,-110.519508,428.298920,321.674408,-0.000037,2.602617,8.985000,6096,-1,28,-5
37.593006,0.008775,-0.226904,-2.091855,0.000001,0.341224,-0.212778,-0.000142,1.277709,0.943172,0.174323,0.000013,0.000018,10.000000,-176.000000,-65.000000,-0.101501,0.000000,0.000000,0.000000,0.067000,-0.211717,420.000000,0.000000,0.000000,0.000000,0.000000,37.592030,-104.477608,-99.187431,23.627209,238.235138,-0.000044,2.335725,8.977015,6045,-1,28,-5
37.594959,0.008775,-0.226217,-2.092278,0.000001,0.343774,-0.210885,-0.000151,1.274255,0.947652,0.174324,0.000014,0.000018,10.000000,-176.000000,-65.000000,-0.101501,0.000000,0.000000,0.000000,0.000000,-0.211717,420.000000,0.000000,0.000000,0.000000,0.000000,37.593983,-104.477608,-99.187431,23.627209,238.235138,-0.000049,2.335709,8.977015,6045,-1,28,-5
37.596912,0.008775,-0.225525,-2.092697,0.000000,0.346317,-0.208982,-0.000160,1.270605,0.953258,0.174325,0.000015,0.000018,10.000000,-176.000000,-65.000000,-0.101501,0.000000,0.000000,0.000000,0.000000,-0.211717,420.000000,0.000000,0.000000,0.000000,0.000000,37.595936,-104.477608,-99.187431,23.627209,238.235138,-0.000053,2.335697,8.977015,6045,-1,28,-5
37.598869,0.008775,-0.224828,-2.093112,0.000000,0.348853,-0.207068,-0.000170,1.267081,0.958169,0.174326,0.000016,0.000018,10.000000,-176.000000,-65.000000,-0.101501,0.000000,0.000000,0.000000,0.000000,-0.211717,420.000000,0.000000,0.000000,0.000000,0.000000,37.597893,-104.477608,-99.187431,23.627209,238.235138,-0.000056,2.335690,8.977015,6045,-1,28,-5
37.600822,0.008775,-0.224125,-2.093524,-0.000000,0.351382,-0.205145,-0.000180,1.263671,0.962449,0.174326,0.000017,0.000018,10.000000,-176.000000,-65.000000,-0.101501,0.000000,0.000000,0.000000,0.000000,-0.211717,420.000000,0.000000,0.000000,0.000000,0.000000,37.599846,-104.477608,-99.187431,23.627209,238.235138,-0.000056,2.335687,8.977015,6045,-1,27,-5
37.602776,0.008775,-0.223418,-2.093932,-0.000001,0.353905,-0.203214,-0.000190,1.260365,0.966156,0.174327,0.000018,0.000019,10.000000,-176.000000,-65.000000,-0.101501,0.000000,0.000000,0.000000,0.000000,-0.211717,420.000000,0.000000,0.000000,0.000000,0.000000,37.601799,-104.477608,-99.187431,23.627209,238.235138,-0.000056,2.335687,8.977015,6045,-1,27,-5
37.604729,0.008775,-0.222706,-2.094336,-0.000001,0.356421,-0.201277,-0.000201,1.257154,0.969345,0.174327,0.000020,0.000019,10.000000,-176.000000,-65.000000,-0.101501,0.000000,0.000000,0.000000,0.000000,-0.211717,420.000000,0.000000,0.000000,0.000000,0.000000,37.603752,-104.477608,-99.187431,23.627209,238.235138,-0.000055,2.335692,8.977015,6045,-1,27,-5
37.606686,0.008775,-0.221988,-2.094736,-0.000001,0.358930,-0.199334,-0.000212,1.254029,0.972065,0.174327,0.000021,0.000019,10.000000,-176.000000,-65.000000,-0.101501,0.000000,0.000000,0.000000,0.000000,-0.211717,420.000000,0.000000,0.000000,0.000000,0.000000,37.605709,-104.477608,-99.187431,23.627209,238.235138,-0.000052,2.335700,8.977015,6045,-1,27,-5
37.608639,0.008775,-0.221266,-2.095132,-0.000002,0.361434,-0.197387,-0.000223,1.250983,0.974359,0.174327,0.000022,0.000019,10.000000,-176.000000,-65.000000,-0.101501,0.000000,0.000000,0.000000,0.000000,-0.211717,420.000000,0.000000,0.000000,0.000000,0.000000,37.607658,-104.477608,-99.187431,23.627209,238.235138,-0.000049,2.335711,8.977015,6045,-1,27,-5
37.610592,0.008775,-0.220539,-2.095524,-0.000002,0.363931,-0.195435,-0.000234,1.248007,0.976267,0.174326,0.000023,0.000019,10.000000,-176.000000,-65.000000,-0.101501,0.000000,0.000000,0.000000,0.000000,-0.211717,420.000000,0.000000,0.000000,0.000000,0.000000,37.609615,-104.477608,-99.187431,23.627209,238.235138,-0.000045,2.335724,8.977015,6045,-1,27,-5
37.612545,0.008775,-0.219806,-2.095913,-0.000003,0.366423,-0.193480,-0.000245,1.245096,0.977825,0.174326,0.000025,0.000019,10.000000,-176.000000,-65.000000,-0.101501,0.000000,0.000000,0.000000,0.000000,-0.211717,420.000000,0.000000,0.000000,0.000000,0.000000,37.611568,-104.477608,-99.187431,23.627209,238.235138,-0.000039,2.335741,8.977015,6045,0,27,-5
37.614498,0.008775,-0.219069,-2.096297,-0.000003,0.368909,-0.191523,-0.000255,1.242244,0.979068,0.174325,0.000026,0.000019,10.000000,-176.000000,-65.000000,-0.101501,0.000000,0.000000,0.000000,0.000000,-0.211717,420.000000,0.000000,0.000000,0.000000,0.000000,37.613525,-104.477608,-99.187431,23.627209,238.235138,-0.000033,2.335760,8.977015,6045,0,27,-5
37.616455,0.008775,-0.218327,-2.096678,-0.000004,0.371389,-0.189563,-0.000266,1.239447,0.980023,0.174324,0.000027,0.000020,10.000000,-176.000000,-65.000000,-0.101501,0.000000,0.000000,0.000000,0.000000,-0.211717,420.000000,0.000000,0.000000,0.000000,0.000000,37.615475,-104.477608,-99.187431,23.627209,238.235138,-0.000026,2.335781,8.977015,6045,0,27,-6
37.618408,0.008775,-0.217580,-2.097054,-0.000004,0.373864,-0.187602,-0.000276,1.236700,0.980719,0.174323,0.000028,0.000020,10.000000,-176.000000,-65.000000,-0.101501,0.000000,0.000000,0.000000,0.000000,-0.211717,420.000000,0.000000,0.000000,0.000000,0.000000,37.617432,-104.477608,-99.187431,23.627209,238.235138,-0.000026,2.335781,8.977015,6045,0,27,-6
37.620361,0.008775,-0.216827,-2.097427,-0.000005,0.376333,-0.185640,-0.000285,1.233996,0.981179,0.174322,0.000029,0.000020,10.000000,-176.000000,-65.000000,-0.101501,0.000000,0.000000,0.000000,0.000000,-0.211717,420.000000,0.000000,0.000000,0.000000,0.000000,37.619385,-104.477608,-99.187431,23.627209,238.235138,-0.000032,2.335763,8.977015,6045,0,27,-6
37.622314,0.008775,-0.216070,-2.097795,-0.000005,0.378797,-0.183677,-0.000295,1.231334,0.981426,0.174321,0.000030,0.000020,10.000000,-176.000000,-65.000000,-0.101501,0.000000,0.000000,0.000000,0.000000,-0.211717,420.000000,0.000000,0.000000,0.000000,0.000000,37.621342,-104.477608,-99.187431,23.627209,238.235138,-0.000036,2.335750,8.977015,6045,0,27,-6
37.624271,0.008775,-0.215308,-2.098160,-0.000006,0.381256,-0.181714,-0.000304,1.228709,0.981480,0.174320,0.000031,0.000020,10.000000,-176.000000,-65.000000,-0.101501,0.000000,0.000000,0.000000,0.000000,-0.211717,420.000000,0.000000,0.000000,0.000000,0.000000,37.623291,-104.477608,-99.187431,23.627209,238.235138,-0.000039,2.335742,8.977015,6045,0,27,-6
37.626225,0.008775,-0.214541,-2.098521,-0.000007,0.383709,-0.179751,-0.000312,1.226119,0.981359,0.174318,0.000032,0.000020,10.000000,-176.000000,-65.000000,-0.101501,0.000000,0.000000,0.000000,0.000000,-0.211717,420.000000,0.000000,0.000000,0.000000,0.000000,37.625248,-104.477608,-99.187431,23.627209,238.235138,-0.000040,2.335737,8.977015,6045,0,27,-6
37.628178,0.008775,-0.213769,-2.098878,-0.000007,0.386158,-0.177789,-0.000320,1.223561,0.981080,0.174317,0.000033,0.000020,10.000000,-176.000000,-65.000000,-0.101501,0.000000,0.000000,0.000000,0.000000,-0.211717,420.000000,0.000000,0.000000,0.000000,0.000000,37.627201,-104.477608,-99.187431,23.627209,238.235138,-0.000040,2.335737,8.977015,6045,0,27,-6
37.630131,0.008775,-0.212993,-2.099231,-0.000008,0.388601,-0.175827,-0.000328,1.221033,0.980658,0.174315,0.000034,0.000020,10.000000,-176.000000,-65.000000,-0.101501,0.000000,0.000000,0.000000,0.000000,-0.211717,420.000000,0.000000,0.000000,0.000000,0.000000,37.629154,-104.477608,-99.187431,23.627209,238.235138,-0.000039,2.335741,8.977015,6045,0,27,-6
37.632088,0.008775,-0.212211,-2.099580,-0.000009,0.391039,-0.173867,-0.000335,1.218531,0.980106,0.174314,0.000035,0.000020,10.000000,-176.000000,-65.000000,-0.101501,0.000000,0.000000,0.000000,0.000000,-0.211717,420.000000,0.000000,0.000000,0.000000,0.000000,37.631107,-104.477608,-99.187431,23.627209,238.235138,-0.000037,2.335748,8.977015,6045,0,27,-6
37.634041,0.008775,-0.211425,-2.099925,-0.000009,0.393473,-0.171908,-0.000342,1.216054,0.979438,0.174312,0.000036,0.000020,10.000000,-176.000000,-65.000000,-0.101501,0.000000,0.000000,0.000000,0.000000,-0.211717,420.000000,0.000000,0.000000,0.000000,0.000000,37.633064,-104.477608,-99.187431,23.627209,238.235138,-0.000033,2.335759,8.977015,6045,0,27,-6
37.635994,0.008775,-0.210633,-2.100266,-0.000010,0.395901,-0.169950,-0.000349,1.213600,0.978663,0.174310,0.000037,0.000020,10.000000,-176.000000,-65.000000,-0.101501,0.000000,0.000000,0.000000,0.000000,-0.211717,420.000000,0.000000,0.000000,0.000000,0.000000,37.635017,-104.477608,-99.187431,23.627209,238.235138,-0.000029,2.335772,8.977015,6045,0,27,-6
37.637947,0.008775,-0.209837,-2.100604,-0.000011,0.398325,-0.167994,-0.000355,1.211167,0.977792,0.174308,0.000037,0.000021,10.000000,-176.000000,-65.000000,-0.101501,0.000000,0.000000,0.000000,0.000000,-0.211717,420.000000,0.000000,0.000000,0.000000,0.000000,37.636971,-104.477608,-99.187431,23.627209,238.235138,-0.000024,2.335788,8.977015,6045,0,27,-6
37.639900,0.008774,-0.209036,-2.100937,-0.000011,0.400743,-0.166040,-0.000360,1.208754,0.976835,0.174306,0.000038,0.000021,10.000000,-176.000000,-65.000000,-0.101501,0.000000,0.000000,0.000000,0.000000,-0.211717,420.000000,0.000000,0.000000,0.000000,0.000000,37.638924,-104.477608,-99.187431,23.627209,238.235138,-0.000018,2.335807,8.977015,6045,0,27,-6
37.641857,0.008774,-0.208230,-2.101267,-0.000012,0.403157,-0.164088,-0.000365,1.206359,0.975800,0.174304,0.000039,0.000021,10.000000,-176.000000,-65.000000,-0.101501,0.000000,0.000000,0.000000,0.000000,-0.211717,420.000000,0.000000,0.000000,0.000000,0.000000,37.640881,-104.477608,-99.187431,23.627209,238.235138,-0.000011,2.335829,8.977015,6045,0,27,-6
37.643810,0.008774,-0.207419,-2.101592,-0.000013,0.405566,-0.162138,-0.000370,1.203980,0.974694,0.174302,0.000039,0.000021,10.000000,-176.000000,-65.000000,-0.101501,0.000000,0.000000,0.000000,0.000000,-0.211717,420.000000,0.000000,0.000000,0.000000,0.000000,37.642834,-104.477608,-99.187431,23.627209,238.235138,-0.000004,2.335852,8.977015,6045,0,27,-7
37.645763,0.008774,-0.206604,-2.101914,-0.000014,0.407971,-0.160190,-0.000374,1.201620,0.973525,0.174300,0.000040,0.000021,10.000000,-176.000000,-65.000000,-0.101501,0.000000,0.000000,0.000000,0.000000,-0.211717,420.000000,0.000000,0.000000,0.000000,0.000000,37.644787,-104.477608,-99.187431,23.627209,238.235138,-0.000003,2.335854,8.977015,6045,0,27,-7
37.647717,0.008774,-0.205783,-2.102232,-0.000014,0.410371,-0.158245,-0.000378,1.199271,0.972296,0.174298,0.000040,0.000021,10.000000,-176.000000,-65.000000,-0.101501,0.000000,0.000000,0.000000,0.000000,-0.211717,420.000000,0.000000,0.000000,0.000000,0.000000,37.646740,-104.477608,-99.187431,23.627209,238.235138,-0.000009,2.335837,8.977015,6045,0,27,-7
37.649673,0.008774,-0.204958,-2.102545,-0.000015,0.412766,-0.156302,-0.000381,1.196937,0.971017,0.174296,0.000041,0.000021,10.000000,-176.000000,-65.000000,-0.101501,0.000000,0.000000,0.000000,0.000000,-0.211717,420.000000,0.000000,0.000000,0.000000,0.000000,37.648697,-104.477608,-99.187431,23.627209,238.235138,-0.000012,2.335826,8.977015,6045,0,27,-7
37.651627,0.008774,-0.204128,-2.102855,-0.000016,0.415156,-0.154362,-0.000384,1.194615,0.969691,0.174294,0.000041,0.000021,10.000000,-176.000000,-65.000000,-0.101501,0.000000,0.000000,0.000000,0.000000,-0.211717,420.000000,0.000000,0.000000,0.000000,0.000000,37.650646,-104.477608,-99.187431,23.627209,238.235138,-0.000014,2.335819,8.977015,6045,0,27,-7
37.653580,0.008774,-0.203293,-2.103162,-0.000017,0.417542,-0.152425,-0.000386,1.192305,0.968323,0.174292,0.000041,0.000021,10.000000,-176.000000,-65.000000,-0.101501,0.000000,0.000000,0.000000,0.000000,-0.211717,420.000000,0.000000,0.000000,0.000000,0.000000,37.652603,-104.477608,-99.187431,23.627209,238.235138,-0.000015,2.335816,8.977015,6045,0,27,-7
37.655533,0.008774,-0.202454,-2.103464,-0.000018,0.419923,-0.150490,-0.000387,1.190007,0.966917,0.174290,0.000041,0.000021,10.000000,-176.000000,-65.000000,-0.101501,0.000000,0.000000,0.000000,0.000000,-0.211717,420.000000,0.000000,0.000000,0.000000,0.000000,37.654556,-104.477608,-99.187431,23.627209,238.235138,-0.000015,2.335817,8.977015,6045,0,27,-7
37.657490,0.008774,-0.201610,-2.103762,-0.000018,0.422299,-0.148558,-0.000388,1.187718,0.965477,0.174288,0.000041,0.000021,10.000000,-176.000000,-65.000000,-0.101501,0.000000,0.000000,0.000000,0.000000,-0.211717,420.000000,0.000000,0.000000,0.000000,0.000000,37.656513,-104.477608,-99.187431,23.627209,238.235138,-0.000013,2.335822,8.977015,6045,0,27,-7
37.659443,0.008774,-0.200761,-2.104057,-0.000019,0.424671,-0.146630,-0.000388,1.185440,0.964007,0.174286,0.000041,0.000021,10.000000,-176.000000,-65.000000,-0.101501,0.000000,0.000000,0.000000,0.000000,-0.211717,420.000000,0.000000,0.000000,0.000000,0.000000,37.658463,-104.477608,-99.187431,23.627209,238.235138,-0.000011,2.335830,8.977015,6045,0,27,-7
37.661396,0.008774,-0.199907,-2.104347,-0.000020,0.427039,-0.144704,-0.000387,1.183171,0.962509,0.174283,0.000041,0.000021,10.000000,-176.000000,-65.000000,-0.101501,0.000000,0.000000,0.000000,0.000000,-0.211717,420.000000,0.000000,0.000000,0.000000,0.000000,37.660419,-104.477608,-99.187431,23.627209,238.235138,-0.000007,2.335841,8.977015,6045,0,27,-7
37.663349,0.008774,-0.199048,-2.104634,-0.000021,0.429402,-0.142781,-0.000385,1.180911,0.960986,0.174281,0.000041,0.000021,10.000000,-176.000000,-65.000000,-0.101501,0.000000,0.000000,0.000000,0.000000,-0.211717,420.000000,0.000000,0.000000,0.000000,0.000000,37.662373,-104.477608,-99.187431,23.627209,238.235138,-0.000003,2.335855,8.977015,6045,0,27,-7
37.665302,0.008774,-0.198185,-2.104917,-0.000021,0.431760,-0.140861,-0.000382,1.178660,0.959442,0.174279,0.000041,0.000021,10.000000,-176.000000,-65.000000,-0.101501,0.000000,0.000000,0.000000,0.000000,-0.211717,420.000000,0.000000,0.000000,0.000000,0.000000,37.664330,-104.477608,-99.187431,23.627209,238.235138,0.000003,2.335872,8.977015,6045,0,27,-8
37.667259,0.008774,-0.197317,-2.105196,-0.000022,0.434114,-0.138945,-0.000379,1.176418,0.957879,0.174277,0.000041,0.000021,10.000000,-176.000000,-65.000000,-0.101501,0.000000,0.000000,0.000000,0.000000,-0.211717,420.000000,0.000000,0.000000,0.000000,0.000000,37.666279,-104.477608,-99.187431,23.627209,238.235138,0.000001,2.335868,8.977015,6045,0,27,-8
37.669212,0.008774,-0.196445,-2.105472,-0.000023,0.436464,-0.137032,-0.000375,1.174182,0.956298,0.174274,0.000040,0.000021,10.000000,-175.000000,-72.000000,-0.101501,0.000000,0.000000,0.000000,0.000000,-0.211717,394.000000,0.000000,0.000000,0.000000,0.000000,37.668236,-104.477608,-99.187431,23.627209,238.235138,-0.000006,2.335845,8.977015,6045,0,28,-8
37.671165,0.008774,-0.195567,-2.105743,-0.000024,0.438809,-0.135121,-0.000369,1.171953,0.954702,0.174272,0.000040,0.000021,10.000000,-175.000000,-72.000000,-0.143957,-0.000005,0.000000,0.000000,0.067000,-0.484595,394.000000,0.000000,0.000000,0.000000,0.000000,37.670189,-104.477608,-95.472740,0.000000,162.344620,-0.000011,2.248347,8.987985,6038,0,28,-8
37.673119,0.008774,-0.194685,-2.106011,-0.000024,0.441149,-0.133213,-0.000363,1.169603,0.953822,0.174270,0.000039,0.000021,10.000000,-175.000000,-72.000000,-0.143957,-0.000005,0.000000,0.000000,0.000000,-0.484595,394.000000,0.000000,0.000000,0.000000,0.000000,37.672146,-104.477608,-95.472740,0.000000,162.344620,-0.000015,2.248335,8.987985,6038,0,28,-8
37.675076,0.008774,-0.193799,-2.106275,-0.000025,0.443485,-0.131307,-0.000357,1.167230,0.953095,0.174268,0.000038,0.000020,10.000000,-175.000000,-72.000000,-0.143957,-0.000005,0.000000,0.000000,0.000000,-0.484595,394.000000,0.000000,0.000000,0.000000,0.000000,37.674095,-104.477608,-95.472740,0.000000,162.344620,-0.000018,2.248327,8.987985,6038,0,28,-8
37.677029,0.008774,-0.192907,-2.106534,-0.000026,0.445816,-0.129402,-0.000349,1.164878,0.952273,0.174265,0.000038,0.000020,10.000000,-175.000000,-72.000000,-0.143957,-0.000005,0.000000,0.000000,0.000000,-0.484595,394.000000,0.000000,0.000000,0.000000,0.000000,37.676052,-104.477608,-95.472740,0.000000,162.344620,-0.000019,2.248323,8.987985,6038,0,28,-8
37.678982,0.008774,-0.192011,-2.106791,-0.000026,0.448142,-0.127499,-0.000341,1.162547,0.951364,0.174263,0.000037,0.000020,10.000000,-175.000000,-72.000000,-0.143957,-0.000005,0.000000,0.000000,0.000000,-0.484595,394.000000,0.000000,0.000000,0.000000,0.000000,37.678005,-104.477608,-95.472740,0.000000,162.344620,-0.000019,2.248323,8.987985,6038,0,28,-8
37.680935,0.008774,-0.191111,-2.107043,-0.000027,0.450464,-0.125597,-0.000332,1.160234,0.950377,0.174261,0.000036,0.000020,10.000000,-175.000000,-72.000000,-0.143957,-0.000005,0.000000,0.000000,0.000000,-0.484595,394.000000,0.000000,0.000000,0.000000,0.000000,37.679958,-104.477608,-95.472740,0.000000,162.344620,-0.000018,2.248327,8.987985,6038,0,28,-8
37.682892,0.008774,-0.190205,-2.107292,-0.000028,0.452781,-0.123698,-0.000323,1.157938,0.949318,0.174258,0.000035,0.000020,10.000000,-175.000000,-72.000000,-0.143957,-0.000005,0.000000,0.000000,0.000000,-0.484595,394.000000,0.000000,0.000000,0.000000,0.000000,37.681911,-104.477608,-95.472740,0.000000,162.344620,-0.000016,2.248334,8.987985,6038,1,28,-8
37.684845,0.008774,-0.189295,-2.107537,-0.000028,0.455093,-0.121801,-0.000313,1.155657,0.948196,0.174256,0.000034,0.000019,10.000000,-175.000000,-72.000000,-0.143957,-0.000005,0.000000,0.000000,0.000000,-0.484595,394.000000,0.000000,0.000000,0.000000,0.000000,37.683868,-104.477608,-95.472740,0.000000,162.344620,-0.000012,2.248345,8.987985,6038,1,28,-8
37.686798,0.008773,-0.188381,-2.107778,-0.000029,0.457401,-0.119907,-0.000302,1.153391,0.947017,0.174254,0.000033,0.000019,10.000000,-175.000000,-72.000000,-0.143957,-0.000005,0.000000,0.000000,0.000000,-0.484595,394.000000,0.000000,0.000000,0.000000,0.000000,37.685822,-104.477608,-95.472740,0.000000,162.344620,-0.000008,2.248358,8.987985,6038,1,28,-8
37.688751,0.008773,-0.187462,-2.108015,-0.000030,0.459704,-0.118014,-0.000291,1.151140,0.945786,0.174252,0.000032,0.000019,10.000000,-175.000000,-72.000000,-0.143957,-0.000005,0.000000,0.000000,0.000000,-0.484595,394.000000,0.000000,0.000000,0.000000,0.000000,37.687775,-104.477608,-95.472740,0.000000,162.344620,-0.000003,2.248374,8.987985,6038,1,28,-9
37.690704,0.008773,-0.186538,-2.108248,-0.000030,0.462003,-0.116125,-0.000279,1.148903,0.944508,0.174249,0.000030,0.000019,10.000000,-175.000000,-72.000000,-0.143957,-0.000005,0.000000,0.000000,0.000000,-0.484595,394.000000,0.000000,0.000000,0.000000,0.000000,37.689728,-104.477608,-95.472740,0.000000,162.344620,-0.000005,2.248368,8.987985,6038,1,28,-9
37.692661,0.008773,-0.185609,-2.108478,-0.000031,0.464298,-0.114238,-0.000267,1.146676,0.943188,0.174247,0.000029,0.000018,10.000000,-175.000000,-72.000000,-0.143957,-0.000005,0.000000,0.000000,0.000000,-0.484595,394.000000,0.000000,0.000000,0.000000,0.000000,37.691685,-104.477608,-95.472740,0.000000,162.344620,-0.000012,2.248345,8.987985,6038,1,28,-9
37.694614,0.008773,-0.184677,-2.108704,-0.000031,0.466588,-0.112353,-0.000254,1.144461,0.941830,0.174245,0.000028,0.000018,10.000000,-175.000000,-72.000000,-0.143957,-0.000005,0.000000,0.000000,0.000000,-0.484595,394.000000,0.000000,0.000000,0.000000,0.000000,37.693638,-104.477608,-95.472740,0.000000,162.344620,-0.000018,2.248327,8.987985,6038,1,28,-9
37.696568,0.008773,-0.183739,-2.108926,-0.000032,0.468873,-0.110472,-0.000241,1.142257,0.940438,0.174243,0.000026,0.000018,10.000000,-175.000000,-72.000000,-0.143957,-0.000005,0.000000,0.000000,0.000000,-0.484595,394.000000,0.000000,0.000000,0.000000,0.000000,37.695591,-104.477608,-95.472740,0.000000,162.344620,-0.000022,2.248313,8.987985,6038,1,28,-9
37.698521,0.008773,-0.182797,-2.109144,-0.000032,0.471155,-0.108593,-0.000228,1.140064,0.939015,0.174241,0.000025,0.000018,10.000000,-175.000000,-72.000000,-0.143957,-0.000005,0.000000,0.000000,0.000000,-0.484595,394.000000,0.000000,0.000000,0.000000,0.000000,37.697544,-104.477608,-95.472740,0.000000,162.344620,-0.000025,2.248305,8.987985,6038,1,29,-9
37.700478,0.008773,-0.181850,-2.109359,-0.000033,0.473432,-0.106717,-0.000215,1.137880,0.937565,0.174239,0.000024,0.000017,10.000000,-175.000000,-72.000000,-0.143957,-0.000005,0.000000,0.000000,0.000000,-0.484595,394.000000,0.000000,0.000000,0.000000,0.000000,37.699501,-104.477608,-95.472740,0.000000,162.344620,-0.000026,2.248301,8.987985,6038,1,29,-9
37.702431,0.008773,-0.180899,-2.109570,-0.000033,0.475704,-0.104844,-0.000201,1.135707,0.936090,0.174237,0.000022,0.000017,10.000000,-175.000000,-72.000000,-0.143957,-0.000005,0.000000,0.000000,0.000000,-0.484595,394.000000,0.000000,0.000000,0.000000,0.000000,37.701450,-104.477608,-95.472740,0.000000,162.344620,-0.000026,2.248300,8.987985,6038,1,29,-9
37.704384,0.008773,-0.179943,-2.109777,-0.000033,0.477972,-0.102974,-0.000187,1.133542,0.934594,0.174235,0.000021,0.000017,10.000000,-175.000000,-72.000000,-0.143957,-0.000005,0.000000,0.000000,0.000000,-0.484595,394.000000,0.000000,0.000000,0.000000,0.000000,37.703407,-104.477608,-95.472740,0.000000,162.344620,-0.000026,2.248303,8.987985,6038,1,29,-9
37.706337,0.008773,-0.178983,-2.109980,-0.000034,0.480236,-0.101107,-0.000173,1.131386,0.933078,0.174233,0.000019,0.000016,10.000000,-175.000000,-72.000000,-0.143957,-0.000005,0.000000,0.000000,0.000000,-0.484595,394.000000,0.000000,0.000000,0.000000,0.000000,37.705360,-104.477608,-95.472740,0.000000,162.344620,-0.000024,2.248309,8.987985,6038,1,29,-9
37.708290,0.008773,-0.178018,-2.110180,-0.000034,0.482496,-0.099244,-0.000159,1.129238,0.931545,0.174232,0.000018,0.000016,10.000000,-175.000000,-72.000000,-0.143957,-0.000005,0.000000,0.000000,0.000000,-0.484595,394.000000,0.000000,0.000000,0.000000,0.000000,37.707317,-104.477608,-95.472740,0.000000,162.344620,-0.000021,2.248318,8.987985,6038,1,29,-9
37.710247,0.008773,-0.177049,-2.110375,-0.000034,0.484751,-0.097383,-0.000145,1.127099,0.929996,0.174230,0.000016,0.000016,10.000000,-175.000000,-72.000000,-0.143957,-0.000005,0.000000,0.000000,0.000000,-0.484595,394.000000,0.000000,0.000000,0.000000,0.000000,37.709267,-104.477608,-95.472740,0.000000,162.344620,-0.000017,2.248330,8.987985,6038,1,29,-9
37.712200,0.008773,-0.176075,-2.110568,-0.000035,0.487002,-0.095525,-0.000132,1.124967,0.928433,0.174229,0.000015,0.000016,10.000000,-175.000000,-72.000000,-0.143957,-0.000005,0.000000,0.000000,0.000000,-0.484595,394.000000,0.000000,0.000000,0.000000,0.000000,37.711224,-104.477608,-95.472740,0.000000,162.344620,-0.000012,2.248345,8.987985,6038,1,29,-9
37.714153,0.008773,-0.175097,-2.110756,-0.000035,0.489249,-0.093671,-0.000118,1.122842,0.926858,0.174227,0.000013,0.000015,10.000000,-175.000000,-72.000000,-0.143957,-0.000005,0.000000,0.000000,0.000000,-0.484595,394.000000,0.000000,0.000000,0.000000,0.000000,37.713177,-104.477608,-95.472740,0.000000,162.344620,-0.000007,2.248362,8.987985,6038,1,29,-9
37.716106,0.008773,-0.174114,-2.110941,-0.000035,0.491491,-0.091819,-0.000105,1.120725,0.925273,0.174226,0.000012,0.000015,10.000000,-175.000000,-72.000000,-0.143957,-0.000005,0.000000,0.000000,0.000000,-0.484595,394.000000,0.000000,0.000000,0.000000,0.000000,37.715134,-104.477608,-95.472740,0.000000,162.344620,-0.000001,2.248381,8.987985,6038,1,29,-10
37.718063,0.008772,-0.173126,-2.111122,-0.000035,0.493729,-0.089971,-0.000092,1.118616,0.923678,0.174225,0.000011,0.000015,10.000000,-175.000000,-72.000000,-0.143957,-0.000005,0.000000,0.000000,0.000000,-0.484595,394.000000,0.000000,0.000000,0.000000,0.000000,37.717083,-104.477608,-95.472740,0.000000,162.344620,-0.000001,2.248379,8.987985,6038,1,29,-10
37.720016,0.008772,-0.172135,-2.111299,-0.000035,0.495963,-0.088126,-0.000079,1.116512,0.922074,0.174224,0.000009,0.000015,10.000000,-175.000000,-72.000000,-0.143957,-0.000005,0.000000,0.000000,0.000000,-0.484595,394.000000,0.000000,0.000000,0.000000,0.000000,37.719040,-104.477608,-95.472740,0.000000,162.344620,-0.000008,2.248358,8.987985,6038,1,29,-10
37.721970,0.008772,-0.171138,-2.111473,-0.000036,0.498193,-0.086284,-0.000066,1.114415,0.920464,0.174223,0.000008,0.000014,10.000000,-175.000000,-72.000000,-0.143957,-0.000005,0.000000,0.000000,0.000000,-0.484595,394.000000,0.000000,0.000000,0.000000,0.000000,37.720993,-104.477608,-95.472740,0.000000,162.344620,-0.000013,2.248343,8.987985,6038,1,29,-10
37.723923,0.008772,-0.170138,-2.111643,-0.000036,0.500419,-0.084446,-0.000054,1.112324,0.918847,0.174222,0.000007,0.000014,10.000000,-175.000000,-72.000000,-0.143957,-0.000005,0.000000,0.000000,0.000000,-0.484595,394.000000,0.000000,0.000000,0.000000,0.000000,37.722946,-104.477608,-95.472740,0.000000,162.344620,-0.000016,2.248332,8.987985,6038,1,29,-10
37.725880,0.008772,-0.169132,-2.111809,-0.000036,0.502641,-0.082611,-0.000042,1.110240,0.917225,0.174221,0.000005,0.000014,10.000000,-175.000000,-72.000000,-0.143957,-0.000005,0.000000,0.000000,0.000000,-0.484595,394.000000,0.000000,0.000000,0.000000,0.000000,37.724899,-104.477608,-95.472740,0.000000,162.344620,-0.000018,2.248325,8.987985,6038,1,29,-10
37.727833,0.008772,-0.168123,-2.111972,-0.000036,0.504858,-0.080779,-0.000031,1.108162,0.915598,0.174220,0.000004,0.000014,10.000000,-175.000000,-76.000000,-0.143957,-0.000005,0.000000,0.000000,0.000000,-0.484595,388.000000,0.000000,0.000000,0.000000,0.000000,37.726856,-104.477608,-95.472740,0.000000,162.344620,-0.000019,2.248322,8.987985,6038,1,29,-10
37.729786,0.008772,-0.167109,-2.112131,-0.000036,0.507071,-0.078950,-0.000019,1.106090,0.913967,0.174220,0.000003,0.000013,10.000000,-175.000000,-76.000000,-0.141005,-0.000008,0.000000,0.000000,0.066000,-0.116702,388.000000,0.000000,0.000000,0.000000,0.000000,37.728809,-60.606075,-68.491348,664.720337,300.839111,-0.000019,1.612912,8.985000,5949,1,29,-10
37.731739,0.008772,-0.166090,-2.112286,-0.000036,0.509278,-0.077112,-0.000009,1.102391,0.921614,0.174219,0.000002,0.000013,10.000000,-175.000000,-76.000000,-0.141005,-0.000008,0.000000,0.000000,0.000000,-0.116702,388.000000,0.000000,0.000000,0.000000,0.000000,37.730762,-60.606075,-68.491348,664.720337,300.839111,-0.000018,1.612914,8.985000,5949,1,29,-10
37.733692,0.008772,-0.165067,-2.112438,-0.000036,0.511477,-0.075254,0.000002,1.098326,0.931368,0.174219,0.000001,0.000013,10.000000,-175.000000,-76.000000,-0.141005,-0.000008,0.000000,0.000000,0.000000,-0.116702,388.000000,0.000000,0.000000,0.000000,0.000000,37.732716,-60.606075,-68.491348,664.720337,300.839111,-0.000017,1.612919,8.985000,5949,0,29,-10
37.735649,0.008772,-0.164040,-2.112586,-0.000036,0.513668,-0.073378,0.000012,1.094458,0.940038,0.174219,-0.000000,0.000013,10.000000,-175.000000,-76.000000,-0.141005,-0.000008,0.000000,0.000000,0.000000,-0.116702,388.000000,0.000000,0.000000,0.000000,0.000000,37.734673,-60.606075,-68.491348,664.720337,300.839111,-0.000014,1.612926,8.985000,5949,0,29,-10
37.737602,0.008772,-0.163008,-2.112730,-0.000036,0.515851,-0.071486,0.000021,1.090769,0.947725,0.174219,-0.000001,0.000012,10.000000,-175.000000,-76.000000,-0.141005,-0.000008,0.000000,0.000000,0.000000,-0.116702,388.000000,0.000000,0.000000,0.000000,0.000000,37.736626,-60.606075,-68.491348,664.720337,300.839111,-0.000011,1.612937,8.985000,5949,0,29,-10
37.739555,0.008772,-0.161972,-2.112870,-0.000036,0.518027,-0.069581,0.000030,1.087242,0.954520,0.174219,-0.000002,0.000012,10.000000,-175.000000,-76.000000,-0.141005,-0.000008,0.000000,0.000000,0.000000,-0.116702,388.000000,0.000000,0.000000,0.000000,0.000000,37.738579,-60.606075,-68.491348,664.720337,300.839111,-0.000007,1.612949,8.985000,5949,0,29,-10
37.741508,0.008772,-0.160932,-2.113006,-0.000036,0.520197,-0.067663,0.000038,1.083862,0.960507,0.174219,-0.000003,0.000012,10.000000,-175.000000,-76.000000,-0.141005,-0.000008,0.000000,0.000000,0.000000,-0.116702,388.000000,0.000000,0.000000,0.000000,0.000000,37.740532,-60.606075,-68.491348,664.720337,300.839111,-0.000002,1.612965,8.985000,5949,0,29,-10
37.743465,0.008772,-0.159887,-2.113139,-0.000036,0.522359,-0.065734,0.000045,1.080617,0.965761,0.174219,-0.000004,0.000012,10.000000,-175.000000,-76.000000,-0.141005,-0.000008,0.000000,0.000000,0.000000,-0.116702,388.000000,0.000000,0.000000,0.000000,0.000000,37.742489,-60.606075,-68.491348,664.720337,300.839111,0.000004,1.612983,8.985000,5949,0,29,-11
37.745419,0.008771,-0.158838,-2.113268,-0.000036,0.524516,-0.063795,0.000052,1.077496,0.970352,0.174220,-0.000005,0.000012,10.000000,-175.000000,-76.000000,-0.141005,-0.000008,0.000000,0.000000,0.000000,-0.116702,388.000000,0.000000,0.000000,0.000000,0.000000,37.744438,-60.606075,-68.491348,664.720337,300.839111,0.000002,1.612979,8.985000,5949,0,29,-11
37.747372,0.008771,-0.157785,-2.113392,-0.000035,0.526666,-0.061848,0.000059,1.074483,0.974340,0.174220,-0.000005,0.000012,10.000000,-175.000000,-76.000000,-0.141005,-0.000008,0.000000,0.000000,0.000000,-0.116702,388.000000,0.000000,0.000000,0.000000,0.000000,37.746395,-60.606075,-68.491348,664.720337,300.839111,-0.000005,1.612956,8.985000,5949,0,29,-11
37.749325,0.008771,-0.156727,-2.113513,-0.000035,0.528811,-0.059894,0.000064,1.071571,0.977782,0.174221,-0.000006,0.000012,10.000000,-175.000000,-76.000000,-0.141005,-0.000008,0.000000,0.000000,0.000000,-0.116702,388.000000,0.000000,0.000000,0.000000,0.000000,37.748348,-60.606075,-68.491348,664.720337,300.839111,-0.000011,1.612938,8.985000,5949,0,29,-11
37.751282,0.008771,-0.155666,-2.113630,-0.000035,0.530950,-0.057934,0.000069,1.068752,0.980730,0.174221,-0.000006,0.000011,10.000000,-175.000000,-76.000000,-0.141005,-0.000008,0.000000,0.000000,0.000000,-0.116702,388.000000,0.000000,0.000000,0.000000,0.000000,37.750305,-60.606075,-68.491348,664.720337,300.839111,-0.000015,1.612925,8.985000,5949,0,29,-11
37.753235,0.008771,-0.154599,-2.113743,-0.000035,0.533083,-0.055969,0.000072,1.066016,0.983230,0.174222,-0.000007,0.000011,10.000000,-175.000000,-76.000000,-0.141005,-0.000008,0.000000,0.000000,0.000000,-0.116702,388.000000,0.000000,0.000000,0.000000,0.000000,37.752254,-60.606075,-68.491348,664.720337,300.839111,-0.000017,1.612916,8.985000,5949,0,29,-11
37.755188,0.008771,-0.153529,-2.113852,-0.000035,0.535211,-0.054000,0.000075,1.063356,0.985323,0.174222,-0.000007,0.000011,10.000000,-175.000000,-76.000000,-0.141005,-0.000008,0.000000,0.000000,0.000000,-0.116702,388.000000,0.000000,0.000000,0.000000,0.000000,37.754211,-60.606075,-68.491348,664.720337,300.839111,-0.000019,1.612911,8.985000,5949,0,28,-11
37.757141,0.008771,-0.152454,-2.113957,-0.000035,0.537334,-0.052026,0.000077,1.060766,0.987048,0.174223,-0.000007,0.000011,10.000000,-175.000000,-76.000000,-0.141005,-0.000008,0.000000,0.000000,0.000000,-0.116702,388.000000,0.000000,0.000000,0.000000,0.000000,37.756165,-60.606075,-68.491348,664.720337,300.839111,-0.000019,1.612910,8.985000,5949,0,28,-11
37.759094,0.008771,-0.151375,-2.114059,-0.000035,0.539452,-0.050050,0.000078,1.058240,0.988438,0.174224,-0.000007,0.000011,10.000000,-175.000000,-76.000000,-0.141005,-0.000008,0.000000,0.000000,0.000000,-0.116702,388.000000,0.000000,0.000000,0.000000,0.000000,37.758121,-60.606075,-68.491348,664.720337,300.839111,-0.000019,1.612912,8.985000,5949,0,28,-11
37.761051,0.008771,-0.150292,-2.114156,-0.000034,0.541565,-0.048071,0.000078,1.055771,0.989527,0.174225,-0.000007,0.000011,10.000000,-175.000000,-76.000000,-0.141005,-0.000008,0.000000,0.000000,0.000000,-0.116702,388.000000,0.000000,0.000000,0.000000,0.000000,37.760071,-60.606075,-68.491348,664.720337,300.839111,-0.000017,1.612918,8.985000,5949,0,28,-11
37.763004,0.008771,-0.149205,-2.114249,-0.000034,0.543673,-0.046091,0.000077,1.053355,0.990342,0.174226,-0.000007,0.000011,10.000000,-175.000000,-76.000000,-0.141005,-0.000008,0.000000,0.000000,0.000000,-0.116702,388.000000,0.000000,0.000000,0.000000,0.000000,37.762028,-60.606075,-68.491348,664.720337,300.839111,-0.000014,1.612926,8.985000,5949,0,28,-11
37.764957,0.008771,-0.148113,-2.114338,-0.000034,0.545776,-0.044110,0.000076,1.050987,0.990909,0.174227,-0.000007,0.000011,10.000000,-175.000000,-76.000000,-0.141005,-0.000008,0.000000,0.000000,0.000000,-0.116702,388.000000,0.000000,0.000000,0.000000,0.000000,37.763981,-60.606075,-68.491348,664.720337,300.839111,-0.000011,1.612937,8.985000,5949,0,28,-11
37.766911,0.008771,-0.147017,-2.114424,-0.000034,0.547874,-0.042127,0.000074,1.048663,0.991251,0.174227,-0.000007,0.000011,10.000000,-175.000000,-76.000000,-0.141005,-0.000008,0.000000,0.000000,0.000000,-0.116702,388.000000,0.000000,0.000000,0.000000,0.000000,37.765938,-60.606075,-68.491348,664.720337,300.839111,-0.000007,1.612950,8.985000,5949,0,28,-11
37.768867,0.008771,-0.145917,-2.114505,-0.000034,0.549968,-0.040144,0.000071,1.046379,0.991391,0.174228,-0.000006,0.000011,10.000000,-175.000000,-76.000000,-0.141005,-0.000008,0.000000,0.000000,0.000000,-0.116702,388.000000,0.000000,0.000000,0.000000,0.000000,37.767887,-60.606075,-68.491348,664.720337,300.839111,-0.000002,1.612966,8.985000,5949,0,28,-12
37.770821,0.008771,-0.144813,-2.114583,-0.000034,0.552057,-0.038162,0.000068,1.044134,0.991346,0.174229,-0.000006,0.000011,10.000000,-175.000000,-76.000000,-0.141005,-0.000008,0.000000,0.000000,0.000000,-0.116702,388.000000,0.000000,0.000000,0.000000,0.000000,37.769844,-60.606075,-68.491348,664.720337,300.839111,-0.000003,1.612960,8.985000,5949,0,28,-12
37.772774,0.008770,-0.143705,-2.114656,-0.000034,0.554142,-0.036179,0.000064,1.041921,0.991135,0.174230,-0.000005,0.000011,10.000000,-175.000000,-76.000000,-0.141005,-0.000008,0.000000,0.000000,0.000000,-0.116702,388.000000,0.000000,0.000000,0.000000,0.000000,37.771797,-60.606075,-68.491348,664.720337,300.839111,-0.000011,1.612935,8.985000,5949,0,28,-12
37.774727,0.008770,-0.142592,-2.114725,-0.000033,0.556223,-0.034198,0.000059,1.039738,0.990772,0.174231,-0.000005,0.000011,10.000000,-175.000000,-76.000000,-0.141005,-0.000008,0.000000,0.000000,0.000000,-0.116702,388.000000,0.000000,0.000000,0.000000,0.000000,37.773750,-60.606075,-68.491348,664.720337,300.839111,-0.000018,1.612916,8.985000,5949,0,28,-12
37.776684,0.008770,-0.141476,-2.114791,-0.000033,0.558299,-0.032217,0.000054,1.037584,0.990274,0.174232,-0.000004,0.000011,10.000000,-175.000000,-76.000000,-0.141005,-0.000008,0.000000,0.000000,0.000000,-0.116702,388.000000,0.000000,0.000000,0.000000,0.000000,37.775703,-60.606075,-68.491348,664.720337,300.839111,-0.000022,1.612901,8.985000,5949,0,28,-12
37.778637,0.008770,-0.140355,-2.114852,-0.000033,0.560371,-0.030237,0.000049,1.035456,0.989652,0.174233,-0.000004,0.000011,10.000000,-175.000000,-76.000000,-0.141005,-0.000008,0.000000,0.000000,0.000000,-0.116702,388.000000,0.000000,0.000000,0.000000,0.000000,37.777660,-60.606075,-68.491348,664.720337,300.839111,-0.000026,1.612890,8.985000,5949,0,28,-12
37.780590,0.008770,-0.139230,-2.114910,-0.000033,0.562439,-0.028259,0.000044,1.033352,0.988918,0.174234,-0.000003,0.000012,10.000000,-175.000000,-76.000000,-0.141005,-0.000008,0.000000,0.000000,0.000000,-0.116702,388.000000,0.000000,0.000000,0.000000,0.000000,37.779613,-60.606075,-68.491348,664.720337,300.839111,-0.000028,1.612884,8.985000,5949,0,28,-12
37.782543,0.008770,-0.138101,-2.114964,-0.000033,0.564502,-0.026282,0.000039,1.031270,0.988084,0.174235,-0.000003,0.000012,10.000000,-175.000000,-76.000000,-0.141005,-0.000008,0.000000,0.000000,0.000000,-0.116702,388.000000,0.000000,0.000000,0.000000,0.000000,37.781567,-60.606075,-68.491348,664.720337,300.839111,-0.000029,1.612881,8.985000,5949,0,28,-12
37.784496,0.008770,-0.136968,-2.115013,-0.000033,0.566562,-0.024308,0.000033,1.029208,0.987158,0.174236,-0.000002,0.000012,10.000000,-175.000000,-76.000000,-0.141005,-0.000008,0.000000,0.000000,0.000000,-0.116702,388.000000,0.000000,0.000000,0.000000,0.000000,37.783520,-60.606075,-68.491348,664.720337,300.839111,-0.000029,1.612881,8.985000,5949,0,28,-12
37.786453,0.008770,-0.135830,-2.115059,-0.000033,0.568617,-0.022335,0.000027,1.027165,0.986149,0.174237,-0.000001,0.000012,10.000000,-175.000000,-80.000000,-0.141005,-0.000008,0.000000,0.000000,0.000000,-0.116702,378.000000,0.000000,0.000000,0.000000,0.000000,37.785477,-60.606075,-68.491348,664.720337,300.839111,-0.000028,1.612885,8.985000,5949,0,28,-12
37.788406,0.008770,-0.134689,-2.115101,-0.000033,0.570669,-0.020364,0.000022,1.025139,0.985066,0.174239,-0.000001,0.000012,10.000000,-175.000000,-80.000000,-0.146989,-0.000008,0.000000,0.000000,0.067000,-0.196136,378.000000,0.000000,0.000000,0.000000,0.000000,37.787430,-59.701466,-56.540657,13.501631,224.123169,-0.000025,1.331452,8.985000,5919,-247,27,-12
37.790359,0.008770,-0.133543,-2.115139,-0.000033,0.572715,-0.018391,0.000016,1.022579,0.987043,0.174239,-0.000000,0.000012,10.000000,-175.000000,-80.000000,-0.146989,-0.000008,0.000000,0.000000,0.000000,-0.196136,378.000000,0.000000,0.000000,0.000000,0.000000,37.789383,-59.701466,-56.540657,13.501631,224.123169,-0.000028,1.331445,8.985000,5919,-246,27,-12
37.792313,0.008770,-0.132394,-2.115172,-0.000033,0.574756,-0.016413,0.000010,1.019888,0.989669,0.174235,0.000001,0.000012,10.000000,-175.000000,-80.000000,-0.146989,-0.000008,0.000000,0.000000,0.000000,-0.196136,378.000000,0.000000,0.000000,0.000000,0.000000,37.791336,-59.701466,-56.540657,13.501631,224.123169,-0.000039,1.331411,8.985000,5919,-245,27,-12
37.794270,0.008770,-0.131240,-2.115202,-0.000033,0.576792,-0.014431,0.000005,1.017233,0.991867,0.174226,0.000001,0.000012,10.000000,-175.000000,-80.000000,-0.146989,-0.000008,0.000000,0.000000,0.000000,-0.196136,378.000000,0.000000,0.000000,0.000000,0.000000,37.793293,-59.701466,-56.540657,13.501631,224.123169,-0.000054,1.331364,8.985000,5919,-244,27,-12
37.796223,0.008770,-0.130082,-2.115228,-0.000033,0.578822,-0.012444,-0.000001,1.014585,0.993674,0.174208,0.000002,0.000012,10.000000,-175.000000,-80.000000,-0.146989,-0.000008,0.000000,0.000000,0.000000,-0.196136,378.000000,0.000000,0.000000,0.000000,0.000000,37.795242,-59.701466,-56.540657,13.501631,224.123169,-0.000072,1.331306,8.985000,5919,-241,27,-12
37.798176,0.008770,-0.128920,-2.115250,-0.000033,0.580848,-0.010455,-0.000006,1.011920,0.995121,0.174180,0.000002,0.000012,10.000000,-175.000000,-80.000000,-0.146989,-0.000008,0.000000,0.000000,0.000000,-0.196136,378.000000,0.000000,0.000000,0.000000,0.000000,37.797199,-59.701466,-56.540657,13.501631,224.123169,-0.000094,1.331238,8.985000,5919,-237,27,-12
37.800129,0.008770,-0.127754,-2.115268,-0.000033,0.582867,-0.008463,-0.000011,1.009214,0.996239,0.174140,0.000003,0.000011,10.000000,-175.000000,-80.000000,-0.146989,-0.000008,0.000000,0.000000,0.000000,-0.196136,378.000000,0.000000,0.000000,0.000000,0.000000,37.799152,-59.701466,-56.540657,13.501631,224.123169,-0.000118,1.331162,8.985000,5919,-233,27,-12
37.802086,0.008769,-0.126584,-2.115282,-0.000033,0.584882,-0.006469,-0.000015,1.006447,0.997054,0.174085,0.000003,0.000011,10.000000,-175.000000,-80.000000,-0.146989,-0.000008,0.000000,0.000000,0.000000,-0.196136,378.000000,0.000000,0.000000,0.000000,0.000000,37.801109,-59.701466,-56.540657,13.501631,224.123169,-0.000145,1.331078,8.985000,5919,-227,27,-12
37.804039,0.008769,-0.125411,-2.115292,-0.000033,0.586890,-0.004474,-0.000019,1.003603,0.997590,0.174016,0.000004,0.000011,10.000000,-175.000000,-80.000000,-0.146989,-0.000008,0.000000,0.000000,0.000000,-0.196136,378.000000,0.000000,0.000000,0.000000,0.000000,37.803059,-59.701466,-56.540657,13.501631,224.123169,-0.000173,1.330989,8.985000,5919,-221,28,-12
37.805992,0.008769,-0.124233,-2.115298,-0.000033,0.588893,-0.002478,-0.000023,1.000664,0.997871,0.173930,0.000004,0.000011,10.000000,-175.000000,-80.000000,-0.146989,-0.000008,0.000000,0.000000,0.000000,-0.196136,378.000000,0.000000,0.000000,0.000000,0.000000,37.805016,-59.701466,-56.540657,13.501631,224.123169,-0.000204,1.330893,8.985000,5919,-215,28,-12
37.807945,0.008769,-0.123051,-2.115300,-0.000033,0.590890,-0.000483,-0.000026,0.997619,0.997916,0.173826,0.000005,0.000010,10.000000,-175.000000,-80.000000,-0.146989,-0.000008,0.000000,0.000000,0.000000,-0.196136,378.000000,0.000000,0.000000,0.000000,0.000000,37.806969,-59.701466,-56.540657,13.501631,224.123169,-0.000235,1.330794,8.985000,5919,-208,28,-12
37.809898,0.008769,-0.121865,-2.115298,-0.000033,0.592880,0.001513,-0.000029,0.994456,0.997743,0.173705,0.000005,0.000010,10.000000,-175.000000,-80.000000,-0.146989,-0.000008,0.000000,0.000000,0.000000,-0.196136,378.000000,0.000000,0.000000,0.000000,0.000000,37.808926,-59.701466,-56.540657,13.501631,224.123169,-0.000268,1.330692,8.985000,5919,-200,28,-12
37.811855,0.008769,-0.120675,-2.115292,-0.000033,0.594864,0.003508,-0.000032,0.991164,0.997370,0.173564,0.000006,0.000009,10.000000,-175.000000,-80.000000,-0.146989,-0.000008,0.000000,0.000000,0.000000,-0.196136,378.000000,0.000000,0.000000,0.000000,0.000000,37.810875,-59.701466,-56.540657,13.501631,224.123169,-0.000301,1.330587,8.985000,5919,-192,28,-12
37.813808,0.008769,-0.119481,-2.115282,-0.000033,0.596842,0.005502,-0.000034,0.987736,0.996811,0.173403,0.000006,0.000009,10.000000,-175.000000,-80.000000,-0.146989,-0.000008,0.000000,0.000000,0.000000,-0.196136,378.000000,0.000000,0.000000,0.000000,0.000000,37.812832,-59.701466,-56.540657,13.501631,224.123169,-0.000335,1.330481,8.985000,5919,-183,28,-12
37.815762,0.008769,-0.118283,-2.115268,-0.000033,0.598812,0.007494,-0.000036,0.984166,0.996082,0.173223,0.000006,0.000008,10.000000,-175.000000,-80.000000,-0.146989,-0.000008,0.000000,0.000000,0.000000,-0.196136,378.000000,0.000000,0.000000,0.000000,0.000000,37.814785,-59.701466,-56.540657,13.501631,224.123169,-0.000369,1.330375,8.985000,5919,-174,28,-12
37.817715,0.008769,-0.117081,-2.115250,-0.000033,0.600775,0.009485,-0.000038,0.980449,0.995196,0.173022,0.000007,0.000007,10.000000,-175.000000,-80.000000,-0.146989,-0.000008,0.000000,0.000000,0.000000,-0.196136,378.000000,0.000000,0.000000,0.000000,0.000000,37.816738,-59.701466,-56.540657,13.501631,224.123169,-0.000402,1.330270,8.985000,5919,-165,28,-11
37.819672,0.008769,-0.115876,-2.115228,-0.000033,0.602730,0.011474,-0.000039,0.976579,0.994163,0.172801,0.000007,0.000006,10.000000,-175.000000,-80.000000,-0.146989,-0.000008,0.000000,0.000000,0.000000,-0.196136,378.000000,0.000000,0.000000,0.000000,0.000000,37.818691,-59.701466,-56.540657,13.501631,224.123169,-0.000428,1.330190,8.985000,5919,-155,28,-11
37.821625,0.008769,-0.114666,-2.115202,-0.000033,0.604677,0.013461,-0.000041,0.972558,0.992996,0.172560,0.000007,0.000005,10.000000,-175.000000,-80.000000,-0.146989,-0.000008,0.000000,0.000000,0.000000,-0.196136,378.000000,0.000000,0.000000,0.000000,0.000000,37.820648,-59.701466,-56.540657,13.501631,224.123169,-0.000446,1.330133,8.985000,5919,-149,28,-11
37.823578,0.008769,-0.113452,-2.115172,-0.000034,0.606616,0.015445,-0.000042,0.968384,0.991704,0.172298,0.000008,0.000004,10.000000,-175.000000,-80.000000,-0.146989,-0.000008,0.000000,0.000000,0.000000,-0.196136,378.000000,0.000000,0.000000,0.000000,0.000000,37.822601,-59.701466,-56.540657,13.501631,224.123169,-0.000464,1.330075,8.985000,5919,-139,28,-11
37.825531,0.008769,-0.112235,-2.115138,-0.000034,0.608546,0.017426,-0.000042,0.964056,0.990299,0.172017,0.000008,0.000004,10.000000,-175.000000,-80.000000,-0.146989,-0.000008,0.000000,0.000000,0.000000,-0.196136,378.000000,0.000000,0.000000,0.000000,0.000000,37.824554,-59.701466,-56.540657,13.501631,224.123169,-0.000483,1.330017,8.985000,5919,-129,28,-10
37.827484,0.008769,-0.111014,-2.115100,-0.000034,0.610467,0.019405,-0.000043,0.959574,0.988786,0.171715,0.000008,0.000003,10.000000,-175.000000,-80.000000,-0.146989,-0.000008,0.000000,0.000000,0.000000,-0.196136,378.000000,0.000000,0.000000,0.000000,0.000000,37.826508,-59.701466,-56.540657,13.501631,224.123169,-0.000493,1.329983,8.985000,5919,-118,28,-10
37.829441,0.008769,-0.109789,-2.115058,-0.000034,0.612380,0.021380,-0.000044,0.954942,0.987177,0.171394,0.000008,0.000002,10.000000,-175.000000,-80.000000,-0.146989,-0.000008,0.000000,0.000000,0.000000,-0.196136,378.000000,0.000000,0.000000,0.000000,0.000000,37.828465,-59.701466,-56.540657,13.501631,224.123169,-0.000497,1.329973,8.985000,5919,-107,28,-10
37.831394,0.008768,-0.108560,-2.115013,-0.000034,0.614282,0.023351,-0.000044,0.950161,0.985477,0.171054,0.000008,0.000001,10.000000,-175.000000,-80.000000,-0.146989,-0.000008,0.000000,0.000000,0.000000,-0.196136,378.000000,0.000000,0.000000,0.000000,0.000000,37.830418,-59.701466,-56.540657,13.501631,224.123169,-0.000501,1.329961,8.985000,5919,-96,28,-10
37.833347,0.008768,-0.107327,-2.114963,-0.000034,0.616175,0.025320,-0.000044,0.945236,0.983694,0.170696,0.000009,-0.000000,10.000000,-175.000000,-80.000000,-0.146989,-0.000008,0.000000,0.000000,0.000000,-0.196136,378.000000,0.000000,0.000000,0.000000,0.000000,37.832371,-59.701466,-56.540657,13.501631,224.123169,-0.000504,1.329950,8.985000,5919,-85,28,-9
37.835300,0.008768,-0.106091,-2.114909,-0.000034,0.618058,0.027284,-0.000044,0.940168,0.981834,0.170320,0.000009,-0.000001,10.000000,-175.000000,-80.000000,-0.146989,-0.000008,0.000000,0.000000,0.000000,-0.196136,378.000000,0.000000,0.000000,0.000000,0.000000,37.834324,-59.701466,-56.540657,13.501631,224.123169,-0.000500,1.329964,8.985000,5919,-74,28,-9
37.837257,0.008768,-0.104851,-2.114852,-0.000034,0.619931,0.029245,-0.000044,0.934967,0.979905,0.169927,0.000009,-0.000002,10.000000,-175.000000,-80.000000,-0.146989,-0.000008,0.000000,0.000000,0.000000,-0.196136,378.000000,0.000000,0.000000,0.000000,0.000000,37.836281,-59.701466,-56.540657,13.501631,224.123169,-0.000488,1.330000,8.985000,5919,-63,28,-9
37.839211,0.008768,-0.103607,-2.114790,-0.000034,0.621793,0.031202,-0.000044,0.929637,0.977911,0.169518,0.000009,-0.000003,10.000000,-175.000000,-80.000000,-0.146989,-0.000008,0.000000,0.000000,0.000000,-0.196136,378.000000,0.000000,0.000000,0.000000,0.000000,37.838230,-59.701466,-56.540657,13.501631,224.123169,-0.000476,1.330037,8.985000,5919,-52,28,-8
37.841164,0.008768,-0.102359,-2.114725,-0.000034,0.623644,0.033155,-0.000044,0.924182,0.975859,0.169093,0.000009,-0.000004,10.000000,-175.000000,-80.000000,-0.146989,-0.000008,0.000000,0.000000,0.000000,-0.196136,378.000000,0.000000,0.000000,0.000000,0.000000,37.840187,-59.701466,-56.540657,13.501631,224.123169,-0.000457,1.330097,8.985000,5919,-42,28,-8
37.843117,0.008768,-0.101108,-2.114655,-0.000034,0.625484,0.035103,-0.000043,0.918613,0.973754,0.168653,0.000009,-0.000005,10.000000,-175.000000,-80.000000,-0.146989,-0.000008,0.000000,0.000000,0.000000,-0.196136,378.000000,0.000000,0.000000,0.000000,0.000000,37.842140,-59.701466,-56.540657,13.501631,224.123169,-0.000431,1.330180,8.985000,5919,-27,28,-8
37.845074,0.008768,-0.099853,-2.114582,-0.000035,0.627313,0.037048,-0.000043,0.912935,0.971601,0.168200,0.000009,-0.000006,10.000000,-175.000000,-80.000000,-0.146989,-0.000008,0.000000,0.000000,0.000000,-0.196136,378.000000,0.000000,0.000000,0.000000,0.000000,37.844097,-59.701466,-56.540657,13.501631,224.123169,-0.000405,1.330261,8.985000,5919,-16,28,-7
37.847027,0.008768,-0.098594,-2.114505,-0.000035,0.629130,0.038988,-0.000042,0.907154,0.969403,0.167734,0.000010,-0.000006,10.000000,-175.000000,-80.000000,-0.146989,-0.000008,0.000000,0.000000,0.000000,-0.196136,378.000000,0.000000,0.000000,0.000000,0.000000,37.846046,-59.701466,-56.540657,13.501631,224.123169,-0.000371,1.330367,8.985000,5919,-6,28,-7
37.848980,0.008768,-0.097332,-2.114424,-0.000035,0.630935,0.040923,-0.000042,0.901284,0.967167,0.167257,0.000010,-0.000007,10.000000,-175.000000,-80.000000,-0.146989,-0.000008,0.000000,0.000000,0.000000,-0.196136,378.000000,0.000000,0.000000,0.000000,0.000000,37.848003,-59.701466,-56.540657,13.501631,224.123169,-0.000330,1.330495,8.985000,5919,3,28,-7
37.850933,0.008768,-0.096066,-2.114339,-0.000035,0.632729,0.042854,-0.000041,0.895330,0.964896,0.166768,0.000010,-0.000008,10.000000,-175.000000,-80.000000,-0.146989,-0.000008,0.000000,0.000000,0.000000,-0.196136,378.000000,0.000000,0.000000,0.000000,0.000000,37.849957,-59.701466,-56.540657,13.501631,224.123169,-0.000290,1.330621,8.985000,5919,13,28,-7
37.852886,0.008768,-0.094797,-2.114251,-0.000035,0.634511,0.044780,-0.000040,0.889302,0.962595,0.166270,0.000010,-0.000008,10.000000,-175.000000,-80.000000,-0.146989,-0.000008,0.000000,0.000000,0.000000,-0.196136,378.000000,0.000000,0.000000,0.000000,0.000000,37.851913,-59.701466,-56.540657,13.501631,224.123169,-0.000251,1.330746,8.985000,5919,22,28,-7
37.854843,0.008768,-0.093524,-2.114158,-0.000035,0.636280,0.046702,-0.000039,0.883209,0.960265,0.165764,0.000010,-0.000009,10.000000,-175.000000,-80.000000,-0.146989,-0.000008,0.000000,0.000000,0.000000,-0.196136,378.000000,0.000000,0.000000,0.000000,0.000000,37.853863,-59.701466,-56.540657,13.501631,224.123169,-0.000211,1.330871,8.985000,5919,31,28,-6
37.856796,0.008768,-0.092248,-2.114062,-0.000035,0.638037,0.048619,-0.000038,0.877058,0.957913,0.165250,0.000009,-0.000009,10.000000,-175.000000,-80.000000,-0.146989,-0.000008,0.000000,0.000000,0.000000,-0.196136,378.000000,0.000000,0.000000,0.000000,0.000000,37.855820,-59.701466,-56.540657,13.501631,224.123169,-0.000163,1.331021,8.985000,5919,40,28,-6
37.858749,0.008768,-0.090968,-2.113962,-0.000035,0.639782,0.050531,-0.000037,0.870862,0.955541,0.164730,0.000009,-0.000009,10.000000,-175.000000,-80.000000,-0.146989,-0.000008,0.000000,0.000000,0.000000,-0.196136,378.000000,0.000000,0.000000,0.000000,0.000000,37.857773,-59.701466,-56.540657,13.501631,224.123169,-0.000108,1.331194,8.985000,5919,48,28,-6
37.860703,0.008767,-0.089684,-2.113858,-0.000035,0.641514,0.052439,-0.000035,0.864628,0.953152,0.164204,0.000009,-0.000009,10.000000,-175.000000,-80.000000,-0.146989,-0.000008,0.000000,0.000000,0.000000,-0.196136,378.000000,0.000000,0.000000,0.000000,0.000000,37.859730,-59.701466,-56.540657,13.501631,224.123169,-0.000053,1.331365,8.985000,5919,56,28,-6
37.862659,0.008767,-0.088397,-2.113750,-0.000035,0.643234,0.054341,-0.000034,0.858367,0.950749,0.163675,0.000009,-0.000009,10.000000,-175.000000,-80.000000,-0.146989,-0.000008,0.000000,0.000000,0.000000,-0.196136,378.000000,0.000000,0.000000,0.000000,0.000000,37.861679,-59.701466,-56.540657,13.501631,224.123169,0.000001,1.331536,8.985000,5919,64,28,-6
37.864613,0.008767,-0.087107,-2.113638,-0.000035,0.644942,0.056239,-0.000032,0.852087,0.948336,0.163142,0.000009,-0.000009,10.000000,-175.000000,-80.000000,-0.146989,-0.000008,0.000000,0.000000,0.000000,-0.196136,374.000000,0.000000,0.000000,0.000000,0.000000,37.863636,-59.701466,-56.540657,13.501631,224.123169,0.000055,1.331707,8.985000,5919,71,28,-6
37.866566,0.008767,-0.085813,-2.113523,-0.000035,0.646636,0.058132,-0.000031,0.845797,0.945915,0.162607,0.000009,-0.000009,10.000000,-175.000000,-80.000000,-0.139713,-0.000008,0.000000,0.000000,0.067000,-0.079604,374.000000,0.000000,0.000000,0.000000,0.000000,37.865589,0.000000,-15.499439,891.067017,417.889893,0.000110,0.365358,8.985000,5860,-880,28,-6
37.868519,0.008767,-0.084516,-2.113404,-0.000035,0.648317,0.060029,-0.000029,0.838497,0.949653,0.162067,0.000008,-0.000009,10.000000,-175.000000,-80.000000,-0.139713,-0.000008,0.000000,0.000000,0.000000,-0.079604,374.000000,0.000000,0.000000,0.000000,0.000000,37.867542,0.000000,-15.499439,891.067017,417.889893,0.000145,0.365467,8.985000,5860,-873,28,-6
37.870476,0.008767,-0.083216,-2.113281,-0.000035,0.649983,0.061936,-0.000027,0.830905,0.954778,0.161514,0.000008,-0.000008,10.000000,-175.000000,-80.000000,-0.139713,-0.000008,0.000000,0.000000,0.000000,-0.079604,374.000000,0.000000,0.000000,0.000000,0.000000,37.869495,0.000000,-15.499439,891.067017,417.889893,0.000145,0.365466,8.985000,5860,-863,28,-7
37.872429,0.008767,-0.081912,-2.113153,-0.000036,0.651633,0.063852,-0.000025,0.823293,0.959159,0.160938,0.000008,-0.000008,10.000000,-175.000000,-80.000000,-0.139713,-0.000008,0.000000,0.000000,0.000000,-0.079604,374.000000,0.000000,0.000000,0.000000,0.000000,37.871452,0.000000,-15.499439,891.067017,417.889893,0.000119,0.365385,8.985000,5860,-850,28,-7
37.874382,0.008767,-0.080605,-2.113023,-0.000036,0.653268,0.065776,-0.000022,0.815571,0.962850,0.160332,0.000008,-0.000008,10.000000,-175.000000,-80.000000,-0.139713,-0.000008,0.000000,0.000000,0.000000,-0.079604,374.000000,0.000000,0.000000,0.000000,0.000000,37.873405,0.000000,-15.499439,891.067017,417.889893,0.000070,0.365232,8.985000,5860,-834,28,-7
37.876335,0.008767,-0.079295,-2.112888,-0.000036,0.654887,0.067706,-0.000020,0.807667,0.965902,0.159688,0.000007,-0.000008,10.000000,-175.000000,-80.000000,-0.139713,-0.000008,0.000000,0.000000,0.000000,-0.079604,374.000000,0.000000,0.000000,0.000000,0.000000,37.875359,0.000000,-15.499439,891.067017,417.889893,0.000009,0.365039,8.985000,5860,-815,28,-7
37.878288,0.008767,-0.077981,-2.112750,-0.000036,0.656491,0.069642,-0.000018,0.799512,0.968364,0.159001,0.000007,-0.000008,10.000000,-175.000000,-80.000000,-0.139713,-0.000008,0.000000,0.000000,0.000000,-0.079604,374.000000,0.000000,0.000000,0.000000,0.000000,37.877312,0.000000,-15.499439,891.067017,417.889893,-0.000064,0.364810,8.985000,5860,-793,28,-7
37.880245,0.008767,-0.076664,-2.112607,-0.000036,0.658077,0.071582,-0.000016,0.791049,0.970278,0.158264,0.000007,-0.000009,10.000000,-175.000000,-80.000000,-0.139713,-0.000008,0.000000,0.000000,0.000000,-0.079604,374.000000,0.000000,0.000000,0.000000,0.000000,37.879269,0.000000,-15.499439,891.067017,417.889893,-0.000146,0.364552,8.985000,5860,-769,28,-7
37.882198,0.008767,-0.075345,-2.112461,-0.000036,0.659646,0.073524,-0.000014,0.782227,0.971684,0.157474,0.000007,-0.000009,10.000000,-175.000000,-80.000000,-0.139713,-0.000008,0.000000,0.000000,0.000000,-0.079604,374.000000,0.000000,0.000000,0.000000,0.000000,37.881222,0.000000,-15.499439,891.067017,417.889893,-0.000237,0.364268,8.985000,5860,-747,28,-7
37.884151,0.008767,-0.074022,-2.112311,-0.000036,0.661197,0.075469,-0.000011,0.773003,0.972620,0.156626,0.000007,-0.000010,10.000000,-175.000000,-80.000000,-0.139713,-0.000008,0.000000,0.000000,0.000000,-0.079604,374.000000,0.000000,0.000000,0.000000,0.000000,37.883175,0.000000,-15.499439,891.067017,417.889893,-0.000334,0.363963,8.985000,5860,-719,28,-6
37.886105,0.008767,-0.072696,-2.112157,-0.000036,0.662728,0.077415,-0.000009,0.763338,0.973118,0.155717,0.000006,-0.000011,10.000000,-175.000000,-80.000000,-0.139713,-0.000008,0.000000,0.000000,0.000000,-0.079604,374.000000,0.000000,0.000000,0.000000,0.000000,37.885128,0.000000,-15.499439,891.067017,417.889893,-0.000429,0.363664,8.985000,5860,-689,28,-6
37.888062,0.008766,-0.071367,-2.111999,-0.000036,0.664240,0.079362,-0.000007,0.753205,0.973210,0.154745,0.000006,-0.000012,10.000000,-175.000000,-80.000000,-0.139713,-0.000008,0.000000,0.000000,0.000000,-0.079604,374.000000,0.000000,0.000000,0.000000,0.000000,37.887085,0.000000,-15.499439,891.067017,417.889893,-0.000521,0.363375,8.985000,5860,-657,28,-6
37.890015,0.008766,-0.070035,-2.111837,-0.000036,0.665730,0.081308,-0.000005,0.742577,0.972926,0.153707,0.000006,-0.000013,10.000000,-175.000000,-80.000000,-0.139713,-0.000008,0.000000,0.000000,0.000000,-0.079604,374.000000,0.000000,0.000000,0.000000,0.000000,37.889034,0.000000,-15.499439,891.067017,417.889893,-0.000617,0.363074,8.985000,5860,-623,28,-6
37.891968,0.008766,-0.068700,-2.111672,-0.000036,0.667199,0.083253,-0.000002,0.731435,0.972295,0.152602,0.000006,-0.000015,10.000000,-175.000000,-80.000000,-0.139713,-0.000008,0.000000,0.000000,0.000000,-0.079604,374.000000,0.000000,0.000000,0.000000,0.000000,37.890991,0.000000,-15.499439,891.067017,417.889893,-0.000716,0.362764,8.985000,5860,-588,28,-5
37.893921,0.008766,-0.067362,-2.111502,-0.000036,0.668644,0.085196,-0.000000,0.719764,0.971340,0.151430,0.000006,-0.000017,10.000000,-175.000000,-80.000000,-0.139713,-0.000008,0.000000,0.000000,0.000000,-0.079604,374.000000,0.000000,0.000000,0.000000,0.000000,37.892944,0.000000,-15.499439,891.067017,417.889893,-0.000808,0.362473,8.985000,5860,-552,28,-5
37.895878,0.008766,-0.066021,-2.111329,-0.000036,0.670065,0.087137,0.000002,0.707558,0.970088,0.150189,0.000006,-0.000019,10.000000,-175.000000,-80.000000,-0.139713,-0.000008,0.000000,0.000000,0.000000,-0.079604,374.000000,0.000000,0.000000,0.000000,0.000000,37.894901,0.000000,-15.499439,891.067017,417.889893,-0.000895,0.362203,8.985000,5860,-515,28,-4
37.897831,0.008766,-0.064677,-2.111151,-0.000036,0.671462,0.089075,0.000004,0.694809,0.968561,0.148880,0.000006,-0.000021,10.000000,-175.000000,-80.000000,-0.139713,-0.000008,0.000000,0.000000,0.000000,-0.079604,374.000000,0.000000,0.000000,0.000000,0.000000,37.896851,0.000000,-15.499439,891.067017,417.889893,-0.000973,0.361955,8.985000,5860,-477,28,-3
37.899784,0.008766,-0.063331,-2.110970,-0.000036,0.672831,0.091009,0.000006,0.681518,0.966780,0.147503,0.000006,-0.000023,10.000000,-175.000000,-80.000000,-0.139713,-0.000008,0.000000,0.000000,0.000000,-0.079604,374.000000,0.000000,0.000000,0.000000,0.000000,37.898808,0.000000,-15.499439,891.067017,417.889893,-0.001037,0.361755,8.985000,5860,-438,28,-3
37.901737,0.008766,-0.061982,-2.110785,-0.000036,0.674174,0.092940,0.000008,0.667691,0.964767,0.146059,0.000006,-0.000025,10.000000,-175.000000,-80.000000,-0.139713,-0.000008,0.000000,0.000000,0.000000,-0.079604,374.000000,0.000000,0.000000,0.000000,0.000000,37.900761,0.000000,-15.499439,891.067017,417.889893,-0.001094,0.361577,8.985000,5860,-399,28,-2
37.903690,0.008766,-0.060630,-2.110596,-0.000036,0.675488,0.094866,0.000010,0.653333,0.962541,0.144549,0.000007,-0.000027,10.000000,-175.000000,-80.000000,-0.139713,-0.000008,0.000000,0.000000,0.000000,-0.079604,374.000000,0.000000,0.000000,0.000000,0.000000,37.902718,0.000000,-15.499439,891.067017,417.889893,-0.001142,0.361425,8.985000,5860,-359,28,-1
37.905647,0.008766,-0.059276,-2.110403,-0.000036,0.676772,0.096787,0.000012,0.638454,0.960120,0.142975,0.000007,-0.000030,10.000000,-175.000000,-80.000000,-0.139713,-0.000008,0.000000,0.000000,0.000000,-0.079604,374.000000,0.000000,0.000000,0.000000,0.000000,37.904667,0.000000,-15.499439,891.067017,417.889893,-0.001175,0.361322,8.985000,5860,-318,28,0
37.907600,0.008766,-0.057919,-2.110207,-0.000036,0.678026,0.098704,0.000014,0.623069,0.957522,0.141339,0.000007,-0.000032,10.000000,-175.000000,-80.000000,-0.139713,-0.000008,0.000000,0.000000,0.000000,-0.079604,374.000000,0.000000,0.000000,0.000000,0.000000,37.906624,0.000000,-15.499439,891.067017,417.889893,-0.001193,0.361267,8.985000,5860,-278,28,0
37.909554,0.008766,-0.056560,-2.110006,-0.000036,0.679248,0.100615,0.000016,0.607197,0.954766,0.139643,0.000007,-0.000034,10.000000,-175.000000,-80.000000,-0.139713,-0.000008,0.000000,0.000000,0.000000,-0.079604,374.000000,0.000000,0.000000,0.000000,0.000000,37.908577,0.000000,-15.499439,891.067017,417.889893,-0.001202,0.361237,8.985000,5860,-238,28,1
37.911507,0.008766,-0.055198,-2.109802,-0.000036,0.680438,0.102520,0.000018,0.590852,0.951866,0.137889,0.000007,-0.000037,10.000000,-175.000000,-80.000000,-0.139713,-0.000008,0.000000,0.000000,0.000000,-0.079604,374.000000,0.000000,0.000000,0.000000,0.000000,37.910534,0.000000,-15.499439,891.067017,417.889893,-0.001204,0.361233,8.985000,5860,-197,28,2
37.913464,0.008766,-0.053834,-2.109594,-0.000036,0.681595,0.104419,0.000021,0.574059,0.948837,0.136080,0.000007,-0.000039,10.000000,-175.000000,-80.000000,-0.139713,-0.000008,0.000000,0.000000,0.000000,-0.079604,374.000000,0.000000,0.000000,0.000000,0.000000,37.912483,0.000000,-15.499439,891.067017,417.889893,-0.001189,0.361280,8.985000,5860,-157,28,3
37.915417,0.008765,-0.052468,-2.109382,-0.000036,0.682717,0.106312,0.000023,0.556840,0.945696,0.134220,0.000007,-0.000042,10.000000,-175.000000,-80.000000,-0.139713,-0.000008,0.000000,0.000000,0.000000,-0.079604,374.000000,0.000000,0.000000,0.000000,0.000000,37.914440,0.000000,-15.499439,891.067017,417.889893,-0.001158,0.361377,8.985000,5860,-118,28,4
37.917370,0.008765,-0.051100,-2.109166,-0.000035,0.683804,0.108199,0.000025,0.539221,0.942456,0.132310,0.000007,-0.000044,10.000000,-175.000000,-80.000000,-0.139713,-0.000008,0.000000,0.000000,0.000000,-0.079604,374.000000,0.000000,0.000000,0.000000,0.000000,37.916393,0.000000,-15.499439,891.067017,417.889893,-0.001111,0.361524,8.985000,5860,-79,28,5
37.919323,0.008765,-0.049729,-2.108947,-0.000035,0.684856,0.110078,0.000028,0.521231,0.939129,0.130356,0.000006,-0.000046,10.000000,-175.000000,-80.000000,-0.139713,-0.000008,0.000000,0.000000,0.000000,-0.079604,374.000000,0.000000,0.000000,0.000000,0.000000,37.918346,0.000000,-15.499439,891.067017,417.889893,-0.001048,0.361720,8.985000,5860,-40,28,5
37.921280,0.008765,-0.048356,-2.108723,-0.000035,0.685871,0.111952,0.000030,0.502898,0.935730,0.128359,0.000006,-0.000048,10.000000,-175.000000,-80.000000,-0.139713,-0.000008,0.000000,0.000000,0.000000,-0.079604,374.000000,0.000000,0.000000,0.000000,0.000000,37.920300,0.000000,-15.499439,891.067017,417.889893,-0.000978,0.361941,8.985000,5860,-3,28,6
37.923233,0.008765,-0.046982,-2.108497,-0.000035,0.686849,0.113818,0.000033,0.484250,0.932269,0.126323,0.000006,-0.000050,10.000000,-177.000000,-75.000000,-0.139713,-0.000008,0.000000,0.000000,0.000000,-0.079604,378.000000,0.000000,0.000000,0.000000,0.000000,37.922256,0.000000,-15.499439,891.067017,417.889893,-0.000899,0.362188,8.985000,5860,33,28,7
37.925186,0.008765,-0.045605,-2.108266,-0.000035,0.687789,0.115677,0.000035,0.465319,0.928758,0.124253,0.000006,-0.000051,10.000000,-177.000000,-75.000000,-0.116178,-0.000008,0.000000,0.000000,0.066000,0.080381,378.000000,0.000000,0.000000,0.000000,0.000000,37.924210,75.757523,48.824947,1147.840454,648.655762,-0.000804,-1.152353,8.968940,5893,-1431,28,8
37.927139,0.008765,-0.044227,-2.108032,-0.000035,0.688691,0.117525,0.000038,0.446567,0.921742,0.122146,0.000006,-0.000053,10.000000,-177.000000,-75.000000,-0.116178,-0.000008,0.000000,0.000000,0.000000,0.080381,378.000000,0.000000,0.000000,0.000000,0.000000,37.926163,75.757523,48.824947,1147.840454,648.655762,-0.000726,-1.152106,8.968940,5893,-1396,28,9
37.929092,0.008765,-0.042847,-2.107794,-0.000035,0.689556,0.119356,0.000041,0.427558,0.913892,0.119990,0.000005,-0.000054,10.000000,-177.000000,-75.000000,-0.116178,-0.000008,0.000000,0.000000,0.000000,0.080381,378.000000,0.000000,0.000000,0.000000,0.000000,37.928116,75.757523,48.824947,1147.840454,648.655762,-0.000687,-1.151986,8.968940,5893,-1356,28,9
37.931049,0.008765,-0.041465,-2.107552,-0.000035,0.690382,0.121173,0.000045,0.408040,0.906395,0.117774,0.000005,-0.000055,10.000000,-177.000000,-75.000000,-0.116178,-0.000008,0.000000,0.000000,0.000000,0.080381,378.000000,0.000000,0.000000,0.000000,0.000000,37.930073,75.757523,48.824947,1147.840454,648.655762,-0.000671,-1.151934,8.968940,5893,-1312,28,10
37.933002,0.008765,-0.040082,-2.107306,-0.000035,0.691168,0.122975,0.000048,0.387922,0.899211,0.115487,0.000005,-0.000057,10.000000,-177.000000,-75.000000,-0.116178,-0.000008,0.000000,0.000000,0.000000,0.080381,378.000000,0.000000,0.000000,0.000000,0.000000,37.932022,75.757523,48.824947,1147.840454,648.655762,-0.000672,-1.151938,8.968940,5893,-1263,28,11
37.934956,0.008765,-0.038697,-2.107058,-0.000035,0.691913,0.124763,0.000052,0.367130,0.892302,0.113121,0.000004,-0.000058,10.000000,-177.000000,-75.000000,-0.116178,-0.000008,0.000000,0.000000,0.000000,0.080381,378.000000,0.000000,0.000000,0.000000,0.000000,37.933979,75.757523,48.824947,1147.840454,648.655762,-0.000681,-1.151966,8.968940,5893,-1211,28,11
37.936909,0.008765,-0.037311,-2.106805,-0.000035,0.692615,0.126537,0.000056,0.345601,0.885637,0.110669,0.000004,-0.000060,10.000000,-177.000000,-75.000000,-0.116178,-0.000008,0.000000,0.000000,0.000000,0.080381,378.000000,0.000000,0.000000,0.000000,0.000000,37.935932,75.757523,48.824947,1147.840454,648.655762,-0.000703,-1.152035,8.968940,5893,-1156,28,12
37.938866,0.008765,-0.035923,-2.106549,-0.000035,0.693273,0.128299,0.000060,0.323279,0.879190,0.108125,0.000003,-0.000061,10.000000,-177.000000,-75.000000,-0.116178,-0.000008,0.000000,0.000000,0.000000,0.080381,378.000000,0.000000,0.000000,0.000000,0.000000,37.937889,75.757523,48.824947,1147.840454,648.655762,-0.000734,-1.152133,8.968940,5893,-1097,28,13
37.940819,0.008765,-0.034534,-2.106290,-0.000034,0.693884,0.130048,0.000064,0.300125,0.872940,0.105484,0.000003,-0.000063,10.000000,-177.000000,-75.000000,-0.116178,-0.000008,0.000000,0.000000,0.000000,0.080381,378.000000,0.000000,0.000000,0.000000,0.000000,37.939838,75.757523,48.824947,1147.840454,648.655762,-0.000765,-1.152231,8.968940,5893,-1036,28,13
37.942772,0.008764,-0.033144,-2.106027,-0.000034,0.694449,0.131785,0.000069,0.276107,0.866868,0.102742,0.000002,-0.000065,10.000000,-177.000000,-75.000000,-0.116178,-0.000008,0.000000,0.000000,0.000000,0.080381,378.000000,0.000000,0.000000,0.000000,0.000000,37.941795,75.757523,48.824947,1147.840454,648.655762,-0.000802,-1.152345,8.968940,5893,-972,29,14
37.944725,0.008764,-0.031753,-2.105760,-0.000034,0.694964,0.133510,0.000074,0.251198,0.860961,0.099897,0.000002,-0.000066,10.000000,-177.000000,-75.000000,-0.116178,-0.000008,0.000000,0.000000,0.000000,0.080381,378.000000,0.000000,0.000000,0.000000,0.000000,37.943748,75.757523,48.824947,1147.840454,648.655762,-0.000842,-1.152471,8.968940,5893,-907,29,15
37.946678,0.008764,-0.030361,-2.105490,-0.000034,0.695428,0.135223,0.000080,0.225387,0.855206,0.096948,0.000001,-0.000068,10.000000,-177.000000,-75.000000,-0.116178,-0.000008,0.000000,0.000000,0.000000,0.080381,378.000000,0.000000,0.000000,0.000000,0.000000,37.945705,75.757523,48.824947,1147.840454,648.655762,-0.000877,-1.152580,8.968940,5893,-839,29,15
37.948635,0.008764,-0.028968,-2.105217,-0.000034,0.695838,0.136925,0.000085,0.198670,0.849595,0.093893,0.000000,-0.000070,10.000000,-177.000000,-75.000000,-0.116178,-0.000008,0.000000,0.000000,0.000000,0.080381,378.000000,0.000000,0.000000,0.000000,0.000000,37.947655,75.757523,48.824947,1147.840454,648.655762,-0.000911,-1.152689,8.968940,5893,-771,29,16
37.950588,0.008764,-0.027575,-2.104941,-0.000034,0.696194,0.138616,0.000092,0.171043,0.844123,0.090734,-0.000001,-0.000072,10.000000,-177.000000,-75.000000,-0.116178,-0.000008,0.000000,0.000000,0.000000,0.080381,378.000000,0.000000,0.000000,0.000000,0.000000,37.949612,75.757523,48.824947,1147.840454,648.655762,-0.000943,-1.152790,8.968940,5893,-701,29,17
37.952541,0.008764,-0.026181,-2.104661,-0.000033,0.696494,0.140296,0.000098,0.142518,0.838785,0.087470,-0.000002,-0.000074,10.000000,-177.000000,-75.000000,-0.116178,-0.000008,0.000000,0.000000,0.000000,0.080381,378.000000,0.000000,0.000000,0.000000,0.000000,37.951565,75.757523,48.824947,1147.840454,648.655762,-0.000964,-1.152856,8.968940,5893,-630,29,18
37.954494,0.008764,-0.024786,-2.104377,-0.000033,0.696735,0.141966,0.000105,0.113109,0.833580,0.084104,-0.000002,-0.000076,10.000000,-177.000000,-75.000000,-0.116178,-0.000008,0.000000,0.000000,0.000000,0.080381,378.000000,0.000000,0.000000,0.000000,0.000000,37.953522,75.757523,48.824947,1147.840454,648.655762,-0.000973,-1.152883,8.968940,5893,-558,29,19
37.956451,0.008764,-0.023391,-2.104090,-0.000033,0.696916,0.143625,0.000113,0.082838,0.828509,0.080638,-0.000003,-0.000078,10.000000,-177.000000,-75.000000,-0.116178,-0.000008,0.000000,0.000000,0.000000,0.080381,378.000000,0.000000,0.000000,0.000000,0.000000,37.955471,75.757523,48.824947,1147.840454,648.655762,-0.000968,-1.152868,8.968940,5893,-486,29,20
37.958405,0.008764,-0.021995,-2.103800,-0.000033,0.697035,0.145275,0.000120,0.051731,0.823572,0.077076,-0.000004,-0.000080,10.000000,-177.000000,-75.000000,-0.116178,-0.000008,0.000000,0.000000,0.000000,0.080381,378.000000,0.000000,0.000000,0.000000,0.000000,37.957428,75.757523,48.824947,1147.840454,648.655762,-0.000950,-1.152810,8.968940,5893,-414,29,20
37.960358,0.008764,-0.020600,-2.103507,-0.000033,0.697091,0.146915,0.000129,0.019821,0.818773,0.073420,-0.000006,-0.000082,10.000000,-177.000000,-75.000000,-0.116178,-0.000008,0.000000,0.000000,0.000000,0.080381,378.000000,0.000000,0.000000,0.000000,0.000000,37.959381,75.757523,48.824947,1147.840454,648.655762,-0.000924,-1.152728,8.968940,5893,-343,29,21
37.962311,0.008764,-0.019204,-2.103210,-0.000032,0.697081,0.148545,0.000137,-0.012858,0.814115,0.069674,-0.000007,-0.000084,10.000000,-177.000000,-75.000000,-0.116178,-0.000008,0.000000,0.000000,0.000000,0.080381,378.000000,0.000000,0.000000,0.000000,0.000000,37.961334,75.757523,48.824947,1147.840454,648.655762,-0.000889,-1.152619,8.968940,5893,-271,29,22
37.964268,0.008764,-0.017809,-2.102911,-0.000032,0.697006,0.150167,0.000146,-0.046266,0.809602,0.065844,-0.000008,-0.000086,10.000000,-177.000000,-75.000000,-0.116178,-0.000008,0.000000,0.000000,0.000000,0.080381,378.000000,0.000000,0.000000,0.000000,0.000000,37.963287,75.757523,48.824947,1147.840454,648.655762,-0.000837,-1.152456,8.968940,5893,-200,29,23
37.966221,0.008764,-0.016413,-2.102608,-0.000032,0.696862,0.151780,0.000155,-0.080357,0.805240,0.061934,-0.000009,-0.000087,10.000000,-177.000000,-75.000000,-0.116178,-0.000008,0.000000,0.000000,0.000000,0.080381,378.000000,0.000000,0.000000,0.000000,0.000000,37.965244,75.757523,48.824947,1147.840454,648.655762,-0.000767,-1.152237,8.968940,5893,-130,29,24
37.968174,0.008764,-0.015019,-2.102301,-0.000031,0.696649,0.153384,0.000165,-0.115085,0.801034,0.057950,-0.000011,-0.000089,10.000000,-177.000000,-75.000000,-0.116178,-0.000008,0.000000,0.000000,0.000000,0.080381,378.000000,0.000000,0.000000,0.000000,0.000000,37.967197,75.757523,48.824947,1147.840454,648.655762,-0.000680,-1.151962,8.968940,5893,-61,30,25
37.970127,0.008764,-0.013624,-2.101992,-0.000031,0.696366,0.154980,0.000175,-0.150398,0.796989,0.053896,-0.000012,-0.000090,10.000000,-177.000000,-75.000000,-0.116178,-0.000008,0.000000,0.000000,0.000000,0.080381,378.000000,0.000000,0.000000,0.000000,0.000000,37.969151,75.757523,48.824947,1147.840454,648.655762,-0.000574,-1.151630,8.968940,5893,5,30,26
37.972080,0.008763,-0.012231,-2.101679,-0.000031,0.696012,0.156568,0.000186,-0.186245,0.793110,0.049780,-0.000014,-0.000091,10.000000,-177.000000,-75.000000,-0.116178,-0.000008,0.000000,0.000000,0.000000,0.080381,378.000000,0.000000,0.000000,0.000000,0.000000,37.971104,75.757523,48.824947,1147.840454,648.655762,-0.000450,-1.151240,8.968940,5893,72,30,26
37.974037,0.008763,-0.010838,-2.101363,-0.000030,0.695585,0.158148,0.000198,-0.222567,0.789402,0.045607,-0.000016,-0.000091,10.000000,-177.000000,-75.000000,-0.116178,-0.000008,0.000000,0.000000,0.000000,0.080381,378.000000,0.000000,0.000000,0.000000,0.000000,37.973061,75.757523,48.824947,1147.840454,648.655762,-0.000315,-1.150815,8.968940,5893,137,30,27
37.975990,0.008763,-0.009446,-2.101044,-0.000030,0.695085,0.159722,0.000209,-0.259312,0.785871,0.041383,-0.000017,-0.000092,10.000000,-177.000000,-75.000000,-0.116178,-0.000008,0.000000,0.000000,0.000000,0.080381,378.000000,0.000000,0.000000,0.000000,0.000000,37.975014,75.757523,48.824947,1147.840454,648.655762,-0.000167,-1.150352,8.968940,5893,200,30,27
37.977943,0.008763,-0.008055,-2.100722,-0.000029,0.694510,0.161289,0.000222,-0.296417,0.782521,0.037115,-0.000019,-0.000092,10.000000,-177.000000,-75.000000,-0.116178,-0.000008,0.000000,0.000000,0.000000,0.080381,378.000000,0.000000,0.000000,0.000000,0.000000,37.976967,75.757523,48.824947,1147.840454,648.655762,-0.000007,-1.149848,8.968940,5893,261,30,28
37.979897,0.008763,-0.006666,-2.100397,-0.000029,0.693861,0.162849,0.000234,-0.333826,0.779355,0.032810,-0.000021,-0.000091,10.000000,-177.000000,-75.000000,-0.116178,-0.000008,0.000000,0.000000,0.000000,0.080381,378.000000,0.000000,0.000000,0.000000,0.000000,37.978920,75.757523,48.824947,1147.840454,648.655762,0.000167,-1.149303,8.968940,5893,320,30,28
37.981853,0.008763,-0.005278,-2.100069,-0.000028,0.693137,0.164403,0.000247,-0.371476,0.776377,0.028474,-0.000023,-0.000091,10.000000,-182.000000,-56.000000,-0.116178,-0.000008,0.000000,0.000000,0.000000,0.080381,390.000000,0.000000,0.000000,0.000000,0.000000,37.980877,75.757523,48.824947,1147.840454,648.655762,0.000354,-1.148715,8.968940,5893,381,30,28
37.983807,0.008763,-0.003892,-2.099737,-0.000028,0.692338,0.165952,0.000261,-0.409307,0.773589,0.024114,-0.000025,-0.000090,10.000000,-182.000000,-56.000000,-0.077852,-0.000007,0.000000,0.000000,0.067000,0.231414,390.000000,0.000000,0.000000,0.000000,0.000000,37.982826,283.582214,205.635513,3101.862305,1401.538452,0.000548,-4.840996,8.935075,6623,10,30,29
37.985760,0.008763,-0.002507,-2.099403,-0.000027,0.691464,0.167391,0.000277,-0.445561,0.693727,0.019735,-0.000027,-0.000088,10.000000,-182.000000,-56.000000,-0.077852,-0.000007,0.000000,0.000000,0.000000,0.231414,390.000000,0.000000,0.000000,0.000000,0.000000,37.984783,283.582214,205.635513,3101.862305,1401.538452,0.000738,-4.840401,8.935075,6622,62,31,28
37.987713,0.008763,-0.001124,-2.099066,-0.000027,0.690518,0.168632,0.000295,-0.482279,0.596573,0.015340,-0.000029,-0.000086,10.000000,-182.000000,-56.000000,-0.077852,-0.000007,0.000000,0.000000,0.000000,0.231414,390.000000,0.000000,0.000000,0.000000,0.000000,37.986736,283.582214,205.635513,3101.862305,1401.538452,0.000909,-4.839863,8.935075,6622,113,31,28
37.989670,0.008763,0.000257,-2.098727,-0.000026,0.689497,0.169692,0.000314,-0.520023,0.508641,0.010931,-0.000032,-0.000084,10.000000,-182.000000,-56.000000,-0.077852,-0.000007,0.000000,0.000000,0.000000,0.231414,390.000000,0.000000,0.000000,0.000000,0.000000,37.988693,283.582214,205.635513,3101.862305,1401.538452,0.001073,-4.839347,8.935075,6622,163,31,28
37.991623,0.008763,0.001636,-2.098386,-0.000026,0.688399,0.170589,0.000334,-0.558647,0.429061,0.006510,-0.000034,-0.000081,10.000000,-182.000000,-56.000000,-0.077852,-0.000007,0.000000,0.000000,0.000000,0.231414,390.000000,0.000000,0.000000,0.000000,0.000000,37.990643,283.582214,205.635513,3101.862305,1401.538452,0.001240,-4.838824,8.935075,6622,212,31,28
37.993576,0.008763,0.003012,-2.098043,-0.000025,0.687223,0.171338,0.000355,-0.598012,0.357078,0.002082,-0.000037,-0.000079,10.000000,-182.000000,-56.000000,-0.077852,-0.000007,0.000000,0.000000,0.000000,0.231414,390.000000,0.000000,0.000000,0.000000,0.000000,37.992599,283.582214,205.635513,3101.862305,1401.538452,0.001410,-4.838290,8.935075,6622,259,31,27
37.995529,0.008763,0.004386,-2.097699,-0.000024,0.685967,0.171954,0.000377,-0.637990,0.292008,-0.002351,-0.000039,-0.000075,10.000000,-182.000000,-56.000000,-0.077852,-0.000007,0.000000,0.000000,0.000000,0.231414,390.000000,0.000000,0.000000,0.000000,0.000000,37.994553,283.582214,205.635513,3101.862305,1401.538452,0.001577,-4.837766,8.935075,6622,305,31,26
37.997482,0.008763,0.005757,-2.097354,-0.000023,0.684631,0.172449,0.000401,-0.678466,0.233227,-0.006786,-0.000042,-0.000072,10.000000,-182.000000,-56.000000,-0.077852,-0.000007,0.000000,0.000000,0.000000,0.231414,390.000000,0.000000,0.000000,0.000000,0.000000,37.996510,283.582214,205.635513,3101.862305,1401.538452,0.001735,-4.837269,8.935075,6622,350,32,26
37.999439,0.008763,0.007126,-2.097008,-0.000022,0.683212,0.172835,0.000426,-0.719330,0.180171,-0.011218,-0.000045,-0.000068,10.000000,-182.000000,-56.000000,-0.077852,-0.000007,0.000000,0.000000,0.000000,0.231414,390.000000,0.000000,0.000000,0.000000,0.000000,37.998459,283.582214,205.635513,3101.862305,1401.538452,0.001893,-4.836771,8.935075,6621,392,32,25
38.001392,0.008763,0.008492,-2.096662,-0.000022,0.681712,0.173123,0.000454,-0.760472,0.132432,-0.015643,-0.000048,-0.000064,10.000000,-182.000000,-56.000000,-0.077852,-0.000007,0.000000,0.000000,0.000000,0.231414,390.000000,0.000000,0.000000,0.000000,0.000000,38.000416,283.582214,205.635513,3101.862305,1401.538452,0.002053,-4.836271,8.935075,6621,433,32,24
38.003345,0.008763,0.009854,-2.096315,-0.000021,0.680129,0.173323,0.000482,-0.801798,0.089460,-0.020057,-0.000051,-0.000059,10.000000,-182.000000,-56.000000,-0.077852,-0.000007,0.000000,0.000000,0.000000,0.231414,390.000000,0.000000,0.000000,0.000000,0.000000,38.002369,283.582214,205.635513,3101.862305,1401.538452,0.002207,-4.835786,8.935075,6621,472,32,23
38.005299,0.008763,0.011213,-2.095968,-0.000020,0.678463,0.173444,0.000513,-0.843215,0.050796,-0.024457,-0.000055,-0.000054,10.000000,-182.000000,-56.000000,-0.077852,-0.000007,0.000000,0.000000,0.000000,0.231414,390.000000,0.000000,0.000000,0.000000,0.000000,38.004326,283.582214,205.635513,3101.862305,1401.538452,0.002357,-4.835315,8.935075,6621,509,32,21
38.007256,0.008763,0.012569,-2.095620,-0.000019,0.676715,0.173493,0.000545,-0.884636,0.016053,-0.028838,-0.000058,-0.000049,10.000000,-182.000000,-56.000000,-0.077852,-0.000007,0.000000,0.000000,0.000000,0.231414,390.000000,0.000000,0.000000,0.000000,0.000000,38.006275,283.582214,205.635513,3101.862305,1401.538452,0.002497,-4.834876,8.935075,6621,544,33,20
38.009209,0.008763,0.013921,-2.095273,-0.000017,0.674884,0.173478,0.000579,-0.925983,-0.015118,-0.033195,-0.000062,-0.000044,10.000000,-182.000000,-56.000000,-0.077852,-0.000007,0.000000,0.000000,0.000000,0.231414,390.000000,0.000000,0.000000,0.000000,0.000000,38.008232,283.582214,205.635513,3101.862305,1401.538452,0.002628,-4.834463,8.935075,6621,577,33,19
38.011162,0.008762,0.015269,-2.094926,-0.000016,0.672970,0.173405,0.000615,-0.967178,-0.043037,-0.037525,-0.000065,-0.000038,10.000000,-182.000000,-56.000000,-0.077852,-0.000007,0.000000,0.000000,0.000000,0.231414,390.000000,0.000000,0.000000,0.000000,0.000000,38.010185,283.582214,205.635513,3101.862305,1401.538452,0.002759,-4.834052,8.935075,6621,608,33,17
38.013115,0.008762,0.016613,-2.094579,-0.000015,0.670974,0.173281,0.000652,-1.008146,-0.067995,-0.041823,-0.000069,-0.000032,10.000000,-182.000000,-56.000000,-0.077852,-0.000007,0.000000,0.000000,0.000000,0.231414,390.000000,0.000000,0.000000,0.000000,0.000000,38.012138,283.582214,205.635513,3101.862305,1401.538452,0.002883,-4.833663,8.935075,6620,636,34,15
38.015072,0.008762,0.017954,-2.094232,-0.000014,0.668897,0.173112,0.000691,-1.048818,-0.090149,-0.046084,-0.000073,-0.000026,10.000000,-182.000000,-56.000000,-0.077852,-0.000007,0.000000,0.000000,0.000000,0.231414,390.000000,0.000000,0.000000,0.000000,0.000000,38.014091,283.582214,205.635513,3101.862305,1401.538452,0.002994,-4.833315,8.935075,6620,663,34,14
38.017025,0.008762,0.019289,-2.093886,-0.000012,0.666738,0.172902,0.000731,-1.089133,-0.109825,-0.050306,-0.000077,-0.000019,10.000000,-182.000000,-56.000000,-0.077852,-0.000007,0.000000,0.000000,0.000000,0.231414,390.000000,0.000000,0.000000,0.000000,0.000000,38.016048,283.582214,205.635513,3101.862305,1401.538452,0.003101,-4.832981,8.935075,6620,687,34,12
38.018978,0.008762,0.020621,-2.093540,-0.000011,0.664500,0.172655,0.000773,-1.129029,-0.127280,-0.054483,-0.000081,-0.000013,10.000000,-182.000000,-56.000000,-0.077852,-0.000007,0.000000,0.000000,0.000000,0.231414,390.000000,0.000000,0.000000,0.000000,0.000000,38.018002,283.582214,205.635513,3101.862305,1401.538452,0.003203,-4.832660,8.935075,6620,709,34,10
38.020931,0.008762,0.021948,-2.093195,-0.000009,0.662183,0.172377,0.000815,-1.168452,-0.142712,-0.058612,-0.000085,-0.000006,10.000000,-182.000000,-56.000000,-0.077852,-0.000007,0.000000,0.000000,0.000000,0.231414,390.000000,0.000000,0.000000,0.000000,0.000000,38.019955,283.582214,205.635513,3101.862305,1401.538452,0.003294,-4.832374,8.935075,6620,729,35,8
38.022884,0.008762,0.023270,-2.092850,-0.000007,0.659788,0.172071,0.000859,-1.207349,-0.156305,-0.062689,-0.000089,0.000001,10.000000,-182.000000,-56.000000,-0.077852,-0.000007,0.000000,0.000000,0.000000,0.231414,390.000000,0.000000,0.000000,0.000000,0.000000,38.021908,283.582214,205.635513,3101.862305,1401.538452,0.003376,-4.832118,8.935075,6620,747,35,6
38.024841,0.008762,0.024587,-2.092506,-0.000005,0.657315,0.171741,0.000904,-1.245671,-0.168226,-0.066711,-0.000093,0.000009,10.000000,-182.000000,-56.000000,-0.077852,-0.000007,0.000000,0.000000,0.000000,0.231414,390.000000,0.000000,0.000000,0.000000,0.000000,38.023865,283.582214,205.635513,3101.862305,1401.538452,0.003448,-4.831890,8.935075,6620,762,35,4
38.026794,0.008762,0.025899,-2.092163,-0.000004,0.654767,0.171389,0.000949,-1.283372,-0.178629,-0.070673,-0.000098,0.000016,10.000000,-182.000000,-56.000000,-0.077852,-0.000007,0.000000,0.000000,0.000000,0.231414,390.000000,0.000000,0.000000,0.000000,0.000000,38.025818,283.582214,205.635513,3101.862305,1401.538452,0.003512,-4.831689,8.935075,6620,775,35,2
38.028748,0.008762,0.027206,-2.091820,-0.000002,0.652145,0.171018,0.000995,-1.320410,-0.187652,-0.074572,-0.000102,0.000023,10.000000,-182.000000,-56.000000,-0.077852,-0.000007,0.000000,0.000000,0.000000,0.231414,390.000000,0.000000,0.000000,0.000000,0.000000,38.027771,283.582214,205.635513,3101.862305,1401.538452,0.003567,-4.831515,8.935075,6620,786,36,0
38.030701,0.008762,0.028508,-2.091479,0.000000,0.649450,0.170630,0.001041,-1.356744,-0.195424,-0.078405,-0.000106,0.000031,10.000000,-182.000000,-56.000000,-0.077852,-0.000007,0.000000,0.000000,0.000000,0.231414,390.000000,0.000000,0.000000,0.000000,0.000000,38.029724,283.582214,205.635513,3101.862305,1401.538452,0.003616,-4.831363,8.935075,6620,796,36,-2
38.032658,0.008762,0.029804,-2.091137,0.000003,0.646683,0.170229,0.001087,-1.392339,-0.202062,-0.082169,-0.000110,0.000039,10.000000,-182.000000,-56.000000,-0.077852,-0.000007,0.000000,0.000000,0.000000,0.231414,390.000000,0.000000,0.000000,0.000000,0.000000,38.031681,283.582214,205.635513,3101.862305,1401.538452,0.003657,-4.831234,8.935075,6620,803,36,-4
38.034611,0.008762,0.031094,-2.090797,0.000005,0.643846,0.169817,0.001133,-1.427160,-0.207675,-0.085861,-0.000114,0.000046,10.000000,-182.000000,-56.000000,-0.077852,-0.000007,0.000000,0.000000,0.000000,0.231414,390.000000,0.000000,0.000000,0.000000,0.000000,38.033630,283.582214,205.635513,3101.862305,1401.538452,0.003691,-4.831128,8.935075,6620,808,36,-6
38.036564,0.008762,0.032379,-2.090458,0.000007,0.640940,0.169394,0.001179,-1.461177,-0.212361,-0.089479,-0.000118,0.000054,10.000000,-182.000000,-56.000000,-0.077852,-0.000007,0.000000,0.000000,0.000000,0.231414,390.000000,0.000000,0.000000,0.000000,0.000000,38.035587,283.582214,205.635513,3101.862305,1401.538452,0.003718,-4.831043,8.935075,6620,811,36,-9
38.038517,0.008762,0.033657,-2.090119,0.000010,0.637968,0.168964,0.001224,-1.494362,-0.216210,-0.093020,-0.000122,0.000062,10.000000,-182.000000,-56.000000,-0.077852,-0.000007,0.000000,0.000000,0.000000,0.231414,390.000000,0.000000,0.000000,0.000000,0.000000,38.037540,283.582214,205.635513,3101.862305,1401.538452,0.003730,-4.831004,8.935075,6620,812,36,-11
38.040470,0.008762,0.034930,-2.089782,0.000012,0.634931,0.168527,0.001268,-1.526692,-0.219306,-0.096481,-0.000125,0.000070,10.000000,-182.000000,-56.000000,-0.077852,-0.000007,0.000000,0.000000,0.000000,0.231414,390.000000,0.000000,0.000000,0.000000,0.000000,38.039497,283.582214,205.635513,3101.862305,1401.538452,0.003729,-4.831007,8.935075,6620,811,37,-13
38.042427,0.008762,0.036197,-2.089445,0.000015,0.631830,0.168084,0.001311,-1.558143,-0.221724,-0.099861,-0.000129,0.000078,10.000000,-182.000000,-56.000000,-0.077852,-0.000007,0.000000,0.000000,0.000000,0.231414,390.000000,0.000000,0.000000,0.000000,0.000000,38.041447,283.582214,205.635513,3101.862305,1401.538452,0.003723,-4.831027,8.935075,6620,809,37,-16
38.044380,0.008762,0.037457,-2.089109,0.000017,0.628668,0.167638,0.001353,-1.588695,-0.223535,-0.103157,-0.000132,0.000086,10.000000,-182.000000,-56.000000,-0.077852,-0.000007,0.000000,0.000000,0.000000,0.231414,390.000000,0.000000,0.000000,0.000000,0.000000,38.043404,283.582214,205.635513,3101.862305,1401.538452,0.003703,-4.831088,8.935075,6620,804,37,-18
38.046333,0.008762,0.038711,-2.088774,0.000020,0.625446,0.167189,0.001393,-1.618334,-0.224803,-0.106369,-0.000135,0.000093,10.000000,-182.000000,-56.000000,-0.077852,-0.000007,0.000000,0.000000,0.000000,0.231414,390.000000,0.000000,0.000000,0.000000,0.000000,38.045357,283.582214,205.635513,3101.862305,1401.538452,0.003671,-4.831190,8.935075,6620,798,37,-20
38.048286,0.008763,0.039958,-2.088440,0.000023,0.622166,0.166738,0.001432,-1.647044,-0.225587,-0.109494,-0.000138,0.000101,10.000000,-182.000000,-56.000000,-0.077852,-0.000007,0.000000,0.000000,0.000000,0.231414,390.000000,0.000000,0.000000,0.000000,0.000000,38.047314,283.582214,205.635513,3101.862305,1401.538452,0.003632,-4.831311,8.935075,6620,791,37,-23
38.050243,0.008763,0.041198,-2.088107,0.000026,0.618830,0.166286,0.001469,-1.674811,-0.225943,-0.112531,-0.000141,0.000108,10.000000,-182.000000,-56.000000,-0.077852,-0.000007,0.000000,0.000000,0.000000,0.231414,390.000000,0.000000,0.000000,0.000000,0.000000,38.049263,283.582214,205.635513,3101.862305,1401.538452,0.003581,-4.831473,8.935075,6620,782,37,-25
38.052197,0.008763,0.042432,-2.087775,0.000029,0.615440,0.165835,0.001503,-1.701631,-0.225918,-0.115479,-0.000143,0.000116,10.000000,-182.000000,-56.000000,-0.077852,-0.000007,0.000000,0.000000,0.000000,0.231414,390.000000,0.000000,0.000000,0.000000,0.000000,38.051220,283.582214,205.635513,3101.862305,1401.538452,0.003516,-4.831676,8.935075,6620,772,37,-28
38.054150,0.008763,0.043659,-2.087444,0.000032,0.611998,0.165383,0.001536,-1.727491,-0.225559,-0.118338,-0.000146,0.000123,10.000000,-182.000000,-56.000000,-0.077852,-0.000007,0.000000,0.000000,0.000000,0.231414,390.000000,0.000000,0.000000,0.000000,0.000000,38.053173,283.582214,205.635513,3101.862305,1401.538452,0.003439,-4.831918,8.935075,6620,760,37,-30
38.056103,0.008763,0.044879,-2.087113,0.000035,0.608506,0.164933,0.001566,-1.752391,-0.224908,-0.121107,-0.000148,0.000130,10.000000,-182.000000,-56.000000,-0.077852,-0.000007,0.000000,0.000000,0.000000,0.231414,390.000000,0.000000,0.000000,0.000000,0.000000,38.055126,283.582214,205.635513,3101.862305,1401.538452,0.003349,-4.832200,8.935075,6620,747,37,-32
38.058060,0.008763,0.046092,-2.086784,0.000038,0.604965,0.164485,0.001593,-1.776326,-0.224001,-0.123786,-0.000149,0.000137,10.000000,-182.000000,-56.000000,-0.077852,-0.000007,0.000000,0.000000,0.000000,0.231414,390.000000,0.000000,0.000000,0.000000,0.000000,38.057079,283.582214,205.635513,3101.862305,1401.538452,0.003255,-4.832498,8.935075,6620,733,37,-35
38.060013,0.008763,0.047298,-2.086455,0.000041,0.601377,0.164038,0.001617,-1.799295,-0.222876,-0.126373,-0.000151,0.000143,10.000000,-186.000000,-27.000000,-0.077852,-0.000007,0.000000,0.000000,0.000000,0.231414,408.000000,0.000000,0.000000,0.000000,0.000000,38.059036,283.582214,205.635513,3101.862305,1401.538452,0.003146,-4.832837,8.935075,6620,718,37,-37
38.061966,0.008763,0.048496,-2.086127,0.000045,0.597746,0.163594,0.001639,-1.821301,-0.221564,-0.128869,-0.000152,0.000149,10.000000,-186.000000,-27.000000,-0.031523,0.000010,0.000000,0.000000,0.067000,0.332950,408.000000,0.000000,0.000000,0.000000,0.000000,38.060989,432.835632,369.406281,2227.661865,1726.691772,0.003026,-8.690018,8.918059,8115,702,37,-39
38.063919,0.008763,0.049687,-2.085801,0.000048,0.594044,0.162943,0.001685,-1.862881,-0.377032,-0.131275,-0.000153,0.000155,10.000000,-186.000000,-27.000000,-0.031523,0.000010,0.000000,0.000000,0.000000,0.332950,408.000000,0.000000,0.000000,0.000000,0.000000,38.062943,432.835632,369.406281,2227.661865,1726.691772,0.002908,-8.690388,8.918059,8115,685,37,-41
38.065872,0.008763,0.050871,-2.085476,0.000052,0.590249,0.161900,0.001735,-1.908999,-0.567958,-0.133591,-0.000154,0.000161,10.000000,-186.000000,-27.000000,-0.031523,0.000010,0.000000,0.000000,0.000000,0.332950,408.000000,0.000000,0.000000,0.000000,0.000000,38.064896,432.835632,369.406281,2227.661865,1726.691772,0.002796,-8.690739,8.918059,8115,667,36,-43
38.067829,0.008763,0.052047,-2.085154,0.000055,0.586365,0.160504,0.001780,-1.952550,-0.740361,-0.135816,-0.000154,0.000166,10.000000,-186.000000,-27.000000,-0.031523,0.000010,0.000000,0.000000,0.000000,0.332950,408.000000,0.000000,0.000000,0.000000,0.000000,38.066853,432.835632,369.406281,2227.661865,1726.691772,0.002681,-8.691101,8.918059,8115,648,36,-45
38.069782,0.008763,0.053215,-2.084835,0.000059,0.582398,0.158788,0.001821,-1.993607,-0.895988,-0.137952,-0.000155,0.000171,10.000000,-186.000000,-27.000000,-0.031523,0.000010,0.000000,0.000000,0.000000,0.332950,408.000000,0.000000,0.000000,0.000000,0.000000,38.068806,432.835632,369.406281,2227.661865,1726.691772,0.002560,-8.691479,8.918059,8116,629,36,-47
38.071735,0.008764,0.054375,-2.084520,0.000062,0.578353,0.156783,0.001858,-2.032259,-1.036524,-0.140000,-0.000155,0.000176,10.000000,-186.000000,-27.000000,-0.031523,0.000010,0.000000,0.000000,0.000000,0.332950,408.000000,0.000000,0.000000,0.000000,0.000000,38.070759,432.835632,369.406281,2227.661865,1726.691772,0.002435,-8.691873,8.918059,8116,609,36,-49
38.073689,0.008764,0.055526,-2.084210,0.000066,0.574233,0.154518,0.001892,-2.068575,-1.163323,-0.141960,-0.000155,0.000181,10.000000,-186.000000,-27.000000,-0.031523,0.000010,0.000000,0.000000,0.000000,0.332950,408.000000,0.000000,0.000000,0.000000,0.000000,38.072712,432.835632,369.406281,2227.661865,1726.691772,0.002303,-8.692286,8.918059,8116,588,36,-51
38.075645,0.008764,0.056670,-2.083904,0.000070,0.570045,0.152018,0.001924,-2.102631,-1.277651,-0.143833,-0.000156,0.000185,10.000000,-186.000000,-27.000000,-0.031523,0.000010,0.000000,0.000000,0.000000,0.332950,408.000000,0.000000,0.000000,0.000000,0.000000,38.074669,432.835632,369.406281,2227.661865,1726.691772,0.002165,-8.692721,8.918059,8116,567,36,-52
38.077599,0.008764,0.057805,-2.083604,0.000074,0.565792,0.149307,0.001953,-2.134510,-1.380687,-0.145622,-0.000156,0.000189,10.000000,-186.000000,-27.000000,-0.031523,0.000010,0.000000,0.000000,0.000000,0.332950,408.000000,0.000000,0.000000,0.000000,0.000000,38.076618,432.835632,369.406281,2227.661865,1726.691772,0.002025,-8.693160,8.918059,8116,546,36,-54
38.079552,0.008764,0.058931,-2.083309,0.000078,0.561478,0.146405,0.001981,-2.164293,-1.473500,-0.147326,-0.000156,0.000193,10.000000,-186.000000,-27.000000,-0.031523,0.000010,0.000000,0.000000,0.000000,0.332950,408.000000,0.000000,0.000000,0.000000,0.000000,38.078575,432.835632,369.406281,2227.661865,1726.691772,0.001883,-8.693606,8.918059,8117,524,37,-56
38.081505,0.008764,0.060048,-2.083021,0.000082,0.557107,0.143332,0.002008,-2.192079,-1.557165,-0.148949,-0.000157,0.000197,10.000000,-186.000000,-27.000000,-0.031523,0.000010,0.000000,0.000000,0.000000,0.332950,408.000000,0.000000,0.000000,0.000000,0.000000,38.080528,432.835632,369.406281,2227.661865,1726.691772,0.001731,-8.694083,8.918059,8117,503,37,-57
38.083462,0.008764,0.061157,-2.082739,0.000086,0.552684,0.140104,0.002034,-2.217940,-1.632477,-0.150490,-0.000157,0.000200,10.000000,-186.000000,-27.000000,-0.031523,0.000010,0.000000,0.000000,0.000000,0.332950,408.000000,0.000000,0.000000,0.000000,0.000000,38.082485,432.835632,369.406281,2227.661865,1726.691772,0.001576,-8.694570,8.918059,8117,481,37,-58
38.085415,0.008765,0.062257,-2.082463,0.000090,0.548212,0.136736,0.002059,-2.241951,-1.700200,-0.151953,-0.000158,0.000203,10.000000,-186.000000,-27.000000,-0.031523,0.000010,0.000000,0.000000,0.000000,0.332950,408.000000,0.000000,0.000000,0.000000,0.000000,38.084435,432.835632,369.406281,2227.661865,1726.691772,0.001423,-8.695049,8.918059,8117,459,37,-60
38.087368,0.008765,0.063348,-2.082195,0.000094,0.543694,0.133244,0.002084,-2.264190,-1.761054,-0.153339,-0.000159,0.000205,10.000000,-186.000000,-27.000000,-0.031523,0.000010,0.000000,0.000000,0.000000,0.332950,408.000000,0.000000,0.000000,0.000000,0.000000,38.086391,432.835632,369.406281,2227.661865,1726.691772,0.001264,-8.695549,8.918059,8117,437,37,-61
38.089321,0.008765,0.064429,-2.081933,0.000098,0.539135,0.129639,0.002109,-2.284740,-1.815694,-0.154649,-0.000160,0.000208,10.000000,-186.000000,-27.000000,-0.031523,0.000010,0.000000,0.000000,0.000000,0.332950,408.000000,0.000000,0.000000,0.000000,0.000000,38.088345,432.835632,369.406281,2227.661865,1726.691772,0.001099,-8.696068,8.918059,8118,415,37,-62
38.091274,0.008765,0.065502,-2.081679,0.000103,0.534537,0.125933,0.002134,-2.303692,-1.864816,-0.155886,-0.000161,0.000210,10.000000,-186.000000,-27.000000,-0.031523,0.000010,0.000000,0.000000,0.000000,0.332950,408.000000,0.000000,0.000000,0.000000,0.000000,38.090302,432.835632,369.406281,2227.661865,1726.691772,0.000933,-8.696589,8.918059,8118,393,38,-63
38.093231,0.008765,0.066565,-2.081433,0.000107,0.529903,0.122137,0.002159,-2.321110,-1.908876,-0.157051,-0.000162,0.000211,10.000000,-186.000000,-27.000000,-0.031523,0.000010,0.000000,0.000000,0.000000,0.332950,408.000000,0.000000,0.000000,0.000000,0.000000,38.092251,432.835632,369.406281,2227.661865,1726.691772,0.000767,-8.697111,8.918059,8118,371,38,-64
38.095184,0.008766,0.067619,-2.081194,0.000111,0.525237,0.118259,0.002184,-2.337060,-1.948325,-0.158148,-0.000164,0.000213,10.000000,-186.000000,-27.000000,-0.031523,0.000010,0.000000,0.000000,0.000000,0.332950,408.000000,0.000000,0.000000,0.000000,0.000000,38.094208,432.835632,369.406281,2227.661865,1726.691772,0.000598,-8.697640,8.918059,8118,350,38,-65
38.097137,0.008766,0.068663,-2.080963,0.000116,0.520541,0.114309,0.002210,-2.351616,-1.983606,-0.159178,-0.000165,0.000214,10.000000,-186.000000,-27.000000,-0.031523,0.000010,0.000000,0.000000,0.000000,0.332950,408.000000,0.000000,0.000000,0.000000,0.000000,38.096161,432.835632,369.406281,2227.661865,1726.691772,0.000426,-8.698180,8.918059,8119,329,38,-66
38.099091,0.008766,0.069698,-2.080740,0.000120,0.515817,0.110294,0.002236,-2.364863,-2.015220,-0.160142,-0.000167,0.000214,10.000000,-186.000000,-27.000000,-0.031523,0.000010,0.000000,0.000000,0.000000,0.332950,408.000000,0.000000,0.000000,0.000000,0.000000,38.098118,432.835632,369.406281,2227.661865,1726.691772,0.000251,-8.698730,8.918059,8119,308,39,-67
38.101048,0.008766,0.070724,-2.080526,0.000125,0.511070,0.106221,0.002263,-2.376857,-2.043449,-0.161045,-0.000169,0.000215,10.000000,-186.000000,-27.000000,-0.031523,0.000010,0.000000,0.000000,0.000000,0.332950,408.000000,0.000000,0.000000,0.000000,0.000000,38.100067,432.835632,369.406281,2227.661865,1726.691772,0.000071,-8.699294,8.918059,8119,287,39,-67
38.103001,0.008767,0.071740,-2.080319,0.000129,0.506299,0.102096,0.002291,-2.387658,-2.068584,-0.161887,-0.000171,0.000215,10.000000,-186.000000,-27.000000,-0.031523,0.000010,0.000000,0.000000,0.000000,0.332950,408.000000,0.000000,0.000000,0.000000,0.000000,38.102024,432.835632,369.406281,2227.661865,1726.691772,-0.000106,-8.699851,8.918059,8119,267,39,-68
38.104954,0.008767,0.072746,-2.080121,0.000134,0.501509,0.097925,0.002319,-2.397328,-2.090924,-0.162671,-0.000173,0.000214,10.000000,-186.000000,-27.000000,-0.031523,0.000010,0.000000,0.000000,0.000000,0.332950,408.000000,0.000000,0.000000,0.000000,0.000000,38.103977,432.835632,369.406281,2227.661865,1726.691772,-0.000283,-8.700406,8.918059,8120,248,39,-68
38.106907,0.008767,0.073743,-2.079931,0.000138,0.496702,0.093713,0.002347,-2.405948,-2.110840,-0.163400,-0.000175,0.000214,10.000000,-186.000000,-27.000000,-0.031523,0.000010,0.000000,0.000000,0.000000,0.332950,408.000000,0.000000,0.000000,0.000000,0.000000,38.105930,432.835632,369.406281,2227.661865,1726.691772,-0.000459,-8.700960,8.918059,8120,228,40,-68
38.108864,0.008767,0.074730,-2.079750,0.000143,0.491878,0.089465,0.002376,-2.413562,-2.128497,-0.164075,-0.000178,0.000213,10.000000,-186.000000,-27.000000,-0.031523,0.000010,0.000000,0.000000,0.000000,0.332950,408.000000,0.000000,0.000000,0.000000,0.000000,38.107883,432.835632,369.406281,2227.661865,1726.691772,-0.000630,-8.701497,8.918059,8120,210,40,-69
38.110817,0.008768,0.075708,-2.079578,0.000148,0.487041,0.085184,0.002405,-2.420221,-2.144078,-0.164699,-0.000180,0.000212,10.000000,-186.000000,-27.000000,-0.031523,0.000010,0.000000,0.000000,0.000000,0.332950,408.000000,0.000000,0.000000,0.000000,0.000000,38.109840,432.835632,369.406281,2227.661865,1726.691772,-0.000803,-8.702039,8.918059,8120,192,40,-69
38.112770,0.008768,0.076675,-2.079413,0.000153,0.482192,0.080875,0.002434,-2.425983,-2.157783,-0.165275,-0.000183,0.000210,10.000000,-186.000000,-27.000000,-0.031523,0.000010,0.000000,0.000000,0.000000,0.332950,408.000000,0.000000,0.000000,0.000000,0.000000,38.111794,432.835632,369.406281,2227.661865,1726.691772,-0.000977,-8.702587,8.918059,8121,174,40,-69
38.114723,0.008768,0.077633,-2.079258,0.000158,0.477332,0.076541,0.002463,-2.430918,-2.169899,-0.165805,-0.000186,0.000208,10.000000,-186.000000,-27.000000,-0.031523,0.000010,0.000000,0.000000,0.000000,0.332950,408.000000,0.000000,0.000000,0.000000,0.000000,38.113747,432.835632,369.406281,2227.661865,1726.691772,-0.001149,-8.703125,8.918059,8121,157,41,-69
38.116676,0.008769,0.078582,-2.079111,0.000163,0.472464,0.072185,0.002492,-2.435064,-2.180507,-0.166291,-0.000189,0.000206,10.000000,-186.000000,-27.000000,-0.031523,0.000010,0.000000,0.000000,0.000000,0.332950,408.000000,0.000000,0.000000,0.000000,0.000000,38.115700,432.835632,369.406281,2227.661865,1726.691772,-0.001317,-8.703654,8.918059,8121,141,41,-68
38.118633,0.008769,0.079520,-2.078974,0.000168,0.467589,0.067810,0.002521,-2.438465,-2.189719,-0.166736,-0.000192,0.000203,10.000000,-186.000000,-11.000000,-0.031523,0.000010,0.000000,0.000000,0.000000,0.332950,416.000000,0.000000,0.000000,0.000000,0.000000,38.117657,432.835632,369.406281,2227.661865,1726.691772,-0.001477,-8.704155,8.918059,8121,126,41,-68
38.120586,0.008769,0.080449,-2.078844,0.000173,0.462708,0.063419,0.002549,-2.441166,-2.197672,-0.167141,-0.000194,0.000200,10.000000,-186.000000,-11.000000,-0.031523,0.000010,0.000000,0.000000,-0.933999,0.332950,416.000000,0.000000,0.000000,0.000000,0.000000,38.119610,432.835632,369.406281,2227.661865,1726.691772,-0.001629,-8.704635,8.918059,8122,111,41,-68
38.122540,0.008770,0.081368,-2.078724,0.000178,0.457822,0.059013,0.002577,-2.443233,-2.204591,-0.167509,-0.000197,0.000197,10.000000,-186.000000,-11.000000,-0.031523,0.000010,0.000000,0.000000,0.000000,0.332950,416.000000,0.000000,0.000000,0.000000,0.000000,38.121563,432.835632,369.406281,2227.661865,1726.691772,-0.001782,-8.705113,8.918059,8122,96,41,-67
38.124493,0.008770,0.082277,-2.078612,0.000183,0.452934,0.054595,0.002603,-2.444697,-2.210504,-0.167842,-0.000200,0.000194,10.000000,-186.000000,-11.000000,-0.031523,0.000010,0.000000,0.000000,0.000000,0.332950,416.000000,0.000000,0.000000,0.000000,0.000000,38.123516,432.835632,369.406281,2227.661865,1726.691772,-0.001928,-8.705572,8.918059,8122,83,42,-67
38.126450,0.008770,0.083177,-2.078510,0.000188,0.448043,0.050166,0.002629,-2.445590,-2.215475,-0.168142,-0.000203,0.000190,10.000000,-186.000000,-11.000000,-0.031523,0.000010,0.000000,0.000000,0.000000,0.332950,416.000000,0.000000,0.000000,0.000000,0.000000,38.125473,432.835632,369.406281,2227.661865,1726.691772,-0.002069,-8.706017,8.918059,8122,70,42,-66
38.128403,0.008771,0.084066,-2.078416,0.000194,0.443151,0.045729,0.002653,-2.445958,-2.219595,-0.168412,-0.000206,0.000186,10.000000,-186.000000,-11.000000,-0.031523,0.000010,0.000000,0.000000,0.000000,0.332950,416.000000,0.000000,0.000000,0.000000,0.000000,38.127422,432.835632,369.406281,2227.661865,1726.691772,-0.002206,-8.706445,8.918059,8122,58,42,-65
38.130356,0.008771,0.084946,-2.078331,0.000199,0.438259,0.041285,0.002676,-2.445836,-2.222947,-0.168653,-0.000209,0.000181,10.000000,-186.000000,-11.000000,-0.031523,0.000010,0.000000,0.000000,0.000000,0.332950,416.000000,0.000000,0.000000,0.000000,0.000000,38.129379,432.835632,369.406281,2227.661865,1726.691772,-0.002332,-8.706841,8.918059,8123,46,42,-64
38.132309,0.008772,0.085816,-2.078255,0.000204,0.433368,0.036834,0.002698,-2.445280,-2.225708,-0.168868,-0.000212,0.000177,10.000000,-186.000000,-11.000000,-0.031523,0.000010,0.000000,0.000000,0.000000,0.332950,416.000000,0.000000,0.000000,0.000000,0.000000,38.131332,432.835632,369.406281,2227.661865,1726.691772,-0.002450,-8.707210,8.918059,8123,35,42,-63
38.134266,0.008772,0.086677,-2.078188,0.000210,0.428479,0.032380,0.002717,-2.444311,-2.227866,-0.169058,-0.000214,0.000172,10.000000,-186.000000,-11.000000,-0.031523,0.000010,0.000000,0.000000,0.000000,0.332950,416.000000,0.000000,0.000000,0.000000,0.000000,38.133289,432.835632,369.406281,2227.661865,1726.691772,-0.002558,-8.707552,8.918059,8123,25,42,-62
38.136219,0.008772,0.087527,-2.078130,0.000215,0.423593,0.027922,0.002735,-2.442957,-2.229443,-0.169225,-0.000217,0.000167,10.000000,-186.000000,-11.000000,-0.031523,0.000010,0.000000,0.000000,0.000000,0.332950,416.000000,0.000000,0.000000,0.000000,0.000000,38.135239,432.835632,369.406281,2227.661865,1726.691772,-0.002660,-8.707870,8.918059,8123,16,42,-61
38.138172,0.008773,0.088368,-2.078081,0.000221,0.418709,0.023461,0.002750,-2.441251,-2.230496,-0.169372,-0.000219,0.000162,10.000000,-186.000000,-11.000000,-0.031523,0.000010,0.000000,0.000000,0.000000,0.332950,416.000000,0.000000,0.000000,0.000000,0.000000,38.137196,432.835632,369.406281,2227.661865,1726.691772,-0.002754,-8.708167,8.918059,8123,7,42,-60
38.140125,0.008773,0.089199,-2.078041,0.000226,0.413830,0.018999,0.002764,-2.439224,-2.231076,-0.169500,-0.000221,0.000156,10.000000,-186.000000,-11.000000,-0.031523,0.000010,0.000000,0.000000,0.000000,0.332950,416.000000,0.000000,0.000000,0.000000,0.000000,38.139149,432.835632,369.406281,2227.661865,1726.691772,-0.002843,-8.708444,8.918059,8123,0,42,-59
38.142078,0.008774,0.090020,-2.078009,0.000232,0.408955,0.014537,0.002774,-2.436903,-2.231225,-0.169610,-0.000224,0.000151,10.000000,-186.000000,-11.000000,-0.031523,0.000010,0.000000,0.000000,0.000000,0.332950,416.000000,0.000000,0.000000,0.000000,0.000000,38.141106,432.835632,369.406281,2227.661865,1726.691772,-0.002925,-8.708703,8.918059,8123,-8,42,-58
38.144035,0.008774,0.090831,-2.077987,0.000237,0.404085,0.010075,0.002783,-2.434318,-2.230987,-0.169705,-0.000225,0.000145,10.000000,-186.000000,-11.000000,-0.031523,0.000010,0.000000,0.000000,0.000000,0.332950,416.000000,0.000000,0.000000,0.000000,0.000000,38.143055,432.835632,369.406281,2227.661865,1726.691772,-0.003002,-8.708944,8.918059,8124,-14,42,-56
38.145988,0.008775,0.091633,-2.077973,0.000243,0.399220,0.005613,0.002788,-2.431514,-2.230503,-0.169785,-0.000227,0.000139,10.000000,-186.000000,-11.000000,-0.031523,0.000010,0.000000,0.000000,0.000000,0.332950,416.000000,0.000000,0.000000,0.000000,0.000000,38.145012,432.835632,369.406281,2227.661865,1726.691772,-0.003068,-8.709151,8.918059,8124,-21,42,-55
38.147942,0.008775,0.092425,-2.077969,0.000249,0.394362,0.001153,0.002791,-2.428498,-2.229722,-0.169853,-0.000229,0.000133,10.000000,-186.000000,-11.000000,-0.031523,0.000010,0.000000,0.000000,0.000000,0.332950,416.000000,0.000000,0.000000,0.000000,0.000000,38.146965,432.835632,369.406281,2227.661865,1726.691772,-0.003123,-8.709325,8.918059,8124,-26,42,-53
38.149895,0.008776,0.093207,-2.077973,0.000254,0.389510,-0.003304,0.002792,-2.425291,-2.228642,-0.169910,-0.000230,0.000127,10.000000,-186.000000,-11.000000,-0.031523,0.000010,0.000000,0.000000,0.000000,0.332950,416.000000,0.000000,0.000000,0.000000,0.000000,38.148918,432.835632,369.406281,2227.661865,1726.691772,-0.003168,-8.709467,8.918059,8124,-31,42,-52
38.151852,0.008776,0.093980,-2.077986,0.000260,0.384664,-0.007760,0.002789,-2.421911,-2.227288,-0.169957,-0.000231,0.000120,10.000000,-186.000000,-11.000000,-0.031523,0.000010,0.000000,0.000000,0.000000,0.332950,416.000000,0.000000,0.000000,0.000000,0.000000,38.150871,432.835632,369.406281,2227.661865,1726.691772,-0.003205,-8.709581,8.918059,8124,-36,42,-50
38.153805,0.008777,0.094742,-2.078009,0.000265,0.379825,-0.012212,0.002783,-2.418383,-2.225688,-0.169996,-0.000232,0.000114,10.000000,-186.000000,-11.000000,-0.031523,0.000010,0.000000,0.000000,0.000000,0.332950,416.000000,0.000000,0.000000,0.000000,0.000000,38.152828,432.835632,369.406281,2227.661865,1726.691772,-0.003232,-8.709668,8.918059,8124,-40,42,-49
38.155758,0.008777,0.095496,-2.078040,0.000271,0.374994,-0.016661,0.002775,-2.414724,-2.223864,-0.170027,-0.000233,0.000107,10.000000,-186.000000,-11.000000,-0.031523,0.000010,0.000000,0.000000,0.000000,0.332950,416.000000,0.000000,0.000000,0.000000,0.000000,38.154781,432.835632,369.406281,2227.661865,1726.691772,-0.003252,-8.709730,8.918059,8124,-43,42,-47
38.157711,0.008778,0.096239,-2.078080,0.000276,0.370170,-0.021105,0.002763,-2.410954,-2.221835,-0.170052,-0.000233,0.000101,10.000000,-186.000000,-11.000000,-0.031523,0.000010,0.000000,0.000000,0.000000,0.332950,416.000000,0.000000,0.000000,0.000000,0.000000,38.156734,432.835632,369.406281,2227.661865,1726.691772,-0.003264,-8.709767,8.918059,8124,-46,42,-46
38.159664,0.008779,0.096973,-2.078129,0.000282,0.365354,-0.025546,0.002749,-2.407089,-2.219622,-0.170072,-0.000233,0.000094,10.000000,-186.000000,-11.000000,-0.031523,0.000010,0.000000,0.000000,0.000000,0.332950,416.000000,0.000000,0.000000,0.000000,0.000000,38.158688,432.835632,369.406281,2227.661865,1726.691772,-0.003269,-8.709782,8.918059,8124,-48,42,-44
38.161621,0.008779,0.097697,-2.078187,0.000287,0.360546,-0.029981,0.002731,-2.403146,-2.217240,-0.170087,-0.000233,0.000088,10.000000,-186.000000,-11.000000,-0.031523,0.000010,0.000000,0.000000,0.000000,0.332950,416.000000,0.000000,0.000000,0.000000,0.000000,38.160645,432.835632,369.406281,2227.661865,1726.691772,-0.003266,-8.709774,8.918059,8124,-50,41,-43
38.163574,0.008780,0.098412,-2.078253,0.000293,0.355746,-0.034412,0.002710,-2.399137,-2.214706,-0.170100,-0.000233,0.000081,10.000000,-186.000000,-11.000000,-0.031523,0.000010,0.000000,0.000000,0.000000,0.332950,416.000000,0.000000,0.000000,0.000000,0.000000,38.162598,432.835632,369.406281,2227.661865,1726.691772,-0.003257,-8.709745,8.918059,8124,-52,41,-41
38.165527,0.008780,0.099117,-2.078329,0.000298,0.350953,-0.038837,0.002686,-2.395080,-2.212033,-0.170111,-0.000232,0.000074,10.000000,-186.000000,-11.000000,-0.031523,0.000010,0.000000,0.000000,0.000000,0.332950,416.000000,0.000000,0.000000,0.000000,0.000000,38.164551,432.835632,369.406281,2227.661865,1726.691772,-0.003241,-8.709696,8.918059,8124,-53,41,-39
38.167480,0.008781,0.099812,-2.078413,0.000304,0.346169,-0.043257,0.002659,-2.390986,-2.209234,-0.170120,-0.000231,0.000068,10.000000,-186.000000,-11.000000,-0.031523,0.000010,0.000000,0.000000,0.000000,0.332950,416.000000,0.000000,0.000000,0.000000,0.000000,38.166504,432.835632,369.406281,2227.661865,1726.691772,-0.003213,-8.709606,8.918059,8124,-53,41,-38
38.169437,0.008781,0.100498,-2.078506,0.000309,0.341394,-0.047671,0.002629,-2.386863,-2.206318,-0.170128,-0.000230,0.000061,10.000000,-186.000000,-11.000000,-0.031523,0.000010,0.000000,0.000000,0.000000,0.332950,416.000000,0.000000,0.000000,0.000000,0.000000,38.168461,432.835632,369.406281,2227.661865,1726.691772,-0.003179,-8.709500,8.918059,8124,-54,41,-36
38.171391,0.008782,0.101174,-2.078609,0.000314,0.336626,-0.052080,0.002597,-2.382728,-2.203297,-0.170137,-0.000229,0.000054,10.000000,-186.000000,-11.000000,-0.031523,0.000010,0.000000,0.000000,0.000000,0.332950,416.000000,0.000000,0.000000,0.000000,0.000000,38.170410,432.835632,369.406281,2227.661865,1726.691772,-0.003139,-8.709376,8.918059,8124,-53,41,-35
38.173344,0.008783,0.101841,-2.078719,0.000319,0.331867,-0.056482,0.002561,-2.378584,-2.200180,-0.170146,-0.000227,0.000048,10.000000,-186.000000,-11.000000,-0.031523,0.000010,0.000000,0.000000,0.000000,0.332950,416.000000,0.000000,0.000000,0.000000,0.000000,38.172367,432.835632,369.406281,2227.661865,1726.691772,-0.003095,-8.709235,8.918059,8124,-53,41,-33
38.175297,0.008783,0.102498,-2.078839,0.000324,0.327116,-0.060877,0.002522,-2.374446,-2.196975,-0.170156,-0.000226,0.000041,10.000000,-186.000000,-11.000000,-0.031523,0.000010,0.000000,0.000000,0.000000,0.332950,416.000000,0.000000,0.000000,0.000000,0.000000,38.174320,432.835632,369.406281,2227.661865,1726.691772,-0.003044,-8.709077,8.918059,8124,-52,40,-31
38.177254,0.008784,0.103146,-2.078967,0.000329,0.322373,-0.065266,0.002480,-2.370318,-2.193689,-0.170168,-0.000223,0.000035,10.000000,-185.000000,-4.000000,-0.031523,0.000010,0.000000,0.000000,0.000000,0.332950,420.000000,0.000000,0.000000,0.000000,0.000000,38.176277,432.835632,369.406281,2227.661865,1726.691772,-0.002982,-8.708882,8.918059,8123,-51,40,-30
38.179207,0.008785,0.103784,-2.079105,0.000334,0.317639,-0.069648,0.002436,-2.366188,-2.190226,-0.170182,-0.000221,0.000029,10.000000,-185.000000,-4.000000,-0.019764,0.000079,0.000000,0.000000,0.067000,0.071244,420.000000,0.000000,0.000000,0.000000,0.000000,38.178226,343.283569,388.025269,-1336.597900,887.818359,-0.002915,-9.147149,8.937985,8335,-50,40,-28
38.181160,0.008785,0.104413,-2.079251,0.000339,0.312908,-0.074053,0.002394,-2.365882,-2.208793,-0.170199,-0.000219,0.000023,10.000000,-185.000000,-4.000000,-0.019764,0.000079,0.000000,0.000000,0.000000,0.071244,420.000000,0.000000,0.000000,0.000000,0.000000,38.180183,343.283569,388.025269,-1336.597900,887.818359,-0.002840,-9.146914,8.937985,8335,-49,40,-27
38.183113,0.008786,0.105033,-2.079406,0.000344,0.308175,-0.078506,0.002350,-2.366471,-2.232342,-0.170218,-0.000216,0.000017,10.000000,-185.000000,-4.000000,-0.019764,0.000079,0.000000,0.000000,0.000000,0.071244,420.000000,0.000000,0.000000,0.000000,0.000000,38.182137,343.283569,388.025269,-1336.597900,887.818359,-0.002758,-9.146654,8.937985,8334,-47,40,-26
38.185066,0.008787,0.105642,-2.079570,0.000348,0.303442,-0.083003,0.002303,-2.366636,-2.253161,-0.170241,-0.000213,0.000011,10.000000,-185.000000,-4.000000,-0.019764,0.000079,0.000000,0.000000,0.000000,0.071244,420.000000,0.000000,0.000000,0.000000,0.000000,38.184093,343.283569,388.025269,-1336.597900,887.818359,-0.002678,-9.146402,8.937985,8334,-45,40,-24
38.187023,0.008787,0.106243,-2.079743,0.000353,0.298709,-0.087537,0.002254,-2.366437,-2.271574,-0.170267,-0.000209,0.000005,10.000000,-185.000000,-4.000000,-0.019764,0.000079,0.000000,0.000000,0.000000,0.071244,420.000000,0.000000,0.000000,0.000000,0.000000,38.186043,343.283569,388.025269,-1336.597900,887.818359,-0.002593,-9.146137,8.937985,8334,-43,39,-23
38.188976,0.008788,0.106834,-2.079925,0.000357,0.293976,-0.092105,0.002201,-2.365918,-2.287839,-0.170297,-0.000206,-0.000001,10.000000,-185.000000,-4.000000,-0.019764,0.000079,0.000000,0.000000,0.000000,0.071244,420.000000,0.000000,0.000000,0.000000,0.000000,38.188000,343.283569,388.025269,-1336.597900,887.818359,-0.002504,-9.145859,8.937985,8334,-41,39,-21
38.190929,0.008789,0.107415,-2.080116,0.000362,0.289246,-0.096702,0.002147,-2.365120,-2.302155,-0.170330,-0.000202,-0.000006,10.000000,-185.000000,-4.000000,-0.019764,0.000079,0.000000,0.000000,0.000000,0.071244,420.000000,0.000000,0.000000,0.000000,0.000000,38.189953,343.283569,388.025269,-1336.597900,887.818359,-0.002411,-9.145565,8.937985,8334,-38,39,-20
38.192883,0.008790,0.107987,-2.080317,0.000366,0.284517,-0.101325,0.002090,-2.364072,-2.314704,-0.170368,-0.000199,-0.000012,10.000000,-185.000000,-4.000000,-0.019764,0.000079,0.000000,0.000000,0.000000,0.071244,420.000000,0.000000,0.000000,0.000000,0.000000,38.191910,343.283569,388.025269,-1336.597900,887.818359,-0.002313,-9.145257,8.937985,8334,-36,39,-19
38.194839,0.008790,0.108550,-2.080526,0.000370,0.279791,-0.105971,0.002031,-2.362804,-2.325649,-0.170409,-0.000195,-0.000017,10.000000,-185.000000,-4.000000,-0.019764,0.000079,0.000000,0.000000,0.000000,0.071244,420.000000,0.000000,0.000000,0.000000,0.000000,38.193859,343.283569,388.025269,-1336.597900,887.818359,-0.002217,-9.144955,8.937985,8334,-33,39,-18
38.196793,0.008791,0.109103,-2.080745,0.000374,0.275067,-0.110637,0.001971,-2.361344,-2.335141,-0.170454,-0.000191,-0.000022,10.000000,-185.000000,-4.000000,-0.019764,0.000079,0.000000,0.000000,0.000000,0.071244,420.000000,0.000000,0.000000,0.000000,0.000000,38.195816,343.283569,388.025269,-1336.597900,887.818359,-0.002121,-9.144656,8.937985,8333,-31,39,-17
38.198746,0.008792,0.109646,-2.080974,0.000378,0.270347,-0.115320,0.001909,-2.359695,-2.343208,-0.170503,-0.000186,-0.000026,10.000000,-185.000000,-4.000000,-0.019764,0.000079,0.000000,0.000000,0.000000,0.071244,420.000000,0.000000,0.000000,0.000000,0.000000,38.197769,343.283569,388.025269,-1336.597900,887.818359,-0.002027,-9.144359,8.937985,8333,-28,39,-16
38.200699,0.008793,0.110180,-2.081212,0.000381,0.265630,-0.120016,0.001846,-2.357895,-2.350055,-0.170557,-0.000182,-0.000031,10.000000,-185.000000,-4.000000,-0.019764,0.000079,0.000000,0.000000,0.000000,0.071244,420.000000,0.000000,0.000000,0.000000,0.000000,38.199722,343.283569,388.025269,-1336.597900,887.818359,-0.001933,-9.144063,8.937985,8333,-25,38,-15
38.202656,0.008793,0.110705,-2.081459,0.000385,0.260917,-0.124725,0.001782,-2.355966,-2.355829,-0.170614,-0.000178,-0.000035,10.000000,-185.000000,-4.000000,-0.019764,0.000079,0.000000,0.000000,0.000000,0.071244,420.000000,0.000000,0.000000,0.000000,0.000000,38.201675,343.283569,388.025269,-1336.597900,887.818359,-0.001838,-9.143767,8.937985,8333,-22,38,-13
38.204609,0.008794,0.111221,-2.081716,0.000389,0.256209,-0.129444,0.001717,-2.353927,-2.360631,-0.170675,-0.000173,-0.000040,10.000000,-185.000000,-4.000000,-0.019764,0.000079,0.000000,0.000000,0.000000,0.071244,420.000000,0.000000,0.000000,0.000000,0.000000,38.203632,343.283569,388.025269,-1336.597900,887.818359,-0.001737,-9.143450,8.937985,8333,-20,38,-13
38.206562,0.008795,0.111726,-2.081982,0.000392,0.251504,-0.134172,0.001651,-2.351787,-2.364552,-0.170740,-0.000169,-0.000044,10.000000,-185.000000,-4.000000,-0.019764,0.000079,0.000000,0.000000,0.000000,0.071244,420.000000,0.000000,0.000000,0.000000,0.000000,38.205585,343.283569,388.025269,-1336.597900,887.818359,-0.001636,-9.143131,8.937985,8333,-17,38,-12
38.208515,0.008796,0.112223,-2.082258,0.000395,0.246804,-0.138905,0.001585,-2.349564,-2.367671,-0.170808,-0.000164,-0.000048,10.000000,-185.000000,-4.000000,-0.019764,0.000079,0.000000,0.000000,0.000000,0.071244,420.000000,0.000000,0.000000,0.000000,0.000000,38.207539,343.283569,388.025269,-1336.597900,887.818359,-0.001540,-9.142831,8.937985,8333,-14,38,-11
38.210468,0.008797,0.112710,-2.082543,0.000398,0.242108,-0.143644,0.001519,-2.347267,-2.370067,-0.170880,-0.000160,-0.000051,10.000000,-185.000000,-4.000000,-0.019764,0.000079,0.000000,0.000000,0.000000,0.071244,420.000000,0.000000,0.000000,0.000000,0.000000,38.209492,343.283569,388.025269,-1336.597900,887.818359,-0.001443,-9.142527,8.937985,8332,-11,38,-10
38.212425,0.008797,0.113188,-2.082838,0.000401,0.237417,-0.148387,0.001453,-2.344888,-2.371701,-0.170956,-0.000155,-0.000055,10.000000,-185.000000,-4.000000,-0.019764,0.000079,0.000000,0.000000,0.000000,0.071244,420.000000,0.000000,0.000000,0.000000,0.000000,38.211449,343.283569,388.025269,-1336.597900,887.818359,-0.001345,-9.142217,8.937985,8332,-9,38,-9
38.214378,0.008798,0.113656,-2.083142,0.000404,0.232731,-0.153132,0.001387,-2.342448,-2.372716,-0.171034,-0.000151,-0.000058,10.000000,-185.000000,-4.000000,-0.019764,0.000079,0.000000,0.000000,0.000000,0.071244,420.000000,0.000000,0.000000,0.000000,0.000000,38.213402,343.283569,388.025269,-1336.597900,887.818359,-0.001244,-9.141902,8.937985,8332,-6,38,-8
38.216331,0.008799,0.114115,-2.083456,0.000407,0.228050,-0.157878,0.001322,-2.339961,-2.373204,-0.171115,-0.000146,-0.000061,10.000000,-185.000000,-4.000000,-0.019764,0.000079,0.000000,0.000000,0.000000,0.071244,420.000000,0.000000,0.000000,0.000000,0.000000,38.215355,343.283569,388.025269,-1336.597900,887.818359,-0.001142,-9.141581,8.937985,8332,-3,38,-8
38.218285,0.008800,0.114564,-2.083779,0.000409,0.223374,-0.162625,0.001256,-2.337431,-2.373213,-0.171199,-0.000141,-0.000064,10.000000,-185.000000,-4.000000,-0.019764,0.000079,0.000000,0.000000,0.000000,0.071244,420.000000,0.000000,0.000000,0.000000,0.000000,38.217308,343.283569,388.025269,-1336.597900,887.818359,-0.001044,-9.141273,8.937985,8332,-1,38,-7
38.220242,0.008801,0.115004,-2.084112,0.000411,0.218703,-0.167371,0.001191,-2.334867,-2.372791,-0.171286,-0.000137,-0.000067,10.000000,-185.000000,-4.000000,-0.019764,0.000079,0.000000,0.000000,0.000000,0.071244,420.000000,0.000000,0.000000,0.000000,0.000000,38.219265,343.283569,388.025269,-1336.597900,887.818359,-0.000949,-9.140976,8.937985,8332,1,38,-6
38.222195,0.008801,0.115435,-2.084454,0.000414,0.214037,-0.172115,0.001127,-2.332270,-2.371977,-0.171374,-0.000132,-0.000069,10.000000,-185.000000,-4.000000,-0.019764,0.000079,0.000000,0.000000,0.000000,0.071244,420.000000,0.000000,0.000000,0.000000,0.000000,38.221214,343.283569,388.025269,-1336.597900,887.818359,-0.000852,-9.140670,8.937985,8332,3,38,-6
38.224148,0.008802,0.115857,-2.084806,0.000416,0.209376,-0.176857,0.001064,-2.329643,-2.370809,-0.171465,-0.000127,-0.000071,10.000000,-185.000000,-4.000000,-0.019764,0.000079,0.000000,0.000000,0.000000,0.071244,420.000000,0.000000,0.000000,0.000000,0.000000,38.223171,343.283569,388.025269,-1336.597900,887.818359,-0.000757,-9.140373,8.937985,8331,5,38,-5
38.226101,0.008803,0.116269,-2.085167,0.000418,0.204721,-0.181597,0.001001,-2.326973,-2.369216,-0.171558,-0.000123,-0.000073,10.000000,-185.000000,-4.000000,-0.019764,0.000079,0.000000,0.000000,0.000000,0.071244,420.000000,0.000000,0.000000,0.000000,0.000000,38.225124,343.283569,388.025269,-1336.597900,887.818359,-0.000665,-9.140084,8.937985,8331,7,38,-5
38.228058,0.008804,0.116672,-2.085537,0.000420,0.200071,-0.186332,0.000939,-2.324275,-2.367310,-0.171652,-0.000118,-0.000075,10.000000,-185.000000,-4.000000,-0.019764,0.000079,0.000000,0.000000,0.000000,0.071244,420.000000,0.000000,0.000000,0.000000,0.000000,38.227081,343.283569,388.025269,-1336.597900,887.818359,-0.000576,-9.139803,8.937985,8331,10,38,-4
38.230011,0.008805,0.117065,-2.085918,0.000422,0.195426,-0.191064,0.000878,-2.321558,-2.365153,-0.171747,-0.000114,-0.000077,10.000000,-185.000000,-4.000000,-0.019764,0.000079,0.000000,0.000000,0.000000,0.071244,420.000000,0.000000,0.000000,0.000000,0.000000,38.229031,343.283569,388.025269,-1336.597900,887.818359,-0.000488,-9.139527,8.937985,8331,12,38,-4
38.231964,0.008806,0.117450,-2.086307,0.000423,0.190787,-0.195790,0.000818,-2.318820,-2.362772,-0.171844,-0.000109,-0.000079,10.000000,-185.000000,-4.000000,-0.019764,0.000079,0.000000,0.000000,0.000000,0.071244,420.000000,0.000000,0.000000,0.000000,0.000000,38.230988,343.283569,388.025269,-1336.597900,887.818359,-0.000402,-9.139256,8.937985,8331,13,37,-4
38.233917,0.008806,0.117825,-2.086706,0.000425,0.186154,-0.200512,0.000759,-2.316064,-2.360187,-0.171941,-0.000105,-0.000080,10.000000,-185.000000,-4.000000,-0.019764,0.000079,0.000000,0.000000,0.000000,0.071244,420.000000,0.000000,0.000000,0.000000,0.000000,38.232941,343.283569,388.025269,-1336.597900,887.818359,-0.000323,-9.139008,8.937985,8331,15,37,-3
38.235870,0.008807,0.118190,-2.087115,0.000426,0.181526,-0.205228,0.000701,-2.313293,-2.357419,-0.172040,-0.000101,-0.000081,10.000000,-185.000000,-4.000000,-0.019764,0.000079,0.000000,0.000000,0.000000,0.071244,420.000000,0.000000,0.000000,0.000000,0.000000,38.234898,343.283569,388.025269,-1336.597900,887.818359,-0.000244,-9.138762,8.937985,8331,17,37,-3
38.237827,0.008808,0.118547,-2.087533,0.000428,0.176904,-0.209939,0.000644,-2.310501,-2.354486,-0.172138,-0.000096,-0.000082,10.000000,-185.000000,-4.000000,-0.019764,0.000079,0.000000,0.000000,0.000000,0.071244,420.000000,0.000000,0.000000,0.000000,0.000000,38.236847,343.283569,388.025269,-1336.597900,887.818359,-0.000166,-9.138515,8.937985,8331,18,37,-3
38.239780,0.008809,0.118894,-2.087960,0.000429,0.172287,-0.214643,0.000589,-2.307692,-2.351404,-0.172236,-0.000092,-0.000083,10.000000,-185.000000,-4.000000,-0.019764,0.000079,0.000000,0.000000,0.000000,0.071244,420.000000,0.000000,0.000000,0.000000,0.000000,38.238804,343.283569,388.025269,-1336.597900,887.818359,-0.000094,-9.138289,8.937985,8330,20,37,-3
38.241734,0.008810,0.119232,-2.088397,0.000430,0.167676,-0.219341,0.000535,-2.304846,-2.348084,-0.172335,-0.000088,-0.000084,10.000000,-185.000000,-4.000000,-0.019764,0.000079,0.000000,0.000000,0.000000,0.071244,420.000000,0.000000,0.000000,0.000000,0.000000,38.240757,343.283569,388.025269,-1336.597900,887.818359,-0.000028,-9.138083,8.937985,8330,21,37,-2
38.243687,0.008811,0.119561,-2.088843,0.000431,0.163070,-0.224032,0.000483,-2.301978,-2.344622,-0.172433,-0.000084,-0.000084,10.000000,-185.000000,-4.000000,-0.019764,0.000079,0.000000,0.000000,0.000000,0.071244,420.000000,0.000000,0.000000,0.000000,0.000000,38.242710,343.283569,388.025269,-1336.597900,887.818359,0.000039,-9.137871,8.937985,8330,22,37,-2
38.245644,0.008812,0.119880,-2.089298,0.000432,0.158471,-0.228716,0.000432,-2.299091,-2.341064,-0.172531,-0.000080,-0.000085,10.000000,-185.000000,-4.000000,-0.019764,0.000079,0.000000,0.000000,0.000000,0.071244,420.000000,0.000000,0.000000,0.000000,0.000000,38.244663,343.283569,388.025269,-1336.597900,887.818359,0.000108,-9.137656,8.937985,8330,23,38,-2
38.247597,0.008812,0.120191,-2.089763,0.000433,0.153877,-0.233393,0.000383,-2.296186,-2.337421,-0.172627,-0.000076,-0.000085,10.000000,-185.000000,-4.000000,-0.019764,0.000079,0.000000,0.000000,0.000000,0.071244,420.000000,0.000000,0.000000,0.000000,0.000000,38.246620,343.283569,388.025269,-1336.597900,887.818359,0.000171,-9.137458,8.937985,8330,24,38,-2
38.249550,0.008813,0.120492,-2.090238,0.000433,0.149289,-0.238062,0.000336,-2.293261,-2.333701,-0.172723,-0.000073,-0.000085,10.000000,-185.000000,-4.000000,-0.019764,0.000079,0.000000,0.000000,0.000000,0.071244,420.000000,0.000000,0.000000,0.000000,0.000000,38.248573,343.283569,388.025269,-1336.597900,887.818359,0.000230,-9.137274,8.937985,8330,25,38,-2
38.251503,0.008814,0.120784,-2.090721,0.000434,0.144707,-0.242724,0.000290,-2.290315,-2.329914,-0.172818,-0.000069,-0.000085,10.000000,-185.000000,-4.000000,-0.019764,0.000079,0.000000,0.000000,0.000000,0.071244,420.000000,0.000000,0.000000,0.000000,0.000000,38.250526,343.283569,388.025269,-1336.597900,887.818359,0.000284,-9.137103,8.937985,8330,26,38,-2
38.253456,0.008815,0.121067,-2.091214,0.000434,0.140131,-0.247378,0.000246,-2.287347,-2.326067,-0.172911,-0.000066,-0.000085,10.000000,-185.000000,-4.000000,-0.019764,0.000079,0.000000,0.000000,0.000000,0.071244,420.000000,0.000000,0.000000,0.000000,0.000000,38.252480,343.283569,388.025269,-1336.597900,887.818359,0.000334,-9.136945,8.937985,8330,27,38,-2
38.255413,0.008816,0.121340,-2.091717,0.000435,0.135560,-0.252024,0.000203,-2.284356,-2.322168,-0.173003,-0.000062,-0.000085,10.000000,-186.000000,3.000000,-0.019764,0.000079,0.000000,0.000000,0.000000,0.071244,416.000000,0.000000,0.000000,0.000000,0.000000,38.254436,343.283569,388.025269,-1336.597900,887.818359,0.000382,-9.136797,8.937985,8330,27,38,-2
38.257366,0.008817,0.121605,-2.092228,0.000435,0.130996,-0.256662,0.000162,-2.281342,-2.318222,-0.173094,-0.000059,-0.000085,10.000000,-186.000000,3.000000,-0.025665,0.000103,0.000000,0.000000,0.067000,-0.071585,416.000000,0.000000,0.000000,0.000000,0.000000,38.256390,104.477623,243.465439,-3564.268066,-473.553772,0.000425,-5.732275,8.927015,6914,28,38,-2
38.259319,0.008818,0.121860,-2.092749,0.000435,0.126473,-0.261095,0.000117,-2.252475,-2.166564,-0.173182,-0.000056,-0.000084,10.000000,-186.000000,3.000000,-0.025665,0.000103,0.000000,0.000000,0.000000,-0.071585,416.000000,0.000000,0.000000,0.000000,0.000000,38.258343,104.477623,243.465439,-3564.268066,-473.553772,0.000464,-5.732154,8.927015,6914,28,38,-2
38.261272,0.008819,0.122107,-2.093277,0.000436,0.122020,-0.265148,0.000071,-2.217680,-1.981286,-0.173268,-0.000053,-0.000084,10.000000,-186.000000,3.000000,-0.025665,0.000103,0.000000,0.000000,0.000000,-0.071585,416.000000,0.000000,0.000000,0.000000,0.000000,38.260296,104.477623,243.465439,-3564.268066,-473.553772,0.000498,-5.732048,8.927015,6914,28,38,-2
38.263229,0.008819,0.122345,-2.093814,0.000436,0.117633,-0.268856,0.000028,-2.185843,-1.813211,-0.173352,-0.000049,-0.000083,10.000000,-186.000000,3.000000,-0.025665,0.000103,0.000000,0.000000,0.000000,-0.071585,416.000000,0.000000,0.000000,0.000000,0.000000,38.262253,104.477623,243.465439,-3564.268066,-473.553772,0.000530,-5.731946,8.927015,6914,28,38,-2
38.265182,0.008820,0.122574,-2.094357,0.000436,0.113305,-0.272252,-0.000014,-2.156687,-1.660738,-0.173434,-0.000046,-0.000083,10.000000,-186.000000,3.000000,-0.025665,0.000103,0.000000,0.000000,0.000000,-0.071585,416.000000,0.000000,0.000000,0.000000,0.000000,38.264202,104.477623,243.465439,-3564.268066,-473.553772,0.000561,-5.731849,8.927015,6914,28,38,-2
38.267136,0.008821,0.122794,-2.094907,0.000436,0.109032,-0.275365,-0.000056,-2.129964,-1.522417,-0.173514,-0.000043,-0.000082,10.000000,-186.000000,3.000000,-0.025665,0.000103,0.000000,0.000000,0.000000,-0.071585,416.000000,0.000000,0.000000,0.000000,0.000000,38.266159,104.477623,243.465439,-3564.268066,-473.553772,0.000590,-5.731757,8.927015,6914,28,37,-2
38.269089,0.008822,0.123006,-2.095463,0.000435,0.104809,-0.278220,-0.000098,-2.105444,-1.396933,-0.173591,-0.000039,-0.000081,10.000000,-186.000000,3.000000,-0.025665,0.000103,0.000000,0.000000,0.000000,-0.071585,416.000000,0.000000,0.000000,0.000000,0.000000,38.268112,104.477623,243.465439,-3564.268066,-473.553772,0.000618,-5.731670,8.927015,6914,28,37,-2
38.271046,0.008823,0.123210,-2.096024,0.000435,0.100633,-0.280841,-0.000141,-2.082921,-1.283089,-0.173666,-0.000036,-0.000081,10.000000,-186.000000,3.000000,-0.025665,0.000103,0.000000,0.000000,0.000000,-0.071585,416.000000,0.000000,0.000000,0.000000,0.000000,38.270069,104.477623,243.465439,-3564.268066,-473.553772,0.000645,-5.731587,8.927015,6914,28,37,-2
38.272999,0.008824,0.123405,-2.096589,0.000435,0.096498,-0.283251,-0.000184,-2.062208,-1.179802,-0.173737,-0.000032,-0.000080,10.000000,-186.000000,3.000000,-0.025665,0.000103,0.000000,0.000000,0.000000,-0.071585,416.000000,0.000000,0.000000,0.000000,0.000000,38.272018,104.477623,243.465439,-3564.268066,-473.553772,0.000670,-5.731508,8.927015,6914,27,37,-2
38.274952,0.008825,0.123592,-2.097160,0.000434,0.092402,-0.285469,-0.000229,-2.043135,-1.086091,-0.173807,-0.000028,-0.000079,10.000000,-186.000000,3.000000,-0.025665,0.000103,0.000000,0.000000,0.000000,-0.071585,416.000000,0.000000,0.000000,0.000000,0.000000,38.273975,104.477623,243.465439,-3564.268066,-473.553772,0.000694,-5.731433,8.927015,6914,27,37,-3
38.276905,0.008826,0.123771,-2.097734,0.000434,0.088343,-0.287513,-0.000276,-2.025546,-1.001066,-0.173873,-0.000023,-0.000079,10.000000,-186.000000,3.000000,-0.025665,0.000103,0.000000,0.000000,0.000000,-0.071585,416.000000,0.000000,0.000000,0.000000,0.000000,38.275928,104.477623,243.465439,-3564.268066,-473.553772,0.000710,-5.731383,8.927015,6914,27,36,-3
38.278858,0.008826,0.123942,-2.098313,0.000433,0.084316,-0.289398,-0.000325,-2.009304,-0.923917,-0.173937,-0.000018,-0.000078,10.000000,-186.000000,3.000000,-0.025665,0.000103,0.000000,0.000000,0.000000,-0.071585,416.000000,0.000000,0.000000,0.000000,0.000000,38.277885,104.477623,243.465439,-3564.268066,-473.553772,0.000718,-5.731356,8.927015,6914,26,36,-3
38.280815,0.008827,0.124104,-2.098895,0.000432,0.080320,-0.291140,-0.000375,-1.994281,-0.853915,-0.173997,-0.000014,-0.000078,10.000000,-186.000000,3.000000,-0.025665,0.000103,0.000000,0.000000,0.000000,-0.071585,416.000000,0.000000,0.000000,0.000000,0.000000,38.279835,104.477623,243.465439,-3564.268066,-473.553772,0.000727,-5.731329,8.927015,6914,25,36,-3
38.282768,0.008828,0.124259,-2.099480,0.000432,0.076353,-0.292752,-0.000428,-1.980361,-0.790393,-0.174055,-0.000008,-0.000077,10.000000,-186.000000,3.000000,-0.025665,0.000103,0.000000,0.000000,0.000000,-0.071585,416.000000,0.000000,0.000000,0.000000,0.000000,38.281792,104.477623,243.465439,-3564.268066,-473.553772,0.000735,-5.731303,8.927015,6913,25,35,-3
38.284721,0.008829,0.124406,-2.100069,0.000431,0.072411,-0.294246,-0.000484,-1.967421,-0.732644,-0.174110,-0.000003,-0.000076,10.000000,-186.000000,3.000000,-0.025665,0.000103,0.000000,0.000000,0.000000,-0.071585,416.000000,0.000000,0.000000,0.000000,0.000000,38.283745,104.477623,243.465439,-3564.268066,-473.553772,0.000743,-5.731278,8.927015,6913,24,35,-3
38.286674,0.008830,0.124545,-2.100660,0.000430,0.068495,-0.295632,-0.000541,-1.955381,-0.680204,-0.174162,0.000003,-0.000076,10.000000,-186.000000,3.000000,-0.025665,0.000103,0.000000,0.000000,0.000000,-0.071585,416.000000,0.000000,0.000000,0.000000,0.000000,38.285702,104.477623,243.465439,-3564.268066,-473.553772,0.000750,-5.731255,8.927015,6913,23,34,-3
38.288631,0.008831,0.124676,-2.101254,0.000428,0.064601,-0.296920,-0.000602,-1.944161,-0.632611,-0.174211,0.000009,-0.000075,10.000000,-186.000000,3.000000,-0.025665,0.000103,0.000000,0.000000,0.000000,-0.071585,416.000000,0.000000,0.000000,0.000000,0.000000,38.287651,104.477623,243.465439,-3564.268066,-473.553772,0.000758,-5.731232,8.927015,6913,23,34,-3
38.290585,0.008832,0.124800,-2.101850,0.000427,0.060728,-0.298120,-0.000664,-1.933683,-0.589416,-0.174257,0.000015,-0.000075,10.000000,-186.000000,3.000000,-0.025665,0.000103,0.000000,0.000000,0.000000,-0.071585,416.000000,0.000000,0.000000,0.000000,0.000000,38.289608,104.477623,243.465439,-3564.268066,-473.553772,0.000764,-5.731211,8.927015,6913,22,34,-3
38.292538,0.008832,0.124916,-2.102448,0.000426,0.056876,-0.299240,-0.000729,-1.923876,-0.550209,-0.174300,0.000022,-0.000074,10.000000,-186.000000,3.000000,-0.025665,0.000103,0.000000,0.000000,0.000000,-0.071585,416.000000,0.000000,0.000000,0.000000,0.000000,38.291561,104.477623,243.465439,-3564.268066,-473.553772,0.000771,-5.731191,8.927015,6913,21,33,-4
38.294491,0.008833,0.125024,-2.103049,0.000424,0.053042,-0.300286,-0.000796,-1.914675,-0.514620,-0.174340,0.000028,-0.000074,10.000000,-186.000000,3.000000,-0.025665,0.000103,0.000000,0.000000,0.000000,-0.071585,416.000000,0.000000,0.000000,0.000000,0.000000,38.293514,104.477623,243.465439,-3564.268066,-473.553772,0.000770,-5.731194,8.927015,6913,20,33,-4
38.296448,0.008834,0.125124,-2.103652,0.000423,0.049226,-0.301267,-0.000866,-1.906025,-0.482313,-0.174377,0.000035,-0.000074,10.000000,-186.000000,3.000000,-0.025665,0.000103,0.000000,0.000000,0.000000,-0.071585,416.000000,0.000000,0.000000,0.000000,0.000000,38.295467,104.477623,243.465439,-3564.268066,-473.553772,0.000763,-5.731216,8.927015,6913,19,32,-4
38.298401,0.008835,0.125217,-2.104256,0.000421,0.045426,-0.302187,-0.000937,-1.897871,-0.452982,-0.174411,0.000043,-0.000074,10.000000,-186.000000,3.000000,-0.025665,0.000103,0.000000,0.000000,0.000000,-0.071585,416.000000,0.000000,0.000000,0.000000,0.000000,38.297424,104.477623,243.465439,-3564.268066,-473.553772,0.000756,-5.731238,8.927015,6913,18,32,-4
38.300354,0.008836,0.125302,-2.104862,0.000419,0.041642,-0.303053,-0.001010,-1.890165,-0.426352,-0.174443,0.000050,-0.000073,10.000000,-186.000000,3.000000,-0.025665,0.000103,0.000000,0.000000,0.000000,-0.071585,416.000000,0.000000,0.000000,0.000000,0.000000,38.299377,104.477623,243.465439,-3564.268066,-473.553772,0.000749,-5.731259,8.927015,6913,17,31,-4
38.302307,0.008837,0.125380,-2.105470,0.000417,0.037872,-0.303869,-0.001085,-1.882866,-0.402171,-0.174472,0.000058,-0.000073,10.000000,-186.000000,3.000000,-0.025665,0.000103,0.000000,0.000000,0.000000,-0.071585,416.000000,0.000000,0.000000,0.000000,0.000000,38.301331,104.477623,243.465439,-3564.268066,-473.553772,0.000743,-5.731279,8.927015,6913,16,31,-4
38.304260,0.008837,0.125450,-2.106080,0.000414,0.034117,-0.304640,-0.001161,-1.875932,-0.380213,-0.174498,0.000065,-0.000073,10.000000,-186.000000,3.000000,-0.025665,0.000103,0.000000,0.000000,0.000000,-0.071585,416.000000,0.000000,0.000000,0.000000,0.000000,38.303284,104.477623,243.465439,-3564.268066,-473.553772,0.000737,-5.731298,8.927015,6913,15,31,-4
38.306217,0.008838,0.125513,-2.106691,0.000412,0.030375,-0.305370,-0.001239,-1.869330,-0.360268,-0.174522,0.000073,-0.000073,10.000000,-186.000000,3.000000,-0.025665,0.000103,0.000000,0.000000,0.000000,-0.071585,416.000000,0.000000,0.000000,0.000000,0.000000,38.305241,104.477623,243.465439,-3564.268066,-473.553772,0.000731,-5.731317,8.927015,6913,14,30,-4
38.308170,0.008839,0.125568,-2.107303,0.000409,0.026646,-0.306063,-0.001317,-1.863027,-0.342152,-0.174542,0.000081,-0.000073,10.000000,-186.000000,3.000000,-0.025665,0.000103,0.000000,0.000000,0.000000,-0.071585,416.000000,0.000000,0.000000,0.000000,0.000000,38.307194,104.477623,243.465439,-3564.268066,-473.553772,0.000725,-5.731335,8.927015,6914,13,30,-4
38.310123,0.008840,0.125616,-2.107917,0.000406,0.022929,-0.306723,-0.001396,-1.857013,-0.325799,-0.174561,0.000089,-0.000073,10.000000,-186.000000,3.000000,-0.025665,0.000103,0.000000,0.000000,0.000000,-0.071585,416.000000,0.000000,0.000000,0.000000,0.000000,38.309147,104.477623,243.465439,-3564.268066,-473.553772,0.000719,-5.731353,8.927015,6914,12,29,-4
38.312077,0.008841,0.125656,-2.108532,0.000404,0.019224,-0.307352,-0.001476,-1.851247,-0.310974,-0.174577,0.000097,-0.000073,10.000000,-186.000000,3.000000,-0.025665,0.000103,0.000000,0.000000,0.000000,-0.071585,416.000000,0.000000,0.000000,0.000000,0.000000,38.311100,104.477623,243.465439,-3564.268066,-473.553772,0.000713,-5.731371,8.927015,6914,11,29,-4
38.314034,0.008842,0.125689,-2.109148,0.000401,0.015530,-0.307954,-0.001556,-1.845701,-0.297502,-0.174591,0.000105,-0.000073,10.000000,-187.000000,11.000000,-0.025665,0.000103,0.000000,0.000000,0.000000,-0.071585,410.000000,0.000000,0.000000,0.000000,0.000000,38.313057,104.477623,243.465439,-3564.268066,-473.553772,0.000707,-5.731390,8.927015,6914,10,29,-5
38.315987,0.008842,0.125715,-2.109766,0.000397,0.011846,-0.308530,-0.001636,-1.840350,-0.285256,-0.174602,0.000113,-0.000073,10.000000,-187.000000,11.000000,-0.035108,0.000094,0.000000,0.000000,0.066000,-0.110462,410.000000,0.000000,0.000000,0.000000,0.000000,38.315006,121.212120,177.986237,253.552994,-403.253601,0.000694,-4.189396,8.921969,6423,9,28,-5
38.317940,0.008843,0.125733,-2.110384,0.000394,0.008185,-0.309015,-0.001709,-1.826149,-0.222931,-0.174612,0.000121,-0.000073,10.000000,-187.000000,11.000000,-0.035108,0.000094,0.000000,0.000000,0.000000,-0.110462,410.000000,0.000000,0.000000,0.000000,0.000000,38.316963,121.212120,177.986237,253.552994,-403.253601,0.000674,-4.189460,8.921969,6423,8,28,-5
38.319893,0.008844,0.125744,-2.111003,0.000390,0.004557,-0.309351,-0.001778,-1.810055,-0.149973,-0.174619,0.000129,-0.000073,10.000000,-187.000000,11.000000,-0.035108,0.000094,0.000000,0.000000,0.000000,-0.110462,410.000000,0.000000,0.000000,0.000000,0.000000,38.318916,121.212120,177.986237,253.552994,-403.253601,0.000654,-4.189524,8.921969,6424,8,28,-5
38.321850,0.008845,0.125748,-2.111623,0.000387,0.000960,-0.309551,-0.001848,-1.795179,-0.084007,-0.174625,0.000137,-0.000073,10.000000,-187.000000,11.000000,-0.035108,0.000094,0.000000,0.000000,0.000000,-0.110462,410.000000,0.000000,0.000000,0.000000,0.000000,38.320873,121.212120,177.986237,253.552994,-403.253601,0.000634,-4.189586,8.921969,6424,7,28,-5
38.323803,0.008845,0.125744,-2.112243,0.000383,-0.002610,-0.309629,-0.001916,-1.781394,-0.024311,-0.174628,0.000145,-0.000073,10.000000,-187.000000,11.000000,-0.035108,0.000094,0.000000,0.000000,0.000000,-0.110462,410.000000,0.000000,0.000000,0.000000,0.000000,38.322823,121.212120,177.986237,253.552994,-403.253601,0.000615,-4.189646,8.921969,6424,6,27,-5
38.325756,0.008846,0.125734,-2.112863,0.000379,-0.006153,-0.309595,-0.001983,-1.768594,0.029730,-0.174630,0.000153,-0.000073,10.000000,-187.000000,11.000000,-0.035108,0.000094,0.000000,0.000000,0.000000,-0.110462,410.000000,0.000000,0.000000,0.000000,0.000000,38.324780,121.212120,177.986237,253.552994,-403.253601,0.000596,-4.189705,8.921969,6424,5,27,-5
38.327709,0.008847,0.125716,-2.113482,0.000375,-0.009673,-0.309462,-0.002050,-1.756687,0.078643,-0.174630,0.000161,-0.000074,10.000000,-187.000000,11.000000,-0.035108,0.000094,0.000000,0.000000,0.000000,-0.110462,410.000000,0.000000,0.000000,0.000000,0.000000,38.326733,121.212120,177.986237,253.552994,-403.253601,0.000578,-4.189762,8.921969,6424,4,27,-5
38.329662,0.008848,0.125691,-2.114101,0.000371,-0.013169,-0.309238,-0.002115,-1.745590,0.122906,-0.174629,0.000169,-0.000074,10.000000,-187.000000,11.000000,-0.035108,0.000094,0.000000,0.000000,0.000000,-0.110462,410.000000,0.000000,0.000000,0.000000,0.000000,38.328690,121.212120,177.986237,253.552994,-403.253601,0.000560,-4.189818,8.921969,6424,3,27,-5
38.331619,0.008848,0.125660,-2.114720,0.000366,-0.016645,-0.308931,-0.002179,-1.735227,0.162952,-0.174626,0.000176,-0.000074,10.000000,-187.000000,11.000000,-0.035108,0.000094,0.000000,0.000000,0.000000,-0.110462,410.000000,0.000000,0.000000,0.000000,0.000000,38.330639,121.212120,177.986237,253.552994,-403.253601,0.000542,-4.189874,8.921969,6424,3,26,-5
38.333572,0.008849,0.125621,-2.115338,0.000362,-0.020101,-0.308551,-0.002242,-1.725531,0.199173,-0.174622,0.000183,-0.000074,10.000000,-187.000000,11.000000,-0.035108,0.000094,0.000000,0.000000,0.000000,-0.110462,410.000000,0.000000,0.000000,0.000000,0.000000,38.332596,121.212120,177.986237,253.552994,-403.253601,0.000525,-4.189928,8.921969,6424,2,26,-5
38.335526,0.008850,0.125576,-2.115955,0.000357,-0.023538,-0.308103,-0.002304,-1.716441,0.231925,-0.174617,0.000191,-0.000075,10.000000,-187.000000,11.000000,-0.035108,0.000094,0.000000,0.000000,0.000000,-0.110462,410.000000,0.000000,0.000000,0.000000,0.000000,38.334549,121.212120,177.986237,253.552994,-403.253601,0.000508,-4.189982,8.921969,6424,1,26,-5
38.337479,0.008851,0.125524,-2.116571,0.000353,-0.026958,-0.307594,-0.002364,-1.707899,0.261531,-0.174610,0.000198,-0.000075,10.000000,-187.000000,11.000000,-0.035108,0.000094,0.000000,0.000000,0.000000,-0.110462,410.000000,0.000000,0.000000,0.000000,0.000000,38.336506,121.212120,177.986237,253.552994,-403.253601,0.000490,-4.190036,8.921969,6424,0,26,-5
38.339436,0.008851,0.125465,-2.117186,0.000348,-0.030362,-0.307031,-0.002422,-1.699856,0.288284,-0.174603,0.000205,-0.000075,10.000000,-187.000000,11.000000,-0.035108,0.000094,0.000000,0.000000,0.000000,-0.110462,410.000000,0.000000,0.000000,0.000000,0.000000,38.338455,121.212120,177.986237,253.552994,-403.253601,0.000473,-4.190090,8.921969,6424,0,26,-5
38.341389,0.008852,0.125399,-2.117800,0.000343,-0.033750,-0.306418,-0.002479,-1.692266,0.312451,-0.174594,0.000211,-0.000075,10.000000,-187.000000,11.000000,-0.035108,0.000094,0.000000,0.000000,0.000000,-0.110462,410.000000,0.000000,0.000000,0.000000,0.000000,38.340412,121.212120,177.986237,253.552994,-403.253601,0.000456,-4.190144,8.921969,6424,0,26,-5
38.343342,0.008853,0.125326,-2.118412,0.000338,-0.037124,-0.305760,-0.002534,-1.685087,0.334271,-0.174584,0.000218,-0.000076,10.000000,-187.000000,11.000000,-0.035108,0.000094,0.000000,0.000000,0.000000,-0.110462,410.000000,0.000000,0.000000,0.000000,0.000000,38.342365,121.212120,177.986237,253.552994,-403.253601,0.000439,-4.190197,8.921969,6424,0,26,-5
38.345295,0.008853,0.125247,-2.119023,0.000333,-0.040483,-0.305061,-0.002587,-1.678281,0.353963,-0.174574,0.000224,-0.000076,10.000000,-187.000000,11.000000,-0.035108,0.000094,0.000000,0.000000,0.000000,-0.110462,410.000000,0.000000,0.000000,0.000000,0.000000,38.344318,121.212120,177.986237,253.552994,-403.253601,0.000422,-4.190251,8.921969,6424,-1,25,-5
38.347252,0.008854,0.125161,-2.119633,0.000327,-0.043830,-0.304327,-0.002637,-1.671815,0.371725,-0.174563,0.000230,-0.000076,10.000000,-187.000000,11.000000,-0.035108,0.000094,0.000000,0.000000,0.000000,-0.110462,410.000000,0.000000,0.000000,0.000000,0.000000,38.346272,121.212120,177.986237,253.552994,-403.253601,0.000405,-4.190305,8.921969,6424,-1,25,-5
38.349205,0.008855,0.125068,-2.120241,0.000322,-0.047165,-0.303559,-0.002685,-1.665657,0.387738,-0.174552,0.000236,-0.000076,10.000000,-187.000000,11.000000,-0.035108,0.000094,0.000000,0.000000,0.000000,-0.110462,410.000000,0.000000,0.000000,0.000000,0.000000,38.348228,121.212120,177.986237,253.552994,-403.253601,0.000388,-4.190359,8.921969,6424,-2,25,-5
38.351158,0.008855,0.124968,-2.120848,0.000317,-0.050487,-0.302762,-0.002730,-1.659780,0.402164,-0.174539,0.000241,-0.000077,10.000000,-187.000000,11.000000,-0.035108,0.000094,0.000000,0.000000,0.000000,-0.110462,410.000000,0.000000,0.000000,0.000000,0.000000,38.350182,121.212120,177.986237,253.552994,-403.253601,0.000370,-4.190413,8.921969,6424,-2,25,-4
38.353111,0.008856,0.124862,-2.121453,0.000311,-0.053798,-0.301938,-0.002773,-1.654158,0.415152,-0.174527,0.000246,-0.000077,10.000000,-187.000000,11.000000,-0.035108,0.000094,0.000000,0.000000,0.000000,-0.110462,410.000000,0.000000,0.000000,0.000000,0.000000,38.352135,121.212120,177.986237,253.552994,-403.253601,0.000360,-4.190446,8.921969,6424,-3,25,-4
38.355064,0.008857,0.124750,-2.122056,0.000306,-0.057098,-0.301090,-0.002813,-1.648768,0.426835,-0.174514,0.000251,-0.000077,10.000000,-187.000000,11.000000,-0.035108,0.000094,0.000000,0.000000,0.000000,-0.110462,410.000000,0.000000,0.000000,0.000000,0.000000,38.354088,121.212120,177.986237,253.552994,-403.253601,0.000356,-4.190459,8.921969,6424,-3,25,-4
38.357021,0.008857,0.124631,-2.122657,0.000300,-0.060388,-0.300220,-0.002849,-1.643588,0.437334,-0.174500,0.000255,-0.000077,10.000000,-187.000000,11.000000,-0.035108,0.000094,0.000000,0.000000,0.000000,-0.110462,410.000000,0.000000,0.000000,0.000000,0.000000,38.356045,121.212120,177.986237,253.552994,-403.253601,0.000350,-4.190476,8.921969,6424,-3,25,-4
38.358974,0.008858,0.124505,-2.123257,0.000294,-0.063668,-0.299331,-0.002883,-1.638601,0.446761,-0.174486,0.000260,-0.000077,10.000000,-187.000000,11.000000,-0.035108,0.000094,0.000000,0.000000,0.000000,-0.110462,410.000000,0.000000,0.000000,0.000000,0.000000,38.357998,121.212120,177.986237,253.552994,-403.253601,0.000344,-4.190495,8.921969,6424,-4,25,-4
38.360928,0.008858,0.124372,-2.123855,0.000288,-0.066938,-0.298425,-0.002914,-1.633790,0.455215,-0.174472,0.000263,-0.000077,10.000000,-187.000000,11.000000,-0.035108,0.000094,0.000000,0.000000,0.000000,-0.110462,410.000000,0.000000,0.000000,0.000000,0.000000,38.359951,121.212120,177.986237,253.552994,-403.253601,0.000337,-4.190519,8.921969,6424,-4,25,-4
38.362881,0.008859,0.124233,-2.124451,0.000282,-0.070198,-0.297503,-0.002941,-1.629138,0.462787,-0.174458,0.000267,-0.000077,10.000000,-187.000000,11.000000,-0.035108,0.000094,0.000000,0.000000,0.000000,-0.110462,410.000000,0.000000,0.000000,0.000000,0.000000,38.361904,121.212120,177.986237,253.552994,-403.253601,0.000328,-4.190545,8.921969,6424,-4,25,-4
38.364838,0.008859,0.124088,-2.125045,0.000277,-0.073450,-0.296567,-0.002965,-1.624633,0.469560,-0.174444,0.000270,-0.000077,10.000000,-187.000000,11.000000,-0.035108,0.000094,0.000000,0.000000,0.000000,-0.110462,410.000000,0.000000,0.000000,0.000000,0.000000,38.363861,121.212120,177.986237,253.552994,-403.253601,0.000319,-4.190574,8.921969,6424,-5,25,-4
38.366791,0.008860,0.123936,-2.125637,0.000271,-0.076693,-0.295619,-0.002986,-1.620261,0.475608,-0.174430,0.000273,-0.000077,10.000000,-187.000000,11.000000,-0.035108,0.000094,0.000000,0.000000,0.000000,-0.110462,410.000000,0.000000,0.000000,0.000000,0.000000,38.365810,121.212120,177.986237,253.552994,-403.253601,0.000309,-4.190606,8.921969,6424,-5,25,-4
38.368744,0.008861,0.123778,-2.126228,0.000265,-0.079927,-0.294659,-0.003003,-1.616012,0.480998,-0.174416,0.000275,-0.000077,10.000000,-187.000000,11.000000,-0.035108,0.000094,0.000000,0.000000,0.000000,-0.110462,410.000000,0.000000,0.000000,0.000000,0.000000,38.367767,121.212120,177.986237,253.552994,-403.253601,0.000298,-4.190640,8.921969,6424,-5,25,-4
38.370697,0.008861,0.123613,-2.126816,0.000259,-0.083153,-0.293690,-0.003016,-1.611874,0.485793,-0.174401,0.000277,-0.000076,10.000000,-187.000000,11.000000,-0.035108,0.000094,0.000000,0.000000,0.000000,-0.110462,410.000000,0.000000,0.000000,0.000000,0.000000,38.369720,121.212120,177.986237,253.552994,-403.253601,0.000286,-4.190677,8.921969,6424,-5,26,-4
38.372650,0.008862,0.123442,-2.127403,0.000252,-0.086370,-0.292712,-0.003026,-1.607839,0.490048,-0.174387,0.000279,-0.000076,10.000000,-188.000000,18.000000,-0.035108,0.000094,0.000000,0.000000,0.000000,-0.110462,398.000000,0.000000,0.000000,0.000000,0.000000,38.371677,121.212120,177.986237,253.552994,-403.253601,0.000274,-4.190715,8.921969,6424,-5,26,-4
38.374607,0.008862,0.123264,-2.127987,0.000246,-0.089580,-0.291726,-0.003033,-1.603898,0.493813,-0.174374,0.000280,-0.000076,10.000000,-188.000000,18.000000,-0.056074,0.000059,0.000000,0.000000,0.067000,-0.223334,398.000000,0.000000,0.000000,0.000000,0.000000,38.373627,104.477585,131.207642,-249.769119,-416.863861,0.000261,-3.089121,8.917015,6150,-5,26,-3
38.376560,0.008863,0.123080,-2.128570,0.000240,-0.092775,-0.290695,-0.003027,-1.595012,0.525704,-0.174360,0.000281,-0.000075,10.000000,-188.000000,18.000000,-0.056074,0.000059,0.000000,0.000000,0.000000,-0.223334,398.000000,0.000000,0.000000,0.000000,0.000000,38.375584,104.477585,131.207642,-249.769119,-416.863861,0.000254,-3.089143,8.917015,6150,-6,26,-3
38.378513,0.008863,0.122889,-2.129150,0.000234,-0.095950,-0.289586,-0.003016,-1.585060,0.563691,-0.174347,0.000281,-0.000075,10.000000,-188.000000,18.000000,-0.056074,0.000059,0.000000,0.000000,0.000000,-0.223334,398.000000,0.000000,0.000000,0.000000,0.000000,38.377537,104.477585,131.207642,-249.769119,-416.863861,0.000252,-3.089149,8.917015,6150,-6,26,-3
38.380466,0.008863,0.122692,-2.129728,0.000228,-0.099106,-0.288407,-0.003003,-1.575769,0.597980,-0.174334,0.000282,-0.000075,10.000000,-188.000000,18.000000,-0.056074,0.000059,0.000000,0.000000,0.000000,-0.223334,398.000000,0.000000,0.000000,0.000000,0.000000,38.379494,104.477585,131.207642,-249.769119,-416.863861,0.000249,-3.089159,8.917015,6150,-6,26,-3
38.382423,0.008864,0.122489,-2.130304,0.000222,-0.102245,-0.287164,-0.002988,-1.567079,0.628916,-0.174321,0.000282,-0.000074,10.000000,-188.000000,18.000000,-0.056074,0.000059,0.000000,0.000000,0.000000,-0.223334,398.000000,0.000000,0.000000,0.000000,0.000000,38.381443,104.477585,131.207642,-249.769119,-416.863861,0.000244,-3.089173,8.917015,6150,-6,26,-3
38.384377,0.008864,0.122280,-2.130877,0.000216,-0.105367,-0.285864,-0.002970,-1.558936,0.656812,-0.174309,0.000281,-0.000073,10.000000,-188.000000,18.000000,-0.056074,0.000059,0.000000,0.000000,0.000000,-0.223334,398.000000,0.000000,0.000000,0.000000,0.000000,38.383400,104.477585,131.207642,-249.769119,-416.863861,0.000238,-3.089191,8.917015,6150,-6,26,-3
38.386330,0.008865,0.122064,-2.131447,0.000210,-0.108473,-0.284513,-0.002951,-1.551288,0.681951,-0.174297,0.000280,-0.000073,10.000000,-188.000000,18.000000,-0.056074,0.000059,0.000000,0.000000,0.000000,-0.223334,398.000000,0.000000,0.000000,0.000000,0.000000,38.385353,104.477585,131.207642,-249.769119,-416.863861,0.000231,-3.089213,8.917015,6150,-6,27,-3
38.388283,0.008865,0.121842,-2.132014,0.000205,-0.111565,-0.283115,-0.002929,-1.544092,0.704589,-0.174286,0.000279,-0.000072,10.000000,-188.000000,18.000000,-0.056074,0.000059,0.000000,0.000000,0.000000,-0.223334,398.000000,0.000000,0.000000,0.000000,0.000000,38.387306,104.477585,131.207642,-249.769119,-416.863861,0.000223,-3.089238,8.917015,6150,-6,27,-3
38.390240,0.008866,0.121614,-2.132579,0.000199,-0.114643,-0.281675,-0.002905,-1.537305,0.724961,-0.174275,0.000278,-0.000072,10.000000,-188.000000,18.000000,-0.056074,0.000059,0.000000,0.000000,0.000000,-0.223334,398.000000,0.000000,0.000000,0.000000,0.000000,38.389259,104.477585,131.207642,-249.769119,-416.863861,0.000214,-3.089267,8.917015,6150,-5,27,-3
38.392193,0.008866,0.121380,-2.133141,0.000193,-0.117708,-0.280197,-0.002880,-1.530892,0.743277,-0.174265,0.000277,-0.000071,10.000000,-188.000000,18.000000,-0.056074,0.000059,0.000000,0.000000,0.000000,-0.223334,398.000000,0.000000,0.000000,0.000000,0.000000,38.391216,104.477585,131.207642,-249.769119,-416.863861,0.000204,-3.089298,8.917015,6150,-5,27,-3
38.394146,0.008866,0.121140,-2.133699,0.000187,-0.120760,-0.278686,-0.002852,-1.524819,0.759728,-0.174255,0.000275,-0.000070,10.000000,-188.000000,18.000000,-0.056074,0.000059,0.000000,0.000000,0.000000,-0.223334,398.000000,0.000000,0.000000,0.000000,0.000000,38.393169,104.477585,131.207642,-249.769119,-416.863861,0.000194,-3.089332,8.917015,6150,-5,27,-3
38.396099,0.008867,0.120894,-2.134255,0.000182,-0.123801,-0.277144,-0.002823,-1.519054,0.774490,-0.174246,0.000273,-0.000069,10.000000,-188.000000,18.000000,-0.056074,0.000059,0.000000,0.000000,0.000000,-0.223334,398.000000,0.000000,0.000000,0.000000,0.000000,38.395123,104.477585,131.207642,-249.769119,-416.863861,0.000182,-3.089368,8.917015,6150,-5,27,-2
38.398052,0.008867,0.120641,-2.134808,0.000176,-0.126831,-0.275575,-0.002792,-1.513572,0.787719,-0.174237,0.000270,-0.000069,10.000000,-188.000000,18.000000,-0.056074,0.000059,0.000000,0.000000,0.000000,-0.223334,398.000000,0.000000,0.000000,0.000000,0.000000,38.397076,104.477585,131.207642,-249.769119,-416.863861,0.000177,-3.089384,8.917015,6150,-5,27,-2
38.400009,0.008867,0.120383,-2.135357,0.000170,-0.129850,-0.273981,-0.002760,-1.508345,0.799558,-0.174229,0.000268,-0.000068,10.000000,-188.000000,18.000000,-0.056074,0.000059,0.000000,0.000000,0.000000,-0.223334,398.000000,0.000000,0.000000,0.000000,0.000000,38.399033,104.477585,131.207642,-249.769119,-416.863861,0.000178,-3.089381,8.917015,6150,-5,27,-2
38.401962,0.008868,0.120118,-2.135903,0.000165,-0.132859,-0.272366,-0.002726,-1.503350,0.810137,-0.174221,0.000265,-0.000067,10.000000,-188.000000,18.000000,-0.056074,0.000059,0.000000,0.000000,0.000000,-0.223334,398.000000,0.000000,0.000000,0.000000,0.000000,38.400986,104.477585,131.207642,-249.769119,-416.863861,0.000177,-3.089384,8.917015,6150,-5,28,-2
38.403915,0.008868,0.119848,-2.136446,0.000160,-0.135859,-0.270732,-0.002691,-1.498567,0.819574,-0.174214,0.000262,-0.000066,10.000000,-188.000000,18.000000,-0.056074,0.000059,0.000000,0.000000,0.000000,-0.223334,398.000000,0.000000,0.000000,0.000000,0.000000,38.402939,104.477585,131.207642,-249.769119,-416.863861,0.000175,-3.089391,8.917015,6150,-5,28,-2
38.405869,0.008868,0.119571,-2.136985,0.000154,-0.138849,-0.269080,-0.002655,-1.493978,0.827976,-0.174207,0.000259,-0.000065,10.000000,-188.000000,18.000000,-0.056074,0.000059,0.000000,0.000000,0.000000,-0.223334,398.000000,0.000000,0.000000,0.000000,0.000000,38.404892,104.477585,131.207642,-249.769119,-416.863861,0.000171,-3.089403,8.917015,6150,-4,28,-2
38.407825,0.008869,0.119289,-2.137522,0.000149,-0.141831,-0.267413,-0.002617,-1.489566,0.835439,-0.174201,0.000256,-0.000064,10.000000,-188.000000,18.000000,-0.056074,0.000059,0.000000,0.000000,0.000000,-0.223334,398.000000,0.000000,0.000000,0.000000,0.000000,38.406849,104.477585,131.207642,-249.769119,-416.863861,0.000166,-3.089418,8.917015,6150,-4,28,-2
38.409779,0.008869,0.119001,-2.138054,0.000144,-0.144803,-0.265732,-0.002578,-1.485314,0.842051,-0.174196,0.000253,-0.000063,10.000000,-188.000000,18.000000,-0.056074,0.000059,0.000000,0.000000,0.000000,-0.223334,398.000000,0.000000,0.000000,0.000000,0.000000,38.408798,104.477585,131.207642,-249.769119,-416.863861,0.000160,-3.089438,8.917015,6150,-4,28,-2
38.411732,0.008869,0.118706,-2.138584,0.000139,-0.147768,-0.264039,-0.002537,-1.481210,0.847891,-0.174191,0.000249,-0.000063,10.000000,-188.000000,18.000000,-0.056074,0.000059,0.000000,0.000000,0.000000,-0.223334,398.000000,0.000000,0.000000,0.000000,0.000000,38.410755,104.477585,131.207642,-249.769119,-416.863861,0.000153,-3.089461,8.917015,6150,-4,28,-2
38.413685,0.008870,0.118406,-2.139110,0.000134,-0.150724,-0.262335,-0.002496,-1.477240,0.853031,-0.174187,0.000245,-0.000062,10.000000,-188.000000,18.000000,-0.056074,0.000059,0.000000,0.000000,0.000000,-0.223334,398.000000,0.000000,0.000000,0.000000,0.000000,38.412708,104.477585,131.207642,-249.769119,-416.863861,0.000144,-3.089487,8.917015,6150,-4,28,-2
38.415642,0.008870,0.118100,-2.139632,0.000129,-0.153673,-0.260622,-0.002454,-1.473392,0.857537,-0.174183,0.000241,-0.000061,10.000000,-188.000000,18.000000,-0.056074,0.000059,0.000000,0.000000,0.000000,-0.223334,398.000000,0.000000,0.000000,0.000000,0.000000,38.414665,104.477585,131.207642,-249.769119,-416.863861,0.000135,-3.089517,8.917015,6150,-3,28,-2
38.417595,0.008870,0.117788,-2.140152,0.000124,-0.156614,-0.258901,-0.002410,-1.469656,0.861469,-0.174180,0.000237,-0.000060,10.000000,-188.000000,18.000000,-0.056074,0.000059,0.000000,0.000000,0.000000,-0.223334,398.000000,0.000000,0.000000,0.000000,0.000000,38.416615,104.477585,131.207642,-249.769119,-416.863861,0.000125,-3.089549,8.917015,6150,-3,28,-1
38.419548,0.008870,0.117470,-2.140667,0.000119,-0.159548,-0.257173,-0.002366,-1.466025,0.864881,-0.174177,0.000233,-0.000059,10.000000,-188.000000,18.000000,-0.056074,0.000059,0.000000,0.000000,0.000000,-0.223334,398.000000,0.000000,0.000000,0.000000,0.000000,38.418571,104.477585,131.207642,-249.769119,-416.863861,0.000121,-3.089560,8.917015,6150,-3,28,-1
38.421501,0.008871,0.117146,-2.141180,0.000115,-0.162475,-0.255439,-0.002321,-1.462485,0.867820,-0.174175,0.000229,-0.000058,10.000000,-188.000000,18.000000,-0.056074,0.000059,0.000000,0.000000,0.000000,-0.223334,398.000000,0.000000,0.000000,0.000000,0.000000,38.420525,104.477585,131.207642,-249.769119,-416.863861,0.000123,-3.089553,8.917015,6150,-3,28,-1
38.423454,0.008871,0.116816,-2.141688,0.000110,-0.165394,-0.253699,-0.002275,-1.459031,0.870332,-0.174174,0.000225,-0.000057,10.000000,-188.000000,18.000000,-0.056074,0.000059,0.000000,0.000000,0.000000,-0.223334,398.000000,0.000000,0.000000,0.000000,0.000000,38.422482,104.477585,131.207642,-249.769119,-416.863861,0.000124,-3.089552,8.917015,6150,-3,29,-1
38.425411,0.008871,0.116481,-2.142194,0.000106,-0.168307,-0.251955,-0.002228,-1.455655,0.872457,-0.174172,0.000220,-0.000056,10.000000,-188.000000,18.000000,-0.056074,0.000059,0.000000,0.000000,0.000000,-0.223334,398.000000,0.000000,0.000000,0.000000,0.000000,38.424431,104.477585,131.207642,-249.769119,-416.863861,0.000123,-3.089555,8.917015,6150,-2,29,-1
38.427364,0.008871,0.116139,-2.142695,0.000101,-0.171214,-0.250208,-0.002180,-1.452352,0.874230,-0.174172,0.000216,-0.000055,10.000000,-188.000000,18.000000,-0.056074,0.000059,0.000000,0.000000,0.000000,-0.223334,398.000000,0.000000,0.000000,0.000000,0.000000,38.426388,104.477585,131.207642,-249.769119,-416.863861,0.000120,-3.089563,8.917015,6150,-2,29,-1
38.429317,0.008871,0.115792,-2.143194,0.000097,-0.174114,-0.248457,-0.002132,-1.449114,0.875685,-0.174172,0.000211,-0.000054,10.000000,-188.000000,18.000000,-0.056074,0.000059,0.000000,0.000000,0.000000,-0.223334,398.000000,0.000000,0.000000,0.000000,0.000000,38.428341,104.477585,131.207642,-249.769119,-416.863861,0.000116,-3.089576,8.917015,6150,-2,29,-1
38.431271,0.008872,0.115439,-2.143688,0.000093,-0.177007,-0.246704,-0.002084,-1.445937,0.876852,-0.174172,0.000207,-0.000053,10.000000,-188.000000,18.000000,-0.056074,0.000059,0.000000,0.000000,0.000000,-0.223334,398.000000,0.000000,0.000000,0.000000,0.000000,38.430298,104.477585,131.207642,-249.769119,-416.863861,0.000111,-3.089592,8.917015,6150,-2,29,-1
38.433228,0.008872,0.115081,-2.144180,0.000089,-0.179894,-0.244949,-0.002035,-1.442815,0.877758,-0.174173,0.000202,-0.000052,10.000000,-188.000000,18.000000,-0.056074,0.000059,0.000000,0.000000,0.000000,-0.223334,398.000000,0.000000,0.000000,0.000000,0.000000,38.432247,104.477585,131.207642,-249.769119,-416.863861,0.000105,-3.089611,8.917015,6150,-1,29,-1
38.435181,0.008872,0.114716,-2.144668,0.000085,-0.182775,-0.243192,-0.001985,-1.439744,0.878427,-0.174174,0.000197,-0.000050,10.000000,-188.000000,18.000000,-0.056074,0.000059,0.000000,0.000000,0.000000,-0.223334,398.000000,0.000000,0.000000,0.000000,0.000000,38.434204,104.477585,131.207642,-249.769119,-416.863861,0.000097,-3.089634,8.917015,6150,-1,29,-1
38.437134,0.008872,0.114346,-2.145152,0.000081,-0.185650,-0.241435,-0.001936,-1.436721,0.878882,-0.174175,0.000192,-0.000049,10.000000,-188.000000,18.000000,-0.056074,0.000059,0.000000,0.000000,0.000000,-0.223334,398.000000,0.000000,0.000000,0.000000,0.000000,38.436157,104.477585,131.207642,-249.769119,-416.863861,0.000089,-3.089660,8.917015,6150,-1,29,-1
38.439087,0.008872,0.113970,-2.145633,0.000077,-0.188519,-0.239677,-0.001886,-1.433740,0.879143,-0.174177,0.000187,-0.000048,10.000000,-188.000000,18.000000,-0.056074,0.000059,0.000000,0.000000,0.000000,-0.223334,398.000000,0.000000,0.000000,0.000000,0.000000,38.438110,104.477585,131.207642,-249.769119,-416.863861,0.000080,-3.089689,8.917015,6150,-1,29,0
38.441044,0.008872,0.113588,-2.146110,0.000073,-0.191382,-0.237918,-0.001836,-1.430800,0.879229,-0.174179,0.000183,-0.000047,10.000000,-188.000000,18.000000,-0.056074,0.000059,0.000000,0.000000,0.000000,-0.223334,398.000000,0.000000,0.000000,0.000000,0.000000,38.440063,104.477585,131.207642,-249.769119,-416.863861,0.000077,-3.089697,8.917015,6150,-1,29,0
38.442997,0.008872,0.113201,-2.146583,0.000070,-0.194239,-0.236160,-0.001787,-1.427895,0.879156,-0.174181,0.000178,-0.000046,10.000000,-188.000000,18.000000,-0.056074,0.000059,0.000000,0.000000,0.000000,-0.223334,398.000000,0.000000,0.000000,0.000000,0.000000,38.442020,104.477585,131.207642,-249.769119,-416.863861,0.000081,-3.089687,8.917015,6150,0,29,0
38.444950,0.008873,0.112808,-2.147053,0.000066,-0.197091,-0.234402,-0.001737,-1.425024,0.878938,-0.174184,0.000173,-0.000045,10.000000,-188.000000,18.000000,-0.056074,0.000059,0.000000,0.000000,0.000000,-0.223334,398.000000,0.000000,0.000000,0.000000,0.000000,38.443974,104.477585,131.207642,-249.769119,-416.863861,0.000082,-3.089683,8.917015,6150,0,29,0
38.446903,0.008873,0.112409,-2.147520,0.000063,-0.199937,-0.232644,-0.001687,-1.422184,0.878590,-0.174187,0.000168,-0.000044,10.000000,-188.000000,18.000000,-0.056074,0.000059,0.000000,0.000000,0.000000,-0.223334,398.000000,0.000000,0.000000,0.000000,0.000000,38.445927,104.477585,131.207642,-249.769119,-416.863861,0.000082,-3.089683,8.917015,6150,0,29,0
38.448856,0.008873,0.112004,-2.147983,0.000059,-0.202777,-0.230888,-0.001637,-1.419372,0.878125,-0.174190,0.000163,-0.000043,10.000000,-188.000000,18.000000,-0.056074,0.000059,0.000000,0.000000,0.000000,-0.223334,398.000000,0.000000,0.000000,0.000000,0.000000,38.447880,104.477585,131.207642,-249.769119,-416.863861,0.000080,-3.089688,8.917015,6150,0,29,0
38.450813,0.008873,0.111594,-2.148443,0.000056,-0.205611,-0.229133,-0.001587,-1.416586,0.877553,-0.174194,0.000158,-0.000042,10.000000,-189.000000,26.000000,-0.056074,0.000059,0.000000,0.000000,0.000000,-0.223334,388.000000,0.000000,0.000000,0.000000,0.000000,38.449837,104.477585,131.207642,-249.769119,-416.863861,0.000077,-3.089697,8.917015,6150,0,30,0
38.452766,0.008873,0.111178,-2.148899,0.000053,-0.208440,-0.227378,-0.001538,-1.413825,0.876885,-0.174198,0.000153,-0.000041,10.000000,-189.000000,26.000000,-0.070926,0.000013,0.000000,0.000000,0.067000,-0.191114,388.000000,0.000000,0.000000,0.000000,0.000000,38.451790,119.402985,117.341934,222.767151,-255.686356,0.000073,-2.763173,8.912015,6081,0,30,0
38.454720,0.008873,0.110757,-2.149352,0.000050,-0.211262,-0.225616,-0.001488,-1.409820,0.883326,-0.174202,0.000148,-0.000040,10.000000,-189.000000,26.000000,-0.070926,0.000013,0.000000,0.000000,0.000000,-0.191114,388.000000,0.000000,0.000000,0.000000,0.000000,38.453743,119.402985,117.341934,222.767151,-255.686356,0.000068,-2.763190,8.912015,6081,0,30,0
38.456673,0.008873,0.110330,-2.149801,0.000047,-0.214076,-0.223837,-0.001437,-1.405548,0.891324,-0.174206,0.000143,-0.000039,10.000000,-189.000000,26.000000,-0.070926,0.000013,0.000000,0.000000,0.000000,-0.191114,388.000000,0.000000,0.000000,0.000000,0.000000,38.455696,119.402985,117.341934,222.767151,-255.686356,0.000061,-2.763210,8.912015,6081,0,30,0
38.458630,0.008873,0.109897,-2.150246,0.000044,-0.216880,-0.222044,-0.001388,-1.401442,0.898411,-0.174210,0.000139,-0.000038,10.000000,-189.000000,26.000000,-0.070926,0.000013,0.000000,0.000000,0.000000,-0.191114,388.000000,0.000000,0.000000,0.000000,0.000000,38.457653,119.402985,117.341934,222.767151,-255.686356,0.000054,-2.763233,8.912015,6081,0,30,0
38.460583,0.008873,0.109458,-2.150688,0.000042,-0.219677,-0.220238,-0.001339,-1.397489,0.904673,-0.174214,0.000134,-0.000037,10.000000,-189.000000,26.000000,-0.070926,0.000013,0.000000,0.000000,0.000000,-0.191114,388.000000,0.000000,0.000000,0.000000,0.000000,38.459602,119.402985,117.341934,222.767151,-255.686356,0.000046,-2.763259,8.912015,6081,0,30,0
38.462536,0.008874,0.109014,-2.151126,0.000039,-0.222467,-0.218420,-0.001292,-1.393674,0.910186,-0.174218,0.000129,-0.000037,10.000000,-189.000000,26.000000,-0.070926,0.000013,0.000000,0.000000,0.000000,-0.191114,388.000000,0.000000,0.000000,0.000000,0.000000,38.461559,119.402985,117.341934,222.767151,-255.686356,0.000036,-2.763288,8.912015,6081,0,30,0
38.464489,0.008874,0.108565,-2.151561,0.000037,-0.225248,-0.216592,-0.001245,-1.389984,0.915020,-0.174223,0.000125,-0.000036,10.000000,-189.000000,26.000000,-0.070926,0.000013,0.000000,0.000000,0.000000,-0.191114,388.000000,0.000000,0.000000,0.000000,0.000000,38.463512,119.402985,117.341934,222.767151,-255.686356,0.000026,-2.763319,8.912015,6081,0,30,0
38.466442,0.008874,0.108110,-2.151991,0.000034,-0.228023,-0.214756,-0.001199,-1.386409,0.919240,-0.174228,0.000120,-0.000035,10.000000,-189.000000,26.000000,-0.070926,0.000013,0.000000,0.000000,0.000000,-0.191114,388.000000,0.000000,0.000000,0.000000,0.000000,38.465469,119.402985,117.341934,222.767151,-255.686356,0.000016,-2.763353,8.912015,6081,0,30,0
38.468399,0.008874,0.107649,-2.152419,0.000032,-0.230791,-0.212912,-0.001155,-1.382938,0.922902,-0.174232,0.000116,-0.000034,10.000000,-189.000000,26.000000,-0.070926,0.000013,0.000000,0.000000,0.000000,-0.191114,388.000000,0.000000,0.000000,0.000000,0.000000,38.467419,119.402985,117.341934,222.767151,-255.686356,0.000004,-2.763389,8.912015,6081,0,30,0
38.470352,0.008874,0.107183,-2.152842,0.000030,-0.233551,-0.211061,-0.001112,-1.379562,0.926059,-0.174237,0.000111,-0.000033,10.000000,-189.000000,26.000000,-0.070926,0.000013,0.000000,0.000000,0.000000,-0.191114,388.000000,0.000000,0.000000,0.000000,0.000000,38.469376,119.402985,117.341934,222.767151,-255.686356,-0.000008,-2.763427,8.912015,6081,0,30,0
38.472305,0.008874,0.106711,-2.153262,0.000027,-0.236306,-0.209205,-0.001070,-1.376273,0.928757,-0.174242,0.000107,-0.000033,10.000000,-189.000000,26.000000,-0.070926,0.000013,0.000000,0.000000,0.000000,-0.191114,388.000000,0.000000,0.000000,0.000000,0.000000,38.471329,119.402985,117.341934,222.767151,-255.686356,-0.000021,-2.763467,8.912015,6081,1,30,0
38.474258,0.008874,0.106234,-2.153678,0.000025,-0.239053,-0.207344,-0.001029,-1.373063,0.931040,-0.174247,0.000103,-0.000032,10.000000,-189.000000,26.000000,-0.070926,0.000013,0.000000,0.000000,0.000000,-0.191114,388.000000,0.000000,0.000000,0.000000,0.000000,38.473286,119.402985,117.341934,222.767151,-255.686356,-0.000034,-2.763509,8.912015,6081,1,30,0
38.476215,0.008874,0.105751,-2.154090,0.000023,-0.241795,-0.205479,-0.000990,-1.369924,0.932947,-0.174252,0.000099,-0.000031,10.000000,-189.000000,26.000000,-0.070926,0.000013,0.000000,0.000000,0.000000,-0.191114,388.000000,0.000000,0.000000,0.000000,0.000000,38.475235,119.402985,117.341934,222.767151,-255.686356,-0.000048,-2.763553,8.912015,6081,1,30,0
38.478168,0.008874,0.105263,-2.154499,0.000021,-0.244530,-0.203611,-0.000952,-1.366851,0.934514,-0.174257,0.000096,-0.000031,10.000000,-189.000000,26.000000,-0.070926,0.000013,0.000000,0.000000,0.000000,-0.191114,388.000000,0.000000,0.000000,0.000000,0.000000,38.477192,119.402985,117.341934,222.767151,-255.686356,-0.000062,-2.763598,8.912015,6081,1,30,1
38.480122,0.008874,0.104769,-2.154903,0.000020,-0.247259,-0.201740,-0.000915,-1.363840,0.935772,-0.174262,0.000092,-0.000030,10.000000,-189.000000,26.000000,-0.070926,0.000013,0.000000,0.000000,0.000000,-0.191114,388.000000,0.000000,0.000000,0.000000,0.000000,38.479145,119.402985,117.341934,222.767151,-255.686356,-0.000070,-2.763621,8.912015,6081,1,30,1
38.482075,0.008874,0.104270,-2.155304,0.000018,-0.249982,-0.199867,-0.000879,-1.360882,0.936750,-0.174267,0.000088,-0.000030,10.000000,-189.000000,26.000000,-0.070926,0.000013,0.000000,0.000000,0.000000,-0.191114,388.000000,0.000000,0.000000,0.000000,0.000000,38.481098,119.402985,117.341934,222.767151,-255.686356,-0.000071,-2.763625,8.912015,6081,1,29,1
38.484032,0.008874,0.103766,-2.155702,0.000016,-0.252700,-0.197992,-0.000845,-1.357973,0.937474,-0.174272,0.000085,-0.000030,10.000000,-189.000000,26.000000,-0.070926,0.000013,0.000000,0.000000,0.000000,-0.191114,388.000000,0.000000,0.000000,0.000000,0.000000,38.483051,119.402985,117.341934,222.767151,-255.686356,-0.000074,-2.763634,8.912015,6081,1,29,1
38.485985,0.008874,0.103256,-2.156096,0.000014,-0.255411,-0.196116,-0.000813,-1.355110,0.937968,-0.174278,0.000082,-0.000029,10.000000,-189.000000,26.000000,-0.070926,0.000013,0.000000,0.000000,0.000000,-0.191114,388.000000,0.000000,0.000000,0.000000,0.000000,38.485008,119.402985,117.341934,222.767151,-255.686356,-0.000078,-2.763647,8.912015,6081,1,29,1
38.487938,0.008874,0.102740,-2.156485,0.000013,-0.258117,-0.194240,-0.000781,-1.352289,0.938254,-0.174283,0.000078,-0.000029,10.000000,-189.000000,26.000000,-0.070926,0.000013,0.000000,0.000000,0.000000,-0.191114,388.000000,0.000000,0.000000,0.000000,0.000000,38.486961,119.402985,117.341934,222.767151,-255.686356,-0.000083,-2.763664,8.912015,6081,1,29,1
38.489891,0.008874,0.102220,-2.156871,0.000011,-0.260818,-0.192363,-0.000751,-1.349506,0.938353,-0.174288,0.000075,-0.000028,10.000000,-189.000000,26.000000,-0.070926,0.000013,0.000000,0.000000,0.000000,-0.191114,388.000000,0.000000,0.000000,0.000000,0.000000,38.488914,119.402985,117.341934,222.767151,-255.686356,-0.000090,-2.763684,8.912015,6081,1,29,2
38.491844,0.008874,0.101693,-2.157254,0.000010,-0.263513,-0.190487,-0.000721,-1.346759,0.938280,-0.174293,0.000072,-0.000028,10.000000,-189.000000,26.000000,-0.070926,0.000013,0.000000,0.000000,0.000000,-0.191114,388.000000,0.000000,0.000000,0.000000,0.000000,38.490868,119.402985,117.341934,222.767151,-255.686356,-0.000090,-2.763685,8.912015,6081,1,29,2
38.493801,0.008874,0.101162,-2.157632,0.000008,-0.266202,-0.188610,-0.000693,-1.344043,0.938053,-0.174298,0.000070,-0.000028,10.000000,-189.000000,26.000000,-0.070926,0.000013,0.000000,0.000000,0.000000,-0.191114,388.000000,0.000000,0.000000,0.000000,0.000000,38.492825,119.402985,117.341934,222.767151,-255.686356,-0.000084,-2.763667,8.912015,6081,1,29,2
38.495754,0.008874,0.100625,-2.158007,0.000007,-0.268886,-0.186735,-0.000666,-1.341356,0.937687,-0.174303,0.000067,-0.000027,10.000000,-189.000000,26.000000,-0.070926,0.000013,0.000000,0.000000,0.000000,-0.191114,388.000000,0.000000,0.000000,0.000000,0.000000,38.494778,119.402985,117.341934,222.767151,-255.686356,-0.000081,-2.763656,8.912015,6081,2,29,2
38.497707,0.008874,0.100082,-2.158378,0.000006,-0.271565,-0.184860,-0.000640,-1.338695,0.937194,-0.174308,0.000064,-0.000027,10.000000,-189.000000,26.000000,-0.070926,0.000013,0.000000,0.000000,0.000000,-0.191114,388.000000,0.000000,0.000000,0.000000,0.000000,38.496731,119.402985,117.341934,222.767151,-255.686356,-0.000079,-2.763650,8.912015,6081,2,29,2
38.499660,0.008874,0.099535,-2.158745,0.000005,-0.274238,-0.182987,-0.000615,-1.336060,0.936586,-0.174313,0.000062,-0.000027,10.000000,-189.000000,26.000000,-0.070926,0.000013,0.000000,0.000000,0.000000,-0.191114,388.000000,0.000000,0.000000,0.000000,0.000000,38.498684,119.402985,117.341934,222.767151,-255.686356,-0.000079,-2.763649,8.912015,6081,2,29,2
38.501617,0.008874,0.098982,-2.159109,0.000003,-0.276906,-0.181115,-0.000590,-1.333447,0.935875,-0.174317,0.000059,-0.000026,10.000000,-189.000000,26.000000,-0.070926,0.000013,0.000000,0.000000,0.000000,-0.191114,388.000000,0.000000,0.000000,0.000000,0.000000,38.500641,119.402985,117.341934,222.767151,-255.686356,-0.000080,-2.763654,8.912015,6081,2,29,3
38.503571,0.008874,0.098423,-2.159468,0.000002,-0.279570,-0.179244,-0.000567,-1.330856,0.935072,-0.174322,0.000057,-0.000026,10.000000,-189.000000,26.000000,-0.070926,0.000013,0.000000,0.000000,0.000000,-0.191114,388.000000,0.000000,0.000000,0.000000,0.000000,38.502590,119.402985,117.341934,222.767151,-255.686356,-0.000075,-2.763638,8.912015,6081,2,29,3
38.505524,0.008874,0.097860,-2.159825,0.000001,-0.282227,-0.177375,-0.000544,-1.328282,0.934183,-0.174326,0.000054,-0.000026,10.000000,-189.000000,26.000000,-0.070926,0.000013,0.000000,0.000000,0.000000,-0.191114,388.000000,0.000000,0.000000,0.000000,0.000000,38.504547,119.402985,117.341934,222.767151,-255.686356,-0.000065,-2.763607,8.912015,6081,2,29,3
38.507477,0.008874,0.097291,-2.160177,0.000000,-0.284880,-0.175508,-0.000523,-1.325726,0.933218,-0.174331,0.000052,-0.000026,10.000000,-189.000000,26.000000,-0.070926,0.000013,0.000000,0.000000,0.000000,-0.191114,388.000000,0.000000,0.000000,0.000000,0.000000,38.506500,119.402985,117.341934,222.767151,-255.686356,-0.000057,-2.763582,8.912015,6081,2,29,3
38.509434,0.008874,0.096716,-2.160525,-0.000001,-0.287528,-0.173643,-0.000502,-1.323186,0.932183,-0.174335,0.000050,-0.000025,10.000000,-189.000000,33.000000,-0.070926,0.000013,0.000000,0.000000,0.000000,-0.191114,384.000000,0.000000,0.000000,0.000000,0.000000,38.508457,119.402985,117.341934,222.767151,-255.686356,-0.000051,-2.763563,8.912015,6081,2,29,3
38.511387,0.008874,0.096137,-2.160870,-0.000002,-0.290170,-0.171781,-0.000481,-1.320661,0.931086,-0.174339,0.000048,-0.000025,10.000000,-189.000000,33.000000,-0.071765,-0.000000,0.000000,0.000000,0.066000,-0.078709,384.000000,0.000000,0.000000,0.000000,0.000000,38.510406,106.060631,103.585030,-202.156921,-237.808838,-0.000047,-2.439574,8.915000,6023,2,29,3
38.513340,0.008874,0.095552,-2.161211,-0.000003,-0.292806,-0.169912,-0.000462,-1.317084,0.935981,-0.174343,0.000046,-0.000025,10.000000,-189.000000,33.000000,-0.071765,-0.000000,0.000000,0.000000,0.000000,-0.078709,384.000000,0.000000,0.000000,0.000000,0.000000,38.512363,106.060631,103.585030,-202.156921,-237.808838,-0.000044,-2.439566,8.915000,6023,2,29,4
38.515293,0.008874,0.094962,-2.161549,-0.000004,-0.295435,-0.168031,-0.000442,-1.313279,0.942200,-0.174347,0.000044,-0.000025,10.000000,-189.000000,33.000000,-0.071765,-0.000000,0.000000,0.000000,0.000000,-0.078709,384.000000,0.000000,0.000000,0.000000,0.000000,38.514317,106.060631,103.585030,-202.156921,-237.808838,-0.000036,-2.439540,8.915000,6023,2,29,4
38.517246,0.008874,0.094366,-2.161882,-0.000005,-0.298056,-0.166138,-0.000424,-1.309607,0.947668,-0.174350,0.000042,-0.000024,10.000000,-189.000000,33.000000,-0.071765,-0.000000,0.000000,0.000000,0.000000,-0.078709,384.000000,0.000000,0.000000,0.000000,0.000000,38.516273,106.060631,103.585030,-202.156921,-237.808838,-0.000022,-2.439497,8.915000,6023,2,29,4
38.519203,0.008874,0.093766,-2.162212,-0.000005,-0.300670,-0.164235,-0.000407,-1.306059,0.952454,-0.174354,0.000041,-0.000024,10.000000,-189.000000,33.000000,-0.071765,-0.000000,0.000000,0.000000,0.000000,-0.078709,384.000000,0.000000,0.000000,0.000000,0.000000,38.518223,106.060631,103.585030,-202.156921,-237.808838,-0.000011,-2.439461,8.915000,6023,2,29,4
38.521156,0.008874,0.093160,-2.162538,-0.000006,-0.303277,-0.162324,-0.000390,-1.302624,0.956622,-0.174357,0.000039,-0.000024,10.000000,-189.000000,33.000000,-0.071765,-0.000000,0.000000,0.000000,0.000000,-0.078709,384.000000,0.000000,0.000000,0.000000,0.000000,38.520180,106.060631,103.585030,-202.156921,-237.808838,-0.000002,-2.439433,8.915000,6023,2,29,4
38.523109,0.008874,0.092549,-2.162860,-0.000007,-0.305877,-0.160406,-0.000374,-1.299290,0.960231,-0.174360,0.000037,-0.000023,10.000000,-189.000000,33.000000,-0.071765,-0.000000,0.000000,0.000000,0.000000,-0.078709,384.000000,0.000000,0.000000,0.000000,0.000000,38.522133,106.060631,103.585030,-202.156921,-237.808838,0.000006,-2.439410,8.915000,6023,2,29,4
38.525063,0.008874,0.091933,-2.163178,-0.000008,-0.308471,-0.158480,-0.000359,-1.296049,0.963333,-0.174363,0.000036,-0.000023,10.000000,-189.000000,33.000000,-0.071765,-0.000000,0.000000,0.000000,0.000000,-0.078709,384.000000,0.000000,0.000000,0.000000,0.000000,38.524090,106.060631,103.585030,-202.156921,-237.808838,0.000011,-2.439393,8.915000,6023,2,29,4
38.527020,0.008874,0.091311,-2.163493,-0.000008,-0.311058,-0.156550,-0.000344,-1.292893,0.965975,-0.174366,0.000034,-0.000023,10.000000,-189.000000,33.000000,-0.071765,-0.000000,0.000000,0.000000,0.000000,-0.078709,384.000000,0.000000,0.000000,0.000000,0.000000,38.526039,106.060631,103.585030,-202.156921,-237.808838,0.000015,-2.439382,8.915000,6023,2,29,4
38.528973,0.008874,0.090684,-2.163803,-0.000009,-0.313639,-0.154614,-0.000331,-1.289813,0.968200,-0.174369,0.000033,-0.000023,10.000000,-189.000000,33.000000,-0.071765,-0.000000,0.000000,0.000000,0.000000,-0.078709,384.000000,0.000000,0.000000,0.000000,0.000000,38.527996,106.060631,103.585030,-202.156921,-237.808838,0.000017,-2.439375,8.915000,6023,2,29,4
38.530926,0.008874,0.090053,-2.164110,-0.000010,-0.316214,-0.152675,-0.000318,-1.286803,0.970047,-0.174371,0.000032,-0.000022,10.000000,-189.000000,33.000000,-0.071765,-0.000000,0.000000,0.000000,0.000000,-0.078709,384.000000,0.000000,0.000000,0.000000,0.000000,38.529949,106.060631,103.585030,-202.156921,-237.808838,0.000017,-2.439373,8.915000,6023,2,29,5
38.532879,0.008874,0.089416,-2.164412,-0.000010,-0.318783,-0.150733,-0.000306,-1.283859,0.971552,-0.174373,0.000031,-0.000022,10.000000,-189.000000,33.000000,-0.071765,-0.000000,0.000000,0.000000,0.000000,-0.078709,384.000000,0.000000,0.000000,0.000000,0.000000,38.531902,106.060631,103.585030,-202.156921,-237.808838,0.000024,-2.439351,8.915000,6023,2,29,5
38.534836,0.008874,0.088774,-2.164711,-0.000011,-0.321347,-0.148788,-0.000294,-1.280971,0.972747,-0.174375,0.000030,-0.000022,10.000000,-189.000000,33.000000,-0.071765,-0.000000,0.000000,0.000000,0.000000,-0.078709,384.000000,0.000000,0.000000,0.000000,0.000000,38.533855,106.060631,103.585030,-202.156921,-237.808838,0.000037,-2.439312,8.915000,6023,1,29,5
38.536789,0.008874,0.088127,-2.165006,-0.000011,-0.323905,-0.146841,-0.000284,-1.278135,0.973661,-0.174377,0.000029,-0.000022,10.000000,-189.000000,33.000000,-0.071765,-0.000000,0.000000,0.000000,0.000000,-0.078709,384.000000,0.000000,0.000000,0.000000,0.000000,38.535812,106.060631,103.585030,-202.156921,-237.808838,0.000047,-2.439280,8.915000,6023,1,28,5
38.538742,0.008874,0.087474,-2.165297,-0.000012,-0.326457,-0.144893,-0.000274,-1.275347,0.974320,-0.174379,0.000028,-0.000021,10.000000,-189.000000,33.000000,-0.071765,-0.000000,0.000000,0.000000,0.000000,-0.078709,384.000000,0.000000,0.000000,0.000000,0.000000,38.537766,106.060631,103.585030,-202.156921,-237.808838,0.000055,-2.439255,8.915000,6023,1,28,5
38.540695,0.008874,0.086817,-2.165585,-0.000013,-0.329003,-0.142943,-0.000264,-1.272604,0.974748,-0.174380,0.000027,-0.000021,10.000000,-189.000000,33.000000,-0.071765,-0.000000,0.000000,0.000000,0.000000,-0.078709,384.000000,0.000000,0.000000,0.000000,0.000000,38.539719,106.060631,103.585030,-202.156921,-237.808838,0.000061,-2.439234,8.915000,6023,1,28,5
38.542648,0.008874,0.086154,-2.165868,-0.000013,-0.331544,-0.140993,-0.000256,-1.269901,0.974968,-0.174382,0.000026,-0.000021,10.000000,-189.000000,33.000000,-0.071765,-0.000000,0.000000,0.000000,0.000000,-0.078709,384.000000,0.000000,0.000000,0.000000,0.000000,38.541672,106.060631,103.585030,-202.156921,-237.808838,0.000066,-2.439219,8.915000,6023,1,28,5
38.544605,0.008874,0.085487,-2.166147,-0.000014,-0.334080,-0.139043,-0.000248,-1.267234,0.974999,-0.174383,0.000025,-0.000020,10.000000,-189.000000,33.000000,-0.071765,-0.000000,0.000000,0.000000,0.000000,-0.078709,384.000000,0.000000,0.000000,0.000000,0.000000,38.543629,106.060631,103.585030,-202.156921,-237.808838,0.000069,-2.439209,8.915000,6023,1,28,5
38.546558,0.008874,0.084814,-2.166423,-0.000014,-0.336611,-0.137094,-0.000240,-1.264600,0.974859,-0.174384,0.000024,-0.000020,10.000000,-189.000000,33.000000,-0.071765,-0.000000,0.000000,0.000000,0.000000,-0.078709,384.000000,0.000000,0.000000,0.000000,0.000000,38.545582,106.060631,103.585030,-202.156921,-237.808838,0.000071,-2.439204,8.915000,6023,1,28,5
38.548512,0.008874,0.084137,-2.166694,-0.000015,-0.339136,-0.135144,-0.000233,-1.261998,0.974563,-0.174384,0.000024,-0.000020,10.000000,-189.000000,33.000000,-0.071765,-0.000000,0.000000,0.000000,0.000000,-0.078709,384.000000,0.000000,0.000000,0.000000,0.000000,38.547535,106.060631,103.585030,-202.156921,-237.808838,0.000072,-2.439202,8.915000,6023,1,28,5
38.550465,0.008874,0.083454,-2.166962,-0.000015,-0.341656,-0.133196,-0.000227,-1.259423,0.974127,-0.174385,0.000023,-0.000020,10.000000,-189.000000,33.000000,-0.071765,-0.000000,0.000000,0.000000,0.000000,-0.078709,384.000000,0.000000,0.000000,0.000000,0.000000,38.549488,106.060631,103.585030,-202.156921,-237.808838,0.000071,-2.439204,8.915000,6023,1,28,5
38.552422,0.008874,0.082766,-2.167225,-0.000015,-0.344171,-0.131248,-0.000221,-1.256874,0.973564,-0.174386,0.000023,-0.000019,10.000000,-189.000000,33.000000,-0.071765,-0.000000,0.000000,0.000000,0.000000,-0.078709,384.000000,0.000000,0.000000,0.000000,0.000000,38.551445,106.060631,103.585030,-202.156921,-237.808838,0.000069,-2.439210,8.915000,6023,1,28,5
38.554375,0.008874,0.082073,-2.167485,-0.000016,-0.346681,-0.129302,-0.000215,-1.254348,0.972887,-0.174386,0.000022,-0.000019,10.000000,-189.000000,33.000000,-0.071765,-0.000000,0.000000,0.000000,0.000000,-0.078709,384.000000,0.000000,0.000000,0.000000,0.000000,38.553394,106.060631,103.585030,-202.156921,-237.808838,0.000067,-2.439219,8.915000,6023,1,28,5
38.556328,0.008874,0.081375,-2.167741,-0.000016,-0.349186,-0.127358,-0.000209,-1.251844,0.972105,-0.174386,0.000022,-0.000019,10.000000,-189.000000,33.000000,-0.071765,-0.000000,0.000000,0.000000,0.000000,-0.078709,384.000000,0.000000,0.000000,0.000000,0.000000,38.555351,106.060631,103.585030,-202.156921,-237.808838,0.000063,-2.439230,8.915000,6023,1,28,5
38.558281,0.008874,0.080673,-2.167993,-0.000017,-0.351686,-0.125415,-0.000204,-1.249360,0.971230,-0.174386,0.000021,-0.000019,10.000000,-189.000000,33.000000,-0.071765,-0.000000,0.000000,0.000000,0.000000,-0.078709,384.000000,0.000000,0.000000,0.000000,0.000000,38.557304,106.060631,103.585030,-202.156921,-237.808838,0.000058,-2.439245,8.915000,6023,1,28,5
38.560234,0.008874,0.079965,-2.168242,-0.000017,-0.354181,-0.123474,-0.000200,-1.246894,0.970270,-0.174385,0.000021,-0.000019,10.000000,-189.000000,33.000000,-0.071765,-0.000000,0.000000,0.000000,0.000000,-0.078709,384.000000,0.000000,0.000000,0.000000,0.000000,38.559261,106.060631,103.585030,-202.156921,-237.808838,0.000053,-2.439262,8.915000,6023,1,28,5
38.562191,0.008874,0.079252,-2.168486,-0.000017,-0.356671,-0.121535,-0.000195,-1.244444,0.969233,-0.174385,0.000020,-0.000018,10.000000,-189.000000,33.000000,-0.071765,-0.000000,0.000000,0.000000,0.000000,-0.078709,384.000000,0.000000,0.000000,0.000000,0.000000,38.561211,106.060631,103.585030,-202.156921,-237.808838,0.000046,-2.439282,8.915000,6023,1,28,5
38.564144,0.008874,0.078534,-2.168726,-0.000018,-0.359156,-0.119598,-0.000191,-1.242010,0.968126,-0.174384,0.000020,-0.000018,10.000000,-189.000000,33.000000,-0.071765,-0.000000,0.000000,0.000000,0.000000,-0.078709,384.000000,0.000000,0.000000,0.000000,0.000000,38.563168,106.060631,103.585030,-202.156921,-237.808838,0.000039,-2.439304,8.915000,6023,0,28,6
38.566097,0.008874,0.077811,-2.168963,-0.000018,-0.361637,-0.117663,-0.000187,-1.239593,0.966958,-0.174383,0.000019,-0.000018,10.000000,-189.000000,33.000000,-0.071765,-0.000000,0.000000,0.000000,0.000000,-0.078709,384.000000,0.000000,0.000000,0.000000,0.000000,38.565121,106.060631,103.585030,-202.156921,-237.808838,0.000039,-2.439305,8.915000,6023,0,28,6
38.568050,0.008874,0.077084,-2.169195,-0.000019,-0.364112,-0.115731,-0.000183,-1.237186,0.965732,-0.174383,0.000019,-0.000018,10.000000,-189.000000,40.000000,-0.071765,-0.000000,0.000000,0.000000,0.000000,-0.078709,362.000000,0.000000,0.000000,0.000000,0.000000,38.567078,106.060631,103.585030,-202.156921,-237.808838,0.000045,-2.439287,8.915000,6023,0,28,6
38.570007,0.008874,0.076351,-2.169424,-0.000019,-0.366583,-0.113802,-0.000180,-1.234793,0.964455,-0.174381,0.000019,-0.000018,10.000000,-189.000000,40.000000,-0.111610,-0.000004,0.000000,0.000000,0.067000,-0.446844,362.000000,0.000000,0.000000,0.000000,0.000000,38.569027,104.477608,97.605080,-23.627209,-171.948364,0.000049,-2.298446,8.915000,6000,0,28,6
38.571960,0.008874,0.075613,-2.169649,-0.000019,-0.369049,-0.111872,-0.000176,-1.231988,0.965530,-0.174380,0.000018,-0.000018,10.000000,-189.000000,40.000000,-0.111610,-0.000004,0.000000,0.000000,0.000000,-0.446844,362.000000,0.000000,0.000000,0.000000,0.000000,38.570984,104.477608,97.605080,-23.627209,-171.948364,0.000052,-2.298438,8.915000,6000,0,28,6
38.573914,0.008873,0.074871,-2.169870,-0.000020,-0.371508,-0.109938,-0.000172,-1.229098,0.967110,-0.174379,0.000018,-0.000017,10.000000,-189.000000,40.000000,-0.111610,-0.000004,0.000000,0.000000,0.000000,-0.446844,362.000000,0.000000,0.000000,0.000000,0.000000,38.572937,104.477608,97.605080,-23.627209,-171.948364,0.000053,-2.298434,8.915000,6000,0,28,6
38.575867,0.008873,0.074123,-2.170087,-0.000020,-0.373962,-0.108002,-0.000169,-1.226268,0.968373,-0.174377,0.000018,-0.000017,10.000000,-189.000000,40.000000,-0.111610,-0.000004,0.000000,0.000000,0.000000,-0.446844,362.000000,0.000000,0.000000,0.000000,0.000000,38.574890,104.477608,97.605080,-23.627209,-171.948364,0.000053,-2.298434,8.915000,6000,0,28,6
38.577824,0.008873,0.073371,-2.170301,-0.000020,-0.376410,-0.106064,-0.000165,-1.223493,0.969349,-0.174376,0.000017,-0.000017,10.000000,-189.000000,40.000000,-0.111610,-0.000004,0.000000,0.000000,0.000000,-0.446844,362.000000,0.000000,0.000000,0.000000,0.000000,38.576843,104.477608,97.605080,-23.627209,-171.948364,0.000052,-2.298437,8.915000,6000,0,28,6
38.579777,0.008873,0.072614,-2.170510,-0.000021,-0.378853,-0.104124,-0.000161,-1.220767,0.970065,-0.174374,0.000017,-0.000017,10.000000,-189.000000,40.000000,-0.111610,-0.000004,0.000000,0.000000,0.000000,-0.446844,362.000000,0.000000,0.000000,0.000000,0.000000,38.578800,104.477608,97.605080,-23.627209,-171.948364,0.000049,-2.298444,8.915000,6000,0,28,6
38.581730,0.008873,0.071852,-2.170716,-0.000021,-0.381291,-0.102183,-0.000157,-1.218087,0.970545,-0.174372,0.000017,-0.000017,10.000000,-189.000000,40.000000,-0.111610,-0.000004,0.000000,0.000000,0.000000,-0.446844,362.000000,0.000000,0.000000,0.000000,0.000000,38.580753,104.477608,97.605080,-23.627209,-171.948364,0.000046,-2.298455,8.915000,6000,0,28,6
38.583683,0.008873,0.071085,-2.170917,-0.000021,-0.383723,-0.100242,-0.000153,-1.215448,0.970812,-0.174371,0.000016,-0.000017,10.000000,-189.000000,40.000000,-0.111610,-0.000004,0.000000,0.000000,0.000000,-0.446844,362.000000,0.000000,0.000000,0.000000,0.000000,38.582706,104.477608,97.605080,-23.627209,-171.948364,0.000042,-2.298468,8.915000,6000,0,28,6
38.585636,0.008873,0.070313,-2.171115,-0.000022,-0.386150,-0.098300,-0.000149,-1.212848,0.970886,-0.174369,0.000016,-0.000016,10.000000,-189.000000,40.000000,-0.111610,-0.000004,0.000000,0.000000,0.000000,-0.446844,362.000000,0.000000,0.000000,0.000000,0.000000,38.584660,104.477608,97.605080,-23.627209,-171.948364,0.000037,-2.298484,8.915000,6000,0,28,6
38.587593,0.008873,0.069536,-2.171309,-0.000022,-0.388572,-0.096358,-0.000144,-1.210283,0.970784,-0.174367,0.000015,-0.000016,10.000000,-189.000000,40.000000,-0.111610,-0.000004,0.000000,0.000000,0.000000,-0.446844,362.000000,0.000000,0.000000,0.000000,0.000000,38.586617,104.477608,97.605080,-23.627209,-171.948364,0.000031,-2.298503,8.915000,6000,0,28,6
38.589546,0.008873,0.068755,-2.171499,-0.000022,-0.390989,-0.094417,-0.000140,-1.207750,0.970525,-0.174365,0.000015,-0.000016,10.000000,-189.000000,40.000000,-0.111610,-0.000004,0.000000,0.000000,0.000000,-0.446844,362.000000,0.000000,0.000000,0.000000,0.000000,38.588570,104.477608,97.605080,-23.627209,-171.948364,0.000024,-2.298524,8.915000,6000,0,28,6
38.591499,0.008873,0.067968,-2.171685,-0.000022,-0.393400,-0.092476,-0.000135,-1.205246,0.970123,-0.174363,0.000014,-0.000016,10.000000,-189.000000,40.000000,-0.111610,-0.000004,0.000000,0.000000,0.000000,-0.446844,362.000000,0.000000,0.000000,0.000000,0.000000,38.590523,104.477608,97.605080,-23.627209,-171.948364,0.000017,-2.298548,8.915000,6000,0,28,6
38.593452,0.008873,0.067177,-2.171867,-0.000023,-0.395807,-0.090537,-0.000129,-1.202770,0.969591,-0.174361,0.000014,-0.000016,10.000000,-189.000000,40.000000,-0.111610,-0.000004,0.000000,0.000000,0.000000,-0.446844,362.000000,0.000000,0.000000,0.000000,0.000000,38.592476,104.477608,97.605080,-23.627209,-171.948364,0.000009,-2.298573,8.915000,6000,0,28,7
38.595409,0.008873,0.066381,-2.172045,-0.000023,-0.398209,-0.088599,-0.000124,-1.200320,0.968942,-0.174359,0.000013,-0.000016,10.000000,-189.000000,40.000000,-0.111610,-0.000004,0.000000,0.000000,0.000000,-0.446844,362.000000,0.000000,0.000000,0.000000,0.000000,38.594433,104.477608,97.605080,-23.627209,-171.948364,0.000007,-2.298577,8.915000,6000,0,28,7
38.597363,0.008873,0.065580,-2.172220,-0.000023,-0.400606,-0.086662,-0.000118,-1.197892,0.968187,-0.174356,0.000013,-0.000016,10.000000,-189.000000,40.000000,-0.111610,-0.000004,0.000000,0.000000,0.000000,-0.446844,362.000000,0.000000,0.000000,0.000000,0.000000,38.596382,104.477608,97.605080,-23.627209,-171.948364,0.000012,-2.298562,8.915000,6000,0,28,7
38.599316,0.008873,0.064775,-2.172391,-0.000023,-0.402998,-0.084727,-0.000112,-1.195485,0.967336,-0.174354,0.000012,-0.000016,10.000000,-189.000000,40.000000,-0.111610,-0.000004,0.000000,0.000000,0.000000,-0.446844,362.000000,0.000000,0.000000,0.000000,0.000000,38.598339,104.477608,97.605080,-23.627209,-171.948364,0.000015,-2.298552,8.915000,6000,0,28,7
38.601269,0.008873,0.063964,-2.172557,-0.000024,-0.405386,-0.082794,-0.000106,-1.193098,0.966398,-0.174352,0.000011,-0.000015,10.000000,-189.000000,40.000000,-0.111610,-0.000004,0.000000,0.000000,0.000000,-0.446844,362.000000,0.000000,0.000000,0.000000,0.000000,38.600292,104.477608,97.605080,-23.627209,-171.948364,0.000017,-2.298546,8.915000,6000,0,28,7
38.603226,0.008873,0.063149,-2.172720,-0.000024,-0.407768,-0.080862,-0.000099,-1.190729,0.965382,-0.174350,0.000011,-0.000015,10.000000,-189.000000,40.000000,-0.111610,-0.000004,0.000000,0.000000,0.000000,-0.446844,362.000000,0.000000,0.000000,0.000000,0.000000,38.602249,104.477608,97.605080,-23.627209,-171.948364,0.000017,-2.298545,8.915000,6000,0,28,7
38.605179,0.008873,0.062329,-2.172879,-0.000024,-0.410146,-0.078933,-0.000092,-1.188377,0.964296,-0.174347,0.000010,-0.000015,10.000000,-189.000000,40.000000,-0.111610,-0.000004,0.000000,0.000000,0.000000,-0.446844,362.000000,0.000000,0.000000,0.000000,0.000000,38.604198,104.477608,97.605080,-23.627209,-171.948364,0.000017,-2.298547,8.915000,6000,0,28,7
38.607132,0.008873,0.061504,-2.173034,-0.000024,-0.412519,-0.077006,-0.000086,-1.186040,0.963146,-0.174345,0.000009,-0.000015,10.000000,-189.000000,40.000000,-0.111610,-0.000004,0.000000,0.000000,0.000000,-0.446844,362.000000,0.000000,0.000000,0.000000,0.000000,38.606155,104.477608,97.605080,-23.627209,-171.948364,0.000015,-2.298553,8.915000,6000,0,29,7
38.609085,0.008873,0.060675,-2.173186,-0.000024,-0.414888,-0.075082,-0.000079,-1.183718,0.961939,-0.174343,0.000008,-0.000015,10.000000,-189.000000,40.000000,-0.111610,-0.000004,0.000000,0.000000,0.000000,-0.446844,362.000000,0.000000,0.000000,0.000000,0.000000,38.608109,104.477608,97.605080,-23.627209,-171.948364,0.000012,-2.298563,8.915000,6000,0,29,7
38.611038,0.008873,0.059841,-2.173333,-0.000024,-0.417252,-0.073160,-0.000072,-1.181410,0.960680,-0.174341,0.000008,-0.000015,10.000000,-189.000000,40.000000,-0.111610,-0.000004,0.000000,0.000000,0.000000,-0.446844,362.000000,0.000000,0.000000,0.000000,0.000000,38.610065,104.477608,97.605080,-23.627209,-171.948364,0.000008,-2.298575,8.915000,6000,0,29,7
38.612995,0.008873,0.059002,-2.173477,-0.000025,-0.419611,-0.071240,-0.000065,-1.179115,0.959375,-0.174338,0.000007,-0.000015,10.000000,-189.000000,40.000000,-0.111610,-0.000004,0.000000,0.000000,0.000000,-0.446844,362.000000,0.000000,0.000000,0.000000,0.000000,38.612015,104.477608,97.605080,-23.627209,-171.948364,0.000003,-2.298591,8.915000,6000,0,29,7
38.614948,0.008873,0.058158,-2.173616,-0.000025,-0.421966,-0.069324,-0.000059,-1.176831,0.958027,-0.174336,0.000006,-0.000014,10.000000,-189.000000,40.000000,-0.111610,-0.000004,0.000000,0.000000,0.000000,-0.446844,362.000000,0.000000,0.000000,0.000000,0.000000,38.613972,104.477608,97.605080,-23.627209,-171.948364,-0.000003,-2.298609,8.915000,6000,0,29,7
38.616901,0.008872,0.057310,-2.173752,-0.000025,-0.424316,-0.067410,-0.000052,-1.174559,0.956641,-0.174333,0.000006,-0.000014,10.000000,-189.000000,40.000000,-0.111610,-0.000004,0.000000,0.000000,0.000000,-0.446844,362.000000,0.000000,0.000000,0.000000,0.000000,38.615925,104.477608,97.605080,-23.627209,-171.948364,-0.000009,-2.298629,8.915000,6000,0,29,8
38.618855,0.008872,0.056457,-2.173884,-0.000025,-0.426662,-0.065499,-0.000046,-1.172299,0.955221,-0.174331,0.000005,-0.000014,10.000000,-189.000000,40.000000,-0.111610,-0.000004,0.000000,0.000000,0.000000,-0.446844,362.000000,0.000000,0.000000,0.000000,0.000000,38.617882,104.477608,97.605080,-23.627209,-171.948364,-0.000009,-2.298629,8.915000,6000,0,29,8
38.620811,0.008872,0.055599,-2.174013,-0.000025,-0.429003,-0.063590,-0.000041,-1.170048,0.953770,-0.174329,0.000004,-0.000014,10.000000,-189.000000,40.000000,-0.111610,-0.000004,0.000000,0.000000,0.000000,-0.446844,362.000000,0.000000,0.000000,0.000000,0.000000,38.619831,104.477608,97.605080,-23.627209,-171.948364,-0.000003,-2.298609,8.915000,6000,0,29,8
38.622765,0.008872,0.054737,-2.174137,-0.000025,-0.431340,-0.061685,-0.000036,-1.167805,0.952292,-0.174326,0.000004,-0.000014,10.000000,-189.000000,40.000000,-0.111610,-0.000004,0.000000,0.000000,0.000000,-0.446844,362.000000,0.000000,0.000000,0.000000,0.000000,38.621788,104.477608,97.605080,-23.627209,-171.948364,0.000002,-2.298595,8.915000,6000,0,29,8
38.624718,0.008872,0.053870,-2.174258,-0.000025,-0.433672,-0.059783,-0.000031,-1.165572,0.950789,-0.174324,0.000003,-0.000014,10.000000,-189.000000,40.000000,-0.111610,-0.000004,0.000000,0.000000,0.000000,-0.446844,362.000000,0.000000,0.000000,0.000000,0.000000,38.623741,104.477608,97.605080,-23.627209,-171.948364,0.000005,-2.298585,8.915000,6000,0,29,8
38.626671,0.008872,0.052998,-2.174375,-0.000025,-0.436000,-0.057883,-0.000027,-1.163347,0.949264,-0.174321,0.000003,-0.000014,10.000000,-189.000000,40.000000,-0.111610,-0.000004,0.000000,0.000000,0.000000,-0.446844,362.000000,0.000000,0.000000,0.000000,0.000000,38.625694,104.477608,97.605080,-23.627209,-171.948364,0.000006,-2.298580,8.915000,6000,-1,28,8
38.628628,0.008872,0.052122,-2.174488,-0.000025,-0.438324,-0.055987,-0.000024,-1.161130,0.947719,-0.174319,0.000003,-0.000014,10.000000,-189.000000,40.000000,-0.111610,-0.000004,0.000000,0.000000,0.000000,-0.446844,362.000000,0.000000,0.000000,0.000000,0.000000,38.627647,104.477608,97.605080,-23.627209,-171.948364,0.000007,-2.298579,8.915000,6000,-1,28,8
38.630581,0.008872,0.051241,-2.174597,-0.000025,-0.440642,-0.054094,-0.000020,-1.158921,0.946157,-0.174317,0.000002,-0.000014,10.000000,-189.000000,40.000000,-0.111610,-0.000004,0.000000,0.000000,0.000000,-0.446844,362.000000,0.000000,0.000000,0.000000,0.000000,38.629604,104.477608,97.605080,-23.627209,-171.948364,0.000006,-2.298582,8.915000,6000,-1,28,8
38.632534,0.008872,0.050355,-2.174702,-0.000025,-0.442957,-0.052204,-0.000018,-1.156719,0.944579,-0.174314,0.000002,-0.000014,10.000000,-189.000000,40.000000,-0.111610,-0.000004,0.000000,0.000000,0.000000,-0.446844,362.000000,0.000000,0.000000,0.000000,0.000000,38.631557,104.477608,97.605080,-23.627209,-171.948364,0.000004,-2.298589,8.915000,6000,-1,28,8
38.634487,0.008872,0.049465,-2.174804,-0.000025,-0.445267,-0.050317,-0.000015,-1.154524,0.942988,-0.174312,0.000002,-0.000014,10.000000,-189.000000,40.000000,-0.111610,-0.000004,0.000000,0.000000,0.000000,-0.446844,362.000000,0.000000,0.000000,0.000000,0.000000,38.633511,104.477608,97.605080,-23.627209,-171.948364,0.000001,-2.298598,8.915000,6000,-1,28,8
38.636440,0.008872,0.048570,-2.174902,-0.000025,-0.447573,-0.048434,-0.000013,-1.152336,0.941384,-0.174309,0.000002,-0.000014,10.000000,-189.000000,40.000000,-0.111610,-0.000004,0.000000,0.000000,0.000000,-0.446844,362.000000,0.000000,0.000000,0.000000,0.000000,38.635464,104.477608,97.605080,-23.627209,-171.948364,-0.000004,-2.298611,8.915000,6000,-1,28,8
38.638397,0.008872,0.047671,-2.174996,-0.000025,-0.449874,-0.046553,-0.000012,-1.150155,0.939769,-0.174307,0.000001,-0.000014,10.000000,-189.000000,40.000000,-0.111610,-0.000004,0.000000,0.000000,0.000000,-0.446844,362.000000,0.000000,0.000000,0.000000,0.000000,38.637421,104.477608,97.605080,-23.627209,-171.948364,-0.000008,-2.298626,8.915000,6000,-1,28,9
38.640350,0.008872,0.046766,-2.175086,-0.000025,-0.452171,-0.044676,-0.000010,-1.147983,0.938145,-0.174305,0.000001,-0.000014,10.000000,-189.000000,40.000000,-0.111610,-0.000004,0.000000,0.000000,0.000000,-0.446844,362.000000,0.000000,0.000000,0.000000,0.000000,38.639374,104.477608,97.605080,-23.627209,-171.948364,-0.000007,-2.298621,8.915000,6000,-1,28,9
38.642303,0.008872,0.045858,-2.175173,-0.000025,-0.454464,-0.042802,-0.000009,-1.145815,0.936512,-0.174302,0.000001,-0.000014,10.000000,-189.000000,40.000000,-0.111610,-0.000004,0.000000,0.000000,0.000000,-0.446844,362.000000,0.000000,0.000000,0.000000,0.000000,38.641327,104.477608,97.605080,-23.627209,-171.948364,0.000001,-2.298597,8.915000,6000,-1,28,9
38.644257,0.008872,0.044944,-2.175256,-0.000025,-0.456752,-0.040932,-0.000008,-1.143653,0.934872,-0.174300,0.000001,-0.000014,10.000000,-189.000000,40.000000,-0.111610,-0.000004,0.000000,0.000000,0.000000,-0.446844,362.000000,0.000000,0.000000,0.000000,0.000000,38.643280,104.477608,97.605080,-23.627209,-171.948364,0.000007,-2.298579,8.915000,6000,-1,28,9
38.646214,0.008872,0.044027,-2.175335,-0.000026,-0.459037,-0.039065,-0.000007,-1.141498,0.933226,-0.174298,0.000001,-0.000013,10.000000,-188.000000,46.000000,-0.111610,-0.000004,0.000000,0.000000,0.000000,-0.446844,366.000000,0.000000,0.000000,0.000000,0.000000,38.645237,104.477608,97.605080,-23.627209,-171.948364,0.000011,-2.298565,8.915000,6000,-1,28,9
38.648167,0.008872,0.043104,-2.175411,-0.000026,-0.461316,-0.037201,-0.000007,-1.139348,0.931575,-0.174296,0.000001,-0.000013,10.000000,-188.000000,46.000000,-0.090952,-0.000006,0.000000,0.000000,0.067000,0.081783,366.000000,0.000000,0.000000,0.000000,0.000000,38.647186,89.552238,87.150078,-222.766693,-179.815338,0.000014,-2.052341,8.922985,5967,-1,28,9
38.650120,0.008872,0.042177,-2.175482,-0.000026,-0.463591,-0.035335,-0.000006,-1.136599,0.933361,-0.174294,0.000001,-0.000013,10.000000,-188.000000,46.000000,-0.090952,-0.000006,0.000000,0.000000,0.000000,0.081783,366.000000,0.000000,0.000000,0.000000,0.000000,38.649143,89.552238,87.150078,-222.766693,-179.815338,0.000015,-2.052336,8.922985,5967,-1,28,9
38.652073,0.008872,0.041246,-2.175550,-0.000026,-0.465860,-0.033465,-0.000006,-1.133719,0.935924,-0.174292,0.000001,-0.000013,10.000000,-188.000000,46.000000,-0.090952,-0.000006,0.000000,0.000000,0.000000,0.081783,366.000000,0.000000,0.000000,0.000000,0.000000,38.651096,89.552238,87.150078,-222.766693,-179.815338,0.000016,-2.052335,8.922985,5967,-1,28,9
38.654030,0.008872,0.040310,-2.175614,-0.000026,-0.468123,-0.031590,-0.000006,-1.130915,0.938084,-0.174291,0.000001,-0.000013,10.000000,-188.000000,46.000000,-0.090952,-0.000006,0.000000,0.000000,0.000000,0.081783,366.000000,0.000000,0.000000,0.000000,0.000000,38.653053,89.552238,87.150078,-222.766693,-179.815338,0.000015,-2.052337,8.922985,5967,-1,28,9
38.655983,0.008871,0.039369,-2.175675,-0.000026,-0.470381,-0.029711,-0.000006,-1.128181,0.939877,-0.174289,0.000001,-0.000013,10.000000,-188.000000,46.000000,-0.090952,-0.000006,0.000000,0.000000,0.000000,0.081783,366.000000,0.000000,0.000000,0.000000,0.000000,38.655003,89.552238,87.150078,-222.766693,-179.815338,0.000013,-2.052343,8.922985,5967,-1,28,9
38.657936,0.008871,0.038424,-2.175731,-0.000026,-0.472633,-0.027829,-0.000006,-1.125511,0.941338,-0.174287,0.000001,-0.000013,10.000000,-188.000000,46.000000,-0.090952,-0.000006,0.000000,0.000000,0.000000,0.081783,366.000000,0.000000,0.000000,0.000000,0.000000,38.656960,89.552238,87.150078,-222.766693,-179.815338,0.000010,-2.052352,8.922985,5967,-1,28,9
38.659889,0.008871,0.037474,-2.175784,-0.000026,-0.474880,-0.025944,-0.000007,-1.122900,0.942498,-0.174286,0.000001,-0.000013,10.000000,-188.000000,46.000000,-0.090952,-0.000006,0.000000,0.000000,0.000000,0.081783,366.000000,0.000000,0.000000,0.000000,0.000000,38.658913,89.552238,87.150078,-222.766693,-179.815338,0.000006,-2.052364,8.922985,5967,-1,28,9
38.661842,0.008871,0.036520,-2.175833,-0.000026,-0.477122,-0.024058,-0.000007,-1.120342,0.943386,-0.174285,0.000001,-0.000013,10.000000,-188.000000,46.000000,-0.090952,-0.000006,0.000000,0.000000,0.000000,0.081783,366.000000,0.000000,0.000000,0.000000,0.000000,38.660870,89.552238,87.150078,-222.766693,-179.815338,0.000002,-2.052379,8.922985,5967,-1,28,10
38.663799,0.008871,0.035562,-2.175879,-0.000026,-0.479359,-0.022170,-0.000008,-1.117835,0.944028,-0.174284,0.000001,-0.000013,10.000000,-188.000000,46.000000,-0.090952,-0.000006,0.000000,0.000000,0.000000,0.081783,366.000000,0.000000,0.000000,0.000000,0.000000,38.662819,89.552238,87.150078,-222.766693,-179.815338,0.000004,-2.052372,8.922985,5967,-1,28,10
38.665752,0.008871,0.034599,-2.175920,-0.000026,-0.481591,-0.020281,-0.000008,-1.115371,0.944445,-0.174283,0.000001,-0.000013,10.000000,-188.000000,46.000000,-0.090952,-0.000006,0.000000,0.000000,0.000000,0.081783,366.000000,0.000000,0.000000,0.000000,0.000000,38.664776,89.552238,87.150078,-222.766693,-179.815338,0.000012,-2.052347,8.922985,5967,-1,28,10
38.667706,0.008871,0.033631,-2.175958,-0.000026,-0.483818,-0.018392,-0.000009,-1.112949,0.944660,-0.174282,0.000001,-0.000013,10.000000,-188.000000,46.000000,-0.090952,-0.000006,0.000000,0.000000,0.000000,0.081783,366.000000,0.000000,0.000000,0.000000,0.000000,38.666729,89.552238,87.150078,-222.766693,-179.815338,0.000018,-2.052327,8.922985,5967,-1,28,10
38.669659,0.008871,0.032659,-2.175992,-0.000026,-0.486041,-0.016503,-0.000010,-1.110564,0.944692,-0.174281,0.000002,-0.000013,10.000000,-188.000000,46.000000,-0.090952,-0.000006,0.000000,0.000000,0.000000,0.081783,366.000000,0.000000,0.000000,0.000000,0.000000,38.668682,89.552238,87.150078,-222.766693,-179.815338,0.000023,-2.052313,8.922985,5967,-1,28,10
38.671616,0.008871,0.031683,-2.176022,-0.000026,-0.488258,-0.014614,-0.000012,-1.108214,0.944558,-0.174280,0.000002,-0.000013,10.000000,-188.000000,46.000000,-0.090952,-0.000006,0.000000,0.000000,0.000000,0.081783,366.000000,0.000000,0.000000,0.000000,0.000000,38.670635,89.552238,87.150078,-222.766693,-179.815338,0.000026,-2.052302,8.922985,5967,-1,28,10
38.673569,0.008871,0.030702,-2.176049,-0.000026,-0.490471,-0.012725,-0.000013,-1.105896,0.944273,-0.174280,0.000002,-0.000013,10.000000,-188.000000,46.000000,-0.090952,-0.000006,0.000000,0.000000,0.000000,0.081783,366.000000,0.000000,0.000000,0.000000,0.000000,38.672592,89.552238,87.150078,-222.766693,-179.815338,0.000028,-2.052296,8.922985,5967,-1,28,10
38.675522,0.008871,0.029717,-2.176071,-0.000026,-0.492679,-0.010837,-0.000014,-1.103607,0.943853,-0.174279,0.000002,-0.000013,10.000000,-188.000000,46.000000,-0.090952,-0.000006,0.000000,0.000000,0.000000,0.081783,366.000000,0.000000,0.000000,0.000000,0.000000,38.674545,89.552238,87.150078,-222.766693,-179.815338,0.000029,-2.052294,8.922985,5967,0,28,10
38.677475,0.008871,0.028727,-2.176090,-0.000026,-0.494883,-0.008950,-0.000016,-1.101346,0.943309,-0.174279,0.000002,-0.000013,10.000000,-188.000000,46.000000,-0.090952,-0.000006,0.000000,0.000000,0.000000,0.081783,366.000000,0.000000,0.000000,0.000000,0.000000,38.676498,89.552238,87.150078,-222.766693,-179.815338,0.000028,-2.052295,8.922985,5967,0,28,10
38.679428,0.008871,0.027733,-2.176105,-0.000026,-0.497083,-0.007064,-0.000017,-1.099109,0.942655,-0.174279,0.000002,-0.000013,10.000000,-188.000000,46.000000,-0.090952,-0.000006,0.000000,0.000000,0.000000,0.081783,366.000000,0.000000,0.000000,0.000000,0.000000,38.678452,89.552238,87.150078,-222.766693,-179.815338,0.000027,-2.052300,8.922985,5967,0,28,10
38.681385,0.008871,0.026735,-2.176116,-0.000026,-0.499277,-0.005180,-0.000019,-1.096895,0.941899,-0.174279,0.000003,-0.000013,10.000000,-188.000000,46.000000,-0.090952,-0.000006,0.000000,0.000000,0.000000,0.081783,366.000000,0.000000,0.000000,0.000000,0.000000,38.680408,89.552238,87.150078,-222.766693,-179.815338,0.000024,-2.052308,8.922985,5967,0,28,10
38.683338,0.008871,0.025732,-2.176124,-0.000026,-0.501468,-0.003298,-0.000020,-1.094703,0.941053,-0.174279,0.000003,-0.000013,10.000000,-188.000000,46.000000,-0.090952,-0.000006,0.000000,0.000000,0.000000,0.081783,366.000000,0.000000,0.000000,0.000000,0.000000,38.682362,89.552238,87.150078,-222.766693,-179.815338,0.000021,-2.052318,8.922985,5967,0,28,10
38.685291,0.008871,0.024725,-2.176128,-0.000026,-0.503654,-0.001417,-0.000022,-1.092530,0.940125,-0.174279,0.000003,-0.000013,10.000000,-188.000000,46.000000,-0.090952,-0.000006,0.000000,0.000000,0.000000,0.081783,366.000000,0.000000,0.000000,0.000000,0.000000,38.684315,89.552238,87.150078,-222.766693,-179.815338,0.000017,-2.052331,8.922985,5967,0,28,10
38.687244,0.008871,0.023713,-2.176128,-0.000026,-0.505836,0.000462,-0.000023,-1.090375,0.939123,-0.174279,0.000003,-0.000013,10.000000,-188.000000,46.000000,-0.090952,-0.000006,0.000000,0.000000,0.000000,0.081783,366.000000,0.000000,0.000000,0.000000,0.000000,38.686268,89.552238,87.150078,-222.766693,-179.815338,0.000012,-2.052346,8.922985,5967,0,28,10
38.689201,0.008871,0.022697,-2.176124,-0.000026,-0.508013,0.002338,-0.000024,-1.088236,0.938053,-0.174279,0.000003,-0.000013,10.000000,-188.000000,46.000000,-0.090952,-0.000006,0.000000,0.000000,0.000000,0.081783,366.000000,0.000000,0.000000,0.000000,0.000000,38.688225,89.552238,87.150078,-222.766693,-179.815338,0.000007,-2.052364,8.922985,5967,0,28,10
38.691154,0.008871,0.021677,-2.176116,-0.000026,-0.510187,0.004213,-0.000025,-1.086113,0.936924,-0.174279,0.000003,-0.000013,10.000000,-188.000000,46.000000,-0.090952,-0.000006,0.000000,0.000000,0.000000,0.081783,366.000000,0.000000,0.000000,0.000000,0.000000,38.690174,89.552238,87.150078,-222.766693,-179.815338,0.000000,-2.052383,8.922985,5967,0,28,11
38.693108,0.008871,0.020652,-2.176105,-0.000026,-0.512356,0.006085,-0.000026,-1.084007,0.935740,-0.174280,0.000003,-0.000013,10.000000,-188.000000,46.000000,-0.090952,-0.000006,0.000000,0.000000,0.000000,0.081783,366.000000,0.000000,0.000000,0.000000,0.000000,38.692131,89.552238,87.150078,-222.766693,-179.815338,0.000001,-2.052381,8.922985,5967,0,28,11
38.695061,0.008870,0.019623,-2.176090,-0.000026,-0.514521,0.007955,-0.000026,-1.081911,0.934507,-0.174280,0.000003,-0.000013,10.000000,-188.000000,46.000000,-0.090952,-0.000006,0.000000,0.000000,0.000000,0.081783,366.000000,0.000000,0.000000,0.000000,0.000000,38.694084,89.552238,87.150078,-222.766693,-179.815338,0.000008,-2.052360,8.922985,5967,0,28,11
38.697018,0.008870,0.018590,-2.176072,-0.000026,-0.516681,0.009822,-0.000026,-1.079829,0.933230,-0.174280,0.000003,-0.000013,10.000000,-188.000000,46.000000,-0.090952,-0.000006,0.000000,0.000000,0.000000,0.081783,366.000000,0.000000,0.000000,0.000000,0.000000,38.696041,89.552238,87.150078,-222.766693,-179.815338,0.000013,-2.052344,8.922985,5967,0,28,11
38.698971,0.008870,0.017552,-2.176049,-0.000026,-0.518838,0.011686,-0.000027,-1.077757,0.931913,-0.174281,0.000003,-0.000013,10.000000,-188.000000,46.000000,-0.090952,-0.000006,0.000000,0.000000,0.000000,0.081783,366.000000,0.000000,0.000000,0.000000,0.000000,38.697990,89.552238,87.150078,-222.766693,-179.815338,0.000017,-2.052332,8.922985,5967,0,28,11
38.700924,0.008870,0.016510,-2.176023,-0.000026,-0.520990,0.013548,-0.000027,-1.075697,0.930560,-0.174281,0.000003,-0.000013,10.000000,-188.000000,46.000000,-0.090952,-0.000006,0.000000,0.000000,0.000000,0.081783,366.000000,0.000000,0.000000,0.000000,0.000000,38.699947,89.552238,87.150078,-222.766693,-179.815338,0.000019,-2.052325,8.922985,5967,0,28,11
38.702877,0.008870,0.015464,-2.175993,-0.000026,-0.523139,0.015407,-0.000026,-1.073647,0.929175,-0.174282,0.000003,-0.000013,10.000000,-188.000000,46.000000,-0.090952,-0.000006,0.000000,0.000000,0.000000,0.081783,366.000000,0.000000,0.000000,0.000000,0.000000,38.701900,89.552238,87.150078,-222.766693,-179.815338,0.000020,-2.052321,8.922985,5967,0,28,11
38.704830,0.008870,0.014413,-2.175959,-0.000026,-0.525283,0.017263,-0.000026,-1.071607,0.927761,-0.174282,0.000003,-0.000013,10.000000,-188.000000,51.000000,-0.090952,-0.000006,0.000000,0.000000,0.000000,0.081783,364.000000,0.000000,0.000000,0.000000,0.000000,38.703857,89.552238,87.150078,-222.766693,-179.815338,0.000020,-2.052321,8.922985,5967,0,28,11
38.706787,0.008870,0.013359,-2.175922,-0.000026,-0.527423,0.019117,-0.000026,-1.069575,0.926320,-0.174283,0.000003,-0.000013,10.000000,-188.000000,51.000000,-0.085770,-0.000006,0.000000,0.000000,0.066000,-0.041567,364.000000,0.000000,0.000000,0.000000,0.000000,38.705807,75.757591,75.198601,-209.009857,-185.922348,0.000019,-1.770867,8.920000,5927,0,28,11
38.708740,0.008870,0.012300,-2.175881,-0.000027,-0.529558,0.020973,-0.000025,-1.066818,0.929027,-0.174283,0.000003,-0.000013,10.000000,-188.000000,51.000000,-0.085770,-0.000006,0.000000,0.000000,0.000000,-0.041567,364.000000,0.000000,0.000000,0.000000,0.000000,38.707764,75.757591,75.198601,-209.009857,-185.922348,0.000017,-1.770873,8.920000,5927,0,28,11
38.710693,0.008870,0.011236,-2.175836,-0.000027,-0.531687,0.022836,-0.000025,-1.063902,0.932662,-0.174284,0.000003,-0.000013,10.000000,-188.000000,51.000000,-0.085770,-0.000006,0.000000,0.000000,0.000000,-0.041567,364.000000,0.000000,0.000000,0.000000,0.000000,38.709717,75.757591,75.198601,-209.009857,-185.922348,0.000015,-1.770880,8.920000,5927,0,28,11
38.712646,0.008870,0.010169,-2.175788,-0.000027,-0.533811,0.024706,-0.000024,-1.061080,0.935792,-0.174284,0.000003,-0.000013,10.000000,-188.000000,51.000000,-0.085770,-0.000006,0.000000,0.000000,0.000000,-0.041567,364.000000,0.000000,0.000000,0.000000,0.000000,38.711674,75.757591,75.198601,-209.009857,-185.922348,0.000012,-1.770890,8.920000,5927,0,28,11
38.714603,0.008870,0.009097,-2.175735,-0.000027,-0.535929,0.026582,-0.000023,-1.058342,0.938464,-0.174285,0.000003,-0.000013,10.000000,-188.000000,51.000000,-0.085770,-0.000006,0.000000,0.000000,0.000000,-0.041567,364.000000,0.000000,0.000000,0.000000,0.000000,38.713623,75.757591,75.198601,-209.009857,-185.922348,0.000008,-1.770903,8.920000,5927,0,28,11
38.716557,0.008870,0.008021,-2.175679,-0.000027,-0.538042,0.028462,-0.000023,-1.055682,0.940721,-0.174286,0.000003,-0.000013,10.000000,-188.000000,51.000000,-0.085770,-0.000006,0.000000,0.000000,0.000000,-0.041567,364.000000,0.000000,0.000000,0.000000,0.000000,38.715580,75.757591,75.198601,-209.009857,-185.922348,0.000003,-1.770918,8.920000,5927,0,28,11
38.718510,0.008870,0.006940,-2.175620,-0.000027,-0.540149,0.030347,-0.000022,-1.053092,0.942602,-0.174286,0.000003,-0.000013,10.000000,-188.000000,51.000000,-0.085770,-0.000006,0.000000,0.000000,0.000000,-0.041567,364.000000,0.000000,0.000000,0.000000,0.000000,38.717533,75.757591,75.198601,-209.009857,-185.922348,-0.000003,-1.770936,8.920000,5927,0,28,12
38.720463,0.008870,0.005856,-2.175556,-0.000027,-0.542252,0.032234,-0.000021,-1.050568,0.944143,-0.174287,0.000003,-0.000013,10.000000,-188.000000,51.000000,-0.085770,-0.000006,0.000000,0.000000,0.000000,-0.041567,364.000000,0.000000,0.000000,0.000000,0.000000,38.719486,75.757591,75.198601,-209.009857,-185.922348,-0.000001,-1.770932,8.920000,5927,0,28,12
38.722420,0.008870,0.004767,-2.175489,-0.000027,-0.544349,0.034124,-0.000021,-1.048101,0.945375,-0.174287,0.000003,-0.000013,10.000000,-188.000000,51.000000,-0.085770,-0.000006,0.000000,0.000000,0.000000,-0.041567,364.000000,0.000000,0.000000,0.000000,0.000000,38.721439,75.757591,75.198601,-209.009857,-185.922348,0.000006,-1.770908,8.920000,5927,0,28,12
38.724373,0.008870,0.003674,-2.175417,-0.000027,-0.546442,0.036017,-0.000020,-1.045688,0.946327,-0.174288,0.000003,-0.000013,10.000000,-188.000000,51.000000,-0.085770,-0.000006,0.000000,0.000000,0.000000,-0.041567,364.000000,0.000000,0.000000,0.000000,0.000000,38.723396,75.757591,75.198601,-209.009857,-185.922348,0.000012,-1.770890,8.920000,5927,0,28,12
38.726326,0.008870,0.002577,-2.175343,-0.000027,-0.548529,0.037910,-0.000019,-1.043323,0.947026,-0.174289,0.000003,-0.000013,10.000000,-188.000000,51.000000,-0.085770,-0.000006,0.000000,0.000000,0.000000,-0.041567,364.000000,0.000000,0.000000,0.000000,0.000000,38.725349,75.757591,75.198601,-209.009857,-185.922348,0.000016,-1.770877,8.920000,5927,0,28,12
38.728279,0.008870,0.001476,-2.175264,-0.000027,-0.550613,0.039805,-0.000018,-1.041003,0.947495,-0.174289,0.000003,-0.000013,10.000000,-188.000000,51.000000,-0.085770,-0.000006,0.000000,0.000000,0.000000,-0.041567,364.000000,0.000000,0.000000,0.000000,0.000000,38.727303,75.757591,75.198601,-209.009857,-185.922348,0.000019,-1.770867,8.920000,5927,0,28,12
38.730232,0.008869,0.000370,-2.175181,-0.000027,-0.552691,0.041700,-0.000017,-1.038724,0.947756,-0.174290,0.000003,-0.000013,10.000000,-188.000000,51.000000,-0.085770,-0.000006,0.000000,0.000000,0.000000,-0.041567,364.000000,0.000000,0.000000,0.000000,0.000000,38.729256,75.757591,75.198601,-209.009857,-185.922348,0.000021,-1.770862,8.920000,5927,0,28,12
38.732189,0.008869,-0.000739,-2.175095,-0.000027,-0.554765,0.043596,-0.000016,-1.036482,0.947830,-0.174291,0.000002,-0.000012,10.000000,-188.000000,51.000000,-0.085770,-0.000006,0.000000,0.000000,0.000000,-0.041567,364.000000,0.000000,0.000000,0.000000,0.000000,38.731213,75.757591,75.198601,-209.009857,-185.922348,0.000021,-1.770860,8.920000,5927,0,28,12
38.734142,0.008869,-0.001853,-2.175005,-0.000027,-0.556835,0.045492,-0.000015,-1.034275,0.947732,-0.174292,0.000002,-0.000012,10.000000,-188.000000,51.000000,-0.085770,-0.000006,0.000000,0.000000,0.000000,-0.041567,364.000000,0.000000,0.000000,0.000000,0.000000,38.733166,75.757591,75.198601,-209.009857,-185.922348,0.000021,-1.770862,8.920000,5927,0,28,12
38.736095,0.008869,-0.002971,-2.174911,-0.000027,-0.558900,0.047387,-0.000013,-1.032099,0.947481,-0.174292,0.000002,-0.000012,10.000000,-188.000000,51.000000,-0.085770,-0.000006,0.000000,0.000000,0.000000,-0.041567,364.000000,0.000000,0.000000,0.000000,0.000000,38.735119,75.757591,75.198601,-209.009857,-185.922348,0.000019,-1.770866,8.920000,5927,0,28,12
38.738049,0.008869,-0.004093,-2.174813,-0.000027,-0.560961,0.049281,-0.000011,-1.029951,0.947090,-0.174293,0.000002,-0.000012,10.000000,-188.000000,51.000000,-0.085770,-0.000006,0.000000,0.000000,0.000000,-0.041567,364.000000,0.000000,0.000000,0.000000,0.000000,38.737072,75.757591,75.198601,-209.009857,-185.922348,0.000017,-1.770874,8.920000,5927,0,28,12
38.740005,0.008869,-0.005219,-2.174712,-0.000027,-0.563018,0.051175,-0.000009,-1.027830,0.946573,-0.174294,0.000002,-0.000012,10.000000,-188.000000,51.000000,-0.085770,-0.000006,0.000000,0.000000,0.000000,-0.041567,364.000000,0.000000,0.000000,0.000000,0.000000,38.739029,75.757591,75.198601,-209.009857,-185.922348,0.000014,-1.770884,8.920000,5927,0,28,12
38.741959,0.008869,-0.006349,-2.174606,-0.000027,-0.565070,0.053067,-0.000006,-1.025733,0.945941,-0.174294,0.000001,-0.000012,10.000000,-188.000000,51.000000,-0.085770,-0.000006,0.000000,0.000000,0.000000,-0.041567,364.000000,0.000000,0.000000,0.000000,0.000000,38.740978,75.757591,75.198601,-209.009857,-185.922348,0.000010,-1.770896,8.920000,5927,0,28,12
38.743912,0.008869,-0.007484,-2.174497,-0.000027,-0.567119,0.054958,-0.000004,-1.023659,0.945207,-0.174295,0.000001,-0.000012,10.000000,-188.000000,51.000000,-0.085770,-0.000006,0.000000,0.000000,0.000000,-0.041567,364.000000,0.000000,0.000000,0.000000,0.000000,38.742935,75.757591,75.198601,-209.009857,-185.922348,0.000005,-1.770911,8.920000,5927,0,28,12
38.745865,0.008869,-0.008622,-2.174384,-0.000027,-0.569163,0.056847,-0.000000,-1.021605,0.944378,-0.174296,0.000001,-0.000012,10.000000,-188.000000,51.000000,-0.085770,-0.000006,0.000000,0.000000,0.000000,-0.041567,364.000000,0.000000,0.000000,0.000000,0.000000,38.744888,75.757591,75.198601,-209.009857,-185.922348,-0.000000,-1.770928,8.920000,5927,0,28,13
38.747822,0.008869,-0.009765,-2.174268,-0.000027,-0.571203,0.058734,0.000003,-1.019572,0.943467,-0.174297,0.000000,-0.000012,10.000000,-188.000000,51.000000,-0.085770,-0.000006,0.000000,0.000000,0.000000,-0.041567,364.000000,0.000000,0.000000,0.000000,0.000000,38.746845,75.757591,75.198601,-209.009857,-185.922348,0.000001,-1.770923,8.920000,5927,0,28,13
38.749775,0.008869,-0.010911,-2.174147,-0.000027,-0.573239,0.060620,0.000007,-1.017554,0.942479,-0.174297,-0.000000,-0.000012,10.000000,-188.000000,51.000000,-0.085770,-0.000006,0.000000,0.000000,0.000000,-0.041567,364.000000,0.000000,0.000000,0.000000,0.000000,38.748795,75.757591,75.198601,-209.009857,-185.922348,0.000009,-1.770899,8.920000,5927,0,28,13
38.751728,0.008869,-0.012062,-2.174023,-0.000027,-0.575271,0.062503,0.000011,-1.015553,0.941422,-0.174298,-0.000001,-0.000012,10.000000,-188.000000,51.000000,-0.085770,-0.000006,0.000000,0.000000,0.000000,-0.041567,364.000000,0.000000,0.000000,0.000000,0.000000,38.750751,75.757591,75.198601,-209.009857,-185.922348,0.000015,-1.770880,8.920000,5927,0,28,13
38.753681,0.008869,-0.013217,-2.173895,-0.000027,-0.577299,0.064384,0.000015,-1.013567,0.940303,-0.174299,-0.000001,-0.000012,10.000000,-188.000000,51.000000,-0.085770,-0.000006,0.000000,0.000000,0.000000,-0.041567,364.000000,0.000000,0.000000,0.000000,0.000000,38.752705,75.757591,75.198601,-209.009857,-185.922348,0.000019,-1.770866,8.920000,5927,0,28,13
38.755634,0.008869,-0.014376,-2.173764,-0.000027,-0.579324,0.066263,0.000019,-1.011594,0.939128,-0.174300,-0.000002,-0.000011,10.000000,-188.000000,51.000000,-0.085770,-0.000006,0.000000,0.000000,0.000000,-0.041567,364.000000,0.000000,0.000000,0.000000,0.000000,38.754662,75.757591,75.198601,-209.009857,-185.922348,0.000023,-1.770856,8.920000,5927,0,29,13
38.757591,0.008869,-0.015538,-2.173628,-0.000027,-0.581344,0.068139,0.000024,-1.009635,0.937902,-0.174300,-0.000002,-0.000011,10.000000,-188.000000,51.000000,-0.085770,-0.000006,0.000000,0.000000,0.000000,-0.041567,364.000000,0.000000,0.000000,0.000000,0.000000,38.756611,75.757591,75.198601,-209.009857,-185.922348,0.000025,-1.770850,8.920000,5927,0,29,13
38.759544,0.008869,-0.016705,-2.173489,-0.000027,-0.583360,0.070013,0.000028,-1.007687,0.936632,-0.174301,-0.000003,-0.000011,10.000000,-188.000000,51.000000,-0.085770,-0.000006,0.000000,0.000000,0.000000,-0.041567,364.000000,0.000000,0.000000,0.000000,0.000000,38.758568,75.757591,75.198601,-209.009857,-185.922348,0.000026,-1.770847,8.920000,5927,0,29,13
38.761497,0.008869,-0.017876,-2.173346,-0.000027,-0.585373,0.071885,0.000033,-1.005751,0.935320,-0.174302,-0.000003,-0.000011,10.000000,-188.000000,51.000000,-0.085770,-0.000006,0.000000,0.000000,0.000000,-0.041567,364.000000,0.000000,0.000000,0.000000,0.000000,38.760521,75.757591,75.198601,-209.009857,-185.922348,0.000025,-1.770848,8.920000,5927,0,29,13
38.763451,0.008869,-0.019051,-2.173199,-0.000027,-0.587381,0.073753,0.000037,-1.003825,0.933971,-0.174303,-0.000004,-0.000011,10.000000,-187.000000,54.000000,-0.085770,-0.000006,0.000000,0.000000,0.000000,-0.041567,366.000000,0.000000,0.000000,0.000000,0.000000,38.762478,75.757591,75.198601,-209.009857,-185.922348,0.000024,-1.770851,8.920000,5927,0,29,13
38.765408,0.008869,-0.020230,-2.173048,-0.000027,-0.589386,0.075619,0.000041,-1.001910,0.932588,-0.174303,-0.000004,-0.000011,10.000000,-187.000000,54.000000,-0.072247,-0.000006,0.000000,0.000000,0.067000,0.040835,366.000000,0.000000,0.000000,0.000000,0.000000,38.764427,44.776100,51.617676,-462.410095,-267.042145,0.000022,-1.215527,8.927985,5872,351,29,13
38.767361,0.008868,-0.021413,-2.172894,-0.000027,-0.591386,0.077490,0.000045,-0.998994,0.936911,-0.174303,-0.000004,-0.000011,10.000000,-187.000000,54.000000,-0.072247,-0.000006,0.000000,0.000000,0.000000,0.040835,366.000000,0.000000,0.000000,0.000000,0.000000,38.766384,44.776100,51.617676,-462.410095,-267.042145,0.000027,-1.215511,8.927985,5872,351,29,13
38.769314,0.008868,-0.022600,-2.172736,-0.000027,-0.593379,0.079372,0.000048,-0.995828,0.942506,-0.174297,-0.000005,-0.000010,10.000000,-187.000000,54.000000,-0.072247,-0.000006,0.000000,0.000000,0.000000,0.040835,366.000000,0.000000,0.000000,0.000000,0.000000,38.768337,44.776100,51.617676,-462.410095,-267.042145,0.000045,-1.215455,8.927985,5872,349,29,13
38.771267,0.008868,-0.023791,-2.172575,-0.000026,-0.595366,0.081265,0.000051,-0.992728,0.947398,-0.174283,-0.000005,-0.000010,10.000000,-187.000000,54.000000,-0.072247,-0.000006,0.000000,0.000000,0.000000,0.040835,366.000000,0.000000,0.000000,0.000000,0.000000,38.770290,44.776100,51.617676,-462.410095,-267.042145,0.000069,-1.215380,8.927985,5872,347,29,13
38.773224,0.008868,-0.024986,-2.172409,-0.000026,-0.597347,0.083166,0.000054,-0.989653,0.951645,-0.174257,-0.000005,-0.000010,10.000000,-187.000000,54.000000,-0.072247,-0.000006,0.000000,0.000000,0.000000,0.040835,366.000000,0.000000,0.000000,0.000000,0.000000,38.772243,44.776100,51.617676,-462.410095,-267.042145,0.000098,-1.215288,8.927985,5872,343,29,13
38.775177,0.008868,-0.026185,-2.172240,-0.000026,-0.599321,0.085075,0.000056,-0.986565,0.955302,-0.174216,-0.000005,-0.000010,10.000000,-187.000000,54.000000,-0.072247,-0.000006,0.000000,0.000000,0.000000,0.040835,366.000000,0.000000,0.000000,0.000000,0.000000,38.774200,44.776100,51.617676,-462.410095,-267.042145,0.000132,-1.215181,8.927985,5872,337,28,13
38.777130,0.008868,-0.027388,-2.172067,-0.000026,-0.601290,0.086990,0.000057,-0.983431,0.958418,-0.174158,-0.000005,-0.000009,10.000000,-187.000000,54.000000,-0.072247,-0.000006,0.000000,0.000000,0.000000,0.040835,366.000000,0.000000,0.000000,0.000000,0.000000,38.776154,44.776100,51.617676,-462.410095,-267.042145,0.000170,-1.215062,8.927985,5872,331,28,13
38.779083,0.008868,-0.028594,-2.171890,-0.000026,-0.603252,0.088911,0.000058,-0.980222,0.961038,-0.174079,-0.000005,-0.000009,10.000000,-187.000000,54.000000,-0.072247,-0.000006,0.000000,0.000000,0.000000,0.040835,366.000000,0.000000,0.000000,0.000000,0.000000,38.778107,44.776100,51.617676,-462.410095,-267.042145,0.000212,-1.214931,8.927985,5872,328,28,13
38.781036,0.008868,-0.029805,-2.171709,-0.000026,-0.605207,0.090836,0.000059,-0.976911,0.963203,-0.173980,-0.000005,-0.000008,10.000000,-187.000000,54.000000,-0.072247,-0.000006,0.000000,0.000000,0.000000,0.040835,366.000000,0.000000,0.000000,0.000000,0.000000,38.780060,44.776100,51.617676,-462.410095,-267.042145,0.000256,-1.214791,8.927985,5872,319,28,13
38.782993,0.008868,-0.031019,-2.171524,-0.000026,-0.607156,0.092765,0.000058,-0.973476,0.964948,-0.173856,-0.000005,-0.000008,10.000000,-187.000000,54.000000,-0.072247,-0.000006,0.000000,0.000000,0.000000,0.040835,366.000000,0.000000,0.000000,0.000000,0.000000,38.782017,44.776100,51.617676,-462.410095,-267.042145,0.000304,-1.214643,8.927985,5872,310,28,13
38.784946,0.008868,-0.032238,-2.171335,-0.000026,-0.609098,0.094697,0.000058,-0.969897,0.966309,-0.173708,-0.000005,-0.000007,10.000000,-187.000000,54.000000,-0.072247,-0.000006,0.000000,0.000000,0.000000,0.040835,366.000000,0.000000,0.000000,0.000000,0.000000,38.783970,44.776100,51.617676,-462.410095,-267.042145,0.000353,-1.214489,8.927985,5872,300,28,13
38.786900,0.008868,-0.033460,-2.171143,-0.000026,-0.611032,0.096631,0.000057,-0.966156,0.967316,-0.173533,-0.000005,-0.000006,10.000000,-187.000000,54.000000,-0.072247,-0.000006,0.000000,0.000000,0.000000,0.040835,366.000000,0.000000,0.000000,0.000000,0.000000,38.785923,44.776100,51.617676,-462.410095,-267.042145,0.000404,-1.214329,8.927985,5872,289,28,13
38.788853,0.008868,-0.034686,-2.170946,-0.000025,-0.612958,0.098567,0.000056,-0.962238,0.967997,-0.173331,-0.000005,-0.000005,10.000000,-187.000000,54.000000,-0.072247,-0.000006,0.000000,0.000000,0.000000,0.040835,366.000000,0.000000,0.000000,0.000000,0.000000,38.787876,44.776100,51.617676,-462.410095,-267.042145,0.000456,-1.214166,8.927985,5872,277,28,12
38.790810,0.008868,-0.035916,-2.170746,-0.000025,-0.614877,0.100504,0.000054,-0.958130,0.968377,-0.173101,-0.000004,-0.000004,10.000000,-187.000000,54.000000,-0.072247,-0.000006,0.000000,0.000000,0.000000,0.040835,366.000000,0.000000,0.000000,0.000000,0.000000,38.789833,44.776100,51.617676,-462.410095,-267.042145,0.000501,-1.214024,8.927985,5872,265,28,12
38.792763,0.008868,-0.037150,-2.170542,-0.000025,-0.616787,0.102441,0.000053,-0.953826,0.968482,-0.172843,-0.000004,-0.000003,10.000000,-187.000000,54.000000,-0.072247,-0.000006,0.000000,0.000000,0.000000,0.040835,366.000000,0.000000,0.000000,0.000000,0.000000,38.791782,44.776100,51.617676,-462.410095,-267.042145,0.000539,-1.213903,8.927985,5872,252,28,12
38.794716,0.008868,-0.038388,-2.170334,-0.000025,-0.618687,0.104378,0.000051,-0.949315,0.968331,-0.172555,-0.000003,-0.000002,10.000000,-187.000000,54.000000,-0.072247,-0.000006,0.000000,0.000000,0.000000,0.040835,366.000000,0.000000,0.000000,0.000000,0.000000,38.793739,44.776100,51.617676,-462.410095,-267.042145,0.000579,-1.213778,8.927985,5872,238,28,12
38.796669,0.008868,-0.039629,-2.170122,-0.000025,-0.620579,0.106314,0.000049,-0.944593,0.967946,-0.172238,-0.000003,-0.000001,10.000000,-187.000000,54.000000,-0.072247,-0.000006,0.000000,0.000000,0.000000,0.040835,366.000000,0.000000,0.000000,0.000000,0.000000,38.795692,44.776100,51.617676,-462.410095,-267.042145,0.000619,-1.213652,8.927985,5872,224,28,11
38.798622,0.008868,-0.040875,-2.169906,-0.000025,-0.622461,0.108249,0.000046,-0.939653,0.967343,-0.171892,-0.000002,0.000000,10.000000,-187.000000,54.000000,-0.072247,-0.000006,0.000000,0.000000,0.000000,0.040835,366.000000,0.000000,0.000000,0.000000,0.000000,38.797649,44.776100,51.617676,-462.410095,-267.042145,0.000652,-1.213549,8.927985,5872,210,28,11
38.800579,0.008868,-0.042124,-2.169687,-0.000025,-0.624332,0.110182,0.000044,-0.934499,0.966541,-0.171516,-0.000002,0.000002,10.000000,-187.000000,54.000000,-0.072247,-0.000006,0.000000,0.000000,0.000000,0.040835,366.000000,0.000000,0.000000,0.000000,0.000000,38.799599,44.776100,51.617676,-462.410095,-267.042145,0.000677,-1.213469,8.927985,5872,195,28,10
38.802532,0.008868,-0.043376,-2.169463,-0.000025,-0.626193,0.112114,0.000041,-0.929125,0.965554,-0.171112,-0.000001,0.000003,10.000000,-187.000000,54.000000,-0.072247,-0.000006,0.000000,0.000000,0.000000,0.040835,366.000000,0.000000,0.000000,0.000000,0.000000,38.801556,44.776100,51.617676,-462.410095,-267.042145,0.000696,-1.213411,8.927985,5872,180,28,10
38.804485,0.008867,-0.044633,-2.169236,-0.000025,-0.628043,0.114043,0.000039,-0.923537,0.964400,-0.170680,-0.000001,0.000004,10.000000,-187.000000,54.000000,-0.072247,-0.000006,0.000000,0.000000,0.000000,0.040835,366.000000,0.000000,0.000000,0.000000,0.000000,38.803509,44.776100,51.617676,-462.410095,-267.042145,0.000708,-1.213374,8.927985,5872,165,28,9
38.806438,0.008867,-0.045893,-2.169005,-0.000025,-0.629882,0.115970,0.000036,-0.917733,0.963088,-0.170219,-0.000000,0.000006,10.000000,-187.000000,54.000000,-0.072247,-0.000006,0.000000,0.000000,0.000000,0.040835,366.000000,0.000000,0.000000,0.000000,0.000000,38.805466,44.776100,51.617676,-462.410095,-267.042145,0.000712,-1.213359,8.927985,5872,149,28,9
38.808395,0.008867,-0.047157,-2.168770,-0.000025,-0.631708,0.117894,0.000033,-0.911723,0.961633,-0.169732,0.000000,0.000007,10.000000,-187.000000,54.000000,-0.072247,-0.000006,0.000000,0.000000,0.000000,0.040835,366.000000,0.000000,0.000000,0.000000,0.000000,38.807415,44.776100,51.617676,-462.410095,-267.042145,0.000711,-1.213365,8.927985,5872,133,28,9
38.810349,0.008867,-0.048424,-2.168531,-0.000024,-0.633522,0.119815,0.000031,-0.905508,0.960047,-0.169219,0.000001,0.000008,10.000000,-187.000000,54.000000,-0.072247,-0.000006,0.000000,0.000000,0.000000,0.040835,366.000000,0.000000,0.000000,0.000000,0.000000,38.809372,44.776100,51.617676,-462.410095,-267.042145,0.000709,-1.213369,8.927985,5872,118,28,8
38.812302,0.008867,-0.049695,-2.168288,-0.000024,-0.635324,0.121732,0.000028,-0.899094,0.958340,-0.168680,0.000001,0.000010,10.000000,-187.000000,54.000000,-0.072247,-0.000006,0.000000,0.000000,0.000000,0.040835,366.000000,0.000000,0.000000,0.000000,0.000000,38.811325,44.776100,51.617676,-462.410095,-267.042145,0.000701,-1.213395,8.927985,5872,102,28,8
38.814255,0.008867,-0.050970,-2.168041,-0.000024,-0.637112,0.123646,0.000025,-0.892491,0.956522,-0.168117,0.000002,0.000011,10.000000,-187.000000,54.000000,-0.072247,-0.000006,0.000000,0.000000,0.000000,0.040835,366.000000,0.000000,0.000000,0.000000,0.000000,38.813278,44.776100,51.617676,-462.410095,-267.042145,0.000686,-1.213443,8.927985,5872,86,28,7
38.816212,0.008867,-0.052248,-2.167791,-0.000024,-0.638887,0.125557,0.000023,-0.885705,0.954602,-0.167530,0.000002,0.000012,10.000000,-187.000000,54.000000,-0.072247,-0.000006,0.000000,0.000000,0.000000,0.040835,366.000000,0.000000,0.000000,0.000000,0.000000,38.815231,44.776100,51.617676,-462.410095,-267.042145,0.000663,-1.213513,8.927985,5872,71,28,7
38.818165,0.008867,-0.053530,-2.167537,-0.000024,-0.640648,0.127463,0.000020,-0.878747,0.952590,-0.166922,0.000003,0.000013,10.000000,-187.000000,54.000000,-0.072247,-0.000006,0.000000,0.000000,0.000000,0.040835,366.000000,0.000000,0.000000,0.000000,0.000000,38.817188,44.776100,51.617676,-462.410095,-267.042145,0.000634,-1.213604,8.927985,5872,56,28,6
38.820118,0.008867,-0.054815,-2.167279,-0.000024,-0.642395,0.129365,0.000018,-0.871625,0.950495,-0.166293,0.000003,0.000014,10.000000,-187.000000,54.000000,-0.072247,-0.000006,0.000000,0.000000,0.000000,0.040835,366.000000,0.000000,0.000000,0.000000,0.000000,38.819141,44.776100,51.617676,-462.410095,-267.042145,0.000599,-1.213717,8.927985,5872,41,28,6
38.822071,0.008867,-0.056103,-2.167017,-0.000024,-0.644127,0.131263,0.000015,-0.864353,0.948324,-0.165645,0.000004,0.000016,10.000000,-187.000000,54.000000,-0.072247,-0.000006,0.000000,0.000000,0.000000,0.040835,366.000000,0.000000,0.000000,0.000000,0.000000,38.821095,44.776100,51.617676,-462.410095,-267.042145,0.000556,-1.213850,8.927985,5872,26,28,5
38.824024,0.008867,-0.057396,-2.166751,-0.000024,-0.645845,0.133156,0.000012,-0.856938,0.946084,-0.164978,0.000004,0.000016,10.000000,-187.000000,54.000000,-0.072247,-0.000006,0.000000,0.000000,0.000000,0.040835,366.000000,0.000000,0.000000,0.000000,0.000000,38.823048,44.776100,51.617676,-462.410095,-267.042145,0.000507,-1.214005,8.927985,5872,11,28,5
38.825981,0.008867,-0.058691,-2.166482,-0.000024,-0.647547,0.135045,0.000010,-0.849394,0.943783,-0.164295,0.000004,0.000017,10.000000,-187.000000,54.000000,-0.072247,-0.000006,0.000000,0.000000,0.000000,0.040835,366.000000,0.000000,0.000000,0.000000,0.000000,38.825005,44.776100,51.617676,-462.410095,-267.042145,0.000451,-1.214180,8.927985,5872,-2,28,5
38.827934,0.008867,-0.059990,-2.166209,-0.000024,-0.649235,0.136929,0.000008,-0.841733,0.941427,-0.163597,0.000005,0.000018,10.000000,-187.000000,54.000000,-0.072247,-0.000006,0.000000,0.000000,0.000000,0.040835,366.000000,0.000000,0.000000,0.000000,0.000000,38.826958,44.776100,51.617676,-462.410095,-267.042145,0.000397,-1.214351,8.927985,5872,-16,28,4
38.829887,0.008867,-0.061292,-2.165932,-0.000024,-0.650906,0.138808,0.000005,-0.833964,0.939023,-0.162886,0.000005,0.000019,10.000000,-187.000000,54.000000,-0.072247,-0.000006,0.000000,0.000000,0.000000,0.040835,366.000000,0.000000,0.000000,0.000000,0.000000,38.828911,44.776100,51.617676,-462.410095,-267.042145,0.000335,-1.214543,8.927985,5872,-29,28,4
38.831841,0.008867,-0.062598,-2.165651,-0.000024,-0.652562,0.140682,0.000003,-0.826104,0.936576,-0.162162,0.000005,0.000019,10.000000,-187.000000,54.000000,-0.072247,-0.000006,0.000000,0.000000,0.000000,0.040835,366.000000,0.000000,0.000000,0.000000,0.000000,38.830864,44.776100,51.617676,-462.410095,-267.042145,0.000267,-1.214757,8.927985,5872,-42,28,4
38.833797,0.008867,-0.063907,-2.165367,-0.000024,-0.654203,0.142552,0.000001,-0.818164,0.934092,-0.161427,0.000006,0.000019,10.000000,-187.000000,54.000000,-0.072247,-0.000006,0.000000,0.000000,0.000000,0.040835,366.000000,0.000000,0.000000,0.000000,0.000000,38.832821,44.776100,51.617676,-462.410095,-267.042145,0.000200,-1.214967,8.927985,5872,-59,28,4
38.835751,0.008867,-0.065219,-2.165078,-0.000024,-0.655827,0.144416,-0.000001,-0.810156,0.931576,-0.160683,0.000006,0.000020,10.000000,-187.000000,54.000000,-0.072247,-0.000006,0.000000,0.000000,0.000000,0.040835,366.000000,0.000000,0.000000,0.000000,0.000000,38.834770,44.776100,51.617676,-462.410095,-267.042145,0.000134,-1.215176,8.927985,5872,-71,28,4
38.837704,0.008867,-0.066534,-2.164787,-0.000024,-0.657435,0.146275,-0.000003,-0.802094,0.929033,-0.159932,0.000006,0.000020,10.000000,-187.000000,54.000000,-0.072247,-0.000006,0.000000,0.000000,0.000000,0.040835,366.000000,0.000000,0.000000,0.000000,0.000000,38.836727,44.776100,51.617676,-462.410095,-267.042145,0.000067,-1.215386,8.927985,5872,-83,28,3
38.839657,0.008867,-0.067853,-2.164491,-0.000024,-0.659027,0.148130,-0.000005,-0.793989,0.926467,-0.159175,0.000006,0.000020,10.000000,-187.000000,54.000000,-0.072247,-0.000006,0.000000,0.000000,0.000000,0.040835,366.000000,0.000000,0.000000,0.000000,0.000000,38.838680,44.776100,51.617676,-462.410095,-267.042145,-0.000007,-1.215620,8.927985,5872,-94,28,3
38.841614,0.008867,-0.069175,-2.164191,-0.000024,-0.660603,0.149979,-0.000007,-0.785858,0.923883,-0.158413,0.000006,0.000019,10.000000,-186.000000,54.000000,-0.072247,-0.000006,0.000000,0.000000,0.000000,0.040835,370.000000,0.000000,0.000000,0.000000,0.000000,38.840637,44.776100,51.617676,-462.410095,-267.042145,-0.000089,-1.215877,8.927985,5872,-104,28,3
38.843567,0.008867,-0.070499,-2.163888,-0.000024,-0.662163,0.151823,-0.000008,-0.777713,0.921286,-0.157649,0.000007,0.000019,10.000000,-186.000000,54.000000,-0.055800,-0.000006,0.000000,0.000000,0.067000,0.080897,370.000000,0.000000,0.000000,0.000000,0.000000,38.842587,0.000000,14.049076,-668.300293,-392.712769,-0.000171,-0.331392,8.932985,5826,774,28,4
38.845520,0.008866,-0.071827,-2.163582,-0.000024,-0.663705,0.153668,-0.000010,-0.768806,0.923490,-0.156879,0.000007,0.000018,10.000000,-186.000000,54.000000,-0.055800,-0.000006,0.000000,0.000000,0.000000,0.080897,370.000000,0.000000,0.000000,0.000000,0.000000,38.844543,0.000000,14.049076,-668.300293,-392.712769,-0.000226,-0.331564,8.932985,5826,765,28,4
38.847473,0.008866,-0.073158,-2.163271,-0.000024,-0.665229,0.155520,-0.000011,-0.759671,0.926771,-0.156097,0.000007,0.000018,10.000000,-186.000000,54.000000,-0.055800,-0.000006,0.000000,0.000000,0.000000,0.080897,370.000000,0.000000,0.000000,0.000000,0.000000,38.846497,0.000000,14.049076,-668.300293,-392.712769,-0.000241,-0.331612,8.932985,5826,753,28,4
38.849426,0.008866,-0.074493,-2.162957,-0.000024,-0.666734,0.157377,-0.000012,-0.750505,0.929466,-0.155295,0.000007,0.000017,10.000000,-186.000000,54.000000,-0.055800,-0.000006,0.000000,0.000000,0.000000,0.080897,370.000000,0.000000,0.000000,0.000000,0.000000,38.848454,0.000000,14.049076,-668.300293,-392.712769,-0.000240,-0.331610,8.932985,5826,738,28,4
38.851383,0.008866,-0.075830,-2.162639,-0.000024,-0.668222,0.159240,-0.000013,-0.741236,0.931619,-0.154466,0.000007,0.000017,10.000000,-186.000000,54.000000,-0.055800,-0.000006,0.000000,0.000000,0.000000,0.080897,370.000000,0.000000,0.000000,0.000000,0.000000,38.850403,0.000000,14.049076,-668.300293,-392.712769,-0.000226,-0.331564,8.932985,5826,721,28,4
38.853336,0.008866,-0.077170,-2.162318,-0.000024,-0.669690,0.161105,-0.000013,-0.731800,0.933270,-0.153603,0.000007,0.000017,10.000000,-186.000000,54.000000,-0.055800,-0.000006,0.000000,0.000000,0.000000,0.080897,370.000000,0.000000,0.000000,0.000000,0.000000,38.852360,0.000000,14.049076,-668.300293,-392.712769,-0.000199,-0.331480,8.932985,5826,701,28,4
38.855289,0.008866,-0.078512,-2.161993,-0.000024,-0.671139,0.162974,-0.000014,-0.722141,0.934456,-0.152702,0.000007,0.000016,10.000000,-186.000000,54.000000,-0.055800,-0.000006,0.000000,0.000000,0.000000,0.080897,370.000000,0.000000,0.000000,0.000000,0.000000,38.854313,0.000000,14.049076,-668.300293,-392.712769,-0.000162,-0.331363,8.932985,5826,679,28,4
38.857243,0.008866,-0.079858,-2.161663,-0.000024,-0.672568,0.164844,-0.000015,-0.712209,0.935211,-0.151758,0.000007,0.000016,10.000000,-186.000000,54.000000,-0.055800,-0.000006,0.000000,0.000000,0.000000,0.080897,370.000000,0.000000,0.000000,0.000000,0.000000,38.856270,0.000000,14.049076,-668.300293,-392.712769,-0.000116,-0.331219,8.932985,5826,655,28,5
38.859200,0.008866,-0.081207,-2.161330,-0.000024,-0.673977,0.166715,-0.000015,-0.701965,0.935567,-0.150767,0.000007,0.000016,10.000000,-186.000000,54.000000,-0.055800,-0.000006,0.000000,0.000000,0.000000,0.080897,370.000000,0.000000,0.000000,0.000000,0.000000,38.858219,0.000000,14.049076,-668.300293,-392.712769,-0.000055,-0.331027,8.932985,5826,629,28,5
38.861153,0.008866,-0.082558,-2.160994,-0.000024,-0.675366,0.168586,-0.000016,-0.691368,0.935553,-0.149727,0.000007,0.000016,10.000000,-186.000000,54.000000,-0.055800,-0.000006,0.000000,0.000000,0.000000,0.080897,370.000000,0.000000,0.000000,0.000000,0.000000,38.860176,0.000000,14.049076,-668.300293,-392.712769,0.000019,-0.330795,8.932985,5826,601,28,5
38.863106,0.008866,-0.083912,-2.160654,-0.000024,-0.676732,0.170457,-0.000016,-0.680392,0.935197,-0.148633,0.000007,0.000016,10.000000,-186.000000,54.000000,-0.055800,-0.000006,0.000000,0.000000,0.000000,0.080897,370.000000,0.000000,0.000000,0.000000,0.000000,38.862129,0.000000,14.049076,-668.300293,-392.712769,0.000097,-0.330550,8.932985,5825,572,28,5
38.865059,0.008866,-0.085269,-2.160310,-0.000024,-0.678076,0.172326,-0.000016,-0.668997,0.934629,-0.147485,0.000007,0.000017,10.000000,-186.000000,54.000000,-0.055800,-0.000006,0.000000,0.000000,0.000000,0.080897,370.000000,0.000000,0.000000,0.000000,0.000000,38.864082,0.000000,14.049076,-668.300293,-392.712769,0.000177,-0.330298,8.932985,5825,542,28,4
38.867016,0.008866,-0.086629,-2.159962,-0.000025,-0.679396,0.174194,-0.000016,-0.657175,0.933792,-0.146281,0.000007,0.000017,10.000000,-186.000000,54.000000,-0.055800,-0.000006,0.000000,0.000000,0.000000,0.080897,370.000000,0.000000,0.000000,0.000000,0.000000,38.866035,0.000000,14.049076,-668.300293,-392.712769,0.000252,-0.330065,8.932985,5825,510,28,4
38.868969,0.008866,-0.087991,-2.159610,-0.000025,-0.680692,0.176060,-0.000017,-0.644920,0.932673,-0.145020,0.000007,0.000018,10.000000,-186.000000,54.000000,-0.055800,-0.000006,0.000000,0.000000,0.000000,0.080897,370.000000,0.000000,0.000000,0.000000,0.000000,38.867992,0.000000,14.049076,-668.300293,-392.712769,0.000320,-0.329851,8.932985,5825,477,28,4
38.870922,0.008866,-0.089355,-2.159255,-0.000025,-0.681963,0.177923,-0.000017,-0.632222,0.931292,-0.143700,0.000007,0.000019,10.000000,-186.000000,54.000000,-0.055800,-0.000006,0.000000,0.000000,0.000000,0.080897,370.000000,0.000000,0.000000,0.000000,0.000000,38.869946,0.000000,14.049076,-668.300293,-392.712769,0.000389,-0.329635,8.932985,5825,444,28,4
38.872875,0.008866,-0.090723,-2.158896,-0.000025,-0.683208,0.179784,-0.000017,-0.619074,0.929673,-0.142324,0.000007,0.000020,10.000000,-186.000000,54.000000,-0.055800,-0.000006,0.000000,0.000000,0.000000,0.080897,370.000000,0.000000,0.000000,0.000000,0.000000,38.871899,0.000000,14.049076,-668.300293,-392.712769,0.000457,-0.329419,8.932985,5825,409,28,3
38.874828,0.008866,-0.092092,-2.158533,-0.000025,-0.684425,0.181640,-0.000017,-0.605474,0.927833,-0.140889,0.000007,0.000021,10.000000,-186.000000,54.000000,-0.055800,-0.000006,0.000000,0.000000,0.000000,0.080897,370.000000,0.000000,0.000000,0.000000,0.000000,38.873852,0.000000,14.049076,-668.300293,-392.712769,0.000517,-0.329231,8.932985,5825,374,28,3
38.876785,0.008866,-0.093464,-2.158167,-0.000025,-0.685615,0.183493,-0.000017,-0.591428,0.925792,-0.139398,0.000008,0.000022,10.000000,-186.000000,54.000000,-0.055800,-0.000006,0.000000,0.000000,0.000000,0.080897,370.000000,0.000000,0.000000,0.000000,0.000000,38.875809,0.000000,14.049076,-668.300293,-392.712769,0.000569,-0.329070,8.932985,5825,338,28,3
38.878738,0.008866,-0.094839,-2.157797,-0.000025,-0.686777,0.185341,-0.000016,-0.576940,0.923569,-0.137851,0.000008,0.000023,10.000000,-186.000000,54.000000,-0.055800,-0.000006,0.000000,0.000000,0.000000,0.080897,370.000000,0.000000,0.000000,0.000000,0.000000,38.877762,0.000000,14.049076,-668.300293,-392.712769,0.000619,-0.328913,8.932985,5825,302,28,2
38.880692,0.008866,-0.096215,-2.157423,-0.000025,-0.687908,0.187185,-0.000016,-0.562016,0.921179,-0.136250,0.000008,0.000024,10.000000,-186.000000,54.000000,-0.055800,-0.000006,0.000000,0.000000,0.000000,0.080897,370.000000,0.000000,0.000000,0.000000,0.000000,38.879715,0.000000,14.049076,-668.300293,-392.712769,0.000659,-0.328788,8.932985,5825,266,28,2
38.882645,0.008866,-0.097594,-2.157045,-0.000025,-0.689009,0.189023,-0.000015,-0.546672,0.918637,-0.134596,0.000008,0.000026,10.000000,-186.000000,54.000000,-0.055800,-0.000006,0.000000,0.000000,0.000000,0.080897,370.000000,0.000000,0.000000,0.000000,0.000000,38.881668,0.000000,14.049076,-668.300293,-392.712769,0.000689,-0.328693,8.932985,5825,230,28,1
38.884602,0.008865,-0.098975,-2.156664,-0.000025,-0.690079,0.190857,-0.000015,-0.530918,0.915960,-0.132891,0.000008,0.000027,10.000000,-186.000000,54.000000,-0.055800,-0.000006,0.000000,0.000000,0.000000,0.080897,370.000000,0.000000,0.000000,0.000000,0.000000,38.883625,0.000000,14.049076,-668.300293,-392.712769,0.000709,-0.328631,8.932985,5825,193,28,0
38.886555,0.008865,-0.100358,-2.156279,-0.000025,-0.691117,0.192684,-0.000014,-0.514773,0.913163,-0.131138,0.000008,0.000029,10.000000,-186.000000,54.000000,-0.055800,-0.000006,0.000000,0.000000,0.000000,0.080897,370.000000,0.000000,0.000000,0.000000,0.000000,38.885574,0.000000,14.049076,-668.300293,-392.712769,0.000711,-0.328624,8.932985,5825,157,28,0
38.888508,0.008865,-0.101743,-2.155891,-0.000025,-0.692121,0.194506,-0.000013,-0.498257,0.910258,-0.129338,0.000008,0.000030,10.000000,-186.000000,54.000000,-0.055800,-0.000006,0.000000,0.000000,0.000000,0.080897,370.000000,0.000000,0.000000,0.000000,0.000000,38.887531,0.000000,14.049076,-668.300293,-392.712769,0.000704,-0.328646,8.932985,5825,121,28,0
38.890461,0.008865,-0.103130,-2.155499,-0.000025,-0.693093,0.196322,-0.000012,-0.481390,0.907260,-0.127495,0.000008,0.000032,10.000000,-186.000000,54.000000,-0.055800,-0.000006,0.000000,0.000000,0.000000,0.080897,370.000000,0.000000,0.000000,0.000000,0.000000,38.889484,0.000000,14.049076,-668.300293,-392.712769,0.000694,-0.328677,8.932985,5825,85,28,0
38.892418,0.008865,-0.104519,-2.155103,-0.000025,-0.694030,0.198132,-0.000010,-0.464193,0.904179,-0.125610,0.000008,0.000033,10.000000,-186.000000,54.000000,-0.055800,-0.000006,0.000000,0.000000,0.000000,0.080897,370.000000,0.000000,0.000000,0.000000,0.000000,38.891441,0.000000,14.049076,-668.300293,-392.712769,0.000681,-0.328717,8.932985,5825,50,28,-1
38.894371,0.008865,-0.105910,-2.154704,-0.000025,-0.694932,0.199936,-0.000009,-0.446689,0.901027,-0.123688,0.000008,0.000034,10.000000,-186.000000,54.000000,-0.055800,-0.000006,0.000000,0.000000,0.000000,0.080897,370.000000,0.000000,0.000000,0.000000,0.000000,38.893391,0.000000,14.049076,-668.300293,-392.712769,0.000657,-0.328793,8.932985,5825,16,28,-2
38.896324,0.008865,-0.107303,-2.154301,-0.000025,-0.695799,0.201733,-0.000007,-0.428906,0.897817,-0.121730,0.000008,0.000035,10.000000,-186.000000,54.000000,-0.055800,-0.000006,0.000000,0.000000,0.000000,0.080897,370.000000,0.000000,0.000000,0.000000,0.000000,38.895348,0.000000,14.049076,-668.300293,-392.712769,0.000614,-0.328926,8.932985,5825,-17,28,-2
38.898277,0.008865,-0.108697,-2.153894,-0.000025,-0.696629,0.203524,-0.000004,-0.410871,0.894559,-0.119741,0.000007,0.000037,10.000000,-186.000000,54.000000,-0.055800,-0.000006,0.000000,0.000000,0.000000,0.080897,370.000000,0.000000,0.000000,0.000000,0.000000,38.897301,0.000000,14.049076,-668.300293,-392.712769,0.000562,-0.329092,8.932985,5825,-50,28,-3
38.900230,0.008865,-0.110093,-2.153484,-0.000025,-0.697424,0.205308,-0.000002,-0.392609,0.891263,-0.117723,0.000007,0.000038,10.000000,-187.000000,47.000000,-0.055800,-0.000006,0.000000,0.000000,0.000000,0.080897,366.000000,0.000000,0.000000,0.000000,0.000000,38.899258,0.000000,14.049076,-668.300293,-392.712769,0.000498,-0.329292,8.932985,5825,-83,28,-3
38.902187,0.008865,-0.111490,-2.153070,-0.000025,-0.698181,0.207086,0.000001,-0.374151,0.887937,-0.115680,0.000007,0.000038,10.000000,-187.000000,47.000000,-0.058616,-0.000006,0.000000,0.000000,0.066000,-0.082570,366.000000,0.000000,0.000000,0.000000,0.000000,38.901207,-106.060631,-67.611465,-1606.979614,-764.465637,0.000424,1.593582,8.921969,5906,1775,28,-4
38.904140,0.008865,-0.112889,-2.152653,-0.000025,-0.698903,0.208845,0.000005,-0.356504,0.876072,-0.113609,0.000006,0.000039,10.000000,-187.000000,47.000000,-0.058616,-0.000006,0.000000,0.000000,0.000000,-0.082570,366.000000,0.000000,0.000000,0.000000,0.000000,38.903164,-106.060631,-67.611465,-1606.979614,-764.465637,0.000380,1.593443,8.921969,5906,1744,28,-4
38.906094,0.008865,-0.114289,-2.152232,-0.000025,-0.699589,0.210576,0.000009,-0.338751,0.862235,-0.111491,0.000006,0.000040,10.000000,-187.000000,47.000000,-0.058616,-0.000006,0.000000,0.000000,0.000000,-0.082570,366.000000,0.000000,0.000000,0.000000,0.000000,38.905117,-106.060631,-67.611465,-1606.979614,-764.465637,0.000396,1.593492,8.921969,5906,1707,28,-5
38.908047,0.008865,-0.115691,-2.151808,-0.000025,-0.700239,0.212281,0.000013,-0.320409,0.849348,-0.109313,0.000005,0.000041,10.000000,-187.000000,47.000000,-0.058616,-0.000006,0.000000,0.000000,0.000000,-0.082570,366.000000,0.000000,0.000000,0.000000,0.000000,38.907070,-106.060631,-67.611465,-1606.979614,-764.465637,0.000438,1.593624,8.921969,5906,1664,28,-5
38.910004,0.008865,-0.117094,-2.151381,-0.000025,-0.700852,0.213962,0.000018,-0.301365,0.837312,-0.107059,0.000005,0.000042,10.000000,-187.000000,47.000000,-0.058616,-0.000006,0.000000,0.000000,0.000000,-0.082570,366.000000,0.000000,0.000000,0.000000,0.000000,38.909023,-106.060631,-67.611465,-1606.979614,-764.465637,0.000503,1.593828,8.921969,5906,1616,29,-6
38.911957,0.008865,-0.118498,-2.150950,-0.000025,-0.701425,0.215619,0.000023,-0.281513,0.826037,-0.104717,0.000004,0.000043,10.000000,-187.000000,47.000000,-0.058616,-0.000006,0.000000,0.000000,0.000000,-0.082570,366.000000,0.000000,0.000000,0.000000,0.000000,38.910980,-106.060631,-67.611465,-1606.979614,-764.465637,0.000587,1.594092,8.921969,5906,1562,29,-6
38.913910,0.008865,-0.119903,-2.150516,-0.000025,-0.701957,0.217256,0.000030,-0.260769,0.815445,-0.102278,0.000003,0.000045,10.000000,-187.000000,47.000000,-0.058616,-0.000006,0.000000,0.000000,0.000000,-0.082570,366.000000,0.000000,0.000000,0.000000,0.000000,38.912933,-106.060631,-67.611465,-1606.979614,-764.465637,0.000688,1.594409,8.921969,5906,1504,29,-7
38.915863,0.008865,-0.121309,-2.150078,-0.000025,-0.702446,0.218871,0.000036,-0.239056,0.805465,-0.099731,0.000003,0.000047,10.000000,-187.000000,47.000000,-0.058616,-0.000006,0.000000,0.000000,0.000000,-0.082570,366.000000,0.000000,0.000000,0.000000,0.000000,38.914886,-106.060631,-67.611465,-1606.979614,-764.465637,0.000801,1.594766,8.921969,5906,1441,29,-7
38.917816,0.008865,-0.122716,-2.149638,-0.000025,-0.702890,0.220468,0.000043,-0.216316,0.796038,-0.097069,0.000002,0.000049,10.000000,-187.000000,47.000000,-0.058616,-0.000006,0.000000,0.000000,0.000000,-0.082570,366.000000,0.000000,0.000000,0.000000,0.000000,38.916840,-106.060631,-67.611465,-1606.979614,-764.465637,0.000924,1.595153,8.921969,5907,1375,29,-8
38.919773,0.008865,-0.124124,-2.149194,-0.000025,-0.703287,0.222047,0.000051,-0.192506,0.787006,-0.094287,0.000001,0.000051,10.000000,-187.000000,47.000000,-0.058616,-0.000006,0.000000,0.000000,0.000000,-0.082570,366.000000,0.000000,0.000000,0.000000,0.000000,38.918797,-106.060631,-67.611465,-1606.979614,-764.465637,0.001055,1.595562,8.921969,5907,1305,29,-9
38.921726,0.008865,-0.125532,-2.148747,-0.000024,-0.703635,0.223608,0.000059,-0.167581,0.778406,-0.091380,0.000000,0.000054,10.000000,-187.000000,47.000000,-0.058616,-0.000006,0.000000,0.000000,0.000000,-0.082570,366.000000,0.000000,0.000000,0.000000,0.000000,38.920750,-106.060631,-67.611465,-1606.979614,-764.465637,0.001182,1.595961,8.921969,5907,1232,29,-10
38.923679,0.008864,-0.126941,-2.148297,-0.000024,-0.703931,0.225152,0.000067,-0.141510,0.770234,-0.088345,-0.000001,0.000056,10.000000,-187.000000,47.000000,-0.058616,-0.000006,0.000000,0.000000,0.000000,-0.082570,366.000000,0.000000,0.000000,0.000000,0.000000,38.922703,-106.060631,-67.611465,-1606.979614,-764.465637,0.001304,1.596344,8.921969,5907,1156,29,-11
38.925632,0.008864,-0.128351,-2.147844,-0.000024,-0.704174,0.226681,0.000076,-0.114277,0.762455,-0.085179,-0.000002,0.000059,10.000000,-187.000000,47.000000,-0.058616,-0.000006,0.000000,0.000000,0.000000,-0.082570,366.000000,0.000000,0.000000,0.000000,0.000000,38.924656,-106.060631,-67.611465,-1606.979614,-764.465637,0.001419,1.596706,8.921969,5907,1078,29,-12
38.927589,0.008864,-0.129761,-2.147388,-0.000024,-0.704360,0.228195,0.000086,-0.085874,0.755043,-0.081882,-0.000003,0.000062,10.000000,-187.000000,47.000000,-0.058616,-0.000006,0.000000,0.000000,0.000000,-0.082570,366.000000,0.000000,0.000000,0.000000,0.000000,38.926613,-106.060631,-67.611465,-1606.979614,-764.465637,0.001526,1.597041,8.921969,5907,998,29,-13
38.929543,0.008864,-0.131171,-2.146929,-0.000024,-0.704487,0.229694,0.000095,-0.056303,0.747973,-0.078452,-0.000004,0.000066,10.000000,-187.000000,47.000000,-0.058616,-0.000006,0.000000,0.000000,0.000000,-0.082570,366.000000,0.000000,0.000000,0.000000,0.000000,38.928562,-106.060631,-67.611465,-1606.979614,-764.465637,0.001623,1.597346,8.921969,5907,916,29,-14
38.931496,0.008864,-0.132582,-2.146467,-0.000024,-0.704554,0.231180,0.000106,-0.025572,0.741226,-0.074892,-0.000005,0.000069,10.000000,-187.000000,47.000000,-0.058616,-0.000006,0.000000,0.000000,0.000000,-0.082570,366.000000,0.000000,0.000000,0.000000,0.000000,38.930519,-106.060631,-67.611465,-1606.979614,-764.465637,0.001709,1.597615,8.921969,5907,833,29,-16
38.933449,0.008864,-0.133992,-2.146002,-0.000023,-0.704557,0.232653,0.000116,0.006302,0.734787,-0.071203,-0.000006,0.000073,10.000000,-187.000000,47.000000,-0.058616,-0.000006,0.000000,0.000000,0.000000,-0.082570,366.000000,0.000000,0.000000,0.000000,0.000000,38.932472,-106.060631,-67.611465,-1606.979614,-764.465637,0.001774,1.597820,8.921969,5907,748,30,-17
38.935406,0.008864,-0.135403,-2.145534,-0.000023,-0.704495,0.234113,0.000127,0.039292,0.728643,-0.067387,-0.000007,0.000077,10.000000,-187.000000,47.000000,-0.058616,-0.000006,0.000000,0.000000,0.000000,-0.082570,366.000000,0.000000,0.000000,0.000000,0.000000,38.934429,-106.060631,-67.611465,-1606.979614,-764.465637,0.001819,1.597963,8.921969,5907,663,30,-19
38.937359,0.008864,-0.136813,-2.145063,-0.000023,-0.704366,0.235561,0.000139,0.073370,0.722787,-0.063448,-0.000009,0.000081,10.000000,-187.000000,47.000000,-0.058616,-0.000006,0.000000,0.000000,0.000000,-0.082570,366.000000,0.000000,0.000000,0.000000,0.000000,38.936378,-106.060631,-67.611465,-1606.979614,-764.465637,0.001844,1.598039,8.921969,5907,578,30,-20
38.939312,0.008864,-0.138223,-2.144589,-0.000023,-0.704166,0.236999,0.000151,0.108495,0.717212,-0.059389,-0.000010,0.000084,10.000000,-187.000000,47.000000,-0.058616,-0.000006,0.000000,0.000000,0.000000,-0.082570,366.000000,0.000000,0.000000,0.000000,0.000000,38.938335,-106.060631,-67.611465,-1606.979614,-764.465637,0.001846,1.598046,8.921969,5907,492,30,-22
38.941265,0.008864,-0.139632,-2.144113,-0.000022,-0.703895,0.238425,0.000163,0.144629,0.711913,-0.055216,-0.000012,0.000088,10.000000,-187.000000,47.000000,-0.058616,-0.000006,0.000000,0.000000,0.000000,-0.082570,366.000000,0.000000,0.000000,0.000000,0.000000,38.940289,-106.060631,-67.611465,-1606.979614,-764.465637,0.001826,1.597984,8.921969,5907,406,30,-23
38.943218,0.008864,-0.141041,-2.143633,-0.000022,-0.703551,0.239841,0.000176,0.181720,0.706888,-0.050933,-0.000014,0.000092,10.000000,-187.000000,47.000000,-0.058616,-0.000006,0.000000,0.000000,0.000000,-0.082570,366.000000,0.000000,0.000000,0.000000,0.000000,38.942245,-106.060631,-67.611465,-1606.979614,-764.465637,0.001783,1.597850,8.921969,5907,321,30,-25
38.945175,0.008864,-0.142449,-2.143151,-0.000021,-0.703130,0.241248,0.000190,0.219719,0.702136,-0.046547,-0.000015,0.000095,10.000000,-187.000000,47.000000,-0.058616,-0.000006,0.000000,0.000000,0.000000,-0.082570,366.000000,0.000000,0.000000,0.000000,0.000000,38.944195,-106.060631,-67.611465,-1606.979614,-764.465637,0.001717,1.597640,8.921969,5907,237,30,-26
38.947128,0.008864,-0.143856,-2.142666,-0.000021,-0.702633,0.242645,0.000203,0.258566,0.697657,-0.042063,-0.000017,0.000099,10.000000,-187.000000,47.000000,-0.058616,-0.000006,0.000000,0.000000,0.000000,-0.082570,366.000000,0.000000,0.000000,0.000000,0.000000,38.946152,-106.060631,-67.611465,-1606.979614,-764.465637,0.001626,1.597357,8.921969,5907,154,30,-28
38.949081,0.008864,-0.145261,-2.142178,-0.000021,-0.702056,0.244034,0.000218,0.298204,0.693454,-0.037488,-0.000019,0.000102,10.000000,-187.000000,47.000000,-0.058616,-0.000006,0.000000,0.000000,0.000000,-0.082570,366.000000,0.000000,0.000000,0.000000,0.000000,38.948105,-106.060631,-67.611465,-1606.979614,-764.465637,0.001512,1.596999,8.921969,5907,72,30,-29
38.951035,0.008864,-0.146666,-2.141687,-0.000020,-0.701399,0.245415,0.000232,0.338566,0.689524,-0.032828,-0.000022,0.000104,10.000000,-187.000000,47.000000,-0.058616,-0.000006,0.000000,0.000000,0.000000,-0.082570,366.000000,0.000000,0.000000,0.000000,0.000000,38.950062,-106.060631,-67.611465,-1606.979614,-764.465637,0.001374,1.596566,8.921969,5907,-8,31,-31
38.952991,0.008864,-0.148069,-2.141194,-0.000020,-0.700661,0.246789,0.000248,0.379590,0.685873,-0.028092,-0.000024,0.000107,10.000000,-187.000000,47.000000,-0.058616,-0.000006,0.000000,0.000000,0.000000,-0.082570,366.000000,0.000000,0.000000,0.000000,0.000000,38.952011,-106.060631,-67.611465,-1606.979614,-764.465637,0.001212,1.596056,8.921969,5907,-87,31,-32
38.954945,0.008864,-0.149471,-2.140698,-0.000019,-0.699839,0.248156,0.000263,0.421203,0.682502,-0.023287,-0.000026,0.000109,10.000000,-187.000000,47.000000,-0.058616,-0.000006,0.000000,0.000000,0.000000,-0.082570,366.000000,0.000000,0.000000,0.000000,0.000000,38.953968,-106.060631,-67.611465,-1606.979614,-764.465637,0.001026,1.595472,8.921969,5907,-163,31,-33
38.956898,0.008864,-0.150870,-2.140199,-0.000019,-0.698934,0.249516,0.000280,0.463337,0.679411,-0.018419,-0.000028,0.000110,10.000000,-187.000000,47.000000,-0.058616,-0.000006,0.000000,0.000000,0.000000,-0.082570,366.000000,0.000000,0.000000,0.000000,0.000000,38.955921,-106.060631,-67.611465,-1606.979614,-764.465637,0.000822,1.594833,8.921969,5907,-238,31,-34
38.958851,0.008864,-0.152268,-2.139697,-0.000018,-0.697943,0.250871,0.000296,0.505920,0.676602,-0.013498,-0.000031,0.000112,10.000000,-189.000000,26.000000,-0.058616,-0.000006,0.000000,0.000000,0.000000,-0.082570,390.000000,0.000000,0.000000,0.000000,0.000000,38.957874,-106.060631,-67.611465,-1606.979614,-764.465637,0.000601,1.594137,8.921969,5906,-311,31,-35
38.960808,0.008864,-0.153664,-2.139193,-0.000017,-0.696867,0.252220,0.000313,0.548879,0.674182,-0.008531,-0.000033,0.000112,10.000000,-189.000000,26.000000,-0.000712,-0.000004,0.000000,0.000000,0.067000,0.466533,390.000000,0.000000,0.000000,0.000000,0.000000,38.959827,-313.432678,-232.426132,-3095.103516,-1493.092529,0.000361,5.474771,8.909030,6815,-380,31,-36
38.962761,0.008864,-0.155057,-2.138686,-0.000017,-0.695705,0.253436,0.000334,0.591554,0.575834,-0.003527,-0.000036,0.000112,10.000000,-189.000000,26.000000,-0.000712,-0.000004,0.000000,0.000000,0.000000,0.466533,390.000000,0.000000,0.000000,0.000000,0.000000,38.961784,-313.432678,-232.426132,-3095.103516,-1493.092529,0.000116,5.473999,8.909030,6814,-448,31,-37
38.964714,0.008864,-0.156448,-2.138177,-0.000016,-0.694456,0.254407,0.000357,0.635403,0.455968,0.001508,-0.000039,0.000112,10.000000,-189.000000,26.000000,-0.000712,-0.000004,0.000000,0.000000,0.000000,0.466533,390.000000,0.000000,0.000000,0.000000,0.000000,38.963737,-313.432678,-232.426132,-3095.103516,-1493.092529,-0.000135,5.473210,8.909030,6814,-512,32,-37
38.966667,0.008864,-0.157836,-2.137667,-0.000015,-0.693118,0.255155,0.000380,0.680550,0.347629,0.006563,-0.000042,0.000111,10.000000,-189.000000,26.000000,-0.000712,-0.000004,0.000000,0.000000,0.000000,0.466533,390.000000,0.000000,0.000000,0.000000,0.000000,38.965691,-313.432678,-232.426132,-3095.103516,-1493.092529,-0.000398,5.472387,8.909030,6814,-573,32,-37
38.968620,0.008864,-0.159222,-2.137155,-0.000015,-0.691688,0.255702,0.000405,0.726769,0.249740,0.011632,-0.000045,0.000109,10.000000,-189.000000,26.000000,-0.000712,-0.000004,0.000000,0.000000,0.000000,0.466533,390.000000,0.000000,0.000000,0.000000,0.000000,38.967644,-313.432678,-232.426132,-3095.103516,-1493.092529,-0.000665,5.471549,8.909030,6814,-631,32,-37
38.970577,0.008864,-0.160604,-2.136643,-0.000014,-0.690164,0.256068,0.000432,0.773847,0.161358,0.016706,-0.000048,0.000107,10.000000,-189.000000,26.000000,-0.000712,-0.000004,0.000000,0.000000,0.000000,0.466533,390.000000,0.000000,0.000000,0.000000,0.000000,38.969601,-313.432678,-232.426132,-3095.103516,-1493.092529,-0.000938,5.470691,8.909030,6813,-687,32,-37
38.972530,0.008863,-0.161984,-2.136130,-0.000013,-0.688544,0.256270,0.000460,0.821581,0.081731,0.021778,-0.000051,0.000105,10.000000,-189.000000,26.000000,-0.000712,-0.000004,0.000000,0.000000,0.000000,0.466533,390.000000,0.000000,0.000000,0.000000,0.000000,38.971554,-313.432678,-232.426132,-3095.103516,-1493.092529,-0.001218,5.469810,8.909030,6813,-738,32,-37
38.974483,0.008863,-0.163360,-2.135617,-0.000012,-0.686829,0.256325,0.000490,0.869789,0.010000,0.026838,-0.000054,0.000102,10.000000,-189.000000,26.000000,-0.000712,-0.000004,0.000000,0.000000,0.000000,0.466533,390.000000,0.000000,0.000000,0.000000,0.000000,38.973507,-313.432678,-232.426132,-3095.103516,-1493.092529,-0.001507,5.468904,8.909030,6813,-787,33,-36
38.976437,0.008863,-0.164732,-2.135104,-0.000011,-0.685017,0.256247,0.000522,0.918296,-0.054581,0.031880,-0.000058,0.000098,10.000000,-189.000000,26.000000,-0.000712,-0.000004,0.000000,0.000000,0.000000,0.466533,390.000000,0.000000,0.000000,0.000000,0.000000,38.975460,-313.432678,-232.426132,-3095.103516,-1493.092529,-0.001797,5.467995,8.909030,6812,-832,33,-36
38.978394,0.008863,-0.166100,-2.134591,-0.000010,-0.683107,0.256050,0.000556,0.966944,-0.112553,0.036896,-0.000062,0.000093,10.000000,-189.000000,26.000000,-0.000712,-0.000004,0.000000,0.000000,0.000000,0.466533,390.000000,0.000000,0.000000,0.000000,0.000000,38.977417,-313.432678,-232.426132,-3095.103516,-1493.092529,-0.002089,5.467076,8.909030,6812,-874,33,-35
38.980347,0.008863,-0.167465,-2.134079,-0.000009,-0.681100,0.255746,0.000592,1.015582,-0.164584,0.041879,-0.000066,0.000088,10.000000,-189.000000,26.000000,-0.000712,-0.000004,0.000000,0.000000,0.000000,0.466533,390.000000,0.000000,0.000000,0.000000,0.000000,38.979366,-313.432678,-232.426132,-3095.103516,-1493.092529,-0.002385,5.466147,8.909030,6812,-912,33,-34
38.982300,0.008863,-0.168825,-2.133567,-0.000007,-0.678996,0.255347,0.000631,1.064076,-0.211243,0.046821,-0.000070,0.000082,10.000000,-189.000000,26.000000,-0.000712,-0.000004,0.000000,0.000000,0.000000,0.466533,390.000000,0.000000,0.000000,0.000000,0.000000,38.981323,-313.432678,-232.426132,-3095.103516,-1493.092529,-0.002677,5.465229,8.909030,6811,-946,34,-32
38.984253,0.008863,-0.170181,-2.133057,-0.000006,-0.676796,0.254861,0.000672,1.112290,-0.252911,0.051715,-0.000074,0.000076,10.000000,-189.000000,26.000000,-0.000712,-0.000004,0.000000,0.000000,0.000000,0.466533,390.000000,0.000000,0.000000,0.000000,0.000000,38.983276,-313.432678,-232.426132,-3095.103516,-1493.092529,-0.002961,5.464339,8.909030,6811,-977,34,-31
38.986210,0.008863,-0.171533,-2.132547,-0.000005,-0.674499,0.254299,0.000715,1.160114,-0.290115,0.056555,-0.000078,0.000069,10.000000,-189.000000,26.000000,-0.000712,-0.000004,0.000000,0.000000,0.000000,0.466533,390.000000,0.000000,0.000000,0.000000,0.000000,38.985233,-313.432678,-232.426132,-3095.103516,-1493.092529,-0.003236,5.463474,8.909030,6811,-1005,34,-29
38.988163,0.008863,-0.172880,-2.132039,-0.000003,-0.672108,0.253668,0.000760,1.207437,-0.323295,0.061335,-0.000083,0.000062,10.000000,-189.000000,26.000000,-0.000712,-0.000004,0.000000,0.000000,0.000000,0.466533,390.000000,0.000000,0.000000,0.000000,0.000000,38.987183,-313.432678,-232.426132,-3095.103516,-1493.092529,-0.003505,5.462631,8.909030,6810,-1029,35,-27
38.990116,0.008863,-0.174222,-2.131532,-0.000001,-0.669623,0.252977,0.000808,1.254154,-0.352712,0.066047,-0.000087,0.000054,10.000000,-189.000000,26.000000,-0.000712,-0.000004,0.000000,0.000000,0.000000,0.466533,390.000000,0.000000,0.000000,0.000000,0.000000,38.989140,-313.432678,-232.426132,-3095.103516,-1493.092529,-0.003760,5.461829,8.909030,6810,-1050,35,-25
38.992069,0.008863,-0.175558,-2.131027,0.000000,-0.667046,0.252232,0.000858,1.300177,-0.378784,0.070687,-0.000092,0.000045,10.000000,-189.000000,26.000000,-0.000712,-0.000004,0.000000,0.000000,0.000000,0.466533,390.000000,0.000000,0.000000,0.000000,0.000000,38.991093,-313.432678,-232.426132,-3095.103516,-1493.092529,-0.004004,5.461064,8.909030,6810,-1067,35,-23
38.994022,0.008863,-0.176890,-2.130523,0.000002,-0.664377,0.251440,0.000909,1.345424,-0.401856,0.075248,-0.000097,0.000036,10.000000,-189.000000,26.000000,-0.000712,-0.000004,0.000000,0.000000,0.000000,0.466533,390.000000,0.000000,0.000000,0.000000,0.000000,38.993050,-313.432678,-232.426132,-3095.103516,-1493.092529,-0.004236,5.460334,8.909030,6810,-1081,36,-20
38.995979,0.008863,-0.178216,-2.130021,0.000004,-0.661620,0.250605,0.000962,1.389817,-0.422206,0.079727,-0.000102,0.000027,10.000000,-189.000000,26.000000,-0.000712,-0.000004,0.000000,0.000000,0.000000,0.466533,390.000000,0.000000,0.000000,0.000000,0.000000,38.994999,-313.432678,-232.426132,-3095.103516,-1493.092529,-0.004452,5.459658,8.909030,6809,-1092,36,-17
38.997932,0.008863,-0.179536,-2.129521,0.000006,-0.658775,0.249734,0.001017,1.433278,-0.439985,0.084116,-0.000106,0.000017,10.000000,-189.000000,26.000000,-0.000712,-0.000004,0.000000,0.000000,0.000000,0.466533,390.000000,0.000000,0.000000,0.000000,0.000000,38.996956,-313.432678,-232.426132,-3095.103516,-1493.092529,-0.004644,5.459052,8.909030,6809,-1100,36,-15
38.999886,0.008863,-0.180851,-2.129022,0.000008,-0.655845,0.248830,0.001074,1.475753,-0.455506,0.088413,-0.000111,0.000007,10.000000,-189.000000,26.000000,-0.000712,-0.000004,0.000000,0.000000,0.000000,0.466533,390.000000,0.000000,0.000000,0.000000,0.000000,38.998909,-313.432678,-232.426132,-3095.103516,-1493.092529,-0.004823,5.458493,8.909030,6809,-1104,37,-12
39.001839,0.008863,-0.182159,-2.128525,0.000010,-0.652831,0.247899,0.001131,1.517184,-0.469021,0.092613,-0.000116,-0.000003,10.000000,-189.000000,26.000000,-0.000712,-0.000004,0.000000,0.000000,0.000000,0.466533,390.000000,0.000000,0.000000,0.000000,0.000000,39.000862,-313.432678,-232.426132,-3095.103516,-1493.092529,-0.004987,5.457978,8.909030,6809,-1106,37,-8
39.003796,0.008863,-0.183461,-2.128031,0.000013,-0.649736,0.246943,0.001189,1.557519,-0.480725,0.096712,-0.000121,-0.000014,10.000000,-189.000000,26.000000,-0.000712,-0.000004,0.000000,0.000000,0.000000,0.466533,390.000000,0.000000,0.000000,0.000000,0.000000,39.002815,-313.432678,-232.426132,-3095.103516,-1493.092529,-0.005124,5.457548,8.909030,6809,-1104,37,-5
39.005749,0.008863,-0.184757,-2.127537,0.000015,-0.646562,0.245966,0.001248,1.596719,-0.490794,0.100707,-0.000126,-0.000025,10.000000,-189.000000,26.000000,-0.000712,-0.000004,0.000000,0.000000,0.000000,0.466533,390.000000,0.000000,0.000000,0.000000,0.000000,39.004772,-313.432678,-232.426132,-3095.103516,-1493.092529,-0.005235,5.457199,8.909030,6809,-1100,38,-2
39.007702,0.008864,-0.186047,-2.127047,0.000018,-0.643311,0.244972,0.001307,1.634741,-0.499391,0.104594,-0.000131,-0.000037,10.000000,-189.000000,26.000000,-0.000712,-0.000004,0.000000,0.000000,0.000000,0.466533,390.000000,0.000000,0.000000,0.000000,0.000000,39.006725,-313.432678,-232.426132,-3095.103516,-1493.092529,-0.005328,5.456905,8.909030,6809,-1093,38,0
39.009655,0.008864,-0.187330,-2.126558,0.000020,-0.639986,0.243962,0.001366,1.671553,-0.506666,0.108371,-0.000135,-0.000048,10.000000,-189.000000,26.000000,-0.000712,-0.000004,0.000000,0.000000,0.000000,0.466533,390.000000,0.000000,0.000000,0.000000,0.000000,39.008678,-313.432678,-232.426132,-3095.103516,-1493.092529,-0.005412,5.456643,8.909030,6808,-1083,38,4
39.011608,0.008864,-0.188606,-2.126071,0.000023,-0.636590,0.242939,0.001424,1.707110,-0.512650,0.112035,-0.000140,-0.000060,10.000000,-189.000000,26.000000,-0.000712,-0.000004,0.000000,0.000000,0.000000,0.466533,390.000000,0.000000,0.000000,0.000000,0.000000,39.010632,-313.432678,-232.426132,-3095.103516,-1493.092529,-0.005477,5.456437,8.909030,6808,-1071,38,8
39.013565,0.008864,-0.189875,-2.125586,0.000026,-0.633124,0.241906,0.001482,1.741399,-0.517549,0.115584,-0.000144,-0.000071,10.000000,-189.000000,26.000000,-0.000712,-0.000004,0.000000,0.000000,0.000000,0.466533,390.000000,0.000000,0.000000,0.000000,0.000000,39.012589,-313.432678,-232.426132,-3095.103516,-1493.092529,-0.005512,5.456329,8.909030,6808,-1057,38,11
39.015518,0.008864,-0.191137,-2.125103,0.000029,-0.629591,0.240865,0.001538,1.774406,-0.521513,0.119016,-0.000148,-0.000083,10.000000,-189.000000,26.000000,-0.000712,-0.000004,0.000000,0.000000,0.000000,0.466533,390.000000,0.000000,0.000000,0.000000,0.000000,39.014542,-313.432678,-232.426132,-3095.103516,-1493.092529,-0.005523,5.456293,8.909030,6808,-1040,39,15
39.017471,0.008864,-0.192392,-2.124623,0.000032,-0.625995,0.239817,0.001594,1.806113,-0.524645,0.122331,-0.000152,-0.000094,10.000000,-189.000000,26.000000,-0.000712,-0.000004,0.000000,0.000000,0.000000,0.466533,390.000000,0.000000,0.000000,0.000000,0.000000,39.016495,-313.432678,-232.426132,-3095.103516,-1493.092529,-0.005513,5.456326,8.909030,6808,-1022,39,18
39.019424,0.008864,-0.193640,-2.124144,0.000036,-0.622337,0.238764,0.001647,1.836513,-0.527039,0.125526,-0.000156,-0.000106,10.000000,-189.000000,26.000000,-0.000712,-0.000004,0.000000,0.000000,0.000000,0.466533,390.000000,0.000000,0.000000,0.000000,0.000000,39.018448,-313.432678,-232.426132,-3095.103516,-1493.092529,-0.005481,5.456425,8.909030,6808,-1001,39,22
39.021381,0.008864,-0.194881,-2.123668,0.000039,-0.618620,0.237708,0.001699,1.865594,-0.528781,0.128602,-0.000159,-0.000117,10.000000,-189.000000,26.000000,-0.000712,-0.000004,0.000000,0.000000,0.000000,0.466533,390.000000,0.000000,0.000000,0.000000,0.000000,39.020405,-313.432678,-232.426132,-3095.103516,-1493.092529,-0.005428,5.456593,8.909030,6808,-979,39,26
39.023335,0.008864,-0.196113,-2.123194,0.000042,-0.614847,0.236648,0.001748,1.893356,-0.529951,0.131557,-0.000162,-0.000128,10.000000,-189.000000,26.000000,-0.000712,-0.000004,0.000000,0.000000,0.000000,0.466533,390.000000,0.000000,0.000000,0.000000,0.000000,39.022354,-313.432678,-232.426132,-3095.103516,-1493.092529,-0.005346,5.456848,8.909030,6809,-955,39,29
39.025288,0.008864,-0.197339,-2.122721,0.000046,-0.611021,0.235587,0.001795,1.919815,-0.530724,0.134391,-0.000165,-0.000139,10.000000,-189.000000,26.000000,-0.000712,-0.000004,0.000000,0.000000,0.000000,0.466533,390.000000,0.000000,0.000000,0.000000,0.000000,39.024311,-313.432678,-232.426132,-3095.103516,-1493.092529,-0.005245,5.457167,8.909030,6809,-930,39,33
39.027241,0.008864,-0.198556,-2.122251,0.000050,-0.607143,0.234525,0.001839,1.944961,-0.531084,0.137105,-0.000168,-0.000150,10.000000,-189.000000,26.000000,-0.000712,-0.000004,0.000000,0.000000,0.000000,0.466533,390.000000,0.000000,0.000000,0.000000,0.000000,39.026264,-313.432678,-232.426132,-3095.103516,-1493.092529,-0.005123,5.457549,8.909030,6809,-903,39,36
39.029198,0.008864,-0.199766,-2.121783,0.000053,-0.603217,0.233463,0.001880,1.968800,-0.531052,0.139700,-0.000170,-0.000160,10.000000,-189.000000,26.000000,-0.000712,-0.000004,0.000000,0.000000,0.000000,0.466533,390.000000,0.000000,0.000000,0.000000,0.000000,39.028221,-313.432678,-232.426132,-3095.103516,-1493.092529,-0.004982,5.457993,8.909030,6809,-875,39,40
39.031151,0.008864,-0.200967,-2.121317,0.000057,-0.599246,0.232401,0.001918,1.991339,-0.530686,0.142175,-0.000172,-0.000170,10.000000,-189.000000,26.000000,-0.000712,-0.000004,0.000000,0.000000,0.000000,0.466533,390.000000,0.000000,0.000000,0.000000,0.000000,39.030170,-313.432678,-232.426132,-3095.103516,-1493.092529,-0.004820,5.458499,8.909030,6809,-846,39,43
39.033104,0.008865,-0.202161,-2.120854,0.000061,-0.595231,0.231341,0.001953,2.012593,-0.530033,0.144532,-0.000174,-0.000180,10.000000,-189.000000,26.000000,-0.000712,-0.000004,0.000000,0.000000,0.000000,0.466533,390.000000,0.000000,0.000000,0.000000,0.000000,39.032127,-313.432678,-232.426132,-3095.103516,-1493.092529,-0.004639,5.459069,8.909030,6809,-816,39,46
39.035057,0.008865,-0.203347,-2.120392,0.000065,-0.591176,0.230282,0.001984,2.032578,-0.529138,0.146771,-0.000176,-0.000189,10.000000,-189.000000,26.000000,-0.000712,-0.000004,0.000000,0.000000,0.000000,0.466533,390.000000,0.000000,0.000000,0.000000,0.000000,39.034081,-313.432678,-232.426132,-3095.103516,-1493.092529,-0.004445,5.459679,8.909030,6809,-785,39,50
39.037010,0.008865,-0.204524,-2.119933,0.000069,-0.587082,0.229226,0.002011,2.051308,-0.528042,0.148896,-0.000177,-0.000197,10.000000,-189.000000,-6.000000,-0.000712,-0.000004,0.000000,0.000000,0.000000,0.466533,404.000000,0.000000,0.000000,0.000000,0.000000,39.036037,-313.432678,-232.426132,-3095.103516,-1493.092529,-0.004230,5.460353,8.909030,6810,-753,39,53
39.038967,0.008865,-0.205693,-2.119475,0.000073,-0.582953,0.228171,0.002034,2.068826,-0.526886,0.150906,-0.000178,-0.000206,10.000000,-189.000000,-6.000000,0.028645,0.000017,0.000000,0.000000,0.067000,0.260888,404.000000,0.000000,0.000000,0.000000,0.000000,39.037987,-477.612152,-409.143951,-2450.440918,-1860.199707,-0.003995,9.622796,8.915000,8549,-721,38,56
39.040920,0.008865,-0.206854,-2.119020,0.000077,-0.578754,0.226876,0.002091,2.112996,-0.707609,0.152805,-0.000178,-0.000213,10.000000,-189.000000,-6.000000,0.028645,0.000017,0.000000,0.000000,0.000000,0.260888,404.000000,0.000000,0.000000,0.000000,0.000000,39.039944,-477.612152,-409.143951,-2450.440918,-1860.199707,-0.003762,9.623528,8.915000,8549,-688,38,58
39.042873,0.008865,-0.208006,-2.118569,0.000082,-0.574452,0.225125,0.002154,2.163064,-0.929496,0.154593,-0.000179,-0.000220,10.000000,-189.000000,-6.000000,0.028645,0.000017,0.000000,0.000000,0.000000,0.260888,404.000000,0.000000,0.000000,0.000000,0.000000,39.041897,-477.612152,-409.143951,-2450.440918,-1860.199707,-0.003542,9.624217,8.915000,8550,-655,38,61
39.044827,0.008865,-0.209150,-2.118121,0.000086,-0.570056,0.222962,0.002211,2.209418,-1.130059,0.156275,-0.000179,-0.000227,10.000000,-189.000000,-6.000000,0.028645,0.000017,0.000000,0.000000,0.000000,0.260888,404.000000,0.000000,0.000000,0.000000,0.000000,39.043854,-477.612152,-409.143951,-2450.440918,-1860.199707,-0.003321,9.624913,8.915000,8550,-622,38,63
39.046783,0.008866,-0.210284,-2.117679,0.000090,-0.565573,0.220428,0.002261,2.252217,-1.311241,0.157851,-0.000179,-0.000233,10.000000,-189.000000,-6.000000,0.028645,0.000017,0.000000,0.000000,0.000000,0.260888,404.000000,0.000000,0.000000,0.000000,0.000000,39.045803,-477.612152,-409.143951,-2450.440918,-1860.199707,-0.003095,9.625622,8.915000,8550,-589,38,66
39.048737,0.008866,-0.211410,-2.117242,0.000095,-0.561009,0.217558,0.002305,2.291619,-1.474840,0.159324,-0.000178,-0.000239,10.000000,-189.000000,-6.000000,0.028645,0.000017,0.000000,0.000000,0.000000,0.260888,404.000000,0.000000,0.000000,0.000000,0.000000,39.047760,-477.612152,-409.143951,-2450.440918,-1860.199707,-0.002863,9.626350,8.915000,8551,-556,38,68
39.050690,0.008866,-0.212526,-2.116811,0.000100,-0.556371,0.214385,0.002345,2.327809,-1.622622,0.160698,-0.000178,-0.000244,10.000000,-189.000000,-6.000000,0.028645,0.000017,0.000000,0.000000,0.000000,0.260888,404.000000,0.000000,0.000000,0.000000,0.000000,39.049713,-477.612152,-409.143951,-2450.440918,-1860.199707,-0.002623,9.627104,8.915000,8551,-523,38,70
39.052643,0.008866,-0.213633,-2.116387,0.000104,-0.551665,0.210938,0.002381,2.360936,-1.756014,0.161975,-0.000178,-0.000248,10.000000,-189.000000,-6.000000,0.028645,0.000017,0.000000,0.000000,0.000000,0.260888,404.000000,0.000000,0.000000,0.000000,0.000000,39.051666,-477.612152,-409.143951,-2450.440918,-1860.199707,-0.002381,9.627864,8.915000,8551,-490,38,72
39.054600,0.008866,-0.214730,-2.115970,0.000109,-0.546897,0.207244,0.002414,2.391154,-1.876344,0.163159,-0.000178,-0.000253,10.000000,-189.000000,-6.000000,0.028645,0.000017,0.000000,0.000000,0.000000,0.260888,404.000000,0.000000,0.000000,0.000000,0.000000,39.053619,-477.612152,-409.143951,-2450.440918,-1860.199707,-0.002135,9.628636,8.915000,8552,-458,38,74
39.056553,0.008867,-0.215817,-2.115561,0.000114,-0.542074,0.203327,0.002443,2.418635,-1.984954,0.164251,-0.000178,-0.000256,10.000000,-189.000000,-6.000000,0.028645,0.000017,0.000000,0.000000,0.000000,0.260888,404.000000,0.000000,0.000000,0.000000,0.000000,39.055576,-477.612152,-409.143951,-2450.440918,-1860.199707,-0.001883,9.629427,8.915000,8552,-426,38,76
39.058506,0.008867,-0.216895,-2.115160,0.000119,-0.537199,0.199209,0.002471,2.443521,-2.082883,0.165257,-0.000178,-0.000259,10.000000,-189.000000,-6.000000,0.028645,0.000017,0.000000,0.000000,0.000000,0.260888,404.000000,0.000000,0.000000,0.000000,0.000000,39.057529,-477.612152,-409.143951,-2450.440918,-1860.199707,-0.001625,9.630238,8.915000,8552,-394,38,77
39.060459,0.008867,-0.217964,-2.114768,0.000124,-0.532278,0.194910,0.002496,2.465952,-2.171109,0.166178,-0.000178,-0.000262,10.000000,-189.000000,-6.000000,0.028645,0.000017,0.000000,0.000000,0.000000,0.260888,404.000000,0.000000,0.000000,0.000000,0.000000,39.059483,-477.612152,-409.143951,-2450.440918,-1860.199707,-0.001365,9.631054,8.915000,8553,-363,38,79
39.062412,0.008867,-0.219022,-2.114384,0.000129,-0.527315,0.190447,0.002520,2.486087,-2.250658,0.167018,-0.000178,-0.000264,10.000000,-189.000000,-6.000000,0.028645,0.000017,0.000000,0.000000,0.000000,0.260888,404.000000,0.000000,0.000000,0.000000,0.000000,39.061436,-477.612152,-409.143951,-2450.440918,-1860.199707,-0.001103,9.631879,8.915000,8553,-333,38,80
39.064369,0.008868,-0.220070,-2.114010,0.000134,-0.522316,0.185837,0.002544,2.504054,-2.322279,0.167780,-0.000179,-0.000266,10.000000,-189.000000,-6.000000,0.028645,0.000017,0.000000,0.000000,0.000000,0.260888,404.000000,0.000000,0.000000,0.000000,0.000000,39.063393,-477.612152,-409.143951,-2450.440918,-1860.199707,-0.000836,9.632715,8.915000,8554,-303,39,81
39.066322,0.008868,-0.221108,-2.113645,0.000139,-0.517284,0.181095,0.002567,2.519994,-2.386796,0.168469,-0.000179,-0.000267,10.000000,-189.000000,-6.000000,0.028645,0.000017,0.000000,0.000000,0.000000,0.260888,404.000000,0.000000,0.000000,0.000000,0.000000,39.065346,-477.612152,-409.143951,-2450.440918,-1860.199707,-0.000571,9.633547,8.915000,8554,-274,39,82
39.068275,0.008868,-0.222136,-2.113290,0.000144,-0.512222,0.176234,0.002589,2.534024,-2.444814,0.169087,-0.000180,-0.000268,10.000000,-189.000000,-6.000000,0.028645,0.000017,0.000000,0.000000,0.000000,0.260888,404.000000,0.000000,0.000000,0.000000,0.000000,39.067299,-477.612152,-409.143951,-2450.440918,-1860.199707,-0.000306,9.634378,8.915000,8554,-246,39,83
39.070229,0.008868,-0.223154,-2.112944,0.000150,-0.507136,0.171265,0.002612,2.546260,-2.496913,0.169638,-0.000181,-0.000268,10.000000,-189.000000,-6.000000,0.028645,0.000017,0.000000,0.000000,0.000000,0.260888,404.000000,0.000000,0.000000,0.000000,0.000000,39.069252,-477.612152,-409.143951,-2450.440918,-1860.199707,-0.000040,9.635215,8.915000,8555,-219,39,83
39.072186,0.008869,-0.224161,-2.112609,0.000155,-0.502027,0.166201,0.002635,2.556839,-2.543758,0.170125,-0.000183,-0.000268,10.000000,-189.000000,-6.000000,0.028645,0.000017,0.000000,0.000000,0.000000,0.260888,404.000000,0.000000,0.000000,0.000000,0.000000,39.071209,-477.612152,-409.143951,-2450.440918,-1860.199707,0.000222,9.636038,8.915000,8555,-193,40,84
39.074139,0.008869,-0.225159,-2.112284,0.000160,-0.496900,0.161049,0.002659,2.565857,-2.585779,0.170551,-0.000184,-0.000267,10.000000,-189.000000,-6.000000,0.028645,0.000017,0.000000,0.000000,0.000000,0.260888,404.000000,0.000000,0.000000,0.000000,0.000000,39.073158,-477.612152,-409.143951,-2450.440918,-1860.199707,0.000482,9.636852,8.915000,8556,-168,40,84
39.076092,0.008869,-0.226146,-2.111969,0.000166,-0.491756,0.155821,0.002683,2.573438,-2.623502,0.170921,-0.000186,-0.000265,10.000000,-189.000000,-6.000000,0.028645,0.000017,0.000000,0.000000,0.000000,0.260888,404.000000,0.000000,0.000000,0.000000,0.000000,39.075115,-477.612152,-409.143951,-2450.440918,-1860.199707,0.000739,9.637663,8.915000,8556,-144,40,84
39.078045,0.008870,-0.227123,-2.111665,0.000171,-0.486600,0.150523,0.002708,2.579670,-2.657263,0.171238,-0.000188,-0.000264,10.000000,-189.000000,-6.000000,0.028645,0.000017,0.000000,0.000000,0.000000,0.260888,404.000000,0.000000,0.000000,0.000000,0.000000,39.077068,-477.612152,-409.143951,-2450.440918,-1860.199707,0.000991,9.638452,8.915000,8556,-121,40,84
39.080002,0.008870,-0.228089,-2.111372,0.000176,-0.481433,0.145163,0.002734,2.584644,-2.687406,0.171504,-0.000190,-0.000261,10.000000,-189.000000,-6.000000,0.028645,0.000017,0.000000,0.000000,0.000000,0.260888,404.000000,0.000000,0.000000,0.000000,0.000000,39.079025,-477.612152,-409.143951,-2450.440918,-1860.199707,0.001237,9.639224,8.915000,8557,-98,41,84
39.081955,0.008870,-0.229045,-2.111090,0.000182,-0.476258,0.139747,0.002761,2.588473,-2.714374,0.171724,-0.000193,-0.000259,10.000000,-189.000000,-6.000000,0.028645,0.000017,0.000000,0.000000,0.000000,0.260888,404.000000,0.000000,0.000000,0.000000,0.000000,39.080975,-477.612152,-409.143951,-2450.440918,-1860.199707,0.001479,9.639983,8.915000,8557,-77,41,84
39.083908,0.008871,-0.229991,-2.110818,0.000188,-0.471077,0.134282,0.002788,2.591233,-2.738399,0.171900,-0.000195,-0.000255,10.000000,-189.000000,-6.000000,0.028645,0.000017,0.000000,0.000000,0.000000,0.260888,404.000000,0.000000,0.000000,0.000000,0.000000,39.082932,-477.612152,-409.143951,-2450.440918,-1860.199707,0.001717,9.640733,8.915000,8557,-57,41,83
39.085861,0.008871,-0.230926,-2.110558,0.000193,-0.465892,0.128773,0.002816,2.593004,-2.759723,0.172036,-0.000198,-0.000252,10.000000,-189.000000,-6.000000,0.028645,0.000017,0.000000,0.000000,0.000000,0.260888,404.000000,0.000000,0.000000,0.000000,0.000000,39.084885,-477.612152,-409.143951,-2450.440918,-1860.199707,0.001948,9.641456,8.915000,8558,-39,42,83
39.087814,0.008872,-0.231851,-2.110308,0.000199,-0.460704,0.123224,0.002845,2.593882,-2.778705,0.172135,-0.000201,-0.000248,10.000000,-189.000000,-6.000000,0.028645,0.000017,0.000000,0.000000,0.000000,0.260888,404.000000,0.000000,0.000000,0.000000,0.000000,39.086842,-477.612152,-409.143951,-2450.440918,-1860.199707,0.002171,9.642157,8.915000,8558,-21,42,82
39.089771,0.008872,-0.232766,-2.110070,0.000205,-0.455516,0.117642,0.002874,2.593933,-2.795496,0.172199,-0.000204,-0.000243,10.000000,-189.000000,-6.000000,0.028645,0.000017,0.000000,0.000000,0.000000,0.260888,404.000000,0.000000,0.000000,0.000000,0.000000,39.088791,-477.612152,-409.143951,-2450.440918,-1860.199707,0.002387,9.642838,8.915000,8558,-4,42,81
39.091724,0.008872,-0.233670,-2.109843,0.000210,-0.450329,0.112028,0.002904,2.593222,-2.810267,0.172233,-0.000208,-0.000239,10.000000,-189.000000,-6.000000,0.028645,0.000017,0.000000,0.000000,0.000000,0.260888,404.000000,0.000000,0.000000,0.000000,0.000000,39.090748,-477.612152,-409.143951,-2450.440918,-1860.199707,0.002593,9.643482,8.915000,8559,10,42,80
39.093678,0.008873,-0.234564,-2.109627,0.000216,-0.445145,0.106388,0.002935,2.591837,-2.823314,0.172238,-0.000211,-0.000234,10.000000,-189.000000,-6.000000,0.028645,0.000017,0.000000,0.000000,0.000000,0.260888,404.000000,0.000000,0.000000,0.000000,0.000000,39.092701,-477.612152,-409.143951,-2450.440918,-1860.199707,0.002788,9.644094,8.915000,8559,25,43,79
39.095631,0.008873,-0.235447,-2.109422,0.000222,-0.439964,0.100724,0.002965,2.589829,-2.834725,0.172218,-0.000214,-0.000228,10.000000,-186.000000,-19.000000,0.028645,0.000017,0.000000,0.000000,0.000000,0.260888,408.000000,0.000000,0.000000,0.000000,0.000000,39.094658,-477.612152,-409.143951,-2450.440918,-1860.199707,0.002974,9.644678,8.915000,8559,38,43,78
39.097588,0.008874,-0.236320,-2.109229,0.000228,-0.434788,0.095039,0.002995,2.587253,-2.844620,0.172175,-0.000218,-0.000222,10.000000,-186.000000,-19.000000,0.028645,0.000017,0.000000,0.000000,-0.933999,0.260888,408.000000,0.000000,0.000000,0.000000,0.000000,39.096607,-477.612152,-409.143951,-2450.440918,-1860.199707,0.003151,9.645236,8.930000,8566,50,43,77
39.099541,0.008874,-0.237183,-2.109047,0.000234,-0.429618,0.089336,0.003026,2.584295,-2.853869,0.172112,-0.000222,-0.000216,10.000000,-186.000000,-19.000000,0.028645,0.000017,0.000000,0.000000,0.000000,0.260888,408.000000,0.000000,0.000000,0.000000,0.000000,39.098564,-477.612152,-409.143951,-2450.440918,-1860.199707,0.003322,9.645771,8.930000,8567,62,43,75
39.101494,0.008875,-0.238035,-2.108877,0.000240,-0.424455,0.083616,0.003056,2.580931,-2.862142,0.172031,-0.000225,-0.000209,10.000000,-186.000000,-19.000000,0.028645,0.000017,0.000000,0.000000,0.000000,0.260888,408.000000,0.000000,0.000000,0.000000,0.000000,39.100517,-477.612152,-409.143951,-2450.440918,-1860.199707,0.003479,9.646264,8.930000,8567,72,44,74
39.103447,0.008875,-0.238877,-2.108718,0.000246,-0.419298,0.077881,0.003085,2.577152,-2.869222,0.171936,-0.000229,-0.000203,10.000000,-186.000000,-19.000000,0.028645,0.000017,0.000000,0.000000,0.000000,0.260888,408.000000,0.000000,0.000000,0.000000,0.000000,39.102470,-477.612152,-409.143951,-2450.440918,-1860.199707,0.003624,9.646721,8.930000,8567,81,44,72
39.105404,0.008876,-0.239709,-2.108571,0.000253,-0.414150,0.072133,0.003113,2.573004,-2.875184,0.171827,-0.000233,-0.000196,10.000000,-186.000000,-19.000000,0.028645,0.000017,0.000000,0.000000,0.000000,0.260888,408.000000,0.000000,0.000000,0.000000,0.000000,39.104424,-477.612152,-409.143951,-2450.440918,-1860.199707,0.003759,9.647143,8.930000,8567,89,44,70
39.107357,0.008876,-0.240530,-2.108435,0.000259,-0.409011,0.066376,0.003141,2.568533,-2.880133,0.171707,-0.000236,-0.000188,10.000000,-186.000000,-19.000000,0.028645,0.000017,0.000000,0.000000,0.000000,0.260888,408.000000,0.000000,0.000000,0.000000,0.000000,39.106380,-477.612152,-409.143951,-2450.440918,-1860.199707,0.003877,9.647515,8.930000,8567,96,44,69
39.109310,0.008877,-0.241341,-2.108311,0.000265,-0.403881,0.060609,0.003167,2.563782,-2.884161,0.171579,-0.000240,-0.000181,10.000000,-186.000000,-19.000000,0.028645,0.000017,0.000000,0.000000,0.000000,0.260888,408.000000,0.000000,0.000000,0.000000,0.000000,39.108334,-477.612152,-409.143951,-2450.440918,-1860.199707,0.003987,9.647861,8.930000,8568,103,44,67
39.111263,0.008877,-0.242142,-2.108198,0.000272,-0.398761,0.054836,0.003191,2.558813,-2.887457,0.171443,-0.000244,-0.000173,10.000000,-186.000000,-19.000000,0.028645,0.000017,0.000000,0.000000,0.000000,0.260888,408.000000,0.000000,0.000000,0.000000,0.000000,39.110287,-477.612152,-409.143951,-2450.440918,-1860.199707,0.004088,9.648178,8.930000,8568,108,44,65
39.113216,0.008878,-0.242933,-2.108097,0.000278,-0.393651,0.049057,0.003214,2.553648,-2.890016,0.171303,-0.000247,-0.000165,10.000000,-186.000000,-19.000000,0.028645,0.000017,0.000000,0.000000,0.000000,0.260888,408.000000,0.000000,0.000000,0.000000,0.000000,39.112240,-477.612152,-409.143951,-2450.440918,-1860.199707,0.004176,9.648453,8.930000,8568,112,45,63
39.115173,0.008878,-0.243713,-2.108008,0.000284,-0.388551,0.043274,0.003235,2.548317,-2.891870,0.171160,-0.000250,-0.000157,10.000000,-186.000000,-19.000000,0.028645,0.000017,0.000000,0.000000,0.000000,0.260888,408.000000,0.000000,0.000000,0.000000,0.000000,39.114197,-477.612152,-409.143951,-2450.440918,-1860.199707,0.004250,9.648685,8.930000,8568,116,45,61
39.117126,0.008879,-0.244483,-2.107930,0.000291,-0.383463,0.037488,0.003253,2.542853,-2.893083,0.171015,-0.000254,-0.000149,10.000000,-186.000000,-19.000000,0.028645,0.000017,0.000000,0.000000,0.000000,0.260888,408.000000,0.000000,0.000000,0.000000,0.000000,39.116150,-477.612152,-409.143951,-2450.440918,-1860.199707,0.004312,9.648880,8.930000,8568,119,45,59
39.119080,0.008880,-0.245244,-2.107863,0.000297,-0.378386,0.031701,0.003270,2.537285,-2.893714,0.170870,-0.000257,-0.000140,10.000000,-186.000000,-19.000000,0.028645,0.000017,0.000000,0.000000,0.000000,0.260888,408.000000,0.000000,0.000000,0.000000,0.000000,39.118103,-477.612152,-409.143951,-2450.440918,-1860.199707,0.004362,9.649037,8.930000,8568,121,45,57
39.121033,0.008880,-0.245993,-2.107809,0.000304,-0.373320,0.025914,0.003283,2.531643,-2.893813,0.170726,-0.000259,-0.000132,10.000000,-186.000000,-19.000000,0.028645,0.000017,0.000000,0.000000,0.000000,0.260888,408.000000,0.000000,0.000000,0.000000,0.000000,39.120056,-477.612152,-409.143951,-2450.440918,-1860.199707,0.004401,9.649159,8.930000,8568,122,45,54
39.122990,0.008881,-0.246733,-2.107766,0.000311,-0.368265,0.020126,0.003294,2.525954,-2.893429,0.170585,-0.000262,-0.000123,10.000000,-186.000000,-19.000000,0.028645,0.000017,0.000000,0.000000,0.000000,0.260888,408.000000,0.000000,0.000000,0.000000,0.000000,39.122013,-477.612152,-409.143951,-2450.440918,-1860.199707,0.004423,9.649229,8.930000,8568,123,45,52
39.124943,0.008881,-0.247463,-2.107734,0.000317,-0.363221,0.014341,0.003302,2.520238,-2.892604,0.170448,-0.000264,-0.000115,10.000000,-186.000000,-19.000000,0.028645,0.000017,0.000000,0.000000,0.000000,0.260888,408.000000,0.000000,0.000000,0.000000,0.000000,39.123962,-477.612152,-409.143951,-2450.440918,-1860.199707,0.004429,9.649249,8.930000,8568,123,45,50
39.126896,0.008882,-0.248183,-2.107714,0.000324,-0.358190,0.008557,0.003307,2.514519,-2.891377,0.170315,-0.000266,-0.000106,10.000000,-186.000000,-19.000000,0.028645,0.000017,0.000000,0.000000,0.000000,0.260888,408.000000,0.000000,0.000000,0.000000,0.000000,39.125919,-477.612152,-409.143951,-2450.440918,-1860.199707,0.004427,9.649240,8.930000,8568,122,45,48
39.128849,0.008883,-0.248892,-2.107706,0.000330,-0.353169,0.002777,0.003309,2.508816,-2.889783,0.170189,-0.000268,-0.000098,10.000000,-186.000000,-19.000000,0.028645,0.000017,0.000000,0.000000,0.000000,0.260888,408.000000,0.000000,0.000000,0.000000,0.000000,39.127872,-477.612152,-409.143951,-2450.440918,-1860.199707,0.004415,9.649205,8.930000,8568,121,45,45
39.130802,0.008883,-0.249592,-2.107709,0.000337,-0.348160,-0.003000,0.003307,2.503149,-2.887855,0.170069,-0.000270,-0.000089,10.000000,-186.000000,-19.000000,0.028645,0.000017,0.000000,0.000000,0.000000,0.260888,408.000000,0.000000,0.000000,0.000000,0.000000,39.129829,-477.612152,-409.143951,-2450.440918,-1860.199707,0.004389,9.649122,8.930000,8568,119,45,43
39.132759,0.008884,-0.250281,-2.107723,0.000344,-0.343162,-0.008772,0.003302,2.497529,-2.885619,0.169957,-0.000271,-0.000080,10.000000,-186.000000,-19.000000,0.028645,0.000017,0.000000,0.000000,0.000000,0.260888,408.000000,0.000000,0.000000,0.000000,0.000000,39.131779,-477.612152,-409.143951,-2450.440918,-1860.199707,0.004349,9.648996,8.930000,8568,117,45,41
39.134712,0.008885,-0.250961,-2.107749,0.000350,-0.338175,-0.014540,0.003293,2.491972,-2.883105,0.169852,-0.000272,-0.000072,10.000000,-186.000000,-19.000000,0.028645,0.000017,0.000000,0.000000,0.000000,0.260888,408.000000,0.000000,0.000000,0.000000,0.000000,39.133736,-477.612152,-409.143951,-2450.440918,-1860.199707,0.004301,9.648847,8.930000,8568,114,44,39
39.136665,0.008886,-0.251630,-2.107787,0.000357,-0.333200,-0.020302,0.003280,2.486492,-2.880335,0.169757,-0.000273,-0.000063,10.000000,-186.000000,-19.000000,0.028645,0.000017,0.000000,0.000000,0.000000,0.260888,408.000000,0.000000,0.000000,0.000000,0.000000,39.135689,-477.612152,-409.143951,-2450.440918,-1860.199707,0.004246,9.648674,8.930000,8568,111,44,36
39.138618,0.008886,-0.252290,-2.107836,0.000363,-0.328235,-0.026058,0.003264,2.481101,-2.877331,0.169671,-0.000274,-0.000055,10.000000,-186.000000,-19.000000,0.028645,0.000017,0.000000,0.000000,0.000000,0.260888,408.000000,0.000000,0.000000,0.000000,0.000000,39.137646,-477.612152,-409.143951,-2450.440918,-1860.199707,0.004178,9.648459,8.930000,8568,108,44,34
39.140575,0.008887,-0.252939,-2.107897,0.000370,-0.323281,-0.031808,0.003243,2.475803,-2.874113,0.169595,-0.000274,-0.000047,10.000000,-186.000000,-19.000000,0.028645,0.000017,0.000000,0.000000,0.000000,0.260888,408.000000,0.000000,0.000000,0.000000,0.000000,39.139595,-477.612152,-409.143951,-2450.440918,-1860.199707,0.004096,9.648203,8.930000,8568,104,44,32
39.142529,0.008888,-0.253579,-2.107970,0.000376,-0.318337,-0.037551,0.003219,2.470610,-2.870699,0.169528,-0.000273,-0.000039,10.000000,-186.000000,-19.000000,0.028645,0.000017,0.000000,0.000000,0.000000,0.260888,408.000000,0.000000,0.000000,0.000000,0.000000,39.141552,-477.612152,-409.143951,-2450.440918,-1860.199707,0.004009,9.647927,8.930000,8568,100,44,30
39.144482,0.008888,-0.254209,-2.108053,0.000383,-0.313403,-0.043287,0.003192,2.465528,-2.867106,0.169472,-0.000273,-0.000031,10.000000,-186.000000,-19.000000,0.028645,0.000017,0.000000,0.000000,0.000000,0.260888,408.000000,0.000000,0.000000,0.000000,0.000000,39.143505,-477.612152,-409.143951,-2450.440918,-1860.199707,0.003914,9.647631,8.930000,8567,95,44,28
39.146435,0.008889,-0.254829,-2.108149,0.000389,-0.308480,-0.049015,0.003160,2.460543,-2.863244,0.169427,-0.000272,-0.000023,10.000000,-186.000000,-19.000000,0.028645,0.000017,0.000000,0.000000,0.000000,0.260888,408.000000,0.000000,0.000000,0.000000,0.000000,39.145458,-477.612152,-409.143951,-2450.440918,-1860.199707,0.003813,9.647314,8.930000,8567,90,44,26
39.148392,0.008890,-0.255439,-2.108255,0.000395,-0.303566,-0.054736,0.003125,2.455675,-2.859207,0.169392,-0.000271,-0.000015,10.000000,-186.000000,-19.000000,0.028645,0.000017,0.000000,0.000000,0.000000,0.260888,408.000000,0.000000,0.000000,0.000000,0.000000,39.147411,-477.612152,-409.143951,-2450.440918,-1860.199707,0.003706,9.646976,8.930000,8567,86,43,24
39.150345,0.008891,-0.256040,-2.108374,0.000401,-0.298662,-0.060448,0.003086,2.450933,-2.855045,0.169368,-0.000269,-0.000008,10.000000,-186.000000,-19.000000,0.028645,0.000017,0.000000,0.000000,0.000000,0.260888,408.000000,0.000000,0.000000,0.000000,0.000000,39.149368,-477.612152,-409.143951,-2450.440918,-1860.199707,0.003591,9.646618,8.930000,8567,80,43,22
39.152298,0.008892,-0.256630,-2.108503,0.000408,-0.293767,-0.066152,0.003043,2.446317,-2.850768,0.169354,-0.000268,-0.000000,10.000000,-186.000000,-19.000000,0.028645,0.000017,0.000000,0.000000,0.000000,0.260888,408.000000,0.000000,0.000000,0.000000,0.000000,39.151321,-477.612152,-409.143951,-2450.440918,-1860.199707,0.003470,9.646237,8.930000,8567,75,43,20
39.154251,0.008893,-0.257211,-2.108644,0.000414,-0.288881,-0.071847,0.002997,2.441830,-2.846384,0.169351,-0.000265,0.000007,10.000000,-185.000000,-24.000000,0.028645,0.000017,0.000000,0.000000,0.000000,0.260888,406.000000,0.000000,0.000000,0.000000,0.000000,39.153275,-477.612152,-409.143951,-2450.440918,-1860.199707,0.003342,9.645835,8.930000,8567,70,43,18
39.156204,0.008893,-0.257782,-2.108797,0.000420,-0.284004,-0.077533,0.002947,2.437470,-2.841904,0.169359,-0.000263,0.000014,10.000000,-185.000000,-24.000000,0.021292,0.000098,0.000000,0.000000,0.067000,-0.036717,406.000000,0.000000,0.000000,0.000000,0.000000,39.155228,-268.656708,-360.082520,3118.737793,-460.715942,0.003207,8.490014,8.946940,8038,64,43,17
39.158161,0.008894,-0.258343,-2.108960,0.000425,-0.279148,-0.083136,0.002880,2.423795,-2.782131,0.169376,-0.000260,0.000020,10.000000,-185.000000,-24.000000,0.021292,0.000098,0.000000,0.000000,0.000000,-0.036717,406.000000,0.000000,0.000000,0.000000,0.000000,39.157185,-268.656708,-360.082520,3118.737793,-460.715942,0.003079,8.489611,8.946940,8038,59,42,15
39.160114,0.008895,-0.258895,-2.109135,0.000431,-0.274324,-0.088591,0.002806,2.408098,-2.709722,0.169404,-0.000257,0.000027,10.000000,-185.000000,-24.000000,0.021292,0.000098,0.000000,0.000000,0.000000,-0.036717,406.000000,0.000000,0.000000,0.000000,0.000000,39.159138,-268.656708,-360.082520,3118.737793,-460.715942,0.002954,8.489219,8.946940,8038,53,42,13
39.162067,0.008896,-0.259437,-2.109320,0.000436,-0.269529,-0.093910,0.002732,2.393622,-2.643680,0.169442,-0.000254,0.000033,10.000000,-185.000000,-24.000000,0.021292,0.000098,0.000000,0.000000,0.000000,-0.036717,406.000000,0.000000,0.000000,0.000000,0.000000,39.161091,-268.656708,-360.082520,3118.737793,-460.715942,0.002819,8.488795,8.946940,8038,48,42,12
39.164021,0.008897,-0.259969,-2.109516,0.000442,-0.264762,-0.099106,0.002655,2.380257,-2.583411,0.169489,-0.000250,0.000039,10.000000,-185.000000,-24.000000,0.021292,0.000098,0.000000,0.000000,0.000000,-0.036717,406.000000,0.000000,0.000000,0.000000,0.000000,39.163044,-268.656708,-360.082520,3118.737793,-460.715942,0.002680,8.488359,8.946940,8037,42,42,10
39.165977,0.008898,-0.260492,-2.109722,0.000447,-0.260021,-0.104190,0.002577,2.367896,-2.528299,0.169545,-0.000246,0.000045,10.000000,-185.000000,-24.000000,0.021292,0.000098,0.000000,0.000000,0.000000,-0.036717,406.000000,0.000000,0.000000,0.000000,0.000000,39.165001,-268.656708,-360.082520,3118.737793,-460.715942,0.002541,8.487921,8.946940,8037,37,41,9
39.167931,0.008899,-0.261006,-2.109938,0.000452,-0.255302,-0.109170,0.002497,2.356455,-2.477895,0.169611,-0.000241,0.000050,10.000000,-185.000000,-24.000000,0.021292,0.000098,0.000000,0.000000,0.000000,-0.036717,406.000000,0.000000,0.000000,0.000000,0.000000,39.166950,-268.656708,-360.082520,3118.737793,-460.715942,0.002397,8.487470,8.946940,8037,32,41,7
39.169884,0.008900,-0.261510,-2.110164,0.000457,-0.250605,-0.114057,0.002414,2.345861,-2.431800,0.169684,-0.000237,0.000055,10.000000,-185.000000,-24.000000,0.021292,0.000098,0.000000,0.000000,0.000000,-0.036717,406.000000,0.000000,0.000000,0.000000,0.000000,39.168907,-268.656708,-360.082520,3118.737793,-460.715942,0.002246,8.486994,8.946940,8037,26,41,6
39.171837,0.008900,-0.262005,-2.110400,0.000462,-0.245928,-0.118856,0.002330,2.336039,-2.389623,0.169765,-0.000232,0.000061,10.000000,-185.000000,-24.000000,0.021292,0.000098,0.000000,0.000000,0.000000,-0.036717,406.000000,0.000000,0.000000,0.000000,0.000000,39.170860,-268.656708,-360.082520,3118.737793,-460.715942,0.002090,8.486506,8.946940,8037,21,41,5
39.173794,0.008901,-0.262490,-2.110645,0.000466,-0.241270,-0.123577,0.002243,2.326922,-2.350998,0.169854,-0.000226,0.000065,10.000000,-185.000000,-24.000000,0.021292,0.000098,0.000000,0.000000,0.000000,-0.036717,406.000000,0.000000,0.000000,0.000000,0.000000,39.172817,-268.656708,-360.082520,3118.737793,-460.715942,0.001936,8.486024,8.946940,8036,16,40,4
39.175747,0.008902,-0.262966,-2.110899,0.000470,-0.236629,-0.128226,0.002153,2.318431,-2.315493,0.169950,-0.000220,0.000070,10.000000,-185.000000,-24.000000,0.021292,0.000098,0.000000,0.000000,0.000000,-0.036717,406.000000,0.000000,0.000000,0.000000,0.000000,39.174767,-268.656708,-360.082520,3118.737793,-460.715942,0.001784,8.485546,8.946940,8036,11,40,3
39.177700,0.008903,-0.263433,-2.111163,0.000475,-0.232004,-0.132807,0.002061,2.310521,-2.282887,0.170053,-0.000214,0.000074,10.000000,-185.000000,-24.000000,0.021292,0.000098,0.000000,0.000000,0.000000,-0.036717,406.000000,0.000000,0.000000,0.000000,0.000000,39.176723,-268.656708,-360.082520,3118.737793,-460.715942,0.001633,8.485070,8.946940,8036,7,40,2
39.179653,0.008904,-0.263890,-2.111435,0.000479,-0.227394,-0.137328,0.001967,2.303146,-2.252944,0.170161,-0.000208,0.000078,10.000000,-185.000000,-24.000000,0.021292,0.000098,0.000000,0.000000,0.000000,-0.036717,406.000000,0.000000,0.000000,0.000000,0.000000,39.178677,-268.656708,-360.082520,3118.737793,-460.715942,0.001482,8.484597,8.946940,8036,2,39,1
39.181606,0.008905,-0.264339,-2.111717,0.000482,-0.222798,-0.141792,0.001871,2.296258,-2.225418,0.170275,-0.000201,0.000082,10.000000,-185.000000,-24.000000,0.021292,0.000098,0.000000,0.000000,0.000000,-0.036717,406.000000,0.000000,0.000000,0.000000,0.000000,39.180634,-268.656708,-360.082520,3118.737793,-460.715942,0.001332,8.484124,8.946940,8035,-1,39,0
39.183563,0.008906,-0.264778,-2.112007,0.000486,-0.218215,-0.146205,0.001772,2.289794,-2.199980,0.170395,-0.000194,0.000085,10.000000,-185.000000,-24.000000,0.021292,0.000098,0.000000,0.000000,0.000000,-0.036717,406.000000,0.000000,0.000000,0.000000,0.000000,39.182583,-268.656708,-360.082520,3118.737793,-460.715942,0.001181,8.483650,8.946940,8035,-6,39,0
39.185516,0.008907,-0.265208,-2.112307,0.000489,-0.213645,-0.150569,0.001671,2.283725,-2.176506,0.170518,-0.000187,0.000089,10.000000,-185.000000,-24.000000,0.021292,0.000098,0.000000,0.000000,0.000000,-0.036717,406.000000,0.000000,0.000000,0.000000,0.000000,39.184540,-268.656708,-360.082520,3118.737793,-460.715942,0.001036,8.483195,8.946940,8035,-10,38,0
39.187469,0.008908,-0.265629,-2.112615,0.000493,-0.209086,-0.154890,0.001568,2.278022,-2.154849,0.170646,-0.000179,0.000092,10.000000,-185.000000,-24.000000,0.021292,0.000098,0.000000,0.000000,0.000000,-0.036717,406.000000,0.000000,0.000000,0.000000,0.000000,39.186493,-268.656708,-360.082520,3118.737793,-460.715942,0.000902,8.482776,8.946940,8035,-13,38,-1
39.189423,0.008909,-0.266041,-2.112931,0.000496,-0.204538,-0.159169,0.001464,2.272651,-2.134840,0.170777,-0.000171,0.000095,10.000000,-185.000000,-24.000000,0.021292,0.000098,0.000000,0.000000,0.000000,-0.036717,406.000000,0.000000,0.000000,0.000000,0.000000,39.188450,-268.656708,-360.082520,3118.737793,-460.715942,0.000772,8.482368,8.946940,8035,-17,38,-1
39.191380,0.008910,-0.266443,-2.113256,0.000498,-0.200000,-0.163411,0.001357,2.267577,-2.116327,0.170912,-0.000163,0.000097,10.000000,-185.000000,-24.000000,0.021292,0.000098,0.000000,0.000000,0.000000,-0.036717,406.000000,0.000000,0.000000,0.000000,0.000000,39.190399,-268.656708,-360.082520,3118.737793,-460.715942,0.000646,8.481973,8.946940,8035,-21,37,-2
39.193333,0.008911,-0.266837,-2.113590,0.000501,-0.195473,-0.167618,0.001249,2.262774,-2.099172,0.171049,-0.000155,0.000100,10.000000,-185.000000,-24.000000,0.021292,0.000098,0.000000,0.000000,0.000000,-0.036717,406.000000,0.000000,0.000000,0.000000,0.000000,39.192356,-268.656708,-360.082520,3118.737793,-460.715942,0.000523,8.481586,8.946940,8034,-24,37,-2
39.195286,0.008912,-0.267221,-2.113931,0.000503,-0.190954,-0.171792,0.001140,2.258193,-2.083146,0.171188,-0.000147,0.000102,10.000000,-185.000000,-24.000000,0.021292,0.000098,0.000000,0.000000,0.000000,-0.036717,406.000000,0.000000,0.000000,0.000000,0.000000,39.194309,-268.656708,-360.082520,3118.737793,-460.715942,0.000402,8.481206,8.946940,8034,-27,37,-3
39.197239,0.008913,-0.267597,-2.114282,0.000505,-0.186444,-0.175935,0.001030,2.253825,-2.068214,0.171328,-0.000138,0.000104,10.000000,-185.000000,-24.000000,0.021292,0.000098,0.000000,0.000000,0.000000,-0.036717,406.000000,0.000000,0.000000,0.000000,0.000000,39.196262,-268.656708,-360.082520,3118.737793,-460.715942,0.000283,8.480833,8.946940,8034,-29,36,-3
39.199196,0.008914,-0.267963,-2.114640,0.000507,-0.181943,-0.180051,0.000918,2.249650,-2.054311,0.171470,-0.000129,0.000106,10.000000,-185.000000,-24.000000,0.021292,0.000098,0.000000,0.000000,0.000000,-0.036717,406.000000,0.000000,0.000000,0.000000,0.000000,39.198215,-268.656708,-360.082520,3118.737793,-460.715942,0.000166,8.480466,8.946940,8034,-32,36,-3
39.201149,0.008915,-0.268321,-2.115007,0.000509,-0.177449,-0.184140,0.000806,2.245649,-2.041342,0.171613,-0.000120,0.000107,10.000000,-185.000000,-24.000000,0.021292,0.000098,0.000000,0.000000,0.000000,-0.036717,406.000000,0.000000,0.000000,0.000000,0.000000,39.200172,-268.656708,-360.082520,3118.737793,-460.715942,0.000057,8.480123,8.946940,8034,-34,36,-3
39.203102,0.008916,-0.268669,-2.115381,0.000510,-0.172964,-0.188204,0.000693,2.241802,-2.029222,0.171755,-0.000111,0.000109,10.000000,-185.000000,-24.000000,0.021292,0.000098,0.000000,0.000000,0.000000,-0.036717,406.000000,0.000000,0.000000,0.000000,0.000000,39.202126,-268.656708,-360.082520,3118.737793,-460.715942,-0.000045,8.479802,8.946940,8034,-36,36,-4
39.205055,0.008917,-0.269009,-2.115764,0.000512,-0.168486,-0.192246,0.000581,2.238096,-2.017897,0.171898,-0.000102,0.000110,10.000000,-185.000000,-24.000000,0.021292,0.000098,0.000000,0.000000,0.000000,-0.036717,406.000000,0.000000,0.000000,0.000000,0.000000,39.204079,-268.656708,-360.082520,3118.737793,-460.715942,-0.000151,8.479470,8.946940,8033,-38,35,-4
39.207008,0.008918,-0.269340,-2.116155,0.000513,-0.164015,-0.196265,0.000468,2.234483,-2.007150,0.172040,-0.000093,0.000111,10.000000,-185.000000,-24.000000,0.021292,0.000098,0.000000,0.000000,0.000000,-0.036717,406.000000,0.000000,0.000000,0.000000,0.000000,39.206032,-268.656708,-360.082520,3118.737793,-460.715942,-0.000256,8.479139,8.946940,8033,-40,35,-4
39.208965,0.008919,-0.269661,-2.116554,0.000513,-0.159551,-0.200264,0.000356,2.230968,-1.997008,0.172180,-0.000084,0.000112,10.000000,-185.000000,-24.000000,0.021292,0.000098,0.000000,0.000000,0.000000,-0.036717,406.000000,0.000000,0.000000,0.000000,0.000000,39.207989,-268.656708,-360.082520,3118.737793,-460.715942,-0.000352,8.478838,8.946940,8033,-41,35,-4
39.210918,0.008920,-0.269974,-2.116961,0.000514,-0.155095,-0.204244,0.000244,2.227543,-1.987456,0.172320,-0.000075,0.000112,10.000000,-185.000000,-24.000000,0.021292,0.000098,0.000000,0.000000,0.000000,-0.036717,406.000000,0.000000,0.000000,0.000000,0.000000,39.209942,-268.656708,-360.082520,3118.737793,-460.715942,-0.000442,8.478554,8.946940,8033,-43,35,-4
39.212872,0.008921,-0.270278,-2.117376,0.000514,-0.150645,-0.208205,0.000133,2.224194,-1.978442,0.172458,-0.000066,0.000113,10.000000,-185.000000,-24.000000,0.021292,0.000098,0.000000,0.000000,0.000000,-0.036717,406.000000,0.000000,0.000000,0.000000,0.000000,39.211895,-268.656708,-360.082520,3118.737793,-460.715942,-0.000528,8.478286,8.946940,8033,-44,34,-4
39.214825,0.008922,-0.270573,-2.117799,0.000514,-0.146201,-0.212149,0.000023,2.220908,-1.969918,0.172593,-0.000057,0.000113,10.000000,-185.000000,-24.000000,0.021292,0.000098,0.000000,0.000000,0.000000,-0.036717,406.000000,0.000000,0.000000,0.000000,0.000000,39.213848,-268.656708,-360.082520,3118.737793,-460.715942,-0.000609,8.478030,8.946940,8033,-45,34,-4
39.216782,0.008923,-0.270859,-2.118229,0.000514,-0.141764,-0.216077,-0.000085,2.217675,-1.961840,0.172727,-0.000048,0.000113,10.000000,-185.000000,-24.000000,0.021292,0.000098,0.000000,0.000000,0.000000,-0.036717,406.000000,0.000000,0.000000,0.000000,0.000000,39.215805,-268.656708,-360.082520,3118.737793,-460.715942,-0.000686,8.477789,8.946940,8033,-45,34,-3
39.218735,0.008924,-0.271136,-2.118668,0.000514,-0.137334,-0.219989,-0.000192,2.214482,-1.954168,0.172857,-0.000039,0.000113,10.000000,-185.000000,-24.000000,0.021292,0.000098,0.000000,0.000000,0.000000,-0.036717,406.000000,0.000000,0.000000,0.000000,0.000000,39.217754,-268.656708,-360.082520,3118.737793,-460.715942,-0.000753,8.477579,8.946940,8033,-46,34,-3
39.220688,0.008925,-0.271404,-2.119114,0.000513,-0.132909,-0.223886,-0.000297,2.211323,-1.946866,0.172985,-0.000030,0.000113,10.000000,-185.000000,-24.000000,0.021292,0.000098,0.000000,0.000000,0.000000,-0.036717,406.000000,0.000000,0.000000,0.000000,0.000000,39.219711,-268.656708,-360.082520,3118.737793,-460.715942,-0.000811,8.477398,8.946940,8032,-46,34,-3
39.222641,0.008926,-0.271664,-2.119568,0.000513,-0.128491,-0.227770,-0.000400,2.208169,-1.939798,0.173109,-0.000022,0.000113,10.000000,-185.000000,-24.000000,0.021292,0.000098,0.000000,0.000000,0.000000,-0.036717,406.000000,0.000000,0.000000,0.000000,0.000000,39.221664,-268.656708,-360.082520,3118.737793,-460.715942,-0.000866,8.477223,8.946940,8032,-46,34,-3
39.224594,0.008927,-0.271914,-2.120030,0.000512,-0.124080,-0.231639,-0.000502,2.205026,-1.933013,0.173230,-0.000013,0.000113,10.000000,-185.000000,-24.000000,0.021292,0.000098,0.000000,0.000000,0.000000,-0.036717,406.000000,0.000000,0.000000,0.000000,0.000000,39.223621,-268.656708,-360.082520,3118.737793,-460.715942,-0.000919,8.477057,8.946940,8032,-46,34,-3
39.226551,0.008928,-0.272156,-2.120499,0.000510,-0.119675,-0.235495,-0.000601,2.201893,-1.926521,0.173347,-0.000005,0.000112,10.000000,-185.000000,-24.000000,0.021292,0.000098,0.000000,0.000000,0.000000,-0.036717,406.000000,0.000000,0.000000,0.000000,0.000000,39.225571,-268.656708,-360.082520,3118.737793,-460.715942,-0.000971,8.476894,8.946940,8032,-46,33,-2
39.228504,0.008930,-0.272389,-2.120977,0.000509,-0.115275,-0.239339,-0.000697,2.198763,-1.920298,0.173461,0.000003,0.000111,10.000000,-185.000000,-24.000000,0.021292,0.000098,0.000000,0.000000,0.000000,-0.036717,406.000000,0.000000,0.000000,0.000000,0.000000,39.227528,-268.656708,-360.082520,3118.737793,-460.715942,-0.001014,8.476759,8.946940,8032,-45,33,-2
39.230457,0.008931,-0.272613,-2.121462,0.000508,-0.110883,-0.243170,-0.000791,2.195631,-1.914318,0.173570,0.000011,0.000111,10.000000,-185.000000,-24.000000,0.021292,0.000098,0.000000,0.000000,0.000000,-0.036717,406.000000,0.000000,0.000000,0.000000,0.000000,39.229481,-268.656708,-360.082520,3118.737793,-460.715942,-0.001050,8.476647,8.946940,8032,-45,33,-2
39.232410,0.008932,-0.272829,-2.121954,0.000506,-0.106496,-0.246990,-0.000883,2.192491,-1.908561,0.173675,0.000019,0.000110,10.000000,-185.000000,-31.000000,0.021292,0.000098,0.000000,0.000000,0.000000,-0.036717,400.000000,0.000000,0.000000,0.000000,0.000000,39.231438,-268.656708,-360.082520,3118.737793,-460.715942,-0.001085,8.476537,8.946940,8032,-44,33,-1
39.234367,0.008933,-0.273035,-2.122454,0.000504,-0.102116,-0.250799,-0.000971,2.189336,-1.903009,0.173776,0.000027,0.000109,10.000000,-185.000000,-31.000000,0.006461,0.000119,0.000000,0.000000,0.067000,-0.111523,400.000000,0.000000,0.000000,0.000000,0.000000,39.233387,-104.477623,-228.939987,2450.434082,494.113770,-0.001113,5.388043,8.935000,6800,-43,33,-1
39.236320,0.008934,-0.273233,-2.122962,0.000502,-0.097772,-0.254425,-0.001050,2.163607,-1.769177,0.173872,0.000034,0.000108,10.000000,-185.000000,-31.000000,0.006461,0.000119,0.000000,0.000000,0.000000,-0.111523,400.000000,0.000000,0.000000,0.000000,0.000000,39.235344,-104.477623,-228.939987,2450.434082,494.113770,-0.001135,5.387974,8.935000,6800,-43,33,-1
39.238274,0.008935,-0.273422,-2.123476,0.000500,-0.093492,-0.257717,-0.001122,2.132699,-1.606299,0.173964,0.000041,0.000107,10.000000,-185.000000,-31.000000,0.006461,0.000119,0.000000,0.000000,0.000000,-0.111523,400.000000,0.000000,0.000000,0.000000,0.000000,39.237297,-104.477623,-228.939987,2450.434082,494.113770,-0.001158,5.387901,8.935000,6800,-42,33,-1
39.240227,0.008936,-0.273603,-2.123997,0.000497,-0.089269,-0.260706,-0.001191,2.104373,-1.458572,0.174051,0.000048,0.000106,10.000000,-185.000000,-31.000000,0.006461,0.000119,0.000000,0.000000,0.000000,-0.111523,400.000000,0.000000,0.000000,0.000000,0.000000,39.239250,-104.477623,-228.939987,2450.434082,494.113770,-0.001181,5.387829,8.935000,6800,-40,33,0
39.242184,0.008937,-0.273776,-2.124523,0.000495,-0.085099,-0.263421,-0.001257,2.078386,-1.324585,0.174134,0.000055,0.000104,10.000000,-185.000000,-31.000000,0.006461,0.000119,0.000000,0.000000,0.000000,-0.111523,400.000000,0.000000,0.000000,0.000000,0.000000,39.241203,-104.477623,-228.939987,2450.434082,494.113770,-0.001197,5.387778,8.935000,6800,-39,33,0
39.244137,0.008938,-0.273940,-2.125054,0.000492,-0.080979,-0.265886,-0.001320,2.054520,-1.203059,0.174211,0.000062,0.000103,10.000000,-185.000000,-31.000000,0.006461,0.000119,0.000000,0.000000,0.000000,-0.111523,400.000000,0.000000,0.000000,0.000000,0.000000,39.243160,-104.477623,-228.939987,2450.434082,494.113770,-0.001207,5.387746,8.935000,6800,-38,33,0
39.246090,0.008939,-0.274096,-2.125590,0.000490,-0.076903,-0.268126,-0.001382,2.032575,-1.092836,0.174285,0.000069,0.000102,10.000000,-185.000000,-31.000000,0.006461,0.000119,0.000000,0.000000,0.000000,-0.111523,400.000000,0.000000,0.000000,0.000000,0.000000,39.245113,-104.477623,-228.939987,2450.434082,494.113770,-0.001218,5.387712,8.935000,6800,-37,33,0
39.248043,0.008939,-0.274244,-2.126129,0.000487,-0.072868,-0.270160,-0.001442,2.012371,-0.992865,0.174353,0.000075,0.000100,10.000000,-185.000000,-31.000000,0.006461,0.000119,0.000000,0.000000,0.000000,-0.111523,400.000000,0.000000,0.000000,0.000000,0.000000,39.247066,-104.477623,-228.939987,2450.434082,494.113770,-0.001229,5.387677,8.935000,6800,-35,33,0
39.249996,0.008940,-0.274384,-2.126673,0.000484,-0.068872,-0.272009,-0.001500,1.993741,-0.902192,0.174417,0.000082,0.000099,10.000000,-185.000000,-31.000000,0.006461,0.000119,0.000000,0.000000,0.000000,-0.111523,400.000000,0.000000,0.000000,0.000000,0.000000,39.249020,-104.477623,-228.939987,2450.434082,494.113770,-0.001241,5.387640,8.935000,6800,-34,33,1
39.251953,0.008941,-0.274516,-2.127220,0.000481,-0.064910,-0.273689,-0.001558,1.976537,-0.819954,0.174476,0.000088,0.000098,10.000000,-185.000000,-31.000000,0.006461,0.000119,0.000000,0.000000,0.000000,-0.111523,400.000000,0.000000,0.000000,0.000000,0.000000,39.250977,-104.477623,-228.939987,2450.434082,494.113770,-0.001246,5.387624,8.935000,6800,-32,32,1
39.253906,0.008942,-0.274640,-2.127770,0.000477,-0.060981,-0.275216,-0.001615,1.960627,-0.745364,0.174530,0.000095,0.000096,10.000000,-185.000000,-31.000000,0.006461,0.000119,0.000000,0.000000,0.000000,-0.111523,400.000000,0.000000,0.000000,0.000000,0.000000,39.252930,-104.477623,-228.939987,2450.434082,494.113770,-0.001245,5.387627,8.935000,6800,-31,32,1
39.255859,0.008943,-0.274756,-2.128324,0.000474,-0.057082,-0.276604,-0.001672,1.945886,-0.677712,0.174580,0.000101,0.000095,10.000000,-185.000000,-31.000000,0.006461,0.000119,0.000000,0.000000,0.000000,-0.111523,400.000000,0.000000,0.000000,0.000000,0.000000,39.254883,-104.477623,-228.939987,2450.434082,494.113770,-0.001245,5.387626,8.935000,6800,-29,32,2
39.257812,0.008944,-0.274864,-2.128879,0.000471,-0.053211,-0.277867,-0.001728,1.932202,-0.616353,0.174626,0.000108,0.000093,10.000000,-185.000000,-31.000000,0.006461,0.000119,0.000000,0.000000,0.000000,-0.111523,400.000000,0.000000,0.000000,0.000000,0.000000,39.256836,-104.477623,-228.939987,2450.434082,494.113770,-0.001240,5.387644,8.935000,6800,-27,32,2
39.259769,0.008945,-0.274965,-2.129437,0.000467,-0.049366,-0.279016,-0.001784,1.919477,-0.560702,0.174667,0.000114,0.000092,10.000000,-185.000000,-31.000000,0.006461,0.000119,0.000000,0.000000,0.000000,-0.111523,400.000000,0.000000,0.000000,0.000000,0.000000,39.258793,-104.477623,-228.939987,2450.434082,494.113770,-0.001228,5.387679,8.935000,6800,-26,32,2
39.261723,0.008946,-0.275058,-2.129997,0.000463,-0.045545,-0.280061,-0.001840,1.907619,-0.510228,0.174703,0.000120,0.000091,10.000000,-185.000000,-31.000000,0.006461,0.000119,0.000000,0.000000,0.000000,-0.111523,400.000000,0.000000,0.000000,0.000000,0.000000,39.260742,-104.477623,-228.939987,2450.434082,494.113770,-0.001219,5.387710,8.935000,6800,-24,31,3
39.263676,0.008947,-0.275144,-2.130559,0.000460,-0.041746,-0.281012,-0.001895,1.896544,-0.464450,0.174736,0.000127,0.000089,10.000000,-185.000000,-31.000000,0.006461,0.000119,0.000000,0.000000,0.000000,-0.111523,400.000000,0.000000,0.000000,0.000000,0.000000,39.262699,-104.477623,-228.939987,2450.434082,494.113770,-0.001203,5.387758,8.935000,6800,-22,31,3
39.265629,0.008948,-0.275221,-2.131123,0.000456,-0.037969,-0.281878,-0.001951,1.886180,-0.422931,0.174764,0.000133,0.000088,10.000000,-185.000000,-31.000000,0.006461,0.000119,0.000000,0.000000,0.000000,-0.111523,400.000000,0.000000,0.000000,0.000000,0.000000,39.264652,-104.477623,-228.939987,2450.434082,494.113770,-0.001183,5.387823,8.935000,6800,-21,31,3
39.267586,0.008949,-0.275292,-2.131689,0.000452,-0.034211,-0.282667,-0.002007,1.876458,-0.385275,0.174789,0.000140,0.000087,10.000000,-185.000000,-31.000000,0.006461,0.000119,0.000000,0.000000,0.000000,-0.111523,400.000000,0.000000,0.000000,0.000000,0.000000,39.266609,-104.477623,-228.939987,2450.434082,494.113770,-0.001164,5.387882,8.935000,6800,-19,31,4
39.269539,0.008950,-0.275355,-2.132256,0.000448,-0.030472,-0.283386,-0.002063,1.867315,-0.351122,0.174809,0.000146,0.000086,10.000000,-185.000000,-31.000000,0.006461,0.000119,0.000000,0.000000,0.000000,-0.111523,400.000000,0.000000,0.000000,0.000000,0.000000,39.268559,-104.477623,-228.939987,2450.434082,494.113770,-0.001140,5.387958,8.935000,6800,-17,30,4
39.271492,0.008951,-0.275410,-2.132824,0.000444,-0.026750,-0.284041,-0.002118,1.858699,-0.320149,0.174826,0.000152,0.000085,10.000000,-185.000000,-31.000000,0.006461,0.000119,0.000000,0.000000,0.000000,-0.111523,400.000000,0.000000,0.000000,0.000000,0.000000,39.270515,-104.477623,-228.939987,2450.434082,494.113770,-0.001111,5.388048,8.935000,6800,-16,30,4
39.273445,0.008952,-0.275458,-2.133394,0.000439,-0.023045,-0.284639,-0.002173,1.850559,-0.292058,0.174840,0.000159,0.000084,10.000000,-185.000000,-31.000000,0.006461,0.000119,0.000000,0.000000,0.000000,-0.111523,400.000000,0.000000,0.000000,0.000000,0.000000,39.272469,-104.477623,-228.939987,2450.434082,494.113770,-0.001084,5.388132,8.935000,6800,-14,30,4
39.275398,0.008952,-0.275499,-2.133965,0.000435,-0.019356,-0.285185,-0.002228,1.842848,-0.266582,0.174850,0.000165,0.000083,10.000000,-185.000000,-31.000000,0.006461,0.000119,0.000000,0.000000,0.000000,-0.111523,400.000000,0.000000,0.000000,0.000000,0.000000,39.274426,-104.477623,-228.939987,2450.434082,494.113770,-0.001059,5.388210,8.935000,6800,-13,29,5
39.277355,0.008953,-0.275532,-2.134536,0.000430,-0.015681,-0.285683,-0.002283,1.835525,-0.243479,0.174857,0.000171,0.000082,10.000000,-185.000000,-31.000000,0.006461,0.000119,0.000000,0.000000,0.000000,-0.111523,400.000000,0.000000,0.000000,0.000000,0.000000,39.276375,-104.477623,-228.939987,2450.434082,494.113770,-0.001029,5.388305,8.935000,6800,-11,29,5
39.279308,0.008954,-0.275558,-2.135109,0.000426,-0.012020,-0.286138,-0.002337,1.828556,-0.222526,0.174860,0.000177,0.000081,10.000000,-185.000000,-31.000000,0.006461,0.000119,0.000000,0.000000,0.000000,-0.111523,400.000000,0.000000,0.000000,0.000000,0.000000,39.278332,-104.477623,-228.939987,2450.434082,494.113770,-0.000994,5.388415,8.935000,6800,-10,29,5
39.281261,0.008955,-0.275576,-2.135682,0.000421,-0.008373,-0.286555,-0.002390,1.821905,-0.203525,0.174861,0.000184,0.000080,10.000000,-185.000000,-31.000000,0.006461,0.000119,0.000000,0.000000,0.000000,-0.111523,400.000000,0.000000,0.000000,0.000000,0.000000,39.280285,-104.477623,-228.939987,2450.434082,494.113770,-0.000961,5.388518,8.935000,6800,-8,29,5
39.283215,0.008956,-0.275588,-2.136256,0.000416,-0.004739,-0.286936,-0.002442,1.815544,-0.186293,0.174859,0.000189,0.000079,10.000000,-185.000000,-31.000000,0.006461,0.000119,0.000000,0.000000,0.000000,-0.111523,400.000000,0.000000,0.000000,0.000000,0.000000,39.282242,-104.477623,-228.939987,2450.434082,494.113770,-0.000930,5.388615,8.935000,6800,-7,29,6
39.285172,0.008957,-0.275592,-2.136832,0.000411,-0.001117,-0.287284,-0.002493,1.809442,-0.170668,0.174854,0.000195,0.000078,10.000000,-185.000000,-31.000000,0.006461,0.000119,0.000000,0.000000,0.000000,-0.111523,400.000000,0.000000,0.000000,0.000000,0.000000,39.284191,-104.477623,-228.939987,2450.434082,494.113770,-0.000894,5.388729,8.935000,6800,-5,28,6
39.287125,0.008957,-0.275589,-2.137407,0.000406,0.002493,-0.287604,-0.002543,1.803578,-0.156498,0.174847,0.000201,0.000078,10.000000,-185.000000,-31.000000,0.006461,0.000119,0.000000,0.000000,0.000000,-0.111523,400.000000,0.000000,0.000000,0.000000,0.000000,39.286148,-104.477623,-228.939987,2450.434082,494.113770,-0.000853,5.388858,8.935000,6800,-4,28,6
39.289078,0.008958,-0.275578,-2.137983,0.000401,0.006092,-0.287898,-0.002592,1.797930,-0.143649,0.174838,0.000207,0.000077,10.000000,-185.000000,-31.000000,0.006461,0.000119,0.000000,0.000000,0.000000,-0.111523,400.000000,0.000000,0.000000,0.000000,0.000000,39.288101,-104.477623,-228.939987,2450.434082,494.113770,-0.000814,5.388980,8.935000,6800,-3,28,6
39.291031,0.008959,-0.275561,-2.138560,0.000396,0.009679,-0.288168,-0.002640,1.792477,-0.131997,0.174826,0.000212,0.000076,10.000000,-186.000000,-37.000000,0.006461,0.000119,0.000000,0.000000,0.000000,-0.111523,394.000000,0.000000,0.000000,0.000000,0.000000,39.290054,-104.477623,-228.939987,2450.434082,494.113770,-0.000777,5.389096,8.935000,6800,-2,28,6
39.292988,0.008960,-0.275536,-2.139138,0.000390,0.013256,-0.288416,-0.002685,1.787201,-0.121433,0.174813,0.000217,0.000076,10.000000,-186.000000,-37.000000,-0.006791,0.000092,0.000000,0.000000,0.066000,-0.114930,394.000000,0.000000,0.000000,0.000000,0.000000,39.292007,-90.909088,-150.960068,205.583862,537.805908,-0.000742,3.552779,8.926970,6261,0,28,6
39.294941,0.008961,-0.275504,-2.139715,0.000385,0.016810,-0.288569,-0.002716,1.772162,-0.055659,0.174798,0.000222,0.000075,10.000000,-186.000000,-37.000000,-0.006791,0.000092,0.000000,0.000000,0.000000,-0.114930,394.000000,0.000000,0.000000,0.000000,0.000000,39.293964,-90.909088,-150.960068,205.583862,537.805908,-0.000707,3.552888,8.926970,6261,0,28,6
39.296894,0.008961,-0.275465,-2.140293,0.000379,0.020328,-0.288563,-0.002742,1.755014,0.022004,0.174781,0.000227,0.000075,10.000000,-186.000000,-37.000000,-0.006791,0.000092,0.000000,0.000000,0.000000,-0.114930,394.000000,0.000000,0.000000,0.000000,0.000000,39.295918,-90.909088,-150.960068,205.583862,537.805908,-0.000673,3.552997,8.926970,6261,1,27,6
39.298847,0.008962,-0.275419,-2.140870,0.000374,0.023814,-0.288412,-0.002766,1.739160,0.092300,0.174763,0.000232,0.000074,10.000000,-186.000000,-37.000000,-0.006791,0.000092,0.000000,0.000000,0.000000,-0.114930,394.000000,0.000000,0.000000,0.000000,0.000000,39.297871,-90.909088,-150.960068,205.583862,537.805908,-0.000639,3.553102,8.926970,6262,2,27,6
39.300800,0.008963,-0.275366,-2.141447,0.000368,0.027270,-0.288132,-0.002790,1.724499,0.155811,0.174743,0.000236,0.000074,10.000000,-186.000000,-37.000000,-0.006791,0.000092,0.000000,0.000000,0.000000,-0.114930,394.000000,0.000000,0.000000,0.000000,0.000000,39.299824,-90.909088,-150.960068,205.583862,537.805908,-0.000607,3.553203,8.926970,6262,3,27,6
39.302757,0.008964,-0.275307,-2.142024,0.000363,0.030699,-0.287733,-0.002813,1.710908,0.213240,0.174723,0.000240,0.000073,10.000000,-186.000000,-37.000000,-0.006791,0.000092,0.000000,0.000000,0.000000,-0.114930,394.000000,0.000000,0.000000,0.000000,0.000000,39.301781,-90.909088,-150.960068,205.583862,537.805908,-0.000576,3.553302,8.926970,6262,3,27,6
39.304710,0.008964,-0.275240,-2.142599,0.000357,0.034102,-0.287228,-0.002835,1.698282,0.265186,0.174701,0.000245,0.000073,10.000000,-186.000000,-37.000000,-0.006791,0.000092,0.000000,0.000000,0.000000,-0.114930,394.000000,0.000000,0.000000,0.000000,0.000000,39.303734,-90.909088,-150.960068,205.583862,537.805908,-0.000545,3.553398,8.926970,6262,4,27,6
39.306664,0.008965,-0.275167,-2.143173,0.000351,0.037480,-0.286627,-0.002856,1.686534,0.312161,0.174679,0.000248,0.000073,10.000000,-186.000000,-37.000000,-0.006791,0.000092,0.000000,0.000000,0.000000,-0.114930,394.000000,0.000000,0.000000,0.000000,0.000000,39.305687,-90.909088,-150.960068,205.583862,537.805908,-0.000515,3.553492,8.926970,6262,5,27,6
39.308617,0.008966,-0.275087,-2.143746,0.000346,0.040837,-0.285938,-0.002876,1.675581,0.354628,0.174655,0.000252,0.000072,10.000000,-186.000000,-37.000000,-0.006791,0.000092,0.000000,0.000000,0.000000,-0.114930,394.000000,0.000000,0.000000,0.000000,0.000000,39.307640,-90.909088,-150.960068,205.583862,537.805908,-0.000486,3.553583,8.926970,6262,6,27,6
39.310574,0.008966,-0.275000,-2.144317,0.000340,0.044173,-0.285171,-0.002894,1.665351,0.393005,0.174631,0.000256,0.000072,10.000000,-186.000000,-37.000000,-0.006791,0.000092,0.000000,0.000000,0.000000,-0.114930,394.000000,0.000000,0.000000,0.000000,0.000000,39.309597,-90.909088,-150.960068,205.583862,537.805908,-0.000457,3.553673,8.926970,6262,6,27,6
39.312527,0.008967,-0.274906,-2.144887,0.000334,0.047489,-0.284332,-0.002912,1.655779,0.427675,0.174607,0.000259,0.000072,10.000000,-186.000000,-37.000000,-0.006791,0.000092,0.000000,0.000000,0.000000,-0.114930,394.000000,0.000000,0.000000,0.000000,0.000000,39.311546,-90.909088,-150.960068,205.583862,537.805908,-0.000429,3.553762,8.926970,6262,7,27,6
39.314480,0.008968,-0.274806,-2.145455,0.000328,0.050787,-0.283430,-0.002929,1.646803,0.458982,0.174582,0.000262,0.000072,10.000000,-186.000000,-37.000000,-0.006791,0.000092,0.000000,0.000000,0.000000,-0.114930,394.000000,0.000000,0.000000,0.000000,0.000000,39.313503,-90.909088,-150.960068,205.583862,537.805908,-0.000401,3.553849,8.926970,6262,7,27,6
39.316433,0.008968,-0.274700,-2.146021,0.000322,0.054068,-0.282469,-0.002944,1.638371,0.487239,0.174557,0.000265,0.000071,10.000000,-186.000000,-37.000000,-0.006791,0.000092,0.000000,0.000000,0.000000,-0.114930,394.000000,0.000000,0.000000,0.000000,0.000000,39.315456,-90.909088,-150.960068,205.583862,537.805908,-0.000374,3.553936,8.926970,6262,8,27,6
39.318390,0.008969,-0.274587,-2.146585,0.000316,0.057333,-0.281456,-0.002959,1.630432,0.512732,0.174532,0.000268,0.000071,10.000000,-186.000000,-37.000000,-0.006791,0.000092,0.000000,0.000000,0.000000,-0.114930,394.000000,0.000000,0.000000,0.000000,0.000000,39.317413,-90.909088,-150.960068,205.583862,537.805908,-0.000347,3.554021,8.926970,6262,8,26,6
39.320343,0.008970,-0.274467,-2.147146,0.000310,0.060582,-0.280396,-0.002972,1.622942,0.535716,0.174507,0.000271,0.000071,10.000000,-186.000000,-37.000000,-0.006791,0.000092,0.000000,0.000000,0.000000,-0.114930,394.000000,0.000000,0.000000,0.000000,0.000000,39.319363,-90.909088,-150.960068,205.583862,537.805908,-0.000320,3.554106,8.926970,6262,9,26,6
39.322296,0.008970,-0.274341,-2.147706,0.000304,0.063818,-0.279293,-0.002984,1.615860,0.556427,0.174482,0.000273,0.000071,10.000000,-186.000000,-37.000000,-0.006791,0.000092,0.000000,0.000000,0.000000,-0.114930,394.000000,0.000000,0.000000,0.000000,0.000000,39.321320,-90.909088,-150.960068,205.583862,537.805908,-0.000293,3.554190,8.926970,6262,9,26,6
39.324249,0.008971,-0.274208,-2.148264,0.000298,0.067039,-0.278152,-0.002994,1.609151,0.575077,0.174457,0.000275,0.000071,10.000000,-186.000000,-37.000000,-0.006791,0.000092,0.000000,0.000000,0.000000,-0.114930,394.000000,0.000000,0.000000,0.000000,0.000000,39.323273,-90.909088,-150.960068,205.583862,537.805908,-0.000266,3.554274,8.926970,6262,9,26,6
39.326202,0.008971,-0.274069,-2.148819,0.000292,0.070248,-0.276976,-0.003003,1.602780,0.591857,0.174432,0.000277,0.000071,10.000000,-186.000000,-37.000000,-0.006791,0.000092,0.000000,0.000000,0.000000,-0.114930,394.000000,0.000000,0.000000,0.000000,0.000000,39.325230,-90.909088,-150.960068,205.583862,537.805908,-0.000239,3.554358,8.926970,6262,9,26,6
39.328159,0.008972,-0.273924,-2.149371,0.000286,0.073444,-0.275770,-0.003011,1.596719,0.606942,0.174408,0.000279,0.000070,10.000000,-186.000000,-37.000000,-0.006791,0.000092,0.000000,0.000000,0.000000,-0.114930,394.000000,0.000000,0.000000,0.000000,0.000000,39.327179,-90.909088,-150.960068,205.583862,537.805908,-0.000213,3.554441,8.926970,6262,10,26,5
39.330112,0.008973,-0.273772,-2.149922,0.000280,0.076629,-0.274535,-0.003017,1.590940,0.620490,0.174384,0.000281,0.000070,10.000000,-186.000000,-37.000000,-0.006791,0.000092,0.000000,0.000000,0.000000,-0.114930,394.000000,0.000000,0.000000,0.000000,0.000000,39.329136,-90.909088,-150.960068,205.583862,537.805908,-0.000194,3.554502,8.926970,6262,10,26,5
39.332066,0.008973,-0.273614,-2.150469,0.000274,0.079803,-0.273276,-0.003021,1.585416,0.632645,0.174360,0.000282,0.000070,10.000000,-186.000000,-37.000000,-0.006791,0.000092,0.000000,0.000000,0.000000,-0.114930,394.000000,0.000000,0.000000,0.000000,0.000000,39.331089,-90.909088,-150.960068,205.583862,537.805908,-0.000181,3.554542,8.926970,6262,10,26,5
39.334019,0.008974,-0.273449,-2.151015,0.000268,0.082965,-0.271994,-0.003023,1.580127,0.643535,0.174337,0.000283,0.000070,10.000000,-186.000000,-37.000000,-0.006791,0.000092,0.000000,0.000000,0.000000,-0.114930,394.000000,0.000000,0.000000,0.000000,0.000000,39.333042,-90.909088,-150.960068,205.583862,537.805908,-0.000167,3.554586,8.926970,6262,10,26,5
39.335976,0.008974,-0.273278,-2.151557,0.000262,0.086118,-0.270692,-0.003024,1.575051,0.653281,0.174315,0.000284,0.000070,10.000000,-186.000000,-37.000000,-0.006791,0.000092,0.000000,0.000000,0.000000,-0.114930,394.000000,0.000000,0.000000,0.000000,0.000000,39.334995,-90.909088,-150.960068,205.583862,537.805908,-0.000152,3.554632,8.926970,6262,10,26,5
39.337929,0.008975,-0.273101,-2.152097,0.000256,0.089261,-0.269373,-0.003022,1.570172,0.661989,0.174293,0.000285,0.000070,10.000000,-186.000000,-37.000000,-0.006791,0.000092,0.000000,0.000000,0.000000,-0.114930,394.000000,0.000000,0.000000,0.000000,0.000000,39.336952,-90.909088,-150.960068,205.583862,537.805908,-0.000136,3.554682,8.926970,6262,10,26,5
39.339882,0.008975,-0.272918,-2.152634,0.000250,0.092394,-0.268037,-0.003018,1.565471,0.669755,0.174272,0.000285,0.000070,10.000000,-186.000000,-37.000000,-0.006791,0.000092,0.000000,0.000000,0.000000,-0.114930,394.000000,0.000000,0.000000,0.000000,0.000000,39.338905,-90.909088,-150.960068,205.583862,537.805908,-0.000120,3.554733,8.926970,6262,10,26,4
39.341835,0.008976,-0.272728,-2.153169,0.000244,0.095518,-0.266687,-0.003012,1.560937,0.676668,0.174252,0.000285,0.000069,10.000000,-186.000000,-37.000000,-0.006791,0.000092,0.000000,0.000000,0.000000,-0.114930,394.000000,0.000000,0.000000,0.000000,0.000000,39.340858,-90.909088,-150.960068,205.583862,537.805908,-0.000110,3.554765,8.926970,6262,10,26,4
39.343788,0.008976,-0.272532,-2.153701,0.000238,0.098633,-0.265324,-0.003004,1.556550,0.682807,0.174233,0.000285,0.000069,10.000000,-186.000000,-37.000000,-0.006791,0.000092,0.000000,0.000000,0.000000,-0.114930,394.000000,0.000000,0.000000,0.000000,0.000000,39.342812,-90.909088,-150.960068,205.583862,537.805908,-0.000106,3.554778,8.926970,6262,10,26,4
39.345745,0.008977,-0.272330,-2.154230,0.000232,0.101740,-0.263950,-0.002994,1.552302,0.688246,0.174214,0.000285,0.000069,10.000000,-186.000000,-37.000000,-0.006791,0.000092,0.000000,0.000000,0.000000,-0.114930,394.000000,0.000000,0.000000,0.000000,0.000000,39.344769,-90.909088,-150.960068,205.583862,537.805908,-0.000100,3.554797,8.926970,6262,9,26,4
39.347698,0.008977,-0.272122,-2.154756,0.000226,0.104839,-0.262567,-0.002981,1.548180,0.693049,0.174197,0.000284,0.000069,10.000000,-186.000000,-37.000000,-0.006791,0.000092,0.000000,0.000000,0.000000,-0.114930,394.000000,0.000000,0.000000,0.000000,0.000000,39.346722,-90.909088,-150.960068,205.583862,537.805908,-0.000092,3.554820,8.926970,6262,9,26,4
39.349651,0.008978,-0.271907,-2.155280,0.000220,0.107929,-0.261174,-0.002967,1.544175,0.697276,0.174180,0.000283,0.000068,10.000000,-187.000000,-44.000000,-0.006791,0.000092,0.000000,0.000000,0.000000,-0.114930,376.000000,0.000000,0.000000,0.000000,0.000000,39.348675,-90.909088,-150.960068,205.583862,537.805908,-0.000083,3.554848,8.926970,6262,9,27,4
39.351604,0.008978,-0.271687,-2.155801,0.000214,0.111011,-0.259774,-0.002949,1.540276,0.700981,0.174164,0.000282,0.000068,10.000000,-187.000000,-44.000000,-0.044282,0.000051,0.000000,0.000000,0.067000,-0.353080,376.000000,0.000000,0.000000,0.000000,0.000000,39.350628,-104.477608,-117.815361,-202.515213,381.434326,-0.000073,2.774322,8.922015,6089,9,27,3
39.353561,0.008978,-0.271460,-2.156319,0.000208,0.114082,-0.258343,-0.002925,1.533303,0.722253,0.174149,0.000280,0.000068,10.000000,-187.000000,-44.000000,-0.044282,0.000051,0.000000,0.000000,0.000000,-0.353080,376.000000,0.000000,0.000000,0.000000,0.000000,39.352585,-104.477608,-117.815361,-202.515213,381.434326,-0.000069,2.774336,8.922015,6089,9,27,3
39.355515,0.008979,-0.271227,-2.156834,0.000203,0.117137,-0.256861,-0.002897,1.525698,0.747199,0.174135,0.000279,0.000067,10.000000,-187.000000,-44.000000,-0.044282,0.000051,0.000000,0.000000,0.000000,-0.353080,376.000000,0.000000,0.000000,0.000000,0.000000,39.354534,-104.477608,-117.815361,-202.515213,381.434326,-0.000069,2.774334,8.922015,6089,8,27,3
39.357468,0.008979,-0.270988,-2.157346,0.000197,0.120178,-0.255332,-0.002868,1.518548,0.769653,0.174122,0.000277,0.000067,10.000000,-187.000000,-44.000000,-0.044282,0.000051,0.000000,0.000000,0.000000,-0.353080,376.000000,0.000000,0.000000,0.000000,0.000000,39.356491,-104.477608,-117.815361,-202.515213,381.434326,-0.000068,2.774338,8.922015,6089,8,27,3
39.359421,0.008980,-0.270742,-2.157854,0.000191,0.123205,-0.253762,-0.002837,1.511810,0.789846,0.174110,0.000275,0.000066,10.000000,-187.000000,-44.000000,-0.044282,0.000051,0.000000,0.000000,0.000000,-0.353080,376.000000,0.000000,0.000000,0.000000,0.000000,39.358444,-104.477608,-117.815361,-202.515213,381.434326,-0.000065,2.774348,8.922015,6089,8,27,3
39.361378,0.008980,-0.270491,-2.158360,0.000186,0.126219,-0.252155,-0.002805,1.505449,0.807990,0.174099,0.000273,0.000066,10.000000,-187.000000,-44.000000,-0.044282,0.000051,0.000000,0.000000,0.000000,-0.353080,376.000000,0.000000,0.000000,0.000000,0.000000,39.360401,-104.477608,-117.815361,-202.515213,381.434326,-0.000060,2.774363,8.922015,6089,7,27,3
39.363331,0.008980,-0.270234,-2.158862,0.000180,0.129221,-0.250515,-0.002772,1.499431,0.824275,0.174089,0.000270,0.000065,10.000000,-187.000000,-44.000000,-0.044282,0.000051,0.000000,0.000000,0.000000,-0.353080,376.000000,0.000000,0.000000,0.000000,0.000000,39.362350,-104.477608,-117.815361,-202.515213,381.434326,-0.000054,2.774383,8.922015,6089,7,27,2
39.365284,0.008981,-0.269971,-2.159361,0.000174,0.132211,-0.248844,-0.002738,1.493726,0.838875,0.174080,0.000267,0.000065,10.000000,-187.000000,-44.000000,-0.044282,0.000051,0.000000,0.000000,0.000000,-0.353080,376.000000,0.000000,0.000000,0.000000,0.000000,39.364307,-104.477608,-117.815361,-202.515213,381.434326,-0.000054,2.774384,8.922015,6089,7,27,2
39.367237,0.008981,-0.269702,-2.159857,0.000169,0.135190,-0.247146,-0.002702,1.488303,0.851948,0.174072,0.000265,0.000064,10.000000,-187.000000,-44.000000,-0.044282,0.000051,0.000000,0.000000,0.000000,-0.353080,376.000000,0.000000,0.000000,0.000000,0.000000,39.366261,-104.477608,-117.815361,-202.515213,381.434326,-0.000059,2.774367,8.922015,6089,6,27,2
39.369190,0.008981,-0.269427,-2.160349,0.000164,0.138159,-0.245425,-0.002666,1.483139,0.863635,0.174065,0.000262,0.000063,10.000000,-187.000000,-44.000000,-0.044282,0.000051,0.000000,0.000000,0.000000,-0.353080,376.000000,0.000000,0.000000,0.000000,0.000000,39.368217,-104.477608,-117.815361,-202.515213,381.434326,-0.000062,2.774358,8.922015,6089,6,28,2
39.371147,0.008982,-0.269146,-2.160838,0.000158,0.141118,-0.243682,-0.002628,1.478210,0.874067,0.174059,0.000258,0.000063,10.000000,-187.000000,-44.000000,-0.044282,0.000051,0.000000,0.000000,0.000000,-0.353080,376.000000,0.000000,0.000000,0.000000,0.000000,39.370167,-104.477608,-117.815361,-202.515213,381.434326,-0.000063,2.774355,8.922015,6089,6,28,2
39.373100,0.008982,-0.268859,-2.161323,0.000153,0.144067,-0.241920,-0.002589,1.473497,0.883360,0.174054,0.000255,0.000062,10.000000,-187.000000,-44.000000,-0.044282,0.000051,0.000000,0.000000,0.000000,-0.353080,376.000000,0.000000,0.000000,0.000000,0.000000,39.372124,-104.477608,-117.815361,-202.515213,381.434326,-0.000062,2.774358,8.922015,6089,5,28,2
39.375053,0.008982,-0.268566,-2.161805,0.000148,0.147007,-0.240140,-0.002549,1.468979,0.891621,0.174049,0.000252,0.000061,10.000000,-187.000000,-44.000000,-0.044282,0.000051,0.000000,0.000000,0.000000,-0.353080,376.000000,0.000000,0.000000,0.000000,0.000000,39.374077,-104.477608,-117.815361,-202.515213,381.434326,-0.000059,2.774365,8.922015,6089,5,28,2
39.377007,0.008983,-0.268267,-2.162283,0.000143,0.149939,-0.238346,-0.002509,1.464640,0.898947,0.174046,0.000248,0.000060,10.000000,-187.000000,-44.000000,-0.044282,0.000051,0.000000,0.000000,0.000000,-0.353080,376.000000,0.000000,0.000000,0.000000,0.000000,39.376034,-104.477608,-117.815361,-202.515213,381.434326,-0.000055,2.774378,8.922015,6089,4,28,1
39.378963,0.008983,-0.267963,-2.162757,0.000138,0.152862,-0.236538,-0.002468,1.460466,0.905424,0.174043,0.000244,0.000060,10.000000,-187.000000,-44.000000,-0.044282,0.000051,0.000000,0.000000,0.000000,-0.353080,376.000000,0.000000,0.000000,0.000000,0.000000,39.377983,-104.477608,-117.815361,-202.515213,381.434326,-0.000057,2.774372,8.922015,6089,4,28,1
39.380917,0.008983,-0.267652,-2.163228,0.000133,0.155777,-0.234719,-0.002426,1.456439,0.911133,0.174041,0.000241,0.000059,10.000000,-187.000000,-44.000000,-0.044282,0.000051,0.000000,0.000000,0.000000,-0.353080,376.000000,0.000000,0.000000,0.000000,0.000000,39.379940,-104.477608,-117.815361,-202.515213,381.434326,-0.000065,2.774349,8.922015,6089,4,28,1
39.382870,0.008983,-0.267336,-2.163695,0.000128,0.158684,-0.232889,-0.002384,1.452548,0.916144,0.174040,0.000237,0.000058,10.000000,-187.000000,-44.000000,-0.044282,0.000051,0.000000,0.000000,0.000000,-0.353080,376.000000,0.000000,0.000000,0.000000,0.000000,39.381893,-104.477608,-117.815361,-202.515213,381.434326,-0.000070,2.774333,8.922015,6089,3,28,1
39.384823,0.008984,-0.267014,-2.164159,0.000124,0.161583,-0.231050,-0.002341,1.448781,0.920523,0.174040,0.000233,0.000057,10.000000,-187.000000,-44.000000,-0.044282,0.000051,0.000000,0.000000,0.000000,-0.353080,376.000000,0.000000,0.000000,0.000000,0.000000,39.383846,-104.477608,-117.815361,-202.515213,381.434326,-0.000073,2.774323,8.922015,6089,3,28,1
39.386780,0.008984,-0.266686,-2.164618,0.000119,0.164475,-0.229203,-0.002297,1.445127,0.924331,0.174041,0.000229,0.000056,10.000000,-187.000000,-44.000000,-0.044282,0.000051,0.000000,0.000000,0.000000,-0.353080,376.000000,0.000000,0.000000,0.000000,0.000000,39.385799,-104.477608,-117.815361,-202.515213,381.434326,-0.000074,2.774318,8.922015,6089,3,28,1
39.388733,0.008984,-0.266352,-2.165075,0.000115,0.167360,-0.227350,-0.002254,1.441576,0.927619,0.174042,0.000225,0.000055,10.000000,-187.000000,-44.000000,-0.044282,0.000051,0.000000,0.000000,0.000000,-0.353080,376.000000,0.000000,0.000000,0.000000,0.000000,39.387756,-104.477608,-117.815361,-202.515213,381.434326,-0.000074,2.774319,8.922015,6089,2,28,1
39.390686,0.008984,-0.266013,-2.165527,0.000110,0.170238,-0.225490,-0.002210,1.438120,0.930436,0.174044,0.000220,0.000055,10.000000,-187.000000,-44.000000,-0.044282,0.000051,0.000000,0.000000,0.000000,-0.353080,376.000000,0.000000,0.000000,0.000000,0.000000,39.389709,-104.477608,-117.815361,-202.515213,381.434326,-0.000072,2.774325,8.922015,6089,2,28,1
39.392639,0.008985,-0.265668,-2.165976,0.000106,0.173109,-0.223625,-0.002165,1.434751,0.932827,0.174046,0.000216,0.000054,10.000000,-187.000000,-44.000000,-0.044282,0.000051,0.000000,0.000000,0.000000,-0.353080,376.000000,0.000000,0.000000,0.000000,0.000000,39.391663,-104.477608,-117.815361,-202.515213,381.434326,-0.000069,2.774336,8.922015,6089,2,28,1
39.394592,0.008985,-0.265317,-2.166420,0.000102,0.175974,-0.221757,-0.002120,1.431461,0.934833,0.174049,0.000212,0.000053,10.000000,-187.000000,-44.000000,-0.044282,0.000051,0.000000,0.000000,0.000000,-0.353080,376.000000,0.000000,0.000000,0.000000,0.000000,39.393616,-104.477608,-117.815361,-202.515213,381.434326,-0.000064,2.774350,8.922015,6089,1,28,0
39.396549,0.008985,-0.264960,-2.166862,0.000097,0.178832,-0.219885,-0.002075,1.428244,0.936488,0.174053,0.000207,0.000052,10.000000,-187.000000,-44.000000,-0.044282,0.000051,0.000000,0.000000,0.000000,-0.353080,376.000000,0.000000,0.000000,0.000000,0.000000,39.395573,-104.477608,-117.815361,-202.515213,381.434326,-0.000066,2.774345,8.922015,6089,1,28,0
39.398502,0.008985,-0.264598,-2.167299,0.000093,0.181684,-0.218010,-0.002029,1.425092,0.937827,0.174057,0.000203,0.000051,10.000000,-187.000000,-44.000000,-0.044282,0.000051,0.000000,0.000000,0.000000,-0.353080,376.000000,0.000000,0.000000,0.000000,0.000000,39.397526,-104.477608,-117.815361,-202.515213,381.434326,-0.000073,2.774323,8.922015,6089,1,29,0
39.400455,0.008985,-0.264230,-2.167733,0.000089,0.184529,-0.216132,-0.001983,1.422001,0.938878,0.174062,0.000199,0.000050,10.000000,-187.000000,-44.000000,-0.044282,0.000051,0.000000,0.000000,0.000000,-0.353080,376.000000,0.000000,0.000000,0.000000,0.000000,39.399479,-104.477608,-117.815361,-202.515213,381.434326,-0.000078,2.774307,8.922015,6089,0,29,0
39.402409,0.008985,-0.263856,-2.168163,0.000085,0.187369,-0.214253,-0.001937,1.418965,0.939669,0.174067,0.000194,0.000049,10.000000,-187.000000,-44.000000,-0.044282,0.000051,0.000000,0.000000,0.000000,-0.353080,376.000000,0.000000,0.000000,0.000000,0.000000,39.401432,-104.477608,-117.815361,-202.515213,381.434326,-0.000081,2.774296,8.922015,6089,0,29,0
39.404366,0.008986,-0.263477,-2.168589,0.000082,0.190202,-0.212373,-0.001890,1.415979,0.940225,0.174072,0.000190,0.000048,10.000000,-187.000000,-44.000000,-0.044282,0.000051,0.000000,0.000000,0.000000,-0.353080,376.000000,0.000000,0.000000,0.000000,0.000000,39.403389,-104.477608,-117.815361,-202.515213,381.434326,-0.000083,2.774292,8.922015,6089,0,29,0
39.406319,0.008986,-0.263092,-2.169011,0.000078,0.193030,-0.210492,-0.001844,1.413040,0.940567,0.174078,0.000185,0.000047,10.000000,-187.000000,-44.000000,-0.044282,0.000051,0.000000,0.000000,0.000000,-0.353080,376.000000,0.000000,0.000000,0.000000,0.000000,39.405338,-104.477608,-117.815361,-202.515213,381.434326,-0.000083,2.774292,8.922015,6089,0,29,0
39.408272,0.008986,-0.262701,-2.169430,0.000074,0.195851,-0.208611,-0.001797,1.410144,0.940716,0.174084,0.000180,0.000046,10.000000,-187.000000,-44.000000,-0.044282,0.000051,0.000000,0.000000,0.000000,-0.353080,376.000000,0.000000,0.000000,0.000000,0.000000,39.407295,-104.477608,-117.815361,-202.515213,381.434326,-0.000082,2.774296,8.922015,6089,0,29,0
39.410225,0.008986,-0.262305,-2.169844,0.000071,0.198667,-0.206729,-0.001750,1.407287,0.940690,0.174091,0.000176,0.000045,10.000000,-187.000000,-44.000000,-0.044282,0.000051,0.000000,0.000000,0.000000,-0.353080,376.000000,0.000000,0.000000,0.000000,0.000000,39.409248,-104.477608,-117.815361,-202.515213,381.434326,-0.000079,2.774305,8.922015,6089,0,29,0
39.412182,0.008986,-0.261903,-2.170255,0.000067,0.201478,-0.204848,-0.001704,1.404465,0.940506,0.174098,0.000171,0.000044,10.000000,-187.000000,-44.000000,-0.044282,0.000051,0.000000,0.000000,0.000000,-0.353080,376.000000,0.000000,0.000000,0.000000,0.000000,39.411205,-104.477608,-117.815361,-202.515213,381.434326,-0.000075,2.774317,8.922015,6089,0,29,0
39.414135,0.008986,-0.261496,-2.170663,0.000064,0.204282,-0.202968,-0.001658,1.401677,0.940178,0.174105,0.000167,0.000043,10.000000,-187.000000,-44.000000,-0.044282,0.000051,0.000000,0.000000,0.000000,-0.353080,376.000000,0.000000,0.000000,0.000000,0.000000,39.413155,-104.477608,-117.815361,-202.515213,381.434326,-0.000070,2.774333,8.922015,6089,-1,29,0
39.416088,0.008987,-0.261082,-2.171066,0.000061,0.207082,-0.201088,-0.001611,1.398918,0.939720,0.174112,0.000162,0.000042,10.000000,-187.000000,-44.000000,-0.044282,0.000051,0.000000,0.000000,0.000000,-0.353080,376.000000,0.000000,0.000000,0.000000,0.000000,39.415112,-104.477608,-117.815361,-202.515213,381.434326,-0.000063,2.774353,8.922015,6089,-1,29,0
39.418041,0.008987,-0.260664,-2.171466,0.000058,0.209875,-0.199209,-0.001565,1.396188,0.939145,0.174119,0.000157,0.000041,10.000000,-187.000000,-44.000000,-0.044282,0.000051,0.000000,0.000000,0.000000,-0.353080,376.000000,0.000000,0.000000,0.000000,0.000000,39.417065,-104.477608,-117.815361,-202.515213,381.434326,-0.000056,2.774375,8.922015,6089,-1,29,0
39.419994,0.008987,-0.260239,-2.171862,0.000055,0.212664,-0.197332,-0.001520,1.393483,0.938463,0.174127,0.000153,0.000041,10.000000,-187.000000,-44.000000,-0.044282,0.000051,0.000000,0.000000,0.000000,-0.353080,376.000000,0.000000,0.000000,0.000000,0.000000,39.419022,-104.477608,-117.815361,-202.515213,381.434326,-0.000048,2.774400,8.922015,6089,-1,29,0
39.421951,0.008987,-0.259809,-2.172254,0.000052,0.215447,-0.195456,-0.001474,1.390801,0.937686,0.174135,0.000148,0.000040,10.000000,-187.000000,-44.000000,-0.044282,0.000051,0.000000,0.000000,0.000000,-0.353080,376.000000,0.000000,0.000000,0.000000,0.000000,39.420971,-104.477608,-117.815361,-202.515213,381.434326,-0.000039,2.774428,8.922015,6089,-1,29,0
39.423904,0.008987,-0.259374,-2.172643,0.000049,0.218224,-0.193582,-0.001429,1.388141,0.936822,0.174142,0.000144,0.000039,10.000000,-187.000000,-44.000000,-0.044282,0.000051,0.000000,0.000000,0.000000,-0.353080,376.000000,0.000000,0.000000,0.000000,0.000000,39.422928,-104.477608,-117.815361,-202.515213,381.434326,-0.000030,2.774459,8.922015,6089,-1,29,0
39.425858,0.008987,-0.258933,-2.173028,0.000046,0.220997,-0.191710,-0.001384,1.385500,0.935879,0.174150,0.000139,0.000038,10.000000,-187.000000,-44.000000,-0.044282,0.000051,0.000000,0.000000,0.000000,-0.353080,376.000000,0.000000,0.000000,0.000000,0.000000,39.424881,-104.477608,-117.815361,-202.515213,381.434326,-0.000019,2.774491,8.922015,6089,-2,29,0
39.427811,0.008987,-0.258486,-2.173409,0.000043,0.223764,-0.189840,-0.001340,1.382878,0.934865,0.174158,0.000135,0.000037,10.000000,-187.000000,-51.000000,-0.044282,0.000051,0.000000,0.000000,0.000000,-0.353080,368.000000,0.000000,0.000000,0.000000,0.000000,39.426834,-104.477608,-117.815361,-202.515213,381.434326,-0.000008,2.774526,8.922015,6089,-2,29,0
39.429768,0.008987,-0.258034,-2.173786,0.000041,0.226525,-0.187972,-0.001295,1.380273,0.933788,0.174166,0.000130,0.000036,10.000000,-187.000000,-51.000000,-0.056822,0.000010,0.000000,0.000000,0.067000,-0.161360,368.000000,0.000000,0.000000,0.000000,0.000000,39.428787,-104.477608,-101.842461,0.000000,282.612335,0.000003,2.398401,8.925000,6023,-2,29,0
39.431721,0.008987,-0.257576,-2.174159,0.000038,0.229280,-0.186097,-0.001251,1.376472,0.939534,0.174174,0.000126,0.000036,10.000000,-187.000000,-51.000000,-0.056822,0.000010,0.000000,0.000000,0.000000,-0.161360,368.000000,0.000000,0.000000,0.000000,0.000000,39.430744,-104.477608,-101.842461,0.000000,282.612335,0.000016,2.398440,8.925000,6023,-2,29,0
39.433674,0.008987,-0.257113,-2.174529,0.000036,0.232027,-0.184207,-0.001206,1.372410,0.946793,0.174182,0.000122,0.000035,10.000000,-187.000000,-51.000000,-0.056822,0.000010,0.000000,0.000000,0.000000,-0.161360,368.000000,0.000000,0.000000,0.000000,0.000000,39.432697,-104.477608,-101.842461,0.000000,282.612335,0.000029,2.398480,8.925000,6023,-2,29,0
39.435627,0.008987,-0.256645,-2.174895,0.000033,0.234766,-0.182303,-0.001163,1.368502,0.953203,0.174190,0.000117,0.000034,10.000000,-187.000000,-51.000000,-0.056822,0.000010,0.000000,0.000000,0.000000,-0.161360,368.000000,0.000000,0.000000,0.000000,0.000000,39.434650,-104.477608,-101.842461,0.000000,282.612335,0.000042,2.398522,8.925000,6023,-2,29,0
39.437580,0.008987,-0.256170,-2.175257,0.000031,0.237498,-0.180388,-0.001120,1.364735,0.958842,0.174197,0.000113,0.000034,10.000000,-187.000000,-51.000000,-0.056822,0.000010,0.000000,0.000000,0.000000,-0.161360,368.000000,0.000000,0.000000,0.000000,0.000000,39.436604,-104.477608,-101.842461,0.000000,282.612335,0.000056,2.398566,8.925000,6023,-2,29,-1
39.439537,0.008988,-0.255691,-2.175615,0.000029,0.240222,-0.178463,-0.001077,1.361097,0.963782,0.174205,0.000109,0.000033,10.000000,-187.000000,-51.000000,-0.056822,0.000010,0.000000,0.000000,0.000000,-0.161360,368.000000,0.000000,0.000000,0.000000,0.000000,39.438560,-104.477608,-101.842461,0.000000,282.612335,0.000063,2.398588,8.925000,6023,-2,29,-1
39.441490,0.008988,-0.255206,-2.175970,0.000027,0.242938,-0.176529,-0.001035,1.357572,0.968089,0.174213,0.000104,0.000032,10.000000,-187.000000,-51.000000,-0.056822,0.000010,0.000000,0.000000,0.000000,-0.161360,368.000000,0.000000,0.000000,0.000000,0.000000,39.440514,-104.477608,-101.842461,0.000000,282.612335,0.000064,2.398591,8.925000,6023,-2,29,-1
39.443443,0.008988,-0.254715,-2.176320,0.000025,0.245648,-0.174587,-0.000994,1.354154,0.971822,0.174221,0.000100,0.000032,10.000000,-187.000000,-51.000000,-0.056822,0.000010,0.000000,0.000000,0.000000,-0.161360,368.000000,0.000000,0.000000,0.000000,0.000000,39.442467,-104.477608,-101.842461,0.000000,282.612335,0.000066,2.398598,8.925000,6023,-3,29,-1
39.445396,0.008988,-0.254220,-2.176667,0.000023,0.248352,-0.172639,-0.000954,1.350831,0.975035,0.174228,0.000096,0.000031,10.000000,-187.000000,-51.000000,-0.056822,0.000010,0.000000,0.000000,0.000000,-0.161360,368.000000,0.000000,0.000000,0.000000,0.000000,39.444420,-104.477608,-101.842461,0.000000,282.612335,0.000070,2.398609,8.925000,6023,-3,30,-1
39.447353,0.008988,-0.253718,-2.177009,0.000021,0.251049,-0.170684,-0.000914,1.347594,0.977776,0.174235,0.000092,0.000031,10.000000,-187.000000,-51.000000,-0.056822,0.000010,0.000000,0.000000,0.000000,-0.161360,368.000000,0.000000,0.000000,0.000000,0.000000,39.446377,-104.477608,-101.842461,0.000000,282.612335,0.000074,2.398624,8.925000,6023,-3,30,-1
39.449306,0.008988,-0.253212,-2.177348,0.000019,0.253739,-0.168725,-0.000875,1.344437,0.980090,0.174243,0.000088,0.000030,10.000000,-187.000000,-51.000000,-0.056822,0.000010,0.000000,0.000000,0.000000,-0.161360,368.000000,0.000000,0.000000,0.000000,0.000000,39.448326,-104.477608,-101.842461,0.000000,282.612335,0.000080,2.398642,8.925000,6023,-3,30,-2
39.451260,0.008988,-0.252700,-2.177683,0.000018,0.256423,-0.166762,-0.000837,1.341353,0.982017,0.174250,0.000084,0.000030,10.000000,-187.000000,-51.000000,-0.056822,0.000010,0.000000,0.000000,0.000000,-0.161360,368.000000,0.000000,0.000000,0.000000,0.000000,39.450283,-104.477608,-101.842461,0.000000,282.612335,0.000080,2.398641,8.925000,6023,-3,30,-2
39.453213,0.008988,-0.252182,-2.178014,0.000016,0.259101,-0.164796,-0.000800,1.338332,0.983592,0.174256,0.000080,0.000029,10.000000,-187.000000,-51.000000,-0.056822,0.000010,0.000000,0.000000,0.000000,-0.161360,368.000000,0.000000,0.000000,0.000000,0.000000,39.452236,-104.477608,-101.842461,0.000000,282.612335,0.000074,2.398621,8.925000,6023,-3,30,-2
39.455170,0.008988,-0.251660,-2.178341,0.000014,0.261774,-0.162827,-0.000763,1.335370,0.984849,0.174263,0.000077,0.000029,10.000000,-187.000000,-51.000000,-0.056822,0.000010,0.000000,0.000000,0.000000,-0.161360,368.000000,0.000000,0.000000,0.000000,0.000000,39.454193,-104.477608,-101.842461,0.000000,282.612335,0.000069,2.398608,8.925000,6023,-3,30,-2
39.457123,0.008988,-0.251132,-2.178664,0.000013,0.264440,-0.160855,-0.000728,1.332462,0.985818,0.174269,0.000073,0.000028,10.000000,-187.000000,-51.000000,-0.056822,0.000010,0.000000,0.000000,0.000000,-0.161360,368.000000,0.000000,0.000000,0.000000,0.000000,39.456142,-104.477608,-101.842461,0.000000,282.612335,0.000067,2.398600,8.925000,6023,-3,30,-2
39.459076,0.008988,-0.250598,-2.178983,0.000011,0.267101,-0.158883,-0.000694,1.329604,0.986525,0.174276,0.000070,0.000028,10.000000,-187.000000,-51.000000,-0.056822,0.000010,0.000000,0.000000,0.000000,-0.161360,368.000000,0.000000,0.000000,0.000000,0.000000,39.458099,-104.477608,-101.842461,0.000000,282.612335,0.000066,2.398597,8.925000,6023,-3,30,-2
39.461029,0.008988,-0.250059,-2.179298,0.000010,0.269756,-0.156909,-0.000661,1.326789,0.986996,0.174281,0.000066,0.000027,10.000000,-187.000000,-51.000000,-0.056822,0.000010,0.000000,0.000000,0.000000,-0.161360,368.000000,0.000000,0.000000,0.000000,0.000000,39.460052,-104.477608,-101.842461,0.000000,282.612335,0.000067,2.398599,8.925000,6023,-3,30,-3
39.462982,0.008988,-0.249515,-2.179609,0.000009,0.272405,-0.154935,-0.000629,1.324017,0.987252,0.174287,0.000063,0.000027,10.000000,-187.000000,-51.000000,-0.056822,0.000010,0.000000,0.000000,0.000000,-0.161360,368.000000,0.000000,0.000000,0.000000,0.000000,39.462009,-104.477608,-101.842461,0.000000,282.612335,0.000061,2.398582,8.925000,6023,-3,29,-3
39.464939,0.008988,-0.248966,-2.179917,0.000008,0.275049,-0.152960,-0.000599,1.321280,0.987313,0.174292,0.000060,0.000026,10.000000,-187.000000,-51.000000,-0.056822,0.000010,0.000000,0.000000,0.000000,-0.161360,368.000000,0.000000,0.000000,0.000000,0.000000,39.463959,-104.477608,-101.842461,0.000000,282.612335,0.000050,2.398548,8.925000,6023,-3,29,-3
39.466892,0.008988,-0.248411,-2.180220,0.000006,0.277687,-0.150985,-0.000570,1.318576,0.987199,0.174297,0.000057,0.000026,10.000000,-187.000000,-51.000000,-0.056822,0.000010,0.000000,0.000000,0.000000,-0.161360,368.000000,0.000000,0.000000,0.000000,0.000000,39.465916,-104.477608,-101.842461,0.000000,282.612335,0.000042,2.398520,8.925000,6023,-3,29,-3
39.468845,0.008988,-0.247852,-2.180519,0.000005,0.280321,-0.149011,-0.000542,1.315903,0.986926,0.174302,0.000054,0.000025,10.000000,-187.000000,-51.000000,-0.056822,0.000010,0.000000,0.000000,0.000000,-0.161360,368.000000,0.000000,0.000000,0.000000,0.000000,39.467869,-104.477608,-101.842461,0.000000,282.612335,0.000035,2.398499,8.925000,6023,-3,29,-3
39.470798,0.008988,-0.247286,-2.180815,0.000004,0.282948,-0.147038,-0.000515,1.313257,0.986509,0.174307,0.000051,0.000025,10.000000,-187.000000,-51.000000,-0.056822,0.000010,0.000000,0.000000,0.000000,-0.161360,368.000000,0.000000,0.000000,0.000000,0.000000,39.469826,-104.477608,-101.842461,0.000000,282.612335,0.000030,2.398484,8.925000,6023,-2,29,-3
39.472755,0.008988,-0.246716,-2.181106,0.000003,0.285571,-0.145066,-0.000489,1.310637,0.985961,0.174311,0.000049,0.000025,10.000000,-187.000000,-51.000000,-0.056822,0.000010,0.000000,0.000000,0.000000,-0.161360,368.000000,0.000000,0.000000,0.000000,0.000000,39.471775,-104.477608,-101.842461,0.000000,282.612335,0.000027,2.398475,8.925000,6023,-2,29,-3
39.474709,0.008988,-0.246140,-2.181393,0.000002,0.288188,-0.143095,-0.000464,1.308039,0.985296,0.174315,0.000046,0.000024,10.000000,-187.000000,-51.000000,-0.056822,0.000010,0.000000,0.000000,0.000000,-0.161360,368.000000,0.000000,0.000000,0.000000,0.000000,39.473732,-104.477608,-101.842461,0.000000,282.612335,0.000025,2.398470,8.925000,6023,-2,29,-3
39.476662,0.008988,-0.245559,-2.181677,0.000002,0.290801,-0.141126,-0.000441,1.305462,0.984523,0.174318,0.000044,0.000024,10.000000,-187.000000,-51.000000,-0.056822,0.000010,0.000000,0.000000,0.000000,-0.161360,368.000000,0.000000,0.000000,0.000000,0.000000,39.475685,-104.477608,-101.842461,0.000000,282.612335,0.000025,2.398470,8.925000,6023,-2,29,-4
39.478615,0.008988,-0.244973,-2.181956,0.000001,0.293408,-0.139158,-0.000418,1.302907,0.983654,0.174321,0.000041,0.000023,10.000000,-187.000000,-51.000000,-0.056822,0.000010,0.000000,0.000000,0.000000,-0.161360,368.000000,0.000000,0.000000,0.000000,0.000000,39.477638,-104.477608,-101.842461,0.000000,282.612335,0.000019,2.398451,8.925000,6023,-2,29,-4
39.480572,0.008988,-0.244382,-2.182232,-0.000000,0.296010,-0.137192,-0.000396,1.300367,0.982697,0.174324,0.000039,0.000023,10.000000,-187.000000,-51.000000,-0.056822,0.000010,0.000000,0.000000,0.000000,-0.161360,368.000000,0.000000,0.000000,0.000000,0.000000,39.479591,-104.477608,-101.842461,0.000000,282.612335,0.000008,2.398414,8.925000,6023,-2,29,-4
39.482525,0.008988,-0.243786,-2.182504,-0.000001,0.298607,-0.135228,-0.000375,1.297843,0.981661,0.174327,0.000037,0.000023,10.000000,-187.000000,-51.000000,-0.056822,0.000010,0.000000,0.000000,0.000000,-0.161360,368.000000,0.000000,0.000000,0.000000,0.000000,39.481548,-104.477608,-101.842461,0.000000,282.612335,-0.000002,2.398385,8.925000,6023,-2,29,-4
39.484478,0.008988,-0.243184,-2.182771,-0.000002,0.301199,-0.133266,-0.000356,1.295334,0.980555,0.174329,0.000035,0.000022,10.000000,-187.000000,-51.000000,-0.056822,0.000010,0.000000,0.000000,0.000000,-0.161360,368.000000,0.000000,0.000000,0.000000,0.000000,39.483501,-104.477608,-101.842461,0.000000,282.612335,-0.000009,2.398362,8.925000,6023,-2,29,-4
39.486431,0.008988,-0.242577,-2.183035,-0.000002,0.303785,-0.131307,-0.000337,1.292839,0.979383,0.174332,0.000033,0.000022,10.000000,-187.000000,-58.000000,-0.056822,0.000010,0.000000,0.000000,0.000000,-0.161360,360.000000,0.000000,0.000000,0.000000,0.000000,39.485455,-104.477608,-101.842461,0.000000,282.612335,-0.000014,2.398345,8.925000,6023,-2,29,-4
39.488384,0.008988,-0.241965,-2.183295,-0.000003,0.306367,-0.129350,-0.000319,1.290357,0.978154,0.174333,0.000031,0.000022,10.000000,-187.000000,-58.000000,-0.068364,-0.000001,0.000000,0.000000,0.066000,-0.167426,360.000000,0.000000,0.000000,0.000000,0.000000,39.487408,-106.060585,-96.845894,-23.984499,189.690613,-0.000018,2.280664,8.925000,6003,-2,29,-4
39.490341,0.008988,-0.241348,-2.183551,-0.000004,0.308944,-0.127393,-0.000301,1.287520,0.978958,0.174335,0.000029,0.000021,10.000000,-187.000000,-58.000000,-0.068364,-0.000001,0.000000,0.000000,0.000000,-0.167426,360.000000,0.000000,0.000000,0.000000,0.000000,39.489365,-106.060585,-96.845894,-23.984499,189.690613,-0.000020,2.280657,8.925000,6003,-1,29,-4
39.492294,0.008988,-0.240725,-2.183804,-0.000004,0.311515,-0.125433,-0.000285,1.284610,0.980189,0.174336,0.000028,0.000021,10.000000,-187.000000,-58.000000,-0.068364,-0.000001,0.000000,0.000000,0.000000,-0.167426,360.000000,0.000000,0.000000,0.000000,0.000000,39.491318,-106.060585,-96.845894,-23.984499,189.690613,-0.000021,2.280654,8.925000,6003,-1,29,-4
39.494247,0.008988,-0.240098,-2.184052,-0.000005,0.314080,-0.123471,-0.000269,1.281754,0.981134,0.174337,0.000026,0.000021,10.000000,-187.000000,-58.000000,-0.068364,-0.000001,0.000000,0.000000,0.000000,-0.167426,360.000000,0.000000,0.000000,0.000000,0.000000,39.493271,-106.060585,-96.845894,-23.984499,189.690613,-0.000021,2.280655,8.925000,6003,-1,29,-4
39.496201,0.008988,-0.239465,-2.184296,-0.000005,0.316639,-0.121508,-0.000254,1.278946,0.981820,0.174338,0.000025,0.000020,10.000000,-187.000000,-58.000000,-0.068364,-0.000001,0.000000,0.000000,0.000000,-0.167426,360.000000,0.000000,0.000000,0.000000,0.000000,39.495224,-106.060585,-96.845894,-23.984499,189.690613,-0.000019,2.280661,8.925000,6003,-1,29,-4
39.498158,0.008988,-0.238827,-2.184536,-0.000006,0.319193,-0.119544,-0.000240,1.276182,0.982272,0.174339,0.000023,0.000020,10.000000,-187.000000,-58.000000,-0.068364,-0.000001,0.000000,0.000000,0.000000,-0.167426,360.000000,0.000000,0.000000,0.000000,0.000000,39.497181,-106.060585,-96.845894,-23.984499,189.690613,-0.000016,2.280670,8.925000,6003,-1,29,-5
39.500111,0.008988,-0.238185,-2.184772,-0.000006,0.321741,-0.117579,-0.000227,1.273460,0.982511,0.174340,0.000022,0.000020,10.000000,-187.000000,-58.000000,-0.068364,-0.000001,0.000000,0.000000,0.000000,-0.167426,360.000000,0.000000,0.000000,0.000000,0.000000,39.499130,-106.060585,-96.845894,-23.984499,189.690613,-0.000020,2.280658,8.925000,6003,-1,29,-5
39.502064,0.008988,-0.237537,-2.185005,-0.000007,0.324284,-0.115614,-0.000215,1.270773,0.982557,0.174340,0.000021,0.000019,10.000000,-187.000000,-58.000000,-0.068364,-0.000001,0.000000,0.000000,0.000000,-0.167426,360.000000,0.000000,0.000000,0.000000,0.000000,39.501087,-106.060585,-96.845894,-23.984499,189.690613,-0.000029,2.280629,8.925000,6003,-1,29,-5
39.504017,0.008988,-0.236884,-2.185234,-0.000007,0.326821,-0.113649,-0.000203,1.268120,0.982429,0.174340,0.000020,0.000019,10.000000,-187.000000,-58.000000,-0.068364,-0.000001,0.000000,0.000000,0.000000,-0.167426,360.000000,0.000000,0.000000,0.000000,0.000000,39.503040,-106.060585,-96.845894,-23.984499,189.690613,-0.000036,2.280606,8.925000,6003,-1,29,-5
39.505974,0.008988,-0.236226,-2.185458,-0.000007,0.329354,-0.111684,-0.000192,1.265498,0.982144,0.174340,0.000018,0.000019,10.000000,-187.000000,-58.000000,-0.068364,-0.000001,0.000000,0.000000,0.000000,-0.167426,360.000000,0.000000,0.000000,0.000000,0.000000,39.504997,-106.060585,-96.845894,-23.984499,189.690613,-0.000042,2.280589,8.925000,6003,-1,29,-5
39.507927,0.008988,-0.235562,-2.185679,-0.000008,0.331881,-0.109721,-0.000182,1.262905,0.981715,0.174339,0.000017,0.000019,10.000000,-187.000000,-58.000000,-0.068364,-0.000001,0.000000,0.000000,0.000000,-0.167426,360.000000,0.000000,0.000000,0.000000,0.000000,39.506947,-106.060585,-96.845894,-23.984499,189.690613,-0.000046,2.280577,8.925000,6003,-1,29,-5
39.509880,0.008988,-0.234894,-2.185895,-0.000008,0.334403,-0.107758,-0.000173,1.260337,0.981158,0.174339,0.000017,0.000018,10.000000,-187.000000,-58.000000,-0.068364,-0.000001,0.000000,0.000000,0.000000,-0.167426,360.000000,0.000000,0.000000,0.000000,0.000000,39.508904,-106.060585,-96.845894,-23.984499,189.690613,-0.000048,2.280569,8.925000,6003,-1,29,-5
39.511833,0.008988,-0.234221,-2.186108,-0.000008,0.336920,-0.105797,-0.000164,1.257794,0.980484,0.174338,0.000016,0.000018,10.000000,-187.000000,-58.000000,-0.068364,-0.000001,0.000000,0.000000,0.000000,-0.167426,360.000000,0.000000,0.000000,0.000000,0.000000,39.510857,-106.060585,-96.845894,-23.984499,189.690613,-0.000049,2.280566,8.925000,6003,-1,29,-5
39.513786,0.008988,-0.233543,-2.186317,-0.000009,0.339431,-0.103837,-0.000156,1.255273,0.979704,0.174337,0.000015,0.000018,10.000000,-187.000000,-58.000000,-0.068364,-0.000001,0.000000,0.000000,0.000000,-0.167426,360.000000,0.000000,0.000000,0.000000,0.000000,39.512814,-106.060585,-96.845894,-23.984499,189.690613,-0.000049,2.280567,8.925000,6003,0,28,-5
39.515743,0.008988,-0.232859,-2.186522,-0.000009,0.341938,-0.101879,-0.000149,1.252772,0.978829,0.174336,0.000014,0.000018,10.000000,-187.000000,-58.000000,-0.068364,-0.000001,0.000000,0.000000,0.000000,-0.167426,360.000000,0.000000,0.000000,0.000000,0.000000,39.514763,-106.060585,-96.845894,-23.984499,189.690613,-0.000048,2.280572,8.925000,6003,0,28,-5
39.517696,0.008988,-0.232171,-2.186723,-0.000009,0.344440,-0.099923,-0.000143,1.250290,0.977867,0.174335,0.000014,0.000017,10.000000,-187.000000,-58.000000,-0.068364,-0.000001,0.000000,0.000000,0.000000,-0.167426,360.000000,0.000000,0.000000,0.000000,0.000000,39.516720,-106.060585,-96.845894,-23.984499,189.690613,-0.000045,2.280580,8.925000,6003,0,28,-5
39.519650,0.008988,-0.231478,-2.186920,-0.000010,0.346937,-0.097968,-0.000137,1.247825,0.976827,0.174334,0.000013,0.000017,10.000000,-187.000000,-58.000000,-0.068364,-0.000001,0.000000,0.000000,0.000000,-0.167426,360.000000,0.000000,0.000000,0.000000,0.000000,39.518673,-106.060585,-96.845894,-23.984499,189.690613,-0.000041,2.280591,8.925000,6003,0,28,-5
39.521603,0.008988,-0.230779,-2.187113,-0.000010,0.349429,-0.096016,-0.000132,1.245377,0.975717,0.174333,0.000013,0.000017,10.000000,-187.000000,-58.000000,-0.068364,-0.000001,0.000000,0.000000,0.000000,-0.167426,360.000000,0.000000,0.000000,0.000000,0.000000,39.520630,-106.060585,-96.845894,-23.984499,189.690613,-0.000037,2.280606,8.925000,6003,0,28,-5
39.523560,0.008988,-0.230076,-2.187303,-0.000010,0.351916,-0.094067,-0.000127,1.242944,0.974543,0.174332,0.000012,0.000017,10.000000,-187.000000,-58.000000,-0.068364,-0.000001,0.000000,0.000000,0.000000,-0.167426,360.000000,0.000000,0.000000,0.000000,0.000000,39.522579,-106.060585,-96.845894,-23.984499,189.690613,-0.000031,2.280623,8.925000,6003,0,28,-5
39.525513,0.008988,-0.229368,-2.187488,-0.000010,0.354398,-0.092119,-0.000123,1.240525,0.973312,0.174330,0.000012,0.000017,10.000000,-187.000000,-58.000000,-0.068364,-0.000001,0.000000,0.000000,0.000000,-0.167426,360.000000,0.000000,0.000000,0.000000,0.000000,39.524536,-106.060585,-96.845894,-23.984499,189.690613,-0.000025,2.280643,8.925000,6003,0,28,-6
39.527466,0.008988,-0.228655,-2.187670,-0.000011,0.356876,-0.090175,-0.000119,1.238121,0.972030,0.174328,0.000011,0.000017,10.000000,-187.000000,-58.000000,-0.068364,-0.000001,0.000000,0.000000,0.000000,-0.167426,360.000000,0.000000,0.000000,0.000000,0.000000,39.526489,-106.060585,-96.845894,-23.984499,189.690613,-0.000025,2.280642,8.925000,6003,0,28,-6
39.529419,0.008988,-0.227936,-2.187847,-0.000011,0.359348,-0.088233,-0.000116,1.235728,0.970701,0.174327,0.000011,0.000017,10.000000,-187.000000,-58.000000,-0.068364,-0.000001,0.000000,0.000000,0.000000,-0.167426,360.000000,0.000000,0.000000,0.000000,0.000000,39.528442,-106.060585,-96.845894,-23.984499,189.690613,-0.000032,2.280622,8.925000,6003,0,28,-6
39.531372,0.008988,-0.227213,-2.188021,-0.000011,0.361816,-0.086293,-0.000112,1.233346,0.969330,0.174325,0.000011,0.000016,10.000000,-187.000000,-58.000000,-0.068364,-0.000001,0.000000,0.000000,0.000000,-0.167426,360.000000,0.000000,0.000000,0.000000,0.000000,39.530396,-106.060585,-96.845894,-23.984499,189.690613,-0.000036,2.280607,8.925000,6003,0,28,-6
39.533329,0.008988,-0.226485,-2.188191,-0.000011,0.364279,-0.084357,-0.000110,1.230975,0.967922,0.174323,0.000010,0.000016,10.000000,-187.000000,-58.000000,-0.068364,-0.000001,0.000000,0.000000,0.000000,-0.167426,360.000000,0.000000,0.000000,0.000000,0.000000,39.532352,-106.060585,-96.845894,-23.984499,189.690613,-0.000039,2.280598,8.925000,6003,0,28,-6
39.535282,0.008988,-0.225752,-2.188357,-0.000012,0.366738,-0.082423,-0.000107,1.228614,0.966479,0.174321,0.000010,0.000016,10.000000,-187.000000,-58.000000,-0.068364,-0.000001,0.000000,0.000000,0.000000,-0.167426,360.000000,0.000000,0.000000,0.000000,0.000000,39.534306,-106.060585,-96.845894,-23.984499,189.690613,-0.000041,2.280592,8.925000,6003,0,28,-6
39.537235,0.008988,-0.225014,-2.188519,-0.000012,0.369191,-0.080492,-0.000104,1.226263,0.965006,0.174320,0.000010,0.000016,10.000000,-187.000000,-58.000000,-0.068364,-0.000001,0.000000,0.000000,0.000000,-0.167426,360.000000,0.000000,0.000000,0.000000,0.000000,39.536259,-106.060585,-96.845894,-23.984499,189.690613,-0.000041,2.280591,8.925000,6003,0,28,-6
39.539188,0.008988,-0.224272,-2.188677,-0.000012,0.371640,-0.078565,-0.000102,1.223921,0.963505,0.174318,0.000010,0.000016,10.000000,-187.000000,-58.000000,-0.068364,-0.000001,0.000000,0.000000,0.000000,-0.167426,360.000000,0.000000,0.000000,0.000000,0.000000,39.538212,-106.060585,-96.845894,-23.984499,189.690613,-0.000040,2.280594,8.925000,6003,0,28,-6
39.541145,0.008988,-0.223524,-2.188832,-0.000012,0.374085,-0.076640,-0.000099,1.221588,0.961981,0.174316,0.000009,0.000016,10.000000,-187.000000,-58.000000,-0.068364,-0.000001,0.000000,0.000000,0.000000,-0.167426,360.000000,0.000000,0.000000,0.000000,0.000000,39.540169,-106.060585,-96.845894,-23.984499,189.690613,-0.000038,2.280601,8.925000,6003,0,28,-6
39.543098,0.008988,-0.222771,-2.188982,-0.000012,0.376524,-0.074718,-0.000096,1.219264,0.960434,0.174314,0.000009,0.000016,10.000000,-187.000000,-58.000000,-0.068364,-0.000001,0.000000,0.000000,0.000000,-0.167426,360.000000,0.000000,0.000000,0.000000,0.000000,39.542122,-106.060585,-96.845894,-23.984499,189.690613,-0.000035,2.280611,8.925000,6003,0,28,-6
39.545052,0.008988,-0.222014,-2.189129,-0.000013,0.378959,-0.072800,-0.000093,1.216947,0.958868,0.174312,0.000009,0.000016,10.000000,-186.000000,-64.000000,-0.068364,-0.000001,0.000000,0.000000,0.000000,-0.167426,342.000000,0.000000,0.000000,0.000000,0.000000,39.544075,-106.060585,-96.845894,-23.984499,189.690613,-0.000031,2.280623,8.925000,6003,0,28,-6
39.547005,0.008987,-0.221251,-2.189272,-0.000013,0.381390,-0.070884,-0.000090,1.214638,0.957285,0.174310,0.000009,0.000015,10.000000,-186.000000,-64.000000,-0.101341,-0.000003,0.000000,0.000000,0.067000,-0.387736,342.000000,0.000000,0.000000,0.000000,0.000000,39.546028,-89.552238,-86.035194,246.393219,196.874512,-0.000026,2.026047,8.932985,5969,0,28,-6
39.548962,0.008987,-0.220484,-2.189411,-0.000013,0.383815,-0.068967,-0.000087,1.211712,0.959231,0.174307,0.000008,0.000015,10.000000,-186.000000,-64.000000,-0.101341,-0.000003,0.000000,0.000000,0.000000,-0.387736,342.000000,0.000000,0.000000,0.000000,0.000000,39.547985,-89.552238,-86.035194,246.393219,196.874512,-0.000020,2.026065,8.932985,5969,0,28,-6
39.550915,0.008987,-0.219712,-2.189546,-0.000013,0.386234,-0.067045,-0.000084,1.208651,0.961969,0.174305,0.000008,0.000015,10.000000,-186.000000,-64.000000,-0.101341,-0.000003,0.000000,0.000000,0.000000,-0.387736,342.000000,0.000000,0.000000,0.000000,0.000000,39.549934,-89.552238,-86.035194,246.393219,196.874512,-0.000014,2.026085,8.932985,5969,0,28,-6
39.552868,0.008987,-0.218935,-2.189677,-0.000013,0.388647,-0.065117,-0.000080,1.205669,0.964282,0.174303,0.000007,0.000015,10.000000,-186.000000,-64.000000,-0.101341,-0.000003,0.000000,0.000000,0.000000,-0.387736,342.000000,0.000000,0.000000,0.000000,0.000000,39.551891,-89.552238,-86.035194,246.393219,196.874512,-0.000007,2.026107,8.932985,5969,0,28,-7
39.554821,0.008987,-0.218154,-2.189805,-0.000013,0.391053,-0.063186,-0.000076,1.202762,0.966209,0.174301,0.000007,0.000015,10.000000,-186.000000,-64.000000,-0.101341,-0.000003,0.000000,0.000000,0.000000,-0.387736,342.000000,0.000000,0.000000,0.000000,0.000000,39.553844,-89.552238,-86.035194,246.393219,196.874512,-0.000007,2.026108,8.932985,5969,0,28,-7
39.556774,0.008987,-0.217367,-2.189928,-0.000013,0.393455,-0.061251,-0.000072,1.199919,0.967787,0.174299,0.000007,0.000015,10.000000,-186.000000,-64.000000,-0.101341,-0.000003,0.000000,0.000000,0.000000,-0.387736,342.000000,0.000000,0.000000,0.000000,0.000000,39.555801,-89.552238,-86.035194,246.393219,196.874512,-0.000012,2.026090,8.932985,5969,0,28,-7
39.558731,0.008987,-0.216576,-2.190048,-0.000014,0.395850,-0.059313,-0.000068,1.197136,0.969048,0.174297,0.000006,0.000015,10.000000,-186.000000,-64.000000,-0.101341,-0.000003,0.000000,0.000000,0.000000,-0.387736,342.000000,0.000000,0.000000,0.000000,0.000000,39.557751,-89.552238,-86.035194,246.393219,196.874512,-0.000016,2.026078,8.932985,5969,0,28,-7
39.560684,0.008987,-0.215780,-2.190164,-0.000014,0.398241,-0.057374,-0.000063,1.194409,0.970022,0.174294,0.000006,0.000015,10.000000,-186.000000,-64.000000,-0.101341,-0.000003,0.000000,0.000000,0.000000,-0.387736,342.000000,0.000000,0.000000,0.000000,0.000000,39.559708,-89.552238,-86.035194,246.393219,196.874512,-0.000019,2.026070,8.932985,5969,0,28,-7
39.562637,0.008987,-0.214979,-2.190276,-0.000014,0.400625,-0.055433,-0.000059,1.191732,0.970736,0.174292,0.000005,0.000015,10.000000,-186.000000,-64.000000,-0.101341,-0.000003,0.000000,0.000000,0.000000,-0.387736,342.000000,0.000000,0.000000,0.000000,0.000000,39.561661,-89.552238,-86.035194,246.393219,196.874512,-0.000020,2.026066,8.932985,5969,0,28,-7
39.564590,0.008987,-0.214173,-2.190384,-0.000014,0.403005,-0.053490,-0.000054,1.189101,0.971214,0.174290,0.000005,0.000014,10.000000,-186.000000,-64.000000,-0.101341,-0.000003,0.000000,0.000000,0.000000,-0.387736,342.000000,0.000000,0.000000,0.000000,0.000000,39.563618,-89.552238,-86.035194,246.393219,196.874512,-0.000020,2.026066,8.932985,5969,0,28,-7
39.566547,0.008987,-0.213363,-2.190488,-0.000014,0.405379,-0.051548,-0.000049,1.186512,0.971480,0.174288,0.000004,0.000014,10.000000,-186.000000,-64.000000,-0.101341,-0.000003,0.000000,0.000000,0.000000,-0.387736,342.000000,0.000000,0.000000,0.000000,0.000000,39.565567,-89.552238,-86.035194,246.393219,196.874512,-0.000019,2.026070,8.932985,5969,0,29,-7
39.568501,0.008987,-0.212548,-2.190588,-0.000014,0.407748,-0.049605,-0.000044,1.183961,0.971553,0.174285,0.000004,0.000014,10.000000,-186.000000,-64.000000,-0.101341,-0.000003,0.000000,0.000000,0.000000,-0.387736,342.000000,0.000000,0.000000,0.000000,0.000000,39.567524,-89.552238,-86.035194,246.393219,196.874512,-0.000016,2.026078,8.932985,5969,0,29,-7
39.570454,0.008987,-0.211728,-2.190685,-0.000014,0.410113,-0.047662,-0.000039,1.181446,0.971451,0.174283,0.000003,0.000014,10.000000,-186.000000,-64.000000,-0.101341,-0.000003,0.000000,0.000000,0.000000,-0.387736,342.000000,0.000000,0.000000,0.000000,0.000000,39.569477,-89.552238,-86.035194,246.393219,196.874512,-0.000013,2.026089,8.932985,5969,0,29,-7
39.572407,0.008987,-0.210903,-2.190777,-0.000014,0.412472,-0.045719,-0.000035,1.178964,0.971192,0.174281,0.000003,0.000014,10.000000,-186.000000,-64.000000,-0.101341,-0.000003,0.000000,0.000000,0.000000,-0.387736,342.000000,0.000000,0.000000,0.000000,0.000000,39.571430,-89.552238,-86.035194,246.393219,196.874512,-0.000008,2.026102,8.932985,5969,0,29,-7
39.574364,0.008987,-0.210074,-2.190866,-0.000014,0.414826,-0.043777,-0.000030,1.176511,0.970789,0.174279,0.000002,0.000014,10.000000,-186.000000,-64.000000,-0.101341,-0.000003,0.000000,0.000000,0.000000,-0.387736,342.000000,0.000000,0.000000,0.000000,0.000000,39.573383,-89.552238,-86.035194,246.393219,196.874512,-0.000003,2.026119,8.932985,5969,0,29,-7
39.576317,0.008987,-0.209240,-2.190950,-0.000014,0.417175,-0.041836,-0.000026,1.174086,0.970256,0.174276,0.000002,0.000014,10.000000,-186.000000,-64.000000,-0.101341,-0.000003,0.000000,0.000000,0.000000,-0.387736,342.000000,0.000000,0.000000,0.000000,0.000000,39.575340,-89.552238,-86.035194,246.393219,196.874512,0.000003,2.026138,8.932985,5969,0,29,-8
39.578270,0.008987,-0.208401,-2.191031,-0.000014,0.419520,-0.039897,-0.000023,1.171688,0.969606,0.174274,0.000001,0.000014,10.000000,-186.000000,-64.000000,-0.101341,-0.000003,0.000000,0.000000,0.000000,-0.387736,342.000000,0.000000,0.000000,0.000000,0.000000,39.577293,-89.552238,-86.035194,246.393219,196.874512,0.000002,2.026135,8.932985,5969,0,29,-8
39.580223,0.008987,-0.207558,-2.191108,-0.000015,0.421860,-0.037959,-0.000020,1.169311,0.968850,0.174272,0.000001,0.000014,10.000000,-186.000000,-64.000000,-0.101341,-0.000003,0.000000,0.000000,0.000000,-0.387736,342.000000,0.000000,0.000000,0.000000,0.000000,39.579247,-89.552238,-86.035194,246.393219,196.874512,-0.000005,2.026114,8.932985,5969,0,29,-8
39.582176,0.008987,-0.206710,-2.191181,-0.000015,0.424195,-0.036022,-0.000017,1.166956,0.967997,0.174269,0.000001,0.000014,10.000000,-186.000000,-64.000000,-0.101341,-0.000003,0.000000,0.000000,0.000000,-0.387736,342.000000,0.000000,0.000000,0.000000,0.000000,39.581200,-89.552238,-86.035194,246.393219,196.874512,-0.000010,2.026099,8.932985,5969,0,28,-8
39.584133,0.008987,-0.205857,-2.191251,-0.000015,0.426525,-0.034088,-0.000015,1.164621,0.967058,0.174267,0.000001,0.000014,10.000000,-186.000000,-64.000000,-0.101341,-0.000003,0.000000,0.000000,0.000000,-0.387736,342.000000,0.000000,0.000000,0.000000,0.000000,39.583157,-89.552238,-86.035194,246.393219,196.874512,-0.000013,2.026088,8.932985,5969,0,28,-8
39.586086,0.008987,-0.205000,-2.191316,-0.000015,0.428851,-0.032155,-0.000013,1.162304,0.966040,0.174265,0.000001,0.000014,10.000000,-186.000000,-64.000000,-0.101341,-0.000003,0.000000,0.000000,0.000000,-0.387736,342.000000,0.000000,0.000000,0.000000,0.000000,39.585110,-89.552238,-86.035194,246.393219,196.874512,-0.000015,2.026082,8.932985,5969,0,28,-8
39.588039,0.008987,-0.204138,-2.191377,-0.000015,0.431172,-0.030225,-0.000012,1.160004,0.964952,0.174262,0.000000,0.000014,10.000000,-186.000000,-64.000000,-0.101341,-0.000003,0.000000,0.000000,0.000000,-0.387736,342.000000,0.000000,0.000000,0.000000,0.000000,39.587063,-89.552238,-86.035194,246.393219,196.874512,-0.000016,2.026079,8.932985,5969,0,28,-8
39.589993,0.008987,-0.203271,-2.191435,-0.000015,0.433489,-0.028297,-0.000011,1.157720,0.963800,0.174260,0.000000,0.000013,10.000000,-186.000000,-64.000000,-0.101341,-0.000003,0.000000,0.000000,0.000000,-0.387736,342.000000,0.000000,0.000000,0.000000,0.000000,39.589016,-89.552238,-86.035194,246.393219,196.874512,-0.000015,2.026081,8.932985,5969,0,28,-8
39.591949,0.008987,-0.202400,-2.191489,-0.000015,0.435801,-0.026371,-0.000010,1.155451,0.962590,0.174258,0.000000,0.000013,10.000000,-186.000000,-64.000000,-0.101341,-0.000003,0.000000,0.000000,0.000000,-0.387736,342.000000,0.000000,0.000000,0.000000,0.000000,39.590973,-89.552238,-86.035194,246.393219,196.874512,-0.000014,2.026086,8.932985,5969,0,28,-8
39.593903,0.008987,-0.201524,-2.191539,-0.000015,0.438108,-0.024447,-0.000009,1.153195,0.961329,0.174255,0.000000,0.000013,10.000000,-186.000000,-64.000000,-0.101341,-0.000003,0.000000,0.000000,0.000000,-0.387736,342.000000,0.000000,0.000000,0.000000,0.000000,39.592922,-89.552238,-86.035194,246.393219,196.874512,-0.000011,2.026094,8.932985,5969,0,28,-8
39.595856,0.008987,-0.200643,-2.191585,-0.000015,0.440411,-0.022527,-0.000008,1.150953,0.960020,0.174253,0.000000,0.000013,10.000000,-186.000000,-64.000000,-0.101341,-0.000003,0.000000,0.000000,0.000000,-0.387736,342.000000,0.000000,0.000000,0.000000,0.000000,39.594879,-89.552238,-86.035194,246.393219,196.874512,-0.000007,2.026106,8.932985,5969,1,28,-8
39.597809,0.008987,-0.199758,-2.191627,-0.000015,0.442710,-0.020609,-0.000008,1.148722,0.958670,0.174251,0.000000,0.000013,10.000000,-186.000000,-64.000000,-0.101341,-0.000003,0.000000,0.000000,0.000000,-0.387736,342.000000,0.000000,0.000000,0.000000,0.000000,39.596832,-89.552238,-86.035194,246.393219,196.874512,-0.000003,2.026120,8.932985,5969,1,28,-8
39.599766,0.008987,-0.198868,-2.191665,-0.000015,0.445004,-0.018693,-0.000007,1.146502,0.957282,0.174248,-0.000000,0.000013,10.000000,-186.000000,-64.000000,-0.101341,-0.000003,0.000000,0.000000,0.000000,-0.387736,342.000000,0.000000,0.000000,0.000000,0.000000,39.598789,-89.552238,-86.035194,246.393219,196.874512,0.000003,2.026137,8.932985,5969,1,28,-9
39.601719,0.008987,-0.197974,-2.191700,-0.000015,0.447294,-0.016781,-0.000007,1.144295,0.955861,0.174246,-0.000000,0.000013,10.000000,-186.000000,-64.000000,-0.101341,-0.000003,0.000000,0.000000,0.000000,-0.387736,342.000000,0.000000,0.000000,0.000000,0.000000,39.600739,-89.552238,-86.035194,246.393219,196.874512,0.000001,2.026133,8.932985,5969,1,28,-9
39.603672,0.008987,-0.197075,-2.191730,-0.000015,0.449579,-0.014871,-0.000006,1.142097,0.954408,0.174244,-0.000000,0.000013,10.000000,-186.000000,-64.000000,-0.101341,-0.000003,0.000000,0.000000,0.000000,-0.387736,342.000000,0.000000,0.000000,0.000000,0.000000,39.602695,-89.552238,-86.035194,246.393219,196.874512,-0.000006,2.026110,8.932985,5969,1,28,-9
39.605625,0.008987,-0.196172,-2.191757,-0.000015,0.451860,-0.012965,-0.000005,1.139907,0.952929,0.174241,-0.000000,0.000013,10.000000,-186.000000,-64.000000,-0.101341,-0.000003,0.000000,0.000000,0.000000,-0.387736,342.000000,0.000000,0.000000,0.000000,0.000000,39.604649,-89.552238,-86.035194,246.393219,196.874512,-0.000012,2.026093,8.932985,5969,1,28,-9
39.607578,0.008987,-0.195264,-2.191781,-0.000015,0.454136,-0.011061,-0.000005,1.137728,0.951425,0.174239,-0.000000,0.000013,10.000000,-186.000000,-64.000000,-0.101341,-0.000003,0.000000,0.000000,0.000000,-0.387736,342.000000,0.000000,0.000000,0.000000,0.000000,39.606606,-89.552238,-86.035194,246.393219,196.874512,-0.000015,2.026080,8.932985,5969,1,28,-9
39.609535,0.008987,-0.194351,-2.191800,-0.000015,0.456409,-0.009161,-0.000004,1.135557,0.949899,0.174237,-0.000000,0.000013,10.000000,-186.000000,-64.000000,-0.101341,-0.000003,0.000000,0.000000,0.000000,-0.387736,342.000000,0.000000,0.000000,0.000000,0.000000,39.608555,-89.552238,-86.035194,246.393219,196.874512,-0.000018,2.026072,8.932985,5969,1,28,-9
39.611488,0.008987,-0.193434,-2.191815,-0.000015,0.458676,-0.007263,-0.000004,1.133395,0.948353,0.174235,-0.000000,0.000013,10.000000,-186.000000,-64.000000,-0.101341,-0.000003,0.000000,0.000000,0.000000,-0.387736,342.000000,0.000000,0.000000,0.000000,0.000000,39.610512,-89.552238,-86.035194,246.393219,196.874512,-0.000019,2.026069,8.932985,5969,1,28,-9
39.613441,0.008987,-0.192512,-2.191827,-0.000015,0.460940,-0.005369,-0.000003,1.131241,0.946790,0.174233,-0.000000,0.000013,10.000000,-186.000000,-64.000000,-0.101341,-0.000003,0.000000,0.000000,0.000000,-0.387736,342.000000,0.000000,0.000000,0.000000,0.000000,39.612465,-89.552238,-86.035194,246.393219,196.874512,-0.000019,2.026069,8.932985,5969,1,28,-9
39.615395,0.008986,-0.191586,-2.191835,-0.000015,0.463199,-0.003478,-0.000003,1.129095,0.945213,0.174231,-0.000000,0.000013,10.000000,-186.000000,-64.000000,-0.101341,-0.000003,0.000000,0.000000,0.000000,-0.387736,342.000000,0.000000,0.000000,0.000000,0.000000,39.614422,-89.552238,-86.035194,246.393219,196.874512,-0.000018,2.026073,8.932985,5969,1,28,-9
39.617352,0.008986,-0.190655,-2.191839,-0.000015,0.465454,-0.001590,-0.000002,1.126957,0.943621,0.174230,-0.000000,0.000013,10.000000,-186.000000,-64.000000,-0.101341,-0.000003,0.000000,0.000000,0.000000,-0.387736,342.000000,0.000000,0.000000,0.000000,0.000000,39.616371,-89.552238,-86.035194,246.393219,196.874512,-0.000016,2.026080,8.932985,5969,1,28,-9
39.619305,0.008986,-0.189720,-2.191839,-0.000015,0.467705,0.000295,-0.000002,1.124827,0.942017,0.174228,-0.000001,0.000013,10.000000,-186.000000,-64.000000,-0.101341,-0.000003,0.000000,0.000000,0.000000,-0.387736,342.000000,0.000000,0.000000,0.000000,0.000000,39.618328,-89.552238,-86.035194,246.393219,196.874512,-0.000012,2.026090,8.932985,5969,1,28,-9
39.621258,0.008986,-0.188780,-2.191836,-0.000015,0.469951,0.002177,-0.000002,1.122704,0.940402,0.174226,-0.000001,0.000013,10.000000,-186.000000,-64.000000,-0.101341,-0.000003,0.000000,0.000000,0.000000,-0.387736,342.000000,0.000000,0.000000,0.000000,0.000000,39.620281,-89.552238,-86.035194,246.393219,196.874512,-0.000008,2.026103,8.932985,5969,1,28,-9
39.623211,0.008986,-0.187836,-2.191829,-0.000015,0.472194,0.004055,-0.000001,1.120588,0.938778,0.174225,-0.000001,0.000013,10.000000,-185.000000,-70.000000,-0.101341,-0.000003,0.000000,0.000000,0.000000,-0.387736,340.000000,0.000000,0.000000,0.000000,0.000000,39.622234,-89.552238,-86.035194,246.393219,196.874512,-0.000003,2.026119,8.932985,5969,1,28,-9
39.625168,0.008986,-0.186887,-2.191818,-0.000015,0.474432,0.005930,-0.000001,1.118480,0.937146,0.174224,-0.000001,0.000013,10.000000,-185.000000,-70.000000,-0.095420,-0.000003,0.000000,0.000000,0.067000,-0.043834,340.000000,0.000000,0.000000,0.000000,0.000000,39.624187,-89.552238,-82.572525,0.000000,135.048462,0.000003,1.944591,8.937985,5961,1,28,-10
39.627121,0.008986,-0.185934,-2.191803,-0.000015,0.476665,0.007803,-0.000001,1.116233,0.936341,0.174223,-0.000001,0.000013,10.000000,-185.000000,-70.000000,-0.095420,-0.000003,0.000000,0.000000,0.000000,-0.043834,340.000000,0.000000,0.000000,0.000000,0.000000,39.626144,-89.552238,-82.572525,0.000000,135.048462,0.000002,1.944588,8.937985,5961,1,28,-10
39.629074,0.008986,-0.184977,-2.191785,-0.000015,0.478894,0.009675,-0.000001,1.113958,0.935720,0.174222,-0.000001,0.000013,10.000000,-185.000000,-70.000000,-0.095420,-0.000003,0.000000,0.000000,0.000000,-0.043834,340.000000,0.000000,0.000000,0.000000,0.000000,39.628098,-89.552238,-82.572525,0.000000,135.048462,-0.000006,1.944566,8.937985,5961,1,28,-10
39.631027,0.008986,-0.184014,-2.191763,-0.000015,0.481119,0.011545,-0.000000,1.111706,0.934997,0.174221,-0.000001,0.000013,10.000000,-185.000000,-70.000000,-0.095420,-0.000003,0.000000,0.000000,0.000000,-0.043834,340.000000,0.000000,0.000000,0.000000,0.000000,39.630051,-89.552238,-82.572525,0.000000,135.048462,-0.000011,1.944548,8.937985,5961,1,28,-10
39.632980,0.008986,-0.183048,-2.191737,-0.000015,0.483339,0.013414,-0.000000,1.109476,0.934180,0.174220,-0.000001,0.000013,10.000000,-185.000000,-70.000000,-0.095420,-0.000003,0.000000,0.000000,0.000000,-0.043834,340.000000,0.000000,0.000000,0.000000,0.000000,39.632004,-89.552238,-82.572525,0.000000,135.048462,-0.000015,1.944536,8.937985,5961,1,28,-10
39.634937,0.008986,-0.182077,-2.191707,-0.000015,0.485555,0.015281,-0.000000,1.107266,0.933280,0.174219,-0.000001,0.000013,10.000000,-185.000000,-70.000000,-0.095420,-0.000003,0.000000,0.000000,0.000000,-0.043834,340.000000,0.000000,0.000000,0.000000,0.000000,39.633961,-89.552238,-82.572525,0.000000,135.048462,-0.000018,1.944528,8.937985,5961,1,28,-10
39.636890,0.008986,-0.181102,-2.191674,-0.000015,0.487766,0.017146,-0.000000,1.105075,0.932304,0.174219,-0.000001,0.000013,10.000000,-185.000000,-70.000000,-0.095420,-0.000003,0.000000,0.000000,0.000000,-0.043834,340.000000,0.000000,0.000000,0.000000,0.000000,39.635914,-89.552238,-82.572525,0.000000,135.048462,-0.000019,1.944524,8.937985,5961,0,28,-10
39.638844,0.008986,-0.180122,-2.191637,-0.000015,0.489973,0.019009,-0.000000,1.102902,0.931260,0.174218,-0.000001,0.000013,10.000000,-185.000000,-70.000000,-0.095420,-0.000003,0.000000,0.000000,0.000000,-0.043834,340.000000,0.000000,0.000000,0.000000,0.000000,39.637867,-89.552238,-82.572525,0.000000,135.048462,-0.000019,1.944523,8.937985,5961,0,28,-10
39.640797,0.008986,-0.179138,-2.191596,-0.000015,0.492175,0.020870,0.000000,1.100744,0.930153,0.174218,-0.000001,0.000013,10.000000,-185.000000,-70.000000,-0.095420,-0.000003,0.000000,0.000000,0.000000,-0.043834,340.000000,0.000000,0.000000,0.000000,0.000000,39.639820,-89.552238,-82.572525,0.000000,135.048462,-0.000018,1.944526,8.937985,5961,0,28,-10
39.642754,0.008986,-0.178149,-2.191551,-0.000015,0.494374,0.022729,0.000000,1.098602,0.928992,0.174218,-0.000001,0.000013,10.000000,-185.000000,-70.000000,-0.095420,-0.000003,0.000000,0.000000,0.000000,-0.043834,340.000000,0.000000,0.000000,0.000000,0.000000,39.641777,-89.552238,-82.572525,0.000000,135.048462,-0.000016,1.944533,8.937985,5961,0,28,-10
39.644707,0.008986,-0.177156,-2.191503,-0.000015,0.496568,0.024585,0.000000,1.096474,0.927780,0.174218,-0.000001,0.000013,10.000000,-185.000000,-70.000000,-0.095420,-0.000003,0.000000,0.000000,0.000000,-0.043834,340.000000,0.000000,0.000000,0.000000,0.000000,39.643726,-89.552238,-82.572525,0.000000,135.048462,-0.000013,1.944542,8.937985,5961,0,28,-10
39.646660,0.008986,-0.176158,-2.191451,-0.000015,0.498757,0.026439,0.000001,1.094359,0.926523,0.174218,-0.000001,0.000013,10.000000,-185.000000,-70.000000,-0.095420,-0.000003,0.000000,0.000000,0.000000,-0.043834,340.000000,0.000000,0.000000,0.000000,0.000000,39.645683,-89.552238,-82.572525,0.000000,135.048462,-0.000009,1.944553,8.937985,5961,0,28,-10
39.648613,0.008986,-0.175157,-2.191395,-0.000015,0.500943,0.028290,0.000001,1.092256,0.925225,0.174218,-0.000001,0.000013,10.000000,-185.000000,-70.000000,-0.095420,-0.000003,0.000000,0.000000,0.000000,-0.043834,340.000000,0.000000,0.000000,0.000000,0.000000,39.647636,-89.552238,-82.572525,0.000000,135.048462,-0.000005,1.944568,8.937985,5961,0,28,-10
39.650566,0.008986,-0.174150,-2.191336,-0.000015,0.503124,0.030138,0.000002,1.090164,0.923891,0.174218,-0.000001,0.000013,10.000000,-185.000000,-70.000000,-0.095420,-0.000003,0.000000,0.000000,0.000000,-0.043834,340.000000,0.000000,0.000000,0.000000,0.000000,39.649593,-89.552238,-82.572525,0.000000,135.048462,0.000000,1.944584,8.937985,5961,0,28,-11
39.652523,0.008986,-0.173140,-2.191272,-0.000015,0.505301,0.031984,0.000003,1.088084,0.922525,0.174218,-0.000001,0.000013,10.000000,-185.000000,-70.000000,-0.095420,-0.000003,0.000000,0.000000,0.000000,-0.043834,340.000000,0.000000,0.000000,0.000000,0.000000,39.651543,-89.552238,-82.572525,0.000000,135.048462,-0.000001,1.944580,8.937985,5961,0,28,-11
39.654476,0.008986,-0.172125,-2.191206,-0.000015,0.507475,0.033827,0.000005,1.086013,0.921129,0.174218,-0.000001,0.000013,10.000000,-185.000000,-70.000000,-0.095420,-0.000003,0.000000,0.000000,0.000000,-0.043834,340.000000,0.000000,0.000000,0.000000,0.000000,39.653500,-89.552238,-82.572525,0.000000,135.048462,-0.000009,1.944556,8.937985,5961,0,28,-11
39.656429,0.008986,-0.171106,-2.191135,-0.000015,0.509643,0.035667,0.000006,1.083951,0.919706,0.174218,-0.000001,0.000012,10.000000,-185.000000,-70.000000,-0.095420,-0.000003,0.000000,0.000000,0.000000,-0.043834,340.000000,0.000000,0.000000,0.000000,0.000000,39.655453,-89.552238,-82.572525,0.000000,135.048462,-0.000015,1.944537,8.937985,5961,0,28,-11
39.658382,0.008986,-0.170082,-2.191061,-0.000015,0.511808,0.037504,0.000008,1.081898,0.918260,0.174218,-0.000002,0.000012,10.000000,-185.000000,-70.000000,-0.095420,-0.000003,0.000000,0.000000,0.000000,-0.043834,340.000000,0.000000,0.000000,0.000000,0.000000,39.657410,-89.552238,-82.572525,0.000000,135.048462,-0.000019,1.944523,8.937985,5961,0,28,-11
39.660339,0.008986,-0.169054,-2.190983,-0.000015,0.513969,0.039339,0.000010,1.079853,0.916792,0.174219,-0.000002,0.000012,10.000000,-185.000000,-70.000000,-0.095420,-0.000003,0.000000,0.000000,0.000000,-0.043834,340.000000,0.000000,0.000000,0.000000,0.000000,39.659359,-89.552238,-82.572525,0.000000,135.048462,-0.000022,1.944514,8.937985,5961,0,28,-11
39.662292,0.008986,-0.168022,-2.190902,-0.000015,0.516126,0.041170,0.000012,1.077817,0.915305,0.174219,-0.000002,0.000012,10.000000,-185.000000,-70.000000,-0.095420,-0.000003,0.000000,0.000000,0.000000,-0.043834,340.000000,0.000000,0.000000,0.000000,0.000000,39.661316,-89.552238,-82.572525,0.000000,135.048462,-0.000024,1.944508,8.937985,5961,0,28,-11
39.664246,0.008986,-0.166986,-2.190817,-0.000015,0.518278,0.042998,0.000014,1.075787,0.913802,0.174219,-0.000002,0.000012,10.000000,-185.000000,-70.000000,-0.095420,-0.000003,0.000000,0.000000,0.000000,-0.043834,340.000000,0.000000,0.000000,0.000000,0.000000,39.663269,-89.552238,-82.572525,0.000000,135.048462,-0.000025,1.944506,8.937985,5961,0,28,-11
39.666199,0.008986,-0.165945,-2.190728,-0.000015,0.520427,0.044824,0.000016,1.073765,0.912283,0.174220,-0.000003,0.000012,10.000000,-185.000000,-70.000000,-0.095420,-0.000003,0.000000,0.000000,0.000000,-0.043834,340.000000,0.000000,0.000000,0.000000,0.000000,39.665222,-89.552238,-82.572525,0.000000,135.048462,-0.000024,1.944507,8.937985,5961,0,29,-11
39.668156,0.008986,-0.164900,-2.190635,-0.000015,0.522571,0.046646,0.000019,1.071750,0.910751,0.174220,-0.000003,0.000012,10.000000,-185.000000,-70.000000,-0.095420,-0.000003,0.000000,0.000000,0.000000,-0.043834,340.000000,0.000000,0.000000,0.000000,0.000000,39.667175,-89.552238,-82.572525,0.000000,135.048462,-0.000023,1.944512,8.937985,5961,0,29,-11
39.670109,0.008986,-0.163850,-2.190539,-0.000015,0.524712,0.048465,0.000021,1.069742,0.909207,0.174221,-0.000003,0.000012,10.000000,-185.000000,-70.000000,-0.095420,-0.000003,0.000000,0.000000,0.000000,-0.043834,340.000000,0.000000,0.000000,0.000000,0.000000,39.669132,-89.552238,-82.572525,0.000000,135.048462,-0.000020,1.944520,8.937985,5961,0,29,-11
39.672062,0.008986,-0.162797,-2.190439,-0.000015,0.526848,0.050281,0.000024,1.067739,0.907653,0.174221,-0.000003,0.000012,10.000000,-185.000000,-70.000000,-0.095420,-0.000003,0.000000,0.000000,0.000000,-0.043834,340.000000,0.000000,0.000000,0.000000,0.000000,39.671085,-89.552238,-82.572525,0.000000,135.048462,-0.000017,1.944530,8.937985,5961,0,29,-11
39.674015,0.008986,-0.161739,-2.190336,-0.000015,0.528981,0.052094,0.000026,1.065743,0.906089,0.174221,-0.000004,0.000012,10.000000,-185.000000,-70.000000,-0.095420,-0.000003,0.000000,0.000000,0.000000,-0.043834,340.000000,0.000000,0.000000,0.000000,0.000000,39.673038,-89.552238,-82.572525,0.000000,135.048462,-0.000013,1.944542,8.937985,5961,0,29,-11
39.675968,0.008986,-0.160676,-2.190229,-0.000014,0.531109,0.053904,0.000028,1.063752,0.904518,0.174222,-0.000004,0.000012,10.000000,-185.000000,-70.000000,-0.095420,-0.000003,0.000000,0.000000,0.000000,-0.043834,340.000000,0.000000,0.000000,0.000000,0.000000,39.674992,-89.552238,-82.572525,0.000000,135.048462,-0.000008,1.944557,8.937985,5961,0,29,-11
39.677925,0.008986,-0.159610,-2.190119,-0.000014,0.533234,0.055711,0.000030,1.061768,0.902939,0.174222,-0.000004,0.000012,10.000000,-185.000000,-70.000000,-0.095420,-0.000003,0.000000,0.000000,0.000000,-0.043834,340.000000,0.000000,0.000000,0.000000,0.000000,39.676949,-89.552238,-82.572525,0.000000,135.048462,-0.000003,1.944575,8.937985,5961,0,29,-11
39.679878,0.008985,-0.158539,-2.190004,-0.000014,0.535354,0.057514,0.000031,1.059788,0.901354,0.174223,-0.000004,0.000012,10.000000,-185.000000,-70.000000,-0.095420,-0.000003,0.000000,0.000000,0.000000,-0.043834,340.000000,0.000000,0.000000,0.000000,0.000000,39.678902,-89.552238,-82.572525,0.000000,135.048462,0.000003,1.944594,8.937985,5961,0,29,-12
39.681831,0.008985,-0.157464,-2.189886,-0.000014,0.537471,0.059314,0.000032,1.057816,0.899765,0.174223,-0.000004,0.000012,10.000000,-184.000000,-74.000000,-0.095420,-0.000003,0.000000,0.000000,0.000000,-0.043834,338.000000,0.000000,0.000000,0.000000,0.000000,39.680855,-89.552238,-82.572525,0.000000,135.048462,0.000003,1.944591,8.937985,5961,0,28,-12
39.683784,0.008985,-0.156385,-2.189765,-0.000014,0.539584,0.061112,0.000032,1.055846,0.898170,0.174224,-0.000004,0.000012,10.000000,-184.000000,-74.000000,-0.090298,-0.000003,0.000000,0.000000,0.066000,-0.044760,338.000000,0.000000,0.000000,0.000000,0.000000,39.682808,-60.606075,-64.537010,438.578339,217.135101,-0.000004,1.519833,8.943030,5912,-56,28,-12
39.685741,0.008985,-0.155302,-2.189640,-0.000014,0.541691,0.062912,0.000032,1.052983,0.901680,0.174224,-0.000004,0.000012,10.000000,-184.000000,-74.000000,-0.090298,-0.000003,0.000000,0.000000,0.000000,-0.044760,338.000000,0.000000,0.000000,0.000000,0.000000,39.684765,-60.606075,-64.537010,438.578339,217.135101,-0.000011,1.519812,8.943030,5912,-56,28,-12
39.687695,0.008985,-0.154214,-2.189511,-0.000014,0.543793,0.064723,0.000032,1.049915,0.906349,0.174224,-0.000004,0.000012,10.000000,-184.000000,-74.000000,-0.090298,-0.000003,0.000000,0.000000,0.000000,-0.044760,338.000000,0.000000,0.000000,0.000000,0.000000,39.686714,-60.606075,-64.537010,438.578339,217.135101,-0.000019,1.519787,8.943030,5912,-56,28,-12
39.689648,0.008985,-0.153122,-2.189379,-0.000014,0.545888,0.066542,0.000031,1.046947,0.910417,0.174222,-0.000004,0.000012,10.000000,-184.000000,-74.000000,-0.090298,-0.000003,0.000000,0.000000,0.000000,-0.044760,338.000000,0.000000,0.000000,0.000000,0.000000,39.688671,-60.606075,-64.537010,438.578339,217.135101,-0.000026,1.519764,8.943030,5912,-56,28,-12
39.691601,0.008985,-0.152026,-2.189243,-0.000014,0.547977,0.068368,0.000030,1.044065,0.913941,0.174218,-0.000004,0.000011,10.000000,-184.000000,-74.000000,-0.090298,-0.000003,0.000000,0.000000,0.000000,-0.044760,338.000000,0.000000,0.000000,0.000000,0.000000,39.690624,-60.606075,-64.537010,438.578339,217.135101,-0.000034,1.519741,8.943030,5912,-55,28,-12
39.693558,0.008985,-0.150926,-2.189103,-0.000014,0.550061,0.070200,0.000028,1.041254,0.916969,0.174212,-0.000004,0.000011,10.000000,-184.000000,-74.000000,-0.090298,-0.000003,0.000000,0.000000,0.000000,-0.044760,338.000000,0.000000,0.000000,0.000000,0.000000,39.692581,-60.606075,-64.537010,438.578339,217.135101,-0.000041,1.519719,8.943030,5912,-54,28,-12
39.695511,0.008985,-0.149822,-2.188960,-0.000014,0.552140,0.072038,0.000027,1.038504,0.919546,0.174203,-0.000003,0.000011,10.000000,-184.000000,-74.000000,-0.090298,-0.000003,0.000000,0.000000,0.000000,-0.044760,338.000000,0.000000,0.000000,0.000000,0.000000,39.694530,-60.606075,-64.537010,438.578339,217.135101,-0.000047,1.519698,8.943030,5912,-53,28,-12
39.697464,0.008985,-0.148713,-2.188813,-0.000014,0.554213,0.073881,0.000025,1.035802,0.921716,0.174191,-0.000003,0.000011,10.000000,-184.000000,-74.000000,-0.090298,-0.000003,0.000000,0.000000,0.000000,-0.044760,338.000000,0.000000,0.000000,0.000000,0.000000,39.696487,-60.606075,-64.537010,438.578339,217.135101,-0.000054,1.519678,8.943030,5912,-52,28,-12
39.699417,0.008985,-0.147601,-2.188662,-0.000014,0.556280,0.075727,0.000023,1.033141,0.923514,0.174176,-0.000003,0.000011,10.000000,-184.000000,-74.000000,-0.090298,-0.000003,0.000000,0.000000,0.000000,-0.044760,338.000000,0.000000,0.000000,0.000000,0.000000,39.698441,-60.606075,-64.537010,438.578339,217.135101,-0.000060,1.519659,8.943030,5912,-51,28,-12
39.701370,0.008985,-0.146484,-2.188508,-0.000014,0.558343,0.077576,0.000021,1.030510,0.924975,0.174157,-0.000003,0.000011,10.000000,-184.000000,-74.000000,-0.090298,-0.000003,0.000000,0.000000,0.000000,-0.044760,338.000000,0.000000,0.000000,0.000000,0.000000,39.700397,-60.606075,-64.537010,438.578339,217.135101,-0.000065,1.519642,8.943030,5912,-49,28,-12
39.703327,0.008985,-0.145363,-2.188350,-0.000014,0.560400,0.079428,0.000019,1.027903,0.926130,0.174133,-0.000002,0.000011,10.000000,-184.000000,-74.000000,-0.090298,-0.000003,0.000000,0.000000,0.000000,-0.044760,338.000000,0.000000,0.000000,0.000000,0.000000,39.702347,-60.606075,-64.537010,438.578339,217.135101,-0.000070,1.519626,8.943030,5912,-48,28,-12
39.705280,0.008985,-0.144238,-2.188188,-0.000014,0.562452,0.081281,0.000016,1.025312,0.927006,0.174106,-0.000002,0.000011,10.000000,-184.000000,-74.000000,-0.090298,-0.000003,0.000000,0.000000,0.000000,-0.044760,338.000000,0.000000,0.000000,0.000000,0.000000,39.704304,-60.606075,-64.537010,438.578339,217.135101,-0.000075,1.519611,8.943030,5912,-46,28,-12
39.707233,0.008985,-0.143109,-2.188023,-0.000014,0.564498,0.083136,0.000014,1.022732,0.927629,0.174074,-0.000002,0.000011,10.000000,-184.000000,-74.000000,-0.090298,-0.000003,0.000000,0.000000,0.000000,-0.044760,338.000000,0.000000,0.000000,0.000000,0.000000,39.706257,-60.606075,-64.537010,438.578339,217.135101,-0.000080,1.519597,8.943030,5912,-44,28,-12
39.709187,0.008985,-0.141976,-2.187853,-0.000014,0.566540,0.084992,0.000012,1.020157,0.928022,0.174038,-0.000002,0.000011,10.000000,-184.000000,-74.000000,-0.090298,-0.000003,0.000000,0.000000,0.000000,-0.044760,338.000000,0.000000,0.000000,0.000000,0.000000,39.708214,-60.606075,-64.537010,438.578339,217.135101,-0.000083,1.519585,8.943030,5912,-42,28,-12
39.711143,0.008985,-0.140838,-2.187680,-0.000014,0.568576,0.086849,0.000009,1.017583,0.928206,0.173997,-0.000001,0.000011,10.000000,-184.000000,-74.000000,-0.090298,-0.000003,0.000000,0.000000,0.000000,-0.044760,338.000000,0.000000,0.000000,0.000000,0.000000,39.710163,-60.606075,-64.537010,438.578339,217.135101,-0.000087,1.519574,8.943030,5912,-40,28,-12
39.713097,0.008985,-0.139697,-2.187504,-0.000014,0.570608,0.088705,0.000007,1.015005,0.928200,0.173952,-0.000001,0.000010,10.000000,-184.000000,-74.000000,-0.090298,-0.000003,0.000000,0.000000,0.000000,-0.044760,338.000000,0.000000,0.000000,0.000000,0.000000,39.712120,-60.606075,-64.537010,438.578339,217.135101,-0.000090,1.519565,8.943030,5912,-38,28,-12
39.715050,0.008985,-0.138552,-2.187323,-0.000014,0.572634,0.090561,0.000004,1.012421,0.928020,0.173902,-0.000001,0.000010,10.000000,-184.000000,-74.000000,-0.090298,-0.000003,0.000000,0.000000,0.000000,-0.044760,338.000000,0.000000,0.000000,0.000000,0.000000,39.714073,-60.606075,-64.537010,438.578339,217.135101,-0.000092,1.519557,8.943030,5912,-36,28,-12
39.717003,0.008985,-0.137402,-2.187139,-0.000014,0.574655,0.092417,0.000002,1.009827,0.927684,0.173847,-0.000000,0.000010,10.000000,-184.000000,-74.000000,-0.090298,-0.000003,0.000000,0.000000,0.000000,-0.044760,338.000000,0.000000,0.000000,0.000000,0.000000,39.716026,-60.606075,-64.537010,438.578339,217.135101,-0.000094,1.519552,8.943030,5912,-33,28,-12
39.718960,0.008985,-0.136249,-2.186951,-0.000014,0.576671,0.094271,-0.000001,1.007221,0.927205,0.173788,-0.000000,0.000010,10.000000,-184.000000,-74.000000,-0.090298,-0.000003,0.000000,0.000000,0.000000,-0.044760,338.000000,0.000000,0.000000,0.000000,0.000000,39.717979,-60.606075,-64.537010,438.578339,217.135101,-0.000095,1.519548,8.943030,5912,-31,28,-12
39.720913,0.008985,-0.135091,-2.186760,-0.000014,0.578681,0.096125,-0.000003,1.004602,0.926596,0.173724,0.000000,0.000010,10.000000,-184.000000,-74.000000,-0.090298,-0.000003,0.000000,0.000000,0.000000,-0.044760,338.000000,0.000000,0.000000,0.000000,0.000000,39.719936,-60.606075,-64.537010,438.578339,217.135101,-0.000096,1.519546,8.943030,5912,-29,28,-12
39.722866,0.008985,-0.133930,-2.186565,-0.000014,0.580686,0.097977,-0.000005,1.001967,0.925869,0.173656,0.000000,0.000010,10.000000,-184.000000,-74.000000,-0.090298,-0.000003,0.000000,0.000000,0.000000,-0.044760,338.000000,0.000000,0.000000,0.000000,0.000000,39.721889,-60.606075,-64.537010,438.578339,217.135101,-0.000096,1.519546,8.943030,5912,-26,28,-12
39.724819,0.008985,-0.132764,-2.186366,-0.000014,0.582686,0.099827,-0.000007,0.999316,0.925036,0.173583,0.000001,0.000010,10.000000,-184.000000,-74.000000,-0.090298,-0.000003,0.000000,0.000000,0.000000,-0.044760,338.000000,0.000000,0.000000,0.000000,0.000000,39.723843,-60.606075,-64.537010,438.578339,217.135101,-0.000095,1.519548,8.943030,5912,-24,28,-12
39.726772,0.008985,-0.131595,-2.186163,-0.000014,0.584681,0.101676,-0.000010,0.996647,0.924104,0.173505,0.000001,0.000009,10.000000,-184.000000,-74.000000,-0.090298,-0.000003,0.000000,0.000000,0.000000,-0.044760,338.000000,0.000000,0.000000,0.000000,0.000000,39.725796,-60.606075,-64.537010,438.578339,217.135101,-0.000094,1.519552,8.943030,5912,-21,28,-12
39.728729,0.008985,-0.130421,-2.185957,-0.000014,0.586670,0.103523,-0.000012,0.993962,0.923084,0.173424,0.000001,0.000009,10.000000,-184.000000,-74.000000,-0.090298,-0.000003,0.000000,0.000000,0.000000,-0.044760,338.000000,0.000000,0.000000,0.000000,0.000000,39.727753,-60.606075,-64.537010,438.578339,217.135101,-0.000092,1.519558,8.943030,5912,-19,28,-12
39.730682,0.008985,-0.129244,-2.185747,-0.000014,0.588654,0.105367,-0.000014,0.991258,0.921985,0.173339,0.000002,0.000009,10.000000,-184.000000,-74.000000,-0.090298,-0.000003,0.000000,0.000000,0.000000,-0.044760,338.000000,0.000000,0.000000,0.000000,0.000000,39.729706,-60.606075,-64.537010,438.578339,217.135101,-0.000089,1.519567,8.943030,5912,-17,28,-12
39.732635,0.008985,-0.128062,-2.185533,-0.000014,0.590633,0.107210,-0.000016,0.988537,0.920812,0.173249,0.000002,0.000009,10.000000,-184.000000,-74.000000,-0.090298,-0.000003,0.000000,0.000000,0.000000,-0.044760,338.000000,0.000000,0.000000,0.000000,0.000000,39.731659,-60.606075,-64.537010,438.578339,217.135101,-0.000086,1.519577,8.943030,5912,-14,28,-12
39.734589,0.008985,-0.126877,-2.185316,-0.000014,0.592606,0.109049,-0.000017,0.985799,0.919573,0.173156,0.000002,0.000009,10.000000,-184.000000,-74.000000,-0.090298,-0.000003,0.000000,0.000000,0.000000,-0.044760,338.000000,0.000000,0.000000,0.000000,0.000000,39.733612,-60.606075,-64.537010,438.578339,217.135101,-0.000082,1.519590,8.943030,5912,-12,28,-12
39.736546,0.008985,-0.125687,-2.185095,-0.000014,0.594573,0.110887,-0.000019,0.983044,0.918275,0.173060,0.000002,0.000009,10.000000,-184.000000,-74.000000,-0.090298,-0.000003,0.000000,0.000000,0.000000,-0.044760,338.000000,0.000000,0.000000,0.000000,0.000000,39.735569,-60.606075,-64.537010,438.578339,217.135101,-0.000077,1.519605,8.943030,5912,-9,28,-12
39.738499,0.008985,-0.124494,-2.184870,-0.000014,0.596535,0.112721,-0.000020,0.980274,0.916923,0.172960,0.000002,0.000009,10.000000,-184.000000,-74.000000,-0.090298,-0.000003,0.000000,0.000000,0.000000,-0.044760,338.000000,0.000000,0.000000,0.000000,0.000000,39.737518,-60.606075,-64.537010,438.578339,217.135101,-0.000071,1.519623,8.943030,5912,-7,28,-12
39.740452,0.008985,-0.123297,-2.184641,-0.000014,0.598491,0.114553,-0.000021,0.977488,0.915521,0.172857,0.000002,0.000009,10.000000,-183.000000,-77.000000,-0.090298,-0.000003,0.000000,0.000000,0.000000,-0.044760,342.000000,0.000000,0.000000,0.000000,0.000000,39.739475,-60.606075,-64.537010,438.578339,217.135101,-0.000065,1.519643,8.943030,5912,-4,28,-12
39.742405,0.008985,-0.122096,-2.184409,-0.000014,0.600442,0.116382,-0.000022,0.974689,0.914075,0.172751,0.000003,0.000008,10.000000,-183.000000,-77.000000,-0.071935,-0.000003,0.000000,0.000000,0.067000,0.087539,342.000000,0.000000,0.000000,0.000000,0.000000,39.741428,-44.776138,-47.395821,236.267822,226.871826,-0.000058,1.115990,8.947985,5876,-398,28,-12
39.744362,0.008985,-0.120891,-2.184174,-0.000014,0.602386,0.118213,-0.000023,0.971222,0.916345,0.172641,0.000003,0.000008,10.000000,-183.000000,-77.000000,-0.071935,-0.000003,0.000000,0.000000,0.000000,0.087539,342.000000,0.000000,0.000000,0.000000,0.000000,39.743385,-44.776138,-47.395821,236.267822,226.871826,-0.000059,1.115988,8.947985,5876,-396,28,-12
39.746315,0.008985,-0.119682,-2.183934,-0.000014,0.604323,0.120050,-0.000024,0.967565,0.919427,0.172523,0.000003,0.000008,10.000000,-183.000000,-77.000000,-0.071935,-0.000003,0.000000,0.000000,0.000000,0.087539,342.000000,0.000000,0.000000,0.000000,0.000000,39.745335,-44.776138,-47.395821,236.267822,226.871826,-0.000073,1.115941,8.947985,5876,-392,28,-13
39.748268,0.008985,-0.118469,-2.183691,-0.000014,0.606253,0.121893,-0.000024,0.963908,0.922028,0.172393,0.000003,0.000008,10.000000,-183.000000,-77.000000,-0.071935,-0.000003,0.000000,0.000000,0.000000,0.087539,342.000000,0.000000,0.000000,0.000000,0.000000,39.747292,-44.776138,-47.395821,236.267822,226.871826,-0.000103,1.115849,8.947985,5876,-386,28,-13
39.750221,0.008985,-0.117252,-2.183444,-0.000014,0.608175,0.123740,-0.000025,0.960211,0.924185,0.172248,0.000003,0.000008,10.000000,-183.000000,-77.000000,-0.071935,-0.000003,0.000000,0.000000,0.000000,0.087539,342.000000,0.000000,0.000000,0.000000,0.000000,39.749245,-44.776138,-47.395821,236.267822,226.871826,-0.000145,1.115717,8.947985,5876,-380,28,-12
39.752174,0.008984,-0.116032,-2.183194,-0.000014,0.610090,0.125591,-0.000025,0.956437,0.925933,0.172084,0.000003,0.000007,10.000000,-183.000000,-77.000000,-0.071935,-0.000003,0.000000,0.000000,0.000000,0.087539,342.000000,0.000000,0.000000,0.000000,0.000000,39.751202,-44.776138,-47.395821,236.267822,226.871826,-0.000184,1.115595,8.947985,5876,-372,28,-12
39.754131,0.008984,-0.114808,-2.182940,-0.000014,0.611997,0.127445,-0.000025,0.952559,0.927304,0.171899,0.000003,0.000007,10.000000,-183.000000,-77.000000,-0.071935,-0.000003,0.000000,0.000000,0.000000,0.087539,342.000000,0.000000,0.000000,0.000000,0.000000,39.753151,-44.776138,-47.395821,236.267822,226.871826,-0.000220,1.115482,8.947985,5876,-367,28,-12
39.756084,0.008984,-0.113580,-2.182682,-0.000014,0.613896,0.129301,-0.000025,0.948549,0.928327,0.171690,0.000003,0.000006,10.000000,-183.000000,-77.000000,-0.071935,-0.000003,0.000000,0.000000,0.000000,0.087539,342.000000,0.000000,0.000000,0.000000,0.000000,39.755108,-44.776138,-47.395821,236.267822,226.871826,-0.000260,1.115357,8.947985,5876,-357,28,-12
39.758038,0.008984,-0.112348,-2.182420,-0.000014,0.615787,0.131159,-0.000024,0.944381,0.929029,0.171456,0.000003,0.000006,10.000000,-183.000000,-77.000000,-0.071935,-0.000003,0.000000,0.000000,0.000000,0.087539,342.000000,0.000000,0.000000,0.000000,0.000000,39.757061,-44.776138,-47.395821,236.267822,226.871826,-0.000303,1.115219,8.947985,5876,-346,28,-12
39.759991,0.008984,-0.111112,-2.182155,-0.000014,0.617669,0.133018,-0.000024,0.940036,0.929433,0.171195,0.000003,0.000005,10.000000,-183.000000,-77.000000,-0.071935,-0.000003,0.000000,0.000000,0.000000,0.087539,342.000000,0.000000,0.000000,0.000000,0.000000,39.759014,-44.776138,-47.395821,236.267822,226.871826,-0.000350,1.115073,8.947985,5876,-333,28,-12
39.761948,0.008984,-0.109873,-2.181885,-0.000014,0.619543,0.134877,-0.000024,0.935494,0.929563,0.170905,0.000003,0.000004,10.000000,-183.000000,-77.000000,-0.071935,-0.000003,0.000000,0.000000,0.000000,0.087539,342.000000,0.000000,0.000000,0.000000,0.000000,39.760967,-44.776138,-47.395821,236.267822,226.871826,-0.000399,1.114920,8.947985,5876,-320,28,-12
39.763901,0.008984,-0.108630,-2.181613,-0.000014,0.621406,0.136736,-0.000023,0.930742,0.929437,0.170585,0.000004,0.000003,10.000000,-183.000000,-77.000000,-0.071935,-0.000003,0.000000,0.000000,0.000000,0.087539,342.000000,0.000000,0.000000,0.000000,0.000000,39.762924,-44.776138,-47.395821,236.267822,226.871826,-0.000449,1.114761,8.947985,5876,-306,28,-12
39.765854,0.008984,-0.107383,-2.181336,-0.000014,0.623261,0.138594,-0.000023,0.925768,0.929076,0.170234,0.000004,0.000002,10.000000,-183.000000,-77.000000,-0.071935,-0.000003,0.000000,0.000000,0.000000,0.087539,342.000000,0.000000,0.000000,0.000000,0.000000,39.764877,-44.776138,-47.395821,236.267822,226.871826,-0.000501,1.114599,8.947985,5876,-292,28,-11
39.767807,0.008984,-0.106132,-2.181056,-0.000014,0.625104,0.140452,-0.000022,0.920559,0.928495,0.169851,0.000004,0.000001,10.000000,-183.000000,-77.000000,-0.071935,-0.000003,0.000000,0.000000,0.000000,0.087539,342.000000,0.000000,0.000000,0.000000,0.000000,39.766830,-44.776138,-47.395821,236.267822,226.871826,-0.000545,1.114459,8.947985,5876,-277,28,-11
39.769760,0.008984,-0.104878,-2.180772,-0.000015,0.626937,0.142307,-0.000021,0.915113,0.927713,0.169437,0.000004,-0.000000,10.000000,-183.000000,-77.000000,-0.071935,-0.000003,0.000000,0.000000,0.000000,0.087539,342.000000,0.000000,0.000000,0.000000,0.000000,39.768784,-44.776138,-47.395821,236.267822,226.871826,-0.000584,1.114339,8.947985,5876,-261,28,-11
39.771717,0.008984,-0.103620,-2.180484,-0.000015,0.628759,0.144161,-0.000021,0.909423,0.926743,0.168991,0.000004,-0.000001,10.000000,-183.000000,-77.000000,-0.071935,-0.000003,0.000000,0.000000,0.000000,0.087539,342.000000,0.000000,0.000000,0.000000,0.000000,39.770741,-44.776138,-47.395821,236.267822,226.871826,-0.000623,1.114217,8.947985,5876,-244,28,-10
39.773670,0.008984,-0.102359,-2.180193,-0.000015,0.630569,0.146013,-0.000020,0.903483,0.925599,0.168512,0.000004,-0.000003,10.000000,-183.000000,-77.000000,-0.071935,-0.000003,0.000000,0.000000,0.000000,0.087539,342.000000,0.000000,0.000000,0.000000,0.000000,39.772694,-44.776138,-47.395821,236.267822,226.871826,-0.000654,1.114117,8.947985,5876,-227,28,-10
39.775623,0.008984,-0.101094,-2.179898,-0.000015,0.632367,0.147862,-0.000019,0.897298,0.924294,0.168002,0.000004,-0.000004,10.000000,-183.000000,-77.000000,-0.071935,-0.000003,0.000000,0.000000,0.000000,0.087539,342.000000,0.000000,0.000000,0.000000,0.000000,39.774647,-44.776138,-47.395821,236.267822,226.871826,-0.000679,1.114039,8.947985,5876,-210,28,-9
39.777576,0.008984,-0.099825,-2.179599,-0.000015,0.634152,0.149709,-0.000018,0.890863,0.922840,0.167460,0.000004,-0.000005,10.000000,-183.000000,-77.000000,-0.071935,-0.000003,0.000000,0.000000,0.000000,0.087539,342.000000,0.000000,0.000000,0.000000,0.000000,39.776600,-44.776138,-47.395821,236.267822,226.871826,-0.000697,1.113984,8.947985,5876,-193,28,-9
39.779533,0.008984,-0.098553,-2.179296,-0.000015,0.635923,0.151552,-0.000017,0.884187,0.921249,0.166886,0.000005,-0.000007,10.000000,-183.000000,-77.000000,-0.071935,-0.000003,0.000000,0.000000,0.000000,0.087539,342.000000,0.000000,0.000000,0.000000,0.000000,39.778557,-44.776138,-47.395821,236.267822,226.871826,-0.000707,1.113951,8.947985,5876,-175,28,-9
39.781487,0.008984,-0.097277,-2.178990,-0.000015,0.637681,0.153392,-0.000016,0.877270,0.919531,0.166283,0.000005,-0.000008,10.000000,-183.000000,-77.000000,-0.071935,-0.000003,0.000000,0.000000,0.000000,0.087539,342.000000,0.000000,0.000000,0.000000,0.000000,39.780506,-44.776138,-47.395821,236.267822,226.871826,-0.000719,1.113915,8.947985,5876,-157,28,-8
39.783440,0.008984,-0.095998,-2.178680,-0.000015,0.639425,0.155228,-0.000015,0.870116,0.917696,0.165650,0.000005,-0.000010,10.000000,-183.000000,-77.000000,-0.071935,-0.000003,0.000000,0.000000,0.000000,0.087539,342.000000,0.000000,0.000000,0.000000,0.000000,39.782463,-44.776138,-47.395821,236.267822,226.871826,-0.000722,1.113903,8.947985,5876,-139,28,-8
39.785393,0.008984,-0.094715,-2.178367,-0.000015,0.641154,0.157061,-0.000013,0.862737,0.915754,0.164988,0.000005,-0.000011,10.000000,-183.000000,-77.000000,-0.071935,-0.000003,0.000000,0.000000,0.000000,0.087539,342.000000,0.000000,0.000000,0.000000,0.000000,39.784416,-44.776138,-47.395821,236.267822,226.871826,-0.000719,1.113914,8.947985,5876,-121,28,-7
39.787350,0.008984,-0.093429,-2.178050,-0.000015,0.642869,0.158889,-0.000012,0.855136,0.913712,0.164299,0.000005,-0.000013,10.000000,-183.000000,-77.000000,-0.071935,-0.000003,0.000000,0.000000,0.000000,0.087539,342.000000,0.000000,0.000000,0.000000,0.000000,39.786373,-44.776138,-47.395821,236.267822,226.871826,-0.000708,1.113948,8.947985,5876,-103,28,-7
39.789303,0.008984,-0.092139,-2.177729,-0.000015,0.644567,0.160714,-0.000010,0.847327,0.911581,0.163584,0.000005,-0.000014,10.000000,-183.000000,-77.000000,-0.071935,-0.000003,0.000000,0.000000,0.000000,0.087539,342.000000,0.000000,0.000000,0.000000,0.000000,39.788322,-44.776138,-47.395821,236.267822,226.871826,-0.000690,1.114004,8.947985,5876,-85,28,-6
39.791256,0.008984,-0.090846,-2.177404,-0.000015,0.646250,0.162534,-0.000008,0.839316,0.909367,0.162844,0.000005,-0.000015,10.000000,-183.000000,-77.000000,-0.071935,-0.000003,0.000000,0.000000,0.000000,0.087539,342.000000,0.000000,0.000000,0.000000,0.000000,39.790279,-44.776138,-47.395821,236.267822,226.871826,-0.000665,1.114083,8.947985,5876,-68,28,-6
39.793209,0.008984,-0.089550,-2.177076,-0.000015,0.647916,0.164349,-0.000006,0.831118,0.907078,0.162080,0.000005,-0.000017,10.000000,-183.000000,-77.000000,-0.071935,-0.000003,0.000000,0.000000,0.000000,0.087539,342.000000,0.000000,0.000000,0.000000,0.000000,39.792233,-44.776138,-47.395821,236.267822,226.871826,-0.000633,1.114184,8.947985,5876,-50,28,-5
39.795162,0.008984,-0.088250,-2.176745,-0.000015,0.649566,0.166159,-0.000004,0.822741,0.904722,0.161294,0.000005,-0.000018,10.000000,-183.000000,-77.000000,-0.071935,-0.000003,0.000000,0.000000,0.000000,0.087539,342.000000,0.000000,0.000000,0.000000,0.000000,39.794189,-44.776138,-47.395821,236.267822,226.871826,-0.000593,1.114308,8.947985,5876,-33,28,-5
39.797119,0.008984,-0.086947,-2.176409,-0.000015,0.651199,0.167965,-0.000002,0.814201,0.902305,0.160488,0.000005,-0.000019,10.000000,-183.000000,-77.000000,-0.071935,-0.000003,0.000000,0.000000,0.000000,0.087539,342.000000,0.000000,0.000000,0.000000,0.000000,39.796139,-44.776138,-47.395821,236.267822,226.871826,-0.000547,1.114453,8.947985,5876,-16,28,-4
39.799072,0.008984,-0.085641,-2.176070,-0.000015,0.652814,0.169766,0.000001,0.805507,0.899834,0.159663,0.000004,-0.000020,10.000000,-183.000000,-77.000000,-0.071935,-0.000003,0.000000,0.000000,0.000000,0.087539,342.000000,0.000000,0.000000,0.000000,0.000000,39.798096,-44.776138,-47.395821,236.267822,226.871826,-0.000494,1.114619,8.947985,5876,0,28,-4
39.801025,0.008984,-0.084332,-2.175728,-0.000015,0.654412,0.171562,0.000004,0.796678,0.897315,0.158820,0.000004,-0.000021,10.000000,-183.000000,-77.000000,-0.071935,-0.000003,0.000000,0.000000,0.000000,0.087539,342.000000,0.000000,0.000000,0.000000,0.000000,39.800049,-44.776138,-47.395821,236.267822,226.871826,-0.000435,1.114807,8.947985,5876,15,28,-4
39.802979,0.008984,-0.083020,-2.175382,-0.000015,0.655992,0.173353,0.000008,0.787725,0.894754,0.157961,0.000004,-0.000022,10.000000,-183.000000,-77.000000,-0.071935,-0.000003,0.000000,0.000000,0.000000,0.087539,342.000000,0.000000,0.000000,0.000000,0.000000,39.802006,-44.776138,-47.395821,236.267822,226.871826,-0.000376,1.114992,8.947985,5876,31,29,-3
39.804935,0.008984,-0.081704,-2.175032,-0.000015,0.657553,0.175139,0.000011,0.778660,0.892156,0.157088,0.000004,-0.000022,10.000000,-183.000000,-77.000000,-0.071935,-0.000003,0.000000,0.000000,0.000000,0.087539,342.000000,0.000000,0.000000,0.000000,0.000000,39.803955,-44.776138,-47.395821,236.267822,226.871826,-0.000309,1.115200,8.947985,5876,46,29,-3
39.806889,0.008984,-0.080385,-2.174679,-0.000015,0.659097,0.176919,0.000015,0.769502,0.889528,0.156203,0.000003,-0.000023,10.000000,-183.000000,-77.000000,-0.071935,-0.000003,0.000000,0.000000,0.000000,0.087539,342.000000,0.000000,0.000000,0.000000,0.000000,39.805912,-44.776138,-47.395821,236.267822,226.871826,-0.000236,1.115429,8.947985,5876,61,29,-3
39.808842,0.008984,-0.079063,-2.174322,-0.000015,0.660622,0.178694,0.000019,0.760263,0.886873,0.155308,0.000003,-0.000023,10.000000,-183.000000,-77.000000,-0.071935,-0.000003,0.000000,0.000000,0.000000,0.087539,342.000000,0.000000,0.000000,0.000000,0.000000,39.807865,-44.776138,-47.395821,236.267822,226.871826,-0.000164,1.115657,8.947985,5876,79,29,-3
39.810795,0.008984,-0.077739,-2.173961,-0.000015,0.662129,0.180464,0.000023,0.750959,0.884196,0.154403,0.000002,-0.000023,10.000000,-183.000000,-77.000000,-0.071935,-0.000003,0.000000,0.000000,0.000000,0.087539,342.000000,0.000000,0.000000,0.000000,0.000000,39.809818,-44.776138,-47.395821,236.267822,226.871826,-0.000091,1.115885,8.947985,5876,93,29,-2
39.812752,0.008984,-0.076411,-2.173597,-0.000015,0.663617,0.182228,0.000027,0.741603,0.881502,0.153492,0.000002,-0.000023,10.000000,-183.000000,-77.000000,-0.071935,-0.000003,0.000000,0.000000,0.000000,0.087539,342.000000,0.000000,0.000000,0.000000,0.000000,39.811771,-44.776138,-47.395821,236.267822,226.871826,-0.000011,1.116138,8.947985,5876,106,29,-2
39.814705,0.008984,-0.075080,-2.173230,-0.000015,0.665086,0.183987,0.000031,0.732214,0.878795,0.152575,0.000001,-0.000023,10.000000,-183.000000,-77.000000,-0.071935,-0.000003,0.000000,0.000000,0.000000,0.087539,342.000000,0.000000,0.000000,0.000000,0.000000,39.813728,-44.776138,-47.395821,236.267822,226.871826,0.000077,1.116415,8.947985,5877,118,29,-2
39.816658,0.008984,-0.073746,-2.172859,-0.000015,0.666536,0.185740,0.000035,0.722822,0.875974,0.151655,0.000001,-0.000023,10.000000,-183.000000,-77.000000,-0.071935,-0.000003,0.000000,0.000000,0.000000,0.087539,342.000000,0.000000,0.000000,0.000000,0.000000,39.815681,-44.776138,-47.395821,236.267822,226.871826,0.000165,1.116690,8.947985,5877,129,29,-2
39.818611,0.008983,-0.072410,-2.172484,-0.000015,0.667968,0.187488,0.000039,0.713428,0.873125,0.150733,0.000000,-0.000022,10.000000,-182.000000,-76.000000,-0.071935,-0.000003,0.000000,0.000000,0.000000,0.087539,344.000000,0.000000,0.000000,0.000000,0.000000,39.817635,-44.776138,-47.395821,236.267822,226.871826,0.000253,1.116967,8.947985,5877,140,29,-3
39.820564,0.008983,-0.071070,-2.172107,-0.000014,0.669381,0.189230,0.000043,0.704045,0.870287,0.149810,-0.000000,-0.000022,10.000000,-182.000000,-76.000000,-0.059986,-0.000003,0.000000,0.000000,0.067000,0.043451,344.000000,0.000000,0.000000,0.000000,0.000000,39.819588,14.925366,-3.626411,891.066772,425.838409,0.000334,0.086451,8.952985,5835,-882,29,-3
39.822521,0.008983,-0.069728,-2.171725,-0.000014,0.670774,0.190972,0.000046,0.694021,0.871860,0.148886,-0.000001,-0.000021,10.000000,-182.000000,-76.000000,-0.059986,-0.000003,0.000000,0.000000,0.000000,0.043451,344.000000,0.000000,0.000000,0.000000,0.000000,39.821545,14.925366,-3.626411,891.066772,425.838409,0.000386,0.086616,8.952985,5835,-872,29,-3
39.824474,0.008983,-0.068383,-2.171340,-0.000014,0.672146,0.192720,0.000049,0.683809,0.874436,0.147950,-0.000001,-0.000020,10.000000,-182.000000,-76.000000,-0.059986,-0.000003,0.000000,0.000000,0.000000,0.043451,344.000000,0.000000,0.000000,0.000000,0.000000,39.823498,14.925366,-3.626411,891.066772,425.838409,0.000402,0.086664,8.952985,5835,-859,29,-3
39.826427,0.008983,-0.067035,-2.170952,-0.000014,0.673499,0.194472,0.000053,0.673559,0.876493,0.146993,-0.000002,-0.000020,10.000000,-182.000000,-76.000000,-0.059986,-0.000003,0.000000,0.000000,0.000000,0.043451,344.000000,0.000000,0.000000,0.000000,0.000000,39.825451,14.925366,-3.626411,891.066772,425.838409,0.000399,0.086656,8.952985,5835,-843,29,-3
39.828381,0.008983,-0.065685,-2.170560,-0.000014,0.674830,0.196227,0.000055,0.663186,0.878066,0.146008,-0.000002,-0.000019,10.000000,-182.000000,-76.000000,-0.059986,-0.000003,0.000000,0.000000,0.000000,0.043451,344.000000,0.000000,0.000000,0.000000,0.000000,39.827404,14.925366,-3.626411,891.066772,425.838409,0.000380,0.086597,8.952985,5835,-824,29,-4
39.830338,0.008983,-0.064332,-2.170164,-0.000014,0.676141,0.197985,0.000058,0.652621,0.879191,0.144987,-0.000003,-0.000018,10.000000,-182.000000,-76.000000,-0.059986,-0.000003,0.000000,0.000000,0.000000,0.043451,344.000000,0.000000,0.000000,0.000000,0.000000,39.829361,14.925366,-3.626411,891.066772,425.838409,0.000340,0.086470,8.952985,5835,-802,29,-4
39.832291,0.008983,-0.062977,-2.169765,-0.000014,0.677430,0.199745,0.000060,0.641794,0.879896,0.143924,-0.000003,-0.000018,10.000000,-182.000000,-76.000000,-0.059986,-0.000003,0.000000,0.000000,0.000000,0.043451,344.000000,0.000000,0.000000,0.000000,0.000000,39.831310,14.925366,-3.626411,891.066772,425.838409,0.000281,0.086284,8.952985,5835,-778,29,-4
39.834244,0.008983,-0.061618,-2.169363,-0.000014,0.678697,0.201505,0.000062,0.630652,0.880215,0.142814,-0.000003,-0.000018,10.000000,-182.000000,-76.000000,-0.059986,-0.000003,0.000000,0.000000,0.000000,0.043451,344.000000,0.000000,0.000000,0.000000,0.000000,39.833267,14.925366,-3.626411,891.066772,425.838409,0.000212,0.086069,8.952985,5835,-751,29,-4
39.836197,0.008983,-0.060258,-2.168957,-0.000014,0.679941,0.203265,0.000064,0.619147,0.880172,0.141651,-0.000003,-0.000017,10.000000,-182.000000,-76.000000,-0.059986,-0.000003,0.000000,0.000000,0.000000,0.043451,344.000000,0.000000,0.000000,0.000000,0.000000,39.835220,14.925366,-3.626411,891.066772,425.838409,0.000136,0.085830,8.952985,5835,-722,29,-4
39.838154,0.008983,-0.058895,-2.168547,-0.000013,0.681161,0.205025,0.000065,0.607238,0.879795,0.140433,-0.000004,-0.000017,10.000000,-182.000000,-76.000000,-0.059986,-0.000003,0.000000,0.000000,0.000000,0.043451,344.000000,0.000000,0.000000,0.000000,0.000000,39.837177,14.925366,-3.626411,891.066772,425.838409,0.000054,0.085571,8.952985,5835,-691,29,-4
39.840107,0.008983,-0.057529,-2.168134,-0.000013,0.682357,0.206784,0.000065,0.594890,0.879107,0.139156,-0.000004,-0.000017,10.000000,-182.000000,-76.000000,-0.059986,-0.000003,0.000000,0.000000,0.000000,0.043451,344.000000,0.000000,0.000000,0.000000,0.000000,39.839127,14.925366,-3.626411,891.066772,425.838409,-0.000033,0.085298,8.952985,5835,-658,29,-4
39.842060,0.008983,-0.056161,-2.167717,-0.000013,0.683528,0.208541,0.000066,0.582077,0.878130,0.137818,-0.000004,-0.000018,10.000000,-182.000000,-76.000000,-0.059986,-0.000003,0.000000,0.000000,0.000000,0.043451,344.000000,0.000000,0.000000,0.000000,0.000000,39.841084,14.925366,-3.626411,891.066772,425.838409,-0.000124,0.085014,8.952985,5835,-624,29,-4
39.844013,0.008983,-0.054791,-2.167297,-0.000013,0.684672,0.210295,0.000066,0.568776,0.876887,0.136416,-0.000004,-0.000018,10.000000,-182.000000,-76.000000,-0.059986,-0.000003,0.000000,0.000000,0.000000,0.043451,344.000000,0.000000,0.000000,0.000000,0.000000,39.843037,14.925366,-3.626411,891.066772,425.838409,-0.000216,0.084722,8.952985,5835,-588,28,-4
39.845966,0.008983,-0.053419,-2.166873,-0.000013,0.685789,0.212047,0.000065,0.554972,0.875396,0.134950,-0.000003,-0.000019,10.000000,-182.000000,-76.000000,-0.059986,-0.000003,0.000000,0.000000,0.000000,0.043451,344.000000,0.000000,0.000000,0.000000,0.000000,39.844994,14.925366,-3.626411,891.066772,425.838409,-0.000310,0.084428,8.952985,5835,-551,28,-4
39.847923,0.008983,-0.052044,-2.166446,-0.000013,0.686878,0.213795,0.000064,0.540654,0.873678,0.133418,-0.000003,-0.000020,10.000000,-182.000000,-76.000000,-0.059986,-0.000003,0.000000,0.000000,0.000000,0.043451,344.000000,0.000000,0.000000,0.000000,0.000000,39.846943,14.925366,-3.626411,891.066772,425.838409,-0.000404,0.084135,8.952985,5835,-513,28,-4
39.849876,0.008983,-0.050668,-2.166016,-0.000013,0.687937,0.215539,0.000063,0.525814,0.871752,0.131821,-0.000003,-0.000021,10.000000,-182.000000,-76.000000,-0.059986,-0.000003,0.000000,0.000000,0.000000,0.043451,344.000000,0.000000,0.000000,0.000000,0.000000,39.848900,14.925366,-3.626411,891.066772,425.838409,-0.000496,0.083844,8.952985,5835,-473,28,-3
39.851830,0.008983,-0.049289,-2.165581,-0.000013,0.688965,0.217280,0.000061,0.510450,0.869633,0.130159,-0.000003,-0.000022,10.000000,-182.000000,-76.000000,-0.059986,-0.000003,0.000000,0.000000,0.000000,0.043451,344.000000,0.000000,0.000000,0.000000,0.000000,39.850853,14.925366,-3.626411,891.066772,425.838409,-0.000579,0.083583,8.952985,5835,-433,28,-3
39.853783,0.008983,-0.047908,-2.165144,-0.000012,0.689963,0.219016,0.000060,0.494569,0.867340,0.128432,-0.000002,-0.000023,10.000000,-182.000000,-76.000000,-0.059986,-0.000003,0.000000,0.000000,0.000000,0.043451,344.000000,0.000000,0.000000,0.000000,0.000000,39.852810,14.925366,-3.626411,891.066772,425.838409,-0.000653,0.083352,8.952985,5835,-393,28,-2
39.855740,0.008983,-0.046525,-2.164703,-0.000012,0.690927,0.220747,0.000058,0.478172,0.864888,0.126642,-0.000002,-0.000025,10.000000,-182.000000,-76.000000,-0.059986,-0.000003,0.000000,0.000000,0.000000,0.043451,344.000000,0.000000,0.000000,0.000000,0.000000,39.854759,14.925366,-3.626411,891.066772,425.838409,-0.000716,0.083153,8.952985,5835,-352,28,-2
39.857693,0.008983,-0.045141,-2.164258,-0.000012,0.691858,0.222472,0.000056,0.461274,0.862294,0.124790,-0.000002,-0.000026,10.000000,-182.000000,-76.000000,-0.059986,-0.000003,0.000000,0.000000,0.000000,0.043451,344.000000,0.000000,0.000000,0.000000,0.000000,39.856716,14.925366,-3.626411,891.066772,425.838409,-0.000770,0.082985,8.952985,5835,-315,28,-1
39.859646,0.008983,-0.043754,-2.163810,-0.000012,0.692755,0.224193,0.000054,0.443884,0.859571,0.122877,-0.000001,-0.000028,10.000000,-182.000000,-76.000000,-0.059986,-0.000003,0.000000,0.000000,0.000000,0.043451,344.000000,0.000000,0.000000,0.000000,0.000000,39.858669,14.925366,-3.626411,891.066772,425.838409,-0.000813,0.082848,8.952985,5835,-273,28,-1
39.861599,0.008983,-0.042366,-2.163359,-0.000012,0.693616,0.225908,0.000052,0.426021,0.856735,0.120906,-0.000001,-0.000029,10.000000,-182.000000,-76.000000,-0.059986,-0.000003,0.000000,0.000000,0.000000,0.043451,344.000000,0.000000,0.000000,0.000000,0.000000,39.860622,14.925366,-3.626411,891.066772,425.838409,-0.000847,0.082744,8.952985,5835,-231,28,0
39.863556,0.008983,-0.040976,-2.162904,-0.000012,0.694440,0.227617,0.000050,0.407700,0.853798,0.118879,-0.000001,-0.000031,10.000000,-182.000000,-76.000000,-0.059986,-0.000003,0.000000,0.000000,0.000000,0.043451,344.000000,0.000000,0.000000,0.000000,0.000000,39.862576,14.925366,-3.626411,891.066772,425.838409,-0.000869,0.082673,8.952985,5835,-190,28,0
39.865509,0.008983,-0.039585,-2.162446,-0.000012,0.695228,0.229320,0.000048,0.388946,0.850774,0.116799,-0.000000,-0.000033,10.000000,-182.000000,-76.000000,-0.059986,-0.000003,0.000000,0.000000,0.000000,0.043451,344.000000,0.000000,0.000000,0.000000,0.000000,39.864532,14.925366,-3.626411,891.066772,425.838409,-0.000881,0.082636,8.952985,5835,-148,28,1
39.867462,0.008983,-0.038192,-2.161984,-0.000012,0.695977,0.231017,0.000047,0.369778,0.847674,0.114669,-0.000000,-0.000035,10.000000,-182.000000,-76.000000,-0.059986,-0.000003,0.000000,0.000000,0.000000,0.043451,344.000000,0.000000,0.000000,0.000000,0.000000,39.866486,14.925366,-3.626411,891.066772,425.838409,-0.000881,0.082635,8.952985,5835,-107,28,1
39.869415,0.008983,-0.036797,-2.161519,-0.000012,0.696687,0.232708,0.000045,0.350227,0.844512,0.112491,0.000000,-0.000036,10.000000,-182.000000,-76.000000,-0.059986,-0.000003,0.000000,0.000000,0.000000,0.043451,344.000000,0.000000,0.000000,0.000000,0.000000,39.868439,14.925366,-3.626411,891.066772,425.838409,-0.000871,0.082668,8.952985,5835,-67,28,2
39.871368,0.008983,-0.035401,-2.161051,-0.000011,0.697358,0.234392,0.000044,0.330315,0.841298,0.110270,0.000000,-0.000038,10.000000,-182.000000,-76.000000,-0.059986,-0.000003,0.000000,0.000000,0.000000,0.043451,344.000000,0.000000,0.000000,0.000000,0.000000,39.870392,14.925366,-3.626411,891.066772,425.838409,-0.000849,0.082737,8.952985,5835,-27,28,3
39.873325,0.008983,-0.034004,-2.160579,-0.000011,0.697988,0.236069,0.000043,0.310074,0.838044,0.108007,0.000001,-0.000040,10.000000,-182.000000,-76.000000,-0.059986,-0.000003,0.000000,0.000000,0.000000,0.043451,344.000000,0.000000,0.000000,0.000000,0.000000,39.872349,14.925366,-3.626411,891.066772,425.838409,-0.000808,0.082865,8.952985,5835,11,28,4
39.875278,0.008983,-0.032606,-2.160104,-0.000011,0.698578,0.237741,0.000042,0.289533,0.834760,0.105708,0.000001,-0.000041,10.000000,-182.000000,-76.000000,-0.059986,-0.000003,0.000000,0.000000,0.000000,0.043451,344.000000,0.000000,0.000000,0.000000,0.000000,39.874298,14.925366,-3.626411,891.066772,425.838409,-0.000749,0.083050,8.952985,5835,49,28,4
39.877232,0.008983,-0.031207,-2.159626,-0.000011,0.699125,0.239405,0.000042,0.268726,0.831456,0.103375,0.000001,-0.000042,10.000000,-184.000000,-68.000000,-0.059986,-0.000003,0.000000,0.000000,0.000000,0.043451,348.000000,0.000000,0.000000,0.000000,0.000000,39.876255,14.925366,-3.626411,891.066772,425.838409,-0.000680,0.083267,8.952985,5835,91,28,5
39.879185,0.008983,-0.029806,-2.159144,-0.000011,0.699631,0.241063,0.000042,0.247682,0.828140,0.101013,0.000001,-0.000043,10.000000,-184.000000,-68.000000,-0.044872,-0.000003,0.000000,0.000000,0.066000,0.087329,348.000000,0.000000,0.000000,0.000000,0.000000,39.878208,121.212151,81.079567,1610.406128,793.506104,-0.000600,-1.911307,8.933939,5954,-1516,28,6
39.881142,0.008983,-0.028405,-2.158659,-0.000011,0.700096,0.242698,0.000042,0.227692,0.812285,0.098619,0.000001,-0.000045,10.000000,-184.000000,-68.000000,-0.044872,-0.000003,0.000000,0.000000,0.000000,0.087329,348.000000,0.000000,0.000000,0.000000,0.000000,39.880165,121.212151,81.079567,1610.406128,793.506104,-0.000537,-1.911109,8.933939,5954,-1481,28,6
39.883095,0.008983,-0.027003,-2.158170,-0.000011,0.700522,0.244294,0.000043,0.207622,0.793565,0.096180,0.000001,-0.000046,10.000000,-184.000000,-68.000000,-0.044872,-0.000003,0.000000,0.000000,0.000000,0.087329,348.000000,0.000000,0.000000,0.000000,0.000000,39.882114,121.212151,81.079567,1610.406128,793.506104,-0.000525,-1.911071,8.933939,5954,-1440,28,7
39.885048,0.008983,-0.025600,-2.157679,-0.000011,0.700906,0.245855,0.000044,0.186919,0.776288,0.093683,0.000000,-0.000047,10.000000,-184.000000,-68.000000,-0.044872,-0.000003,0.000000,0.000000,0.000000,0.087329,348.000000,0.000000,0.000000,0.000000,0.000000,39.884071,121.212151,81.079567,1610.406128,793.506104,-0.000534,-1.911101,8.933939,5954,-1395,29,7
39.887001,0.008983,-0.024196,-2.157184,-0.000011,0.701248,0.247383,0.000046,0.165503,0.760316,0.091117,0.000000,-0.000048,10.000000,-184.000000,-68.000000,-0.044872,-0.000003,0.000000,0.000000,0.000000,0.087329,348.000000,0.000000,0.000000,0.000000,0.000000,39.886024,121.212151,81.079567,1610.406128,793.506104,-0.000563,-1.911190,8.933939,5954,-1345,29,8
39.888954,0.008983,-0.022792,-2.156687,-0.000011,0.701546,0.248882,0.000048,0.143296,0.745523,0.088472,-0.000000,-0.000049,10.000000,-184.000000,-68.000000,-0.044872,-0.000003,0.000000,0.000000,0.000000,0.087329,348.000000,0.000000,0.000000,0.000000,0.000000,39.887981,121.212151,81.079567,1610.406128,793.506104,-0.000606,-1.911328,8.933939,5954,-1291,29,9
39.890911,0.008983,-0.021387,-2.156186,-0.000011,0.701798,0.250352,0.000051,0.120239,0.731798,0.085739,-0.000001,-0.000051,10.000000,-184.000000,-68.000000,-0.044872,-0.000003,0.000000,0.000000,0.000000,0.087329,348.000000,0.000000,0.000000,0.000000,0.000000,39.889931,121.212151,81.079567,1610.406128,793.506104,-0.000655,-1.911481,8.933939,5954,-1233,29,9
39.892864,0.008983,-0.019981,-2.155683,-0.000010,0.702003,0.251796,0.000055,0.096284,0.719043,0.082912,-0.000001,-0.000052,10.000000,-184.000000,-68.000000,-0.044872,-0.000003,0.000000,0.000000,0.000000,0.087329,348.000000,0.000000,0.000000,0.000000,0.000000,39.891888,121.212151,81.079567,1610.406128,793.506104,-0.000714,-1.911666,8.933939,5954,-1172,29,10
39.894817,0.008983,-0.018576,-2.155177,-0.000010,0.702158,0.253217,0.000059,0.071387,0.707171,0.079987,-0.000002,-0.000054,10.000000,-184.000000,-68.000000,-0.044872,-0.000003,0.000000,0.000000,0.000000,0.087329,348.000000,0.000000,0.000000,0.000000,0.000000,39.893841,121.212151,81.079567,1610.406128,793.506104,-0.000780,-1.911874,8.933939,5954,-1108,29,11
39.896770,0.008982,-0.017170,-2.154668,-0.000010,0.702262,0.254614,0.000064,0.045519,0.696103,0.076957,-0.000002,-0.000055,10.000000,-184.000000,-68.000000,-0.044872,-0.000003,0.000000,0.000000,0.000000,0.087329,348.000000,0.000000,0.000000,0.000000,0.000000,39.895798,121.212151,81.079567,1610.406128,793.506104,-0.000844,-1.912074,8.933939,5954,-1041,29,11
39.898727,0.008982,-0.015764,-2.154156,-0.000010,0.702313,0.255991,0.000070,0.018662,0.685772,0.073821,-0.000003,-0.000057,10.000000,-184.000000,-68.000000,-0.044872,-0.000003,0.000000,0.000000,0.000000,0.087329,348.000000,0.000000,0.000000,0.000000,0.000000,39.897747,121.212151,81.079567,1610.406128,793.506104,-0.000911,-1.912284,8.933939,5954,-972,29,12
39.900681,0.008982,-0.014358,-2.153641,-0.000010,0.702308,0.257348,0.000076,-0.009200,0.676116,0.070576,-0.000004,-0.000059,10.000000,-184.000000,-68.000000,-0.044872,-0.000003,0.000000,0.000000,0.000000,0.087329,348.000000,0.000000,0.000000,0.000000,0.000000,39.899704,121.212151,81.079567,1610.406128,793.506104,-0.000979,-1.912498,8.933939,5954,-901,29,13
39.902634,0.008982,-0.012952,-2.153124,-0.000010,0.702247,0.258686,0.000082,-0.038069,0.667085,0.067221,-0.000004,-0.000062,10.000000,-184.000000,-68.000000,-0.044872,-0.000003,0.000000,0.000000,0.000000,0.087329,348.000000,0.000000,0.000000,0.000000,0.000000,39.901657,121.212151,81.079567,1610.406128,793.506104,-0.001038,-1.912684,8.933939,5954,-828,29,14
39.904587,0.008982,-0.011546,-2.152604,-0.000010,0.702126,0.260008,0.000090,-0.067940,0.658633,0.063757,-0.000005,-0.000064,10.000000,-184.000000,-68.000000,-0.044872,-0.000003,0.000000,0.000000,0.000000,0.087329,348.000000,0.000000,0.000000,0.000000,0.000000,39.903610,121.212151,81.079567,1610.406128,793.506104,-0.001088,-1.912840,8.933939,5954,-754,29,15
39.906544,0.008982,-0.010141,-2.152082,-0.000009,0.701944,0.261313,0.000098,-0.098801,0.650717,0.060183,-0.000006,-0.000066,10.000000,-184.000000,-68.000000,-0.044872,-0.000003,0.000000,0.000000,0.000000,0.087329,348.000000,0.000000,0.000000,0.000000,0.000000,39.905563,121.212151,81.079567,1610.406128,793.506104,-0.001127,-1.912962,8.933939,5954,-679,30,16
39.908497,0.008982,-0.008736,-2.151557,-0.000009,0.701699,0.262603,0.000106,-0.130635,0.643306,0.056503,-0.000008,-0.000069,10.000000,-184.000000,-68.000000,-0.044872,-0.000003,0.000000,0.000000,0.000000,0.087329,348.000000,0.000000,0.000000,0.000000,0.000000,39.907520,121.212151,81.079567,1610.406128,793.506104,-0.001154,-1.913048,8.933939,5954,-603,30,17
39.910450,0.008982,-0.007331,-2.151029,-0.000009,0.701388,0.263880,0.000116,-0.163417,0.636369,0.052717,-0.000009,-0.000071,10.000000,-184.000000,-68.000000,-0.044872,-0.000003,0.000000,0.000000,0.000000,0.087329,348.000000,0.000000,0.000000,0.000000,0.000000,39.909473,121.212151,81.079567,1610.406128,793.506104,-0.001169,-1.913095,8.933939,5954,-527,30,18
39.912403,0.008982,-0.005928,-2.150499,-0.000009,0.701011,0.265143,0.000125,-0.197117,0.629879,0.048828,-0.000010,-0.000073,10.000000,-184.000000,-68.000000,-0.044872,-0.000003,0.000000,0.000000,0.000000,0.087329,348.000000,0.000000,0.000000,0.000000,0.000000,39.911427,121.212151,81.079567,1610.406128,793.506104,-0.001169,-1.913095,8.933939,5954,-450,30,19
39.914356,0.008982,-0.004525,-2.149966,-0.000008,0.700565,0.266393,0.000136,-0.231698,0.623817,0.044842,-0.000012,-0.000076,10.000000,-184.000000,-68.000000,-0.044872,-0.000003,0.000000,0.000000,0.000000,0.087329,348.000000,0.000000,0.000000,0.000000,0.000000,39.913380,121.212151,81.079567,1610.406128,793.506104,-0.001154,-1.913047,8.933939,5954,-373,30,20
39.916313,0.008982,-0.003123,-2.149431,-0.000008,0.700049,0.267632,0.000147,-0.267121,0.618161,0.040761,-0.000013,-0.000078,10.000000,-184.000000,-68.000000,-0.044872,-0.000003,0.000000,0.000000,0.000000,0.087329,348.000000,0.000000,0.000000,0.000000,0.000000,39.915337,121.212151,81.079567,1610.406128,793.506104,-0.001123,-1.912949,8.933939,5954,-297,30,21
39.918266,0.008982,-0.001723,-2.148893,-0.000008,0.699460,0.268861,0.000159,-0.303340,0.612897,0.036590,-0.000015,-0.000080,10.000000,-184.000000,-68.000000,-0.044872,-0.000003,0.000000,0.000000,0.000000,0.087329,348.000000,0.000000,0.000000,0.000000,0.000000,39.917290,121.212151,81.079567,1610.406128,793.506104,-0.001075,-1.912800,8.933939,5954,-221,30,22
39.920219,0.008982,-0.000323,-2.148353,-0.000008,0.698798,0.270079,0.000171,-0.340307,0.608010,0.032334,-0.000016,-0.000082,10.000000,-184.000000,-68.000000,-0.044872,-0.000003,0.000000,0.000000,0.000000,0.087329,348.000000,0.000000,0.000000,0.000000,0.000000,39.919243,121.212151,81.079567,1610.406128,793.506104,-0.001010,-1.912596,8.933939,5954,-146,30,23
39.922173,0.008982,0.001075,-2.147811,-0.000007,0.698061,0.271288,0.000184,-0.377969,0.603489,0.028000,-0.000018,-0.000084,10.000000,-184.000000,-68.000000,-0.044872,-0.000003,0.000000,0.000000,0.000000,0.087329,348.000000,0.000000,0.000000,0.000000,0.000000,39.921196,121.212151,81.079567,1610.406128,793.506104,-0.000928,-1.912337,8.933939,5954,-73,30,24
39.924129,0.008982,0.002471,-2.147266,-0.000007,0.697248,0.272489,0.000198,-0.416271,0.599324,0.023592,-0.000020,-0.000086,10.000000,-184.000000,-68.000000,-0.044872,-0.000003,0.000000,0.000000,0.000000,0.087329,348.000000,0.000000,0.000000,0.000000,0.000000,39.923153,121.212151,81.079567,1610.406128,793.506104,-0.000827,-1.912021,8.933939,5954,0,31,25
39.926083,0.008982,0.003865,-2.146719,-0.000006,0.696357,0.273682,0.000213,-0.455155,0.595505,0.019117,-0.000022,-0.000087,10.000000,-184.000000,-68.000000,-0.044872,-0.000003,0.000000,0.000000,0.000000,0.087329,348.000000,0.000000,0.000000,0.000000,0.000000,39.925102,121.212151,81.079567,1610.406128,793.506104,-0.000708,-1.911649,8.933939,5954,70,31,26
39.928036,0.008982,0.005258,-2.146169,-0.000006,0.695388,0.274868,0.000228,-0.494559,0.592025,0.014582,-0.000024,-0.000088,10.000000,-184.000000,-68.000000,-0.044872,-0.000003,0.000000,0.000000,0.000000,0.087329,348.000000,0.000000,0.000000,0.000000,0.000000,39.927059,121.212151,81.079567,1610.406128,793.506104,-0.000571,-1.911218,8.933939,5954,140,31,26
39.929989,0.008982,0.006649,-2.145617,-0.000005,0.694339,0.276047,0.000244,-0.534421,0.588875,0.009992,-0.000027,-0.000089,10.000000,-184.000000,-68.000000,-0.044872,-0.000003,0.000000,0.000000,0.000000,0.087329,348.000000,0.000000,0.000000,0.000000,0.000000,39.929012,121.212151,81.079567,1610.406128,793.506104,-0.000422,-1.910749,8.933939,5954,208,31,27
39.931946,0.008982,0.008037,-2.145062,-0.000005,0.693210,0.277220,0.000260,-0.574679,0.586050,0.005356,-0.000029,-0.000090,10.000000,-184.000000,-68.000000,-0.044872,-0.000003,0.000000,0.000000,0.000000,0.087329,348.000000,0.000000,0.000000,0.000000,0.000000,39.930969,121.212151,81.079567,1610.406128,793.506104,-0.000260,-1.910241,8.933939,5954,273,31,28
39.933899,0.008982,0.009423,-2.144506,-0.000004,0.691999,0.278389,0.000277,-0.615266,0.583542,0.000679,-0.000031,-0.000090,10.000000,-184.000000,-68.000000,-0.044872,-0.000003,0.000000,0.000000,0.000000,0.087329,348.000000,0.000000,0.000000,0.000000,0.000000,39.932919,121.212151,81.079567,1610.406128,793.506104,-0.000078,-1.909668,8.933939,5954,337,31,28
39.935852,0.008982,0.010807,-2.143946,-0.000004,0.690708,0.279552,0.000295,-0.656115,0.581345,-0.004030,-0.000034,-0.000089,10.000000,-188.000000,-47.000000,-0.044872,-0.000003,0.000000,0.000000,0.000000,0.087329,380.000000,0.000000,0.000000,0.000000,0.000000,39.934875,121.212151,81.079567,1610.406128,793.506104,0.000117,-1.909055,8.933939,5954,398,31,29
39.937805,0.008982,0.012187,-2.143385,-0.000003,0.689334,0.280712,0.000314,-0.697162,0.579453,-0.008765,-0.000037,-0.000089,10.000000,-188.000000,-47.000000,0.029915,-0.000001,0.000000,0.000000,0.067000,0.642255,380.000000,0.000000,0.000000,0.000000,0.000000,39.936829,313.432678,238.109283,2868.961670,1448.476807,0.000326,-5.606449,8.908060,6859,457,32,29
39.939758,0.008982,0.013565,-2.142822,-0.000003,0.687877,0.281740,0.000336,-0.739401,0.482051,-0.013519,-0.000039,-0.000087,10.000000,-188.000000,-47.000000,0.029915,-0.000001,0.000000,0.000000,0.000000,0.642255,380.000000,0.000000,0.000000,0.000000,0.000000,39.938786,313.432678,238.109283,2868.961670,1448.476807,0.000537,-5.605787,8.908060,6859,513,32,29
39.941715,0.008982,0.014940,-2.142256,-0.000002,0.686333,0.282525,0.000361,-0.782965,0.363160,-0.018284,-0.000042,-0.000086,10.000000,-188.000000,-47.000000,0.029915,-0.000001,0.000000,0.000000,0.000000,0.642255,380.000000,0.000000,0.000000,0.000000,0.000000,39.940735,313.432678,238.109283,2868.961670,1448.476807,0.000743,-5.605140,8.908060,6859,567,32,29
39.943668,0.008982,0.016312,-2.141690,-0.000001,0.684700,0.283089,0.000386,-0.827418,0.255751,-0.023054,-0.000045,-0.000084,10.000000,-188.000000,-47.000000,0.029915,-0.000001,0.000000,0.000000,0.000000,0.642255,380.000000,0.000000,0.000000,0.000000,0.000000,39.942692,313.432678,238.109283,2868.961670,1448.476807,0.000957,-5.604468,8.908060,6859,618,32,29
39.945621,0.008982,0.017680,-2.141123,-0.000000,0.682978,0.283453,0.000413,-0.872561,0.158778,-0.027820,-0.000048,-0.000081,10.000000,-188.000000,-47.000000,0.029915,-0.000001,0.000000,0.000000,0.000000,0.642255,380.000000,0.000000,0.000000,0.000000,0.000000,39.944645,313.432678,238.109283,2868.961670,1448.476807,0.001180,-5.603768,8.908060,6858,665,32,28
39.947575,0.008982,0.019044,-2.140555,0.000001,0.681164,0.283639,0.000441,-0.918204,0.071399,-0.032577,-0.000051,-0.000078,10.000000,-188.000000,-47.000000,0.029915,-0.000001,0.000000,0.000000,0.000000,0.642255,380.000000,0.000000,0.000000,0.000000,0.000000,39.946602,313.432678,238.109283,2868.961670,1448.476807,0.001405,-5.603063,8.908060,6858,710,32,28
39.949532,0.008982,0.020405,-2.139987,0.000002,0.679259,0.283662,0.000471,-0.964181,-0.007330,-0.037316,-0.000054,-0.000075,10.000000,-188.000000,-47.000000,0.029915,-0.000001,0.000000,0.000000,0.000000,0.642255,380.000000,0.000000,0.000000,0.000000,0.000000,39.948551,313.432678,238.109283,2868.961670,1448.476807,0.001632,-5.602348,8.908060,6858,752,33,27
39.951485,0.008982,0.021762,-2.139419,0.000003,0.677261,0.283540,0.000503,-1.010332,-0.078230,-0.042032,-0.000057,-0.000071,10.000000,-188.000000,-47.000000,0.029915,-0.000001,0.000000,0.000000,0.000000,0.642255,380.000000,0.000000,0.000000,0.000000,0.000000,39.950508,313.432678,238.109283,2868.961670,1448.476807,0.001864,-5.601622,8.908060,6858,791,33,26
39.953438,0.008982,0.023115,-2.138852,0.000004,0.675171,0.283287,0.000536,-1.056513,-0.142014,-0.046717,-0.000061,-0.000066,10.000000,-188.000000,-47.000000,0.029915,-0.000001,0.000000,0.000000,0.000000,0.642255,380.000000,0.000000,0.000000,0.000000,0.000000,39.952461,313.432678,238.109283,2868.961670,1448.476807,0.002092,-5.600904,8.908060,6857,827,33,25
39.955391,0.008982,0.024463,-2.138285,0.000005,0.672989,0.282917,0.000572,-1.102584,-0.199225,-0.051365,-0.000064,-0.000061,10.000000,-188.000000,-47.000000,0.029915,-0.000001,0.000000,0.000000,0.000000,0.642255,380.000000,0.000000,0.000000,0.000000,0.000000,39.954414,313.432678,238.109283,2868.961670,1448.476807,0.002319,-5.600192,8.908060,6857,859,33,24
39.957348,0.008982,0.025807,-2.137719,0.000006,0.670715,0.282441,0.000610,-1.148422,-0.250534,-0.055969,-0.000068,-0.000056,10.000000,-188.000000,-47.000000,0.029915,-0.000001,0.000000,0.000000,0.000000,0.642255,380.000000,0.000000,0.000000,0.000000,0.000000,39.956367,313.432678,238.109283,2868.961670,1448.476807,0.002545,-5.599483,8.908060,6857,889,34,23
39.959301,0.008982,0.027146,-2.137155,0.000007,0.668350,0.281870,0.000649,-1.193916,-0.296516,-0.060525,-0.000072,-0.000050,10.000000,-188.000000,-47.000000,0.029915,-0.000001,0.000000,0.000000,0.000000,0.642255,380.000000,0.000000,0.000000,0.000000,0.000000,39.958324,313.432678,238.109283,2868.961670,1448.476807,0.002770,-5.598775,8.908060,6857,915,34,21
39.961254,0.008982,0.028481,-2.136592,0.000009,0.665894,0.281215,0.000691,-1.238958,-0.337657,-0.065025,-0.000076,-0.000044,10.000000,-188.000000,-47.000000,0.029915,-0.000001,0.000000,0.000000,0.000000,0.642255,380.000000,0.000000,0.000000,0.000000,0.000000,39.960278,313.432678,238.109283,2868.961670,1448.476807,0.002989,-5.598089,8.908060,6857,938,34,20
39.963207,0.008982,0.029810,-2.136030,0.000010,0.663350,0.280484,0.000734,-1.283454,-0.374405,-0.069464,-0.000080,-0.000037,10.000000,-188.000000,-47.000000,0.029915,-0.000001,0.000000,0.000000,0.000000,0.642255,380.000000,0.000000,0.000000,0.000000,0.000000,39.962231,313.432678,238.109283,2868.961670,1448.476807,0.003201,-5.597423,8.908060,6856,959,35,18
39.965160,0.008982,0.031134,-2.135469,0.000012,0.660717,0.279685,0.000780,-1.327306,-0.407059,-0.073838,-0.000084,-0.000030,10.000000,-188.000000,-47.000000,0.029915,-0.000001,0.000000,0.000000,0.000000,0.642255,380.000000,0.000000,0.000000,0.000000,0.000000,39.964184,313.432678,238.109283,2868.961670,1448.476807,0.003408,-5.596773,8.908060,6856,976,35,16
39.967117,0.008982,0.032453,-2.134911,0.000013,0.657998,0.278827,0.000827,-1.370437,-0.436070,-0.078140,-0.000088,-0.000022,10.000000,-188.000000,-47.000000,0.029915,-0.000001,0.000000,0.000000,0.000000,0.642255,380.000000,0.000000,0.000000,0.000000,0.000000,39.966141,313.432678,238.109283,2868.961670,1448.476807,0.003603,-5.596161,8.908060,6856,990,35,14
39.969070,0.008982,0.033766,-2.134354,0.000015,0.655193,0.277916,0.000876,-1.412778,-0.461811,-0.082366,-0.000093,-0.000014,10.000000,-188.000000,-47.000000,0.029915,-0.000001,0.000000,0.000000,0.000000,0.642255,380.000000,0.000000,0.000000,0.000000,0.000000,39.968094,313.432678,238.109283,2868.961670,1448.476807,0.003786,-5.595585,8.908060,6856,1001,36,11
39.971024,0.008982,0.035073,-2.133799,0.000017,0.652305,0.276958,0.000927,-1.454260,-0.484589,-0.086511,-0.000097,-0.000005,10.000000,-188.000000,-47.000000,0.029915,-0.000001,0.000000,0.000000,0.000000,0.642255,380.000000,0.000000,0.000000,0.000000,0.000000,39.970047,313.432678,238.109283,2868.961670,1448.476807,0.003953,-5.595062,8.908060,6855,1009,36,9
39.972977,0.008982,0.036375,-2.133246,0.000019,0.649336,0.275959,0.000979,-1.494815,-0.504578,-0.090572,-0.000101,0.000003,10.000000,-188.000000,-47.000000,0.029915,-0.000001,0.000000,0.000000,0.000000,0.642255,380.000000,0.000000,0.000000,0.000000,0.000000,39.972000,313.432678,238.109283,2868.961670,1448.476807,0.004103,-5.594589,8.908060,6855,1014,36,6
39.974934,0.008982,0.037670,-2.132695,0.000021,0.646287,0.274923,0.001032,-1.534393,-0.522116,-0.094544,-0.000106,0.000012,10.000000,-188.000000,-47.000000,0.029915,-0.000001,0.000000,0.000000,0.000000,0.642255,380.000000,0.000000,0.000000,0.000000,0.000000,39.973957,313.432678,238.109283,2868.961670,1448.476807,0.004238,-5.594166,8.908060,6855,1017,37,4
39.976887,0.008982,0.038959,-2.132146,0.000023,0.643160,0.273855,0.001086,-1.572952,-0.537472,-0.098424,-0.000110,0.000022,10.000000,-188.000000,-47.000000,0.029915,-0.000001,0.000000,0.000000,0.000000,0.642255,380.000000,0.000000,0.000000,0.000000,0.000000,39.975906,313.432678,238.109283,2868.961670,1448.476807,0.004359,-5.593787,8.908060,6855,1017,37,1
39.978840,0.008983,0.040242,-2.131600,0.000025,0.639958,0.272760,0.001141,-1.610445,-0.550857,-0.102208,-0.000115,0.000031,10.000000,-188.000000,-47.000000,0.029915,-0.000001,0.000000,0.000000,0.000000,0.642255,380.000000,0.000000,0.000000,0.000000,0.000000,39.977863,313.432678,238.109283,2868.961670,1448.476807,0.004465,-5.593452,8.908060,6855,1014,37,-1
39.980793,0.008983,0.041519,-2.131055,0.000027,0.636682,0.271641,0.001196,-1.646840,-0.562466,-0.105894,-0.000119,0.000041,10.000000,-188.000000,-47.000000,0.029915,-0.000001,0.000000,0.000000,0.000000,0.642255,380.000000,0.000000,0.000000,0.000000,0.000000,39.979816,313.432678,238.109283,2868.961670,1448.476807,0.004558,-5.593163,8.908060,6855,1009,37,-4
39.982746,0.008983,0.042788,-2.130513,0.000030,0.633335,0.270501,0.001252,-1.682099,-0.572475,-0.109479,-0.000124,0.000051,10.000000,-188.000000,-47.000000,0.029915,-0.000001,0.000000,0.000000,0.000000,0.642255,380.000000,0.000000,0.000000,0.000000,0.000000,39.981773,313.432678,238.109283,2868.961670,1448.476807,0.004636,-5.592915,8.908060,6855,1001,38,-7
39.984703,0.008983,0.044051,-2.129973,0.000033,0.629920,0.269343,0.001307,-1.716196,-0.581045,-0.112961,-0.000128,0.000060,10.000000,-188.000000,-47.000000,0.029915,-0.000001,0.000000,0.000000,0.000000,0.642255,380.000000,0.000000,0.000000,0.000000,0.000000,39.983723,313.432678,238.109283,2868.961670,1448.476807,0.004696,-5.592729,8.908060,6855,991,38,-10
39.986656,0.008983,0.045307,-2.129436,0.000035,0.626438,0.268169,0.001362,-1.749109,-0.588321,-0.116337,-0.000132,0.000070,10.000000,-188.000000,-47.000000,0.029915,-0.000001,0.000000,0.000000,0.000000,0.642255,380.000000,0.000000,0.000000,0.000000,0.000000,39.985680,313.432678,238.109283,2868.961670,1448.476807,0.004736,-5.592603,8.908060,6855,979,38,-13
39.988609,0.008983,0.046556,-2.128901,0.000038,0.622892,0.266983,0.001416,-1.780818,-0.594441,-0.119606,-0.000136,0.000081,10.000000,-188.000000,-47.000000,0.029915,-0.000001,0.000000,0.000000,0.000000,0.642255,380.000000,0.000000,0.000000,0.000000,0.000000,39.987633,313.432678,238.109283,2868.961670,1448.476807,0.004757,-5.592536,8.908060,6855,965,38,-16
39.990562,0.008983,0.047797,-2.128368,0.000041,0.619284,0.265787,0.001469,-1.811309,-0.599526,-0.122766,-0.000140,0.000091,10.000000,-188.000000,-47.000000,0.029915,-0.000001,0.000000,0.000000,0.000000,0.642255,380.000000,0.000000,0.000000,0.000000,0.000000,39.989590,313.432678,238.109283,2868.961670,1448.476807,0.004760,-5.592528,8.908060,6855,950,38,-19
39.992519,0.008983,0.049032,-2.127838,0.000044,0.615618,0.264581,0.001521,-1.840572,-0.603688,-0.125817,-0.000144,0.000101,10.000000,-188.000000,-47.000000,0.029915,-0.000001,0.000000,0.000000,0.000000,0.642255,380.000000,0.000000,0.000000,0.000000,0.000000,39.991539,313.432678,238.109283,2868.961670,1448.476807,0.004744,-5.592577,8.908060,6855,932,38,-22
39.994473,0.008983,0.050258,-2.127310,0.000047,0.611894,0.263369,0.001572,-1.868598,-0.607028,-0.128757,-0.000147,0.000111,10.000000,-188.000000,-47.000000,0.029915,-0.000001,0.000000,0.000000,0.000000,0.642255,380.000000,0.000000,0.000000,0.000000,0.000000,39.993496,313.432678,238.109283,2868.961670,1448.476807,0.004710,-5.592683,8.908060,6855,912,38,-26
39.996426,0.008983,0.051478,-2.126784,0.000050,0.608117,0.262151,0.001621,-1.895383,-0.609641,-0.131586,-0.000151,0.000120,10.000000,-188.000000,-47.000000,0.029915,-0.000001,0.000000,0.000000,0.000000,0.642255,380.000000,0.000000,0.000000,0.000000,0.000000,39.995449,313.432678,238.109283,2868.961670,1448.476807,0.004652,-5.592866,8.908060,6855,892,39,-29
39.998379,0.008983,0.052690,-2.126261,0.000054,0.604288,0.260929,0.001668,-1.920930,-0.611608,-0.134304,-0.000154,0.000130,10.000000,-188.000000,-47.000000,0.029915,-0.000001,0.000000,0.000000,0.000000,0.642255,380.000000,0.000000,0.000000,0.000000,0.000000,39.997402,313.432678,238.109283,2868.961670,1448.476807,0.004570,-5.593122,8.908060,6855,869,39,-32
40.000336,0.008983,0.053894,-2.125741,0.000057,0.600409,0.259703,0.001712,-1.945240,-0.613009,-0.136911,-0.000157,0.000139,10.000000,-188.000000,-47.000000,0.029915,-0.000001,0.000000,0.000000,0.000000,0.642255,380.000000,0.000000,0.000000,0.000000,0.000000,39.999355,313.432678,238.109283,2868.961670,1448.476807,0.004473,-5.593429,8.908060,6855,845,39,-35
40.002289,0.008984,0.055090,-2.125223,0.000060,0.596484,0.258476,0.001754,-1.968320,-0.613911,-0.139406,-0.000159,0.000148,10.000000,-188.000000,-47.000000,0.029915,-0.000001,0.000000,0.000000,0.000000,0.642255,380.000000,0.000000,0.000000,0.000000,0.000000,40.001312,313.432678,238.109283,2868.961670,1448.476807,0.004359,-5.593787,8.908060,6855,821,39,-38
40.004242,0.008984,0.056278,-2.124707,0.000064,0.592514,0.257247,0.001794,-1.990177,-0.614379,-0.141792,-0.000162,0.000157,10.000000,-188.000000,-47.000000,0.029915,-0.000001,0.000000,0.000000,0.000000,0.642255,380.000000,0.000000,0.000000,0.000000,0.000000,40.003265,313.432678,238.109283,2868.961670,1448.476807,0.004228,-5.594196,8.908060,6855,795,39,-41
40.006195,0.008984,0.057458,-2.124194,0.000068,0.588503,0.256018,0.001830,-2.010823,-0.614471,-0.144067,-0.000164,0.000166,10.000000,-188.000000,-47.000000,0.029915,-0.000001,0.000000,0.000000,0.000000,0.642255,380.000000,0.000000,0.000000,0.000000,0.000000,40.005219,313.432678,238.109283,2868.961670,1448.476807,0.004082,-5.594657,8.908060,6855,768,39,-44
40.008148,0.008984,0.058630,-2.123683,0.000071,0.584452,0.254790,0.001864,-2.030274,-0.614238,-0.146235,-0.000166,0.000174,10.000000,-188.000000,-47.000000,0.029915,-0.000001,0.000000,0.000000,0.000000,0.642255,380.000000,0.000000,0.000000,0.000000,0.000000,40.007172,313.432678,238.109283,2868.961670,1448.476807,0.003918,-5.595170,8.908060,6855,740,39,-47
40.010105,0.008984,0.059794,-2.123175,0.000075,0.580364,0.253562,0.001894,-2.048543,-0.613726,-0.148294,-0.000167,0.000182,10.000000,-188.000000,-47.000000,0.029915,-0.000001,0.000000,0.000000,0.000000,0.642255,380.000000,0.000000,0.000000,0.000000,0.000000,40.009129,313.432678,238.109283,2868.961670,1448.476807,0.003738,-5.595737,8.908060,6856,712,38,-49
40.012058,0.008984,0.060950,-2.122669,0.000079,0.576241,0.252335,0.001921,-2.065669,-0.613083,-0.150248,-0.000169,0.000189,10.000000,-188.000000,-47.000000,0.029915,-0.000001,0.000000,0.000000,0.000000,0.642255,380.000000,0.000000,0.000000,0.000000,0.000000,40.011082,313.432678,238.109283,2868.961670,1448.476807,0.003547,-5.596335,8.908060,6856,683,38,-52
40.014011,0.008984,0.062097,-2.122166,0.000083,0.572085,0.251110,0.001944,-2.081655,-0.612266,-0.152098,-0.000170,0.000196,10.000000,-191.000000,-18.000000,0.029915,-0.000001,0.000000,0.000000,0.000000,0.642255,388.000000,0.000000,0.000000,0.000000,0.000000,40.013035,313.432678,238.109283,2868.961670,1448.476807,0.003346,-5.596968,8.908060,6856,654,38,-55
40.015965,0.008985,0.063236,-2.121665,0.000087,0.567900,0.249887,0.001963,-2.096521,-0.611272,-0.153845,-0.000170,0.000202,10.000000,-191.000000,-18.000000,0.043635,0.000020,0.000000,0.000000,0.067000,0.154671,388.000000,0.000000,0.000000,0.000000,0.000000,40.014988,432.835999,383.529633,1782.139893,1625.400269,0.003126,-9.022305,8.896045,8257,624,38,-57
40.017921,0.008985,0.064367,-2.121167,0.000091,0.563655,0.248470,0.002008,-2.133148,-0.756685,-0.155491,-0.000171,0.000208,10.000000,-191.000000,-18.000000,0.043635,0.000020,0.000000,0.000000,0.000000,0.154671,388.000000,0.000000,0.000000,0.000000,0.000000,40.016945,432.835999,383.529633,1782.139893,1625.400269,0.002914,-9.022973,8.896045,8258,594,38,-59
40.019875,0.008985,0.065489,-2.120672,0.000095,0.559327,0.246687,0.002058,-2.174436,-0.935340,-0.157040,-0.000171,0.000213,10.000000,-191.000000,-18.000000,0.043635,0.000020,0.000000,0.000000,0.000000,0.154671,388.000000,0.000000,0.000000,0.000000,0.000000,40.018894,432.835999,383.529633,1782.139893,1625.400269,0.002716,-9.023593,8.896045,8258,564,38,-61
40.021828,0.008985,0.066602,-2.120181,0.000099,0.554920,0.244572,0.002102,-2.212492,-1.096751,-0.158492,-0.000171,0.000218,10.000000,-191.000000,-18.000000,0.043635,0.000020,0.000000,0.000000,0.000000,0.154671,388.000000,0.000000,0.000000,0.000000,0.000000,40.020851,432.835999,383.529633,1782.139893,1625.400269,0.002516,-9.024221,8.896045,8258,533,38,-63
40.023781,0.008985,0.067706,-2.119695,0.000103,0.550442,0.242158,0.002140,-2.247471,-1.242515,-0.159851,-0.000171,0.000223,10.000000,-191.000000,-18.000000,0.043635,0.000020,0.000000,0.000000,0.000000,0.154671,388.000000,0.000000,0.000000,0.000000,0.000000,40.022804,432.835999,383.529633,1782.139893,1625.400269,0.002312,-9.024864,8.896045,8259,503,38,-65
40.025738,0.008986,0.068801,-2.119215,0.000108,0.545899,0.239474,0.002173,-2.279548,-1.374214,-0.161119,-0.000171,0.000227,10.000000,-191.000000,-18.000000,0.043635,0.000020,0.000000,0.000000,0.000000,0.154671,388.000000,0.000000,0.000000,0.000000,0.000000,40.024761,432.835999,383.529633,1782.139893,1625.400269,0.002101,-9.025524,8.896045,8259,473,38,-67
40.027691,0.008986,0.069887,-2.118739,0.000112,0.541296,0.236545,0.002203,-2.308865,-1.493109,-0.162298,-0.000171,0.000231,10.000000,-191.000000,-18.000000,0.043635,0.000020,0.000000,0.000000,0.000000,0.154671,388.000000,0.000000,0.000000,0.000000,0.000000,40.026711,432.835999,383.529633,1782.139893,1625.400269,0.001884,-9.026208,8.896045,8259,444,38,-69
40.029644,0.008986,0.070964,-2.118270,0.000116,0.536638,0.233397,0.002228,-2.335566,-1.600375,-0.163392,-0.000171,0.000234,10.000000,-191.000000,-18.000000,0.043635,0.000020,0.000000,0.000000,0.000000,0.154671,388.000000,0.000000,0.000000,0.000000,0.000000,40.028667,432.835999,383.529633,1782.139893,1625.400269,0.001658,-9.026916,8.896045,8260,414,38,-70
40.031597,0.008986,0.072031,-2.117808,0.000121,0.531930,0.230050,0.002251,-2.359815,-1.697218,-0.164403,-0.000170,0.000237,10.000000,-191.000000,-18.000000,0.043635,0.000020,0.000000,0.000000,0.000000,0.154671,388.000000,0.000000,0.000000,0.000000,0.000000,40.030621,432.835999,383.529633,1782.139893,1625.400269,0.001431,-9.027630,8.896045,8260,385,38,-72
40.033550,0.008987,0.073089,-2.117353,0.000126,0.527177,0.226523,0.002270,-2.381738,-1.784554,-0.165335,-0.000170,0.000239,10.000000,-191.000000,-18.000000,0.043635,0.000020,0.000000,0.000000,0.000000,0.154671,388.000000,0.000000,0.000000,0.000000,0.000000,40.032578,432.835999,383.529633,1782.139893,1625.400269,0.001200,-9.028356,8.896045,8260,357,38,-73
40.035507,0.008987,0.074137,-2.116905,0.000130,0.522384,0.222835,0.002288,-2.401467,-1.863250,-0.166190,-0.000170,0.000241,10.000000,-191.000000,-18.000000,0.043635,0.000020,0.000000,0.000000,0.000000,0.154671,388.000000,0.000000,0.000000,0.000000,0.000000,40.034527,432.835999,383.529633,1782.139893,1625.400269,0.000964,-9.029097,8.896045,8261,329,38,-74
40.037460,0.008987,0.075176,-2.116465,0.000135,0.517554,0.219001,0.002303,-2.419149,-1.934229,-0.166971,-0.000170,0.000242,10.000000,-191.000000,-18.000000,0.043635,0.000020,0.000000,0.000000,0.000000,0.154671,388.000000,0.000000,0.000000,0.000000,0.000000,40.036484,432.835999,383.529633,1782.139893,1625.400269,0.000729,-9.029834,8.896045,8261,301,38,-75
40.039413,0.008987,0.076205,-2.116032,0.000139,0.512692,0.215036,0.002317,-2.434898,-1.998150,-0.167682,-0.000170,0.000243,10.000000,-191.000000,-18.000000,0.043635,0.000020,0.000000,0.000000,0.000000,0.154671,388.000000,0.000000,0.000000,0.000000,0.000000,40.038437,432.835999,383.529633,1782.139893,1625.400269,0.000494,-9.030572,8.896045,8261,275,38,-76
40.041367,0.008988,0.077224,-2.115608,0.000144,0.507801,0.210952,0.002329,-2.448827,-2.055649,-0.168326,-0.000170,0.000243,10.000000,-191.000000,-18.000000,0.043635,0.000020,0.000000,0.000000,0.000000,0.154671,388.000000,0.000000,0.000000,0.000000,0.000000,40.040394,432.835999,383.529633,1782.139893,1625.400269,0.000257,-9.031315,8.896045,8262,249,38,-77
40.043324,0.008988,0.078233,-2.115192,0.000149,0.502885,0.206763,0.002341,-2.461071,-2.107440,-0.168905,-0.000170,0.000243,10.000000,-191.000000,-18.000000,0.043635,0.000020,0.000000,0.000000,0.000000,0.154671,388.000000,0.000000,0.000000,0.000000,0.000000,40.042343,432.835999,383.529633,1782.139893,1625.400269,0.000018,-9.032066,8.896045,8262,223,38,-77
40.045277,0.008988,0.079232,-2.114784,0.000153,0.497946,0.202477,0.002352,-2.471728,-2.153991,-0.169423,-0.000171,0.000243,10.000000,-191.000000,-18.000000,0.043635,0.000020,0.000000,0.000000,0.000000,0.154671,388.000000,0.000000,0.000000,0.000000,0.000000,40.044300,432.835999,383.529633,1782.139893,1625.400269,-0.000218,-9.032807,8.896045,8262,199,38,-78
40.047230,0.008989,0.080222,-2.114385,0.000158,0.492989,0.198106,0.002362,-2.480896,-2.195768,-0.169883,-0.000171,0.000242,10.000000,-191.000000,-18.000000,0.043635,0.000020,0.000000,0.000000,0.000000,0.154671,388.000000,0.000000,0.000000,0.000000,0.000000,40.046253,432.835999,383.529633,1782.139893,1625.400269,-0.000453,-9.033544,8.896045,8263,175,38,-78
40.049183,0.008989,0.081201,-2.113995,0.000163,0.488015,0.193658,0.002372,-2.488696,-2.233324,-0.170289,-0.000172,0.000241,10.000000,-191.000000,-18.000000,0.043635,0.000020,0.000000,0.000000,0.000000,0.154671,388.000000,0.000000,0.000000,0.000000,0.000000,40.048206,432.835999,383.529633,1782.139893,1625.400269,-0.000686,-9.034277,8.896045,8263,153,39,-78
40.051140,0.008989,0.082171,-2.113615,0.000168,0.483028,0.189140,0.002383,-2.495211,-2.266989,-0.170642,-0.000173,0.000239,10.000000,-191.000000,-18.000000,0.043635,0.000020,0.000000,0.000000,0.000000,0.154671,388.000000,0.000000,0.000000,0.000000,0.000000,40.050159,432.835999,383.529633,1782.139893,1625.400269,-0.000913,-9.034990,8.896045,8263,131,39,-78
40.053093,0.008990,0.083130,-2.113243,0.000172,0.478029,0.184561,0.002393,-2.500527,-2.297099,-0.170947,-0.000174,0.000236,10.000000,-191.000000,-18.000000,0.043635,0.000020,0.000000,0.000000,0.000000,0.154671,388.000000,0.000000,0.000000,0.000000,0.000000,40.052116,432.835999,383.529633,1782.139893,1625.400269,-0.001135,-9.035687,8.896045,8264,110,39,-78
40.055046,0.008990,0.084080,-2.112880,0.000177,0.473022,0.179926,0.002403,-2.504749,-2.324094,-0.171207,-0.000175,0.000234,10.000000,-191.000000,-18.000000,0.043635,0.000020,0.000000,0.000000,0.000000,0.154671,388.000000,0.000000,0.000000,0.000000,0.000000,40.054070,432.835999,383.529633,1782.139893,1625.400269,-0.001354,-9.036373,8.896045,8264,90,39,-78
40.056999,0.008990,0.085019,-2.112527,0.000182,0.468007,0.175241,0.002414,-2.507946,-2.348197,-0.171424,-0.000176,0.000231,10.000000,-191.000000,-18.000000,0.043635,0.000020,0.000000,0.000000,0.000000,0.154671,388.000000,0.000000,0.000000,0.000000,0.000000,40.056023,432.835999,383.529633,1782.139893,1625.400269,-0.001569,-9.037049,8.896045,8264,71,39,-77
40.058952,0.008991,0.085949,-2.112183,0.000187,0.462988,0.170512,0.002425,-2.510196,-2.369648,-0.171601,-0.000177,0.000227,10.000000,-191.000000,-18.000000,0.043635,0.000020,0.000000,0.000000,0.000000,0.154671,388.000000,0.000000,0.000000,0.000000,0.000000,40.057976,432.835999,383.529633,1782.139893,1625.400269,-0.001776,-9.037700,8.896045,8265,53,40,-77
40.060909,0.008991,0.086868,-2.111849,0.000192,0.457965,0.165744,0.002437,-2.511586,-2.388801,-0.171742,-0.000179,0.000223,10.000000,-191.000000,-18.000000,0.043635,0.000020,0.000000,0.000000,0.000000,0.154671,388.000000,0.000000,0.000000,0.000000,0.000000,40.059933,432.835999,383.529633,1782.139893,1625.400269,-0.001976,-9.038326,8.896045,8265,36,40,-76
40.062862,0.008991,0.087777,-2.111524,0.000197,0.452941,0.160940,0.002449,-2.512179,-2.405802,-0.171849,-0.000181,0.000219,10.000000,-191.000000,-18.000000,0.043635,0.000020,0.000000,0.000000,0.000000,0.154671,388.000000,0.000000,0.000000,0.000000,0.000000,40.061886,432.835999,383.529633,1782.139893,1625.400269,-0.002169,-9.038934,8.896045,8265,20,40,-75
40.064816,0.008992,0.088677,-2.111209,0.000201,0.447917,0.156106,0.002461,-2.512035,-2.420821,-0.171925,-0.000183,0.000215,10.000000,-191.000000,-18.000000,0.043635,0.000020,0.000000,0.000000,0.000000,0.154671,388.000000,0.000000,0.000000,0.000000,0.000000,40.063839,432.835999,383.529633,1782.139893,1625.400269,-0.002351,-9.039505,8.896045,8265,5,40,-75
40.066769,0.008992,0.089566,-2.110904,0.000206,0.442894,0.151244,0.002474,-2.511216,-2.434043,-0.171973,-0.000185,0.000210,10.000000,-191.000000,-18.000000,0.043635,0.000020,0.000000,0.000000,0.000000,0.154671,388.000000,0.000000,0.000000,0.000000,0.000000,40.065792,432.835999,383.529633,1782.139893,1625.400269,-0.002529,-9.040064,8.896045,8266,-8,41,-74
40.068726,0.008993,0.090445,-2.110609,0.000211,0.437874,0.146359,0.002487,-2.509805,-2.445741,-0.171994,-0.000187,0.000205,10.000000,-191.000000,-18.000000,0.043635,0.000020,0.000000,0.000000,0.000000,0.154671,388.000000,0.000000,0.000000,0.000000,0.000000,40.067749,432.835999,383.529633,1782.139893,1625.400269,-0.002704,-9.040612,8.896045,8266,-21,41,-73
40.070679,0.008993,0.091314,-2.110323,0.000216,0.432857,0.141451,0.002500,-2.507845,-2.455986,-0.171993,-0.000189,0.000199,10.000000,-191.000000,-18.000000,0.043635,0.000020,0.000000,0.000000,0.000000,0.154671,388.000000,0.000000,0.000000,0.000000,0.000000,40.069698,432.835999,383.529633,1782.139893,1625.400269,-0.002869,-9.041130,8.896045,8266,-33,41,-71
40.072632,0.008993,0.092173,-2.110047,0.000221,0.427845,0.136526,0.002513,-2.505384,-2.464881,-0.171971,-0.000191,0.000193,10.000000,-189.000000,-6.000000,0.043635,0.000020,0.000000,0.000000,0.000000,0.154671,388.000000,0.000000,0.000000,0.000000,0.000000,40.071655,432.835999,383.529633,1782.139893,1625.400269,-0.003019,-9.041603,8.896045,8266,-44,41,-70
40.074585,0.008994,0.093022,-2.109782,0.000226,0.422839,0.131585,0.002527,-2.502472,-2.472551,-0.171930,-0.000193,0.000187,10.000000,-189.000000,-6.000000,0.043635,0.000020,0.000000,0.000000,-0.933999,0.154671,388.000000,0.000000,0.000000,0.000000,0.000000,40.073608,432.835999,383.529633,1782.139893,1625.400269,-0.003157,-9.042034,8.906045,8271,-54,41,-69
40.076542,0.008994,0.093861,-2.109525,0.000232,0.417838,0.126629,0.002540,-2.499248,-2.479634,-0.171874,-0.000196,0.000181,10.000000,-189.000000,-6.000000,0.043635,0.000020,0.000000,0.000000,0.000000,0.154671,388.000000,0.000000,0.000000,0.000000,0.000000,40.075565,432.835999,383.529633,1782.139893,1625.400269,-0.003288,-9.042447,8.906045,8271,-63,41,-67
40.078495,0.008995,0.094690,-2.109279,0.000237,0.412845,0.121660,0.002553,-2.495689,-2.485826,-0.171803,-0.000198,0.000174,10.000000,-189.000000,-6.000000,0.043635,0.000020,0.000000,0.000000,0.000000,0.154671,388.000000,0.000000,0.000000,0.000000,0.000000,40.077515,432.835999,383.529633,1782.139893,1625.400269,-0.003408,-9.042822,8.906045,8272,-71,42,-66
40.080448,0.008995,0.095509,-2.109043,0.000242,0.407860,0.116680,0.002565,-2.491823,-2.491148,-0.171720,-0.000201,0.000167,10.000000,-189.000000,-6.000000,0.043635,0.000020,0.000000,0.000000,0.000000,0.154671,388.000000,0.000000,0.000000,0.000000,0.000000,40.079472,432.835999,383.529633,1782.139893,1625.400269,-0.003516,-9.043164,8.906045,8272,-78,42,-64
40.082401,0.008996,0.096318,-2.108817,0.000247,0.402882,0.111691,0.002577,-2.487679,-2.495607,-0.171628,-0.000203,0.000161,10.000000,-189.000000,-6.000000,0.043635,0.000020,0.000000,0.000000,0.000000,0.154671,388.000000,0.000000,0.000000,0.000000,0.000000,40.081425,432.835999,383.529633,1782.139893,1625.400269,-0.003615,-9.043473,8.906045,8272,-85,42,-62
40.084354,0.008996,0.097117,-2.108601,0.000252,0.397913,0.106695,0.002589,-2.483287,-2.499249,-0.171527,-0.000205,0.000153,10.000000,-189.000000,-6.000000,0.043635,0.000020,0.000000,0.000000,0.000000,0.154671,388.000000,0.000000,0.000000,0.000000,0.000000,40.083382,432.835999,383.529633,1782.139893,1625.400269,-0.003698,-9.043735,8.906045,8272,-90,42,-61
40.086311,0.008997,0.097907,-2.108395,0.000257,0.392954,0.101692,0.002599,-2.478682,-2.502150,-0.171420,-0.000208,0.000146,10.000000,-189.000000,-6.000000,0.043635,0.000020,0.000000,0.000000,0.000000,0.154671,388.000000,0.000000,0.000000,0.000000,0.000000,40.085331,432.835999,383.529633,1782.139893,1625.400269,-0.003773,-9.043969,8.906045,8272,-95,42,-59
40.088264,0.008997,0.098686,-2.108199,0.000262,0.388003,0.096684,0.002609,-2.473901,-2.504377,-0.171308,-0.000210,0.000139,10.000000,-189.000000,-6.000000,0.043635,0.000020,0.000000,0.000000,0.000000,0.154671,388.000000,0.000000,0.000000,0.000000,0.000000,40.087288,432.835999,383.529633,1782.139893,1625.400269,-0.003840,-9.044180,8.906045,8272,-99,42,-57
40.090218,0.008998,0.099455,-2.108013,0.000268,0.383063,0.091673,0.002617,-2.468972,-2.505991,-0.171193,-0.000212,0.000131,10.000000,-189.000000,-6.000000,0.043635,0.000020,0.000000,0.000000,0.000000,0.154671,388.000000,0.000000,0.000000,0.000000,0.000000,40.089241,432.835999,383.529633,1782.139893,1625.400269,-0.003893,-9.044347,8.906045,8272,-102,42,-55
40.092171,0.008998,0.100215,-2.107837,0.000273,0.378133,0.086659,0.002625,-2.463925,-2.507046,-0.171077,-0.000214,0.000124,10.000000,-189.000000,-6.000000,0.043635,0.000020,0.000000,0.000000,0.000000,0.154671,388.000000,0.000000,0.000000,0.000000,0.000000,40.091194,432.835999,383.529633,1782.139893,1625.400269,-0.003934,-9.044475,8.906045,8272,-105,42,-53
40.094128,0.008999,0.100964,-2.107671,0.000278,0.373212,0.081644,0.002630,-2.458786,-2.507595,-0.170960,-0.000217,0.000116,10.000000,-189.000000,-6.000000,0.043635,0.000020,0.000000,0.000000,0.000000,0.154671,388.000000,0.000000,0.000000,0.000000,0.000000,40.093147,432.835999,383.529633,1782.139893,1625.400269,-0.003962,-9.044563,8.906045,8272,-106,42,-51
40.096081,0.009000,0.101704,-2.107515,0.000283,0.368303,0.076629,0.002635,-2.453579,-2.507680,-0.170844,-0.000218,0.000108,10.000000,-189.000000,-6.000000,0.043635,0.000020,0.000000,0.000000,0.000000,0.154671,388.000000,0.000000,0.000000,0.000000,0.000000,40.095104,432.835999,383.529633,1782.139893,1625.400269,-0.003979,-9.044616,8.906045,8272,-108,43,-49
40.098034,0.009000,0.102434,-2.107369,0.000289,0.363403,0.071614,0.002637,-2.448327,-2.507345,-0.170730,-0.000220,0.000100,10.000000,-189.000000,-6.000000,0.043635,0.000020,0.000000,0.000000,0.000000,0.154671,388.000000,0.000000,0.000000,0.000000,0.000000,40.097057,432.835999,383.529633,1782.139893,1625.400269,-0.003984,-9.044634,8.906045,8272,-108,43,-47
40.099987,0.009001,0.103154,-2.107233,0.000294,0.358515,0.066600,0.002638,-2.443050,-2.506625,-0.170619,-0.000222,0.000093,10.000000,-189.000000,-6.000000,0.043635,0.000020,0.000000,0.000000,0.000000,0.154671,388.000000,0.000000,0.000000,0.000000,0.000000,40.099010,432.835999,383.529633,1782.139893,1625.400269,-0.003980,-9.044619,8.906045,8272,-108,43,-45
40.101940,0.009001,0.103865,-2.107107,0.000299,0.353636,0.061588,0.002637,-2.437768,-2.505556,-0.170512,-0.000223,0.000085,10.000000,-189.000000,-6.000000,0.043635,0.000020,0.000000,0.000000,0.000000,0.154671,388.000000,0.000000,0.000000,0.000000,0.000000,40.100964,432.835999,383.529633,1782.139893,1625.400269,-0.003965,-9.044571,8.906045,8272,-107,43,-43
40.103897,0.009002,0.104565,-2.106992,0.000305,0.348769,0.056579,0.002633,-2.432497,-2.504167,-0.170411,-0.000225,0.000077,10.000000,-189.000000,-6.000000,0.043635,0.000020,0.000000,0.000000,0.000000,0.154671,388.000000,0.000000,0.000000,0.000000,0.000000,40.102921,432.835999,383.529633,1782.139893,1625.400269,-0.003940,-9.044494,8.906045,8272,-106,43,-41
40.105850,0.009003,0.105256,-2.106886,0.000310,0.343912,0.051574,0.002627,-2.427253,-2.502488,-0.170315,-0.000226,0.000069,10.000000,-189.000000,-6.000000,0.043635,0.000020,0.000000,0.000000,0.000000,0.154671,388.000000,0.000000,0.000000,0.000000,0.000000,40.104874,432.835999,383.529633,1782.139893,1625.400269,-0.003906,-9.044386,8.906045,8272,-105,42,-39
40.107803,0.009003,0.105938,-2.106790,0.000315,0.339065,0.046571,0.002619,-2.422048,-2.500542,-0.170225,-0.000227,0.000062,10.000000,-189.000000,-6.000000,0.043635,0.000020,0.000000,0.000000,0.000000,0.154671,388.000000,0.000000,0.000000,0.000000,0.000000,40.106827,432.835999,383.529633,1782.139893,1625.400269,-0.003862,-9.044250,8.906045,8272,-103,42,-37
40.109756,0.009004,0.106609,-2.106704,0.000320,0.334229,0.041574,0.002608,-2.416896,-2.498353,-0.170143,-0.000227,0.000054,10.000000,-189.000000,-6.000000,0.043635,0.000020,0.000000,0.000000,0.000000,0.154671,388.000000,0.000000,0.000000,0.000000,0.000000,40.108780,432.835999,383.529633,1782.139893,1625.400269,-0.003810,-9.044086,8.906045,8272,-100,42,-35
40.111713,0.009004,0.107271,-2.106629,0.000325,0.329403,0.036580,0.002594,-2.411807,-2.495942,-0.170068,-0.000228,0.000046,10.000000,-189.000000,-6.000000,0.043635,0.000020,0.000000,0.000000,0.000000,0.154671,388.000000,0.000000,0.000000,0.000000,0.000000,40.110737,432.835999,383.529633,1782.139893,1625.400269,-0.003749,-9.043894,8.906045,8272,-97,42,-33
40.113667,0.009005,0.107923,-2.106563,0.000331,0.324586,0.031592,0.002579,-2.406790,-2.493328,-0.170001,-0.000228,0.000039,10.000000,-189.000000,-6.000000,0.043635,0.000020,0.000000,0.000000,0.000000,0.154671,388.000000,0.000000,0.000000,0.000000,0.000000,40.112686,432.835999,383.529633,1782.139893,1625.400269,-0.003679,-9.043674,8.906045,8272,-94,42,-31
40.115620,0.009006,0.108566,-2.106507,0.000336,0.319780,0.026610,0.002560,-2.401853,-2.490527,-0.169943,-0.000228,0.000032,10.000000,-189.000000,-6.000000,0.043635,0.000020,0.000000,0.000000,0.000000,0.154671,388.000000,0.000000,0.000000,0.000000,0.000000,40.114643,432.835999,383.529633,1782.139893,1625.400269,-0.003601,-9.043428,8.906045,8272,-91,42,-29
40.117573,0.009006,0.109199,-2.106462,0.000341,0.314984,0.021633,0.002539,-2.397004,-2.487557,-0.169893,-0.000228,0.000025,10.000000,-189.000000,-6.000000,0.043635,0.000020,0.000000,0.000000,0.000000,0.154671,388.000000,0.000000,0.000000,0.000000,0.000000,40.116596,432.835999,383.529633,1782.139893,1625.400269,-0.003514,-9.043158,8.906045,8272,-87,42,-28
40.119530,0.009007,0.109822,-2.106426,0.000346,0.310197,0.016663,0.002516,-2.392246,-2.484431,-0.169853,-0.000227,0.000018,10.000000,-189.000000,-6.000000,0.043635,0.000020,0.000000,0.000000,0.000000,0.154671,388.000000,0.000000,0.000000,0.000000,0.000000,40.118553,432.835999,383.529633,1782.139893,1625.400269,-0.003426,-9.042881,8.906045,8272,-83,42,-26
40.121483,0.009008,0.110436,-2.106400,0.000351,0.305419,0.011699,0.002490,-2.387588,-2.481162,-0.169821,-0.000227,0.000011,10.000000,-189.000000,-6.000000,0.043635,0.000020,0.000000,0.000000,0.000000,0.154671,388.000000,0.000000,0.000000,0.000000,0.000000,40.120502,432.835999,383.529633,1782.139893,1625.400269,-0.003336,-9.042596,8.906045,8271,-79,42,-24
40.123436,0.009009,0.111040,-2.106384,0.000356,0.300651,0.006742,0.002461,-2.383013,-2.477658,-0.169799,-0.000226,0.000004,10.000000,-189.000000,-6.000000,0.043635,0.000020,0.000000,0.000000,0.000000,0.154671,388.000000,0.000000,0.000000,0.000000,0.000000,40.122459,432.835999,383.529633,1782.139893,1625.400269,-0.003236,-9.042284,8.906045,8271,-74,42,-22
40.125389,0.009009,0.111635,-2.106378,0.000361,0.295892,0.001792,0.002430,-2.378537,-2.474011,-0.169786,-0.000225,-0.000002,10.000000,-189.000000,-6.000000,0.043635,0.000020,0.000000,0.000000,0.000000,0.154671,388.000000,0.000000,0.000000,0.000000,0.000000,40.124413,432.835999,383.529633,1782.139893,1625.400269,-0.003128,-9.041945,8.906045,8271,-70,42,-21
40.127342,0.009010,0.112220,-2.106381,0.000366,0.291141,-0.003150,0.002396,-2.374167,-2.470267,-0.169783,-0.000223,-0.000009,10.000000,-189.000000,-6.000000,0.043635,0.000020,0.000000,0.000000,0.000000,0.154671,388.000000,0.000000,0.000000,0.000000,0.000000,40.126369,432.835999,383.529633,1782.139893,1625.400269,-0.003018,-9.041599,8.906045,8271,-65,41,-19
40.129299,0.009011,0.112796,-2.106395,0.000370,0.286399,-0.008085,0.002360,-2.369908,-2.466433,-0.169788,-0.000221,-0.000015,10.000000,-189.000000,-6.000000,0.043635,0.000020,0.000000,0.000000,0.000000,0.154671,388.000000,0.000000,0.000000,0.000000,0.000000,40.128319,432.835999,383.529633,1782.139893,1625.400269,-0.002905,-9.041245,8.906045,8271,-60,41,-17
40.131252,0.009012,0.113362,-2.106419,0.000375,0.281666,-0.013012,0.002321,-2.365757,-2.462518,-0.169803,-0.000219,-0.000021,10.000000,-188.000000,-2.000000,0.043635,0.000020,0.000000,0.000000,0.000000,0.154671,402.000000,0.000000,0.000000,0.000000,0.000000,40.130276,432.835999,383.529633,1782.139893,1625.400269,-0.002783,-9.040861,8.906045,8271,-55,41,-16
40.133205,0.009012,0.113919,-2.106452,0.000380,0.276940,-0.017931,0.002279,-2.361712,-2.458528,-0.169827,-0.000217,-0.000026,10.000000,-188.000000,-2.000000,0.068102,0.000089,0.000000,0.000000,0.067000,0.262198,402.000000,0.000000,0.000000,0.000000,0.000000,40.132229,238.805969,328.781525,-2895.970459,341.144348,-0.002658,-7.751151,8.928955,7706,-51,41,-14
40.135159,0.009013,0.114467,-2.106495,0.000384,0.272236,-0.022763,0.002222,-2.347662,-2.395514,-0.169859,-0.000215,-0.000032,10.000000,-188.000000,-2.000000,0.068102,0.000089,0.000000,0.000000,0.000000,0.262198,402.000000,0.000000,0.000000,0.000000,0.000000,40.134186,238.805969,328.781525,-2895.970459,341.144348,-0.002537,-7.750772,8.928955,7706,-46,41,-13
40.137115,0.009014,0.115005,-2.106548,0.000388,0.267566,-0.027439,0.002161,-2.331412,-2.319028,-0.169900,-0.000212,-0.000037,10.000000,-188.000000,-2.000000,0.068102,0.000089,0.000000,0.000000,0.000000,0.262198,402.000000,0.000000,0.000000,0.000000,0.000000,40.136135,238.805969,328.781525,-2895.970459,341.144348,-0.002418,-7.750398,8.928955,7705,-41,41,-12
40.139069,0.009015,0.115533,-2.106610,0.000393,0.262925,-0.031971,0.002098,-2.316423,-2.249285,-0.169949,-0.000209,-0.000042,10.000000,-188.000000,-2.000000,0.068102,0.000089,0.000000,0.000000,0.000000,0.262198,402.000000,0.000000,0.000000,0.000000,0.000000,40.138092,238.805969,328.781525,-2895.970459,341.144348,-0.002303,-7.750036,8.928955,7705,-36,40,-10
40.141022,0.009015,0.116053,-2.106680,0.000397,0.258314,-0.036374,0.002035,-2.302591,-2.185687,-0.170006,-0.000206,-0.000047,10.000000,-188.000000,-2.000000,0.068102,0.000089,0.000000,0.000000,0.000000,0.262198,402.000000,0.000000,0.000000,0.000000,0.000000,40.140045,238.805969,328.781525,-2895.970459,341.144348,-0.002181,-7.749652,8.928955,7705,-31,40,-9
40.142975,0.009016,0.116563,-2.106760,0.000401,0.253728,-0.040658,0.001970,-2.289814,-2.127702,-0.170071,-0.000202,-0.000052,10.000000,-188.000000,-2.000000,0.068102,0.000089,0.000000,0.000000,0.000000,0.262198,402.000000,0.000000,0.000000,0.000000,0.000000,40.141998,238.805969,328.781525,-2895.970459,341.144348,-0.002049,-7.749240,8.928955,7705,-26,40,-8
40.144932,0.009017,0.117064,-2.106847,0.000404,0.249166,-0.044833,0.001903,-2.278004,-2.074820,-0.170143,-0.000199,-0.000056,10.000000,-188.000000,-2.000000,0.068102,0.000089,0.000000,0.000000,0.000000,0.262198,402.000000,0.000000,0.000000,0.000000,0.000000,40.143951,238.805969,328.781525,-2895.970459,341.144348,-0.001918,-7.748829,8.928955,7705,-22,40,-7
40.146885,0.009018,0.117556,-2.106943,0.000408,0.244626,-0.048910,0.001835,-2.267072,-2.026562,-0.170221,-0.000194,-0.000061,10.000000,-188.000000,-2.000000,0.068102,0.000089,0.000000,0.000000,0.000000,0.262198,402.000000,0.000000,0.000000,0.000000,0.000000,40.145908,238.805969,328.781525,-2895.970459,341.144348,-0.001787,-7.748417,8.928955,7705,-17,39,-6
40.148838,0.009019,0.118039,-2.107047,0.000412,0.240107,-0.052896,0.001765,-2.256941,-1.982500,-0.170307,-0.000190,-0.000065,10.000000,-188.000000,-2.000000,0.068102,0.000089,0.000000,0.000000,0.000000,0.262198,402.000000,0.000000,0.000000,0.000000,0.000000,40.147861,238.805969,328.781525,-2895.970459,341.144348,-0.001656,-7.748005,8.928955,7704,-13,39,-5
40.150791,0.009019,0.118513,-2.107159,0.000415,0.235608,-0.056800,0.001694,-2.247520,-1.942139,-0.170398,-0.000185,-0.000069,10.000000,-188.000000,-2.000000,0.068102,0.000089,0.000000,0.000000,0.000000,0.262198,402.000000,0.000000,0.000000,0.000000,0.000000,40.149815,238.805969,328.781525,-2895.970459,341.144348,-0.001524,-7.747591,8.928955,7704,-8,39,-4
40.152744,0.009020,0.118978,-2.107278,0.000418,0.231126,-0.060629,0.001620,-2.238758,-1.905205,-0.170495,-0.000180,-0.000072,10.000000,-188.000000,-2.000000,0.068102,0.000089,0.000000,0.000000,0.000000,0.262198,402.000000,0.000000,0.000000,0.000000,0.000000,40.151768,238.805969,328.781525,-2895.970459,341.144348,-0.001391,-7.747174,8.928955,7704,-4,39,-3
40.154701,0.009021,0.119434,-2.107405,0.000422,0.226661,-0.064388,0.001544,-2.230600,-1.871413,-0.170597,-0.000175,-0.000076,10.000000,-188.000000,-2.000000,0.068102,0.000089,0.000000,0.000000,0.000000,0.262198,402.000000,0.000000,0.000000,0.000000,0.000000,40.153725,238.805969,328.781525,-2895.970459,341.144348,-0.001257,-7.746753,8.928955,7704,0,38,-2
40.156654,0.009022,0.119881,-2.107540,0.000425,0.222211,-0.068084,0.001466,-2.222992,-1.840474,-0.170703,-0.000169,-0.000079,10.000000,-188.000000,-2.000000,0.068102,0.000089,0.000000,0.000000,0.000000,0.262198,402.000000,0.000000,0.000000,0.000000,0.000000,40.155678,238.805969,328.781525,-2895.970459,341.144348,-0.001122,-7.746328,8.928955,7704,3,38,-2
40.158607,0.009023,0.120319,-2.107682,0.000427,0.217776,-0.071722,0.001387,-2.215880,-1.812121,-0.170815,-0.000164,-0.000082,10.000000,-188.000000,-2.000000,0.068102,0.000089,0.000000,0.000000,0.000000,0.262198,402.000000,0.000000,0.000000,0.000000,0.000000,40.157631,238.805969,328.781525,-2895.970459,341.144348,-0.000992,-7.745919,8.928955,7703,7,38,-1
40.160561,0.009024,0.120749,-2.107831,0.000430,0.213354,-0.075307,0.001305,-2.209204,-1.786008,-0.170929,-0.000157,-0.000084,10.000000,-188.000000,-2.000000,0.068102,0.000089,0.000000,0.000000,0.000000,0.262198,402.000000,0.000000,0.000000,0.000000,0.000000,40.159584,238.805969,328.781525,-2895.970459,341.144348,-0.000866,-7.745523,8.928955,7703,10,38,0
40.162518,0.009025,0.121169,-2.107987,0.000432,0.208945,-0.078843,0.001222,-2.202934,-1.762001,-0.171048,-0.000151,-0.000087,10.000000,-188.000000,-2.000000,0.068102,0.000089,0.000000,0.000000,0.000000,0.262198,402.000000,0.000000,0.000000,0.000000,0.000000,40.161541,238.805969,328.781525,-2895.970459,341.144348,-0.000737,-7.745118,8.928955,7703,14,37,0
40.164471,0.009025,0.121581,-2.108150,0.000435,0.204548,-0.082333,0.001137,-2.197034,-1.739937,-0.171169,-0.000145,-0.000089,10.000000,-188.000000,-2.000000,0.068102,0.000089,0.000000,0.000000,0.000000,0.262198,402.000000,0.000000,0.000000,0.000000,0.000000,40.163490,238.805969,328.781525,-2895.970459,341.144348,-0.000611,-7.744725,8.928955,7703,17,37,0
40.166424,0.009026,0.121984,-2.108320,0.000437,0.200163,-0.085783,0.001051,-2.191472,-1.719635,-0.171293,-0.000138,-0.000091,10.000000,-188.000000,-2.000000,0.068102,0.000089,0.000000,0.000000,0.000000,0.262198,402.000000,0.000000,0.000000,0.000000,0.000000,40.165447,238.805969,328.781525,-2895.970459,341.144348,-0.000496,-7.744362,8.928955,7703,20,37,0
40.168377,0.009027,0.122378,-2.108497,0.000439,0.195787,-0.089194,0.000962,-2.186212,-1.700932,-0.171419,-0.000131,-0.000093,10.000000,-188.000000,-2.000000,0.068102,0.000089,0.000000,0.000000,0.000000,0.262198,402.000000,0.000000,0.000000,0.000000,0.000000,40.167400,238.805969,328.781525,-2895.970459,341.144348,-0.000389,-7.744026,8.928955,7703,23,36,0
40.170334,0.009028,0.122763,-2.108680,0.000441,0.191423,-0.092570,0.000873,-2.181226,-1.683682,-0.171546,-0.000123,-0.000095,10.000000,-188.000000,-2.000000,0.068102,0.000089,0.000000,0.000000,0.000000,0.262198,402.000000,0.000000,0.000000,0.000000,0.000000,40.169357,238.805969,328.781525,-2895.970459,341.144348,-0.000290,-7.743715,8.928955,7703,25,36,1
40.172287,0.009029,0.123140,-2.108871,0.000442,0.187067,-0.095913,0.000782,-2.176488,-1.667750,-0.171675,-0.000116,-0.000097,10.000000,-188.000000,-2.000000,0.068102,0.000089,0.000000,0.000000,0.000000,0.262198,402.000000,0.000000,0.000000,0.000000,0.000000,40.171307,238.805969,328.781525,-2895.970459,341.144348,-0.000191,-7.743405,8.928955,7702,28,36,1
40.174240,0.009030,0.123508,-2.109068,0.000444,0.182721,-0.099226,0.000689,-2.171950,-1.652911,-0.171804,-0.000109,-0.000098,10.000000,-188.000000,-2.000000,0.068102,0.000089,0.000000,0.000000,0.000000,0.262198,402.000000,0.000000,0.000000,0.000000,0.000000,40.173264,238.805969,328.781525,-2895.970459,341.144348,-0.000093,-7.743098,8.928955,7702,30,35,1
40.176193,0.009031,0.123867,-2.109271,0.000445,0.178384,-0.102511,0.000596,-2.167603,-1.639133,-0.171934,-0.000101,-0.000100,10.000000,-188.000000,-2.000000,0.068102,0.000089,0.000000,0.000000,0.000000,0.262198,402.000000,0.000000,0.000000,0.000000,0.000000,40.175217,238.805969,328.781525,-2895.970459,341.144348,-0.000002,-7.742811,8.928955,7702,32,35,1
40.178146,0.009032,0.124218,-2.109481,0.000446,0.174055,-0.105770,0.000502,-2.163433,-1.626355,-0.172064,-0.000093,-0.000101,10.000000,-188.000000,-2.000000,0.068102,0.000089,0.000000,0.000000,0.000000,0.262198,402.000000,0.000000,0.000000,0.000000,0.000000,40.177174,238.805969,328.781525,-2895.970459,341.144348,0.000083,-7.742544,8.928955,7702,34,35,1
40.180103,0.009033,0.124560,-2.109698,0.000447,0.169734,-0.109005,0.000408,-2.159420,-1.614482,-0.172193,-0.000085,-0.000102,10.000000,-188.000000,-2.000000,0.068102,0.000089,0.000000,0.000000,0.000000,0.262198,402.000000,0.000000,0.000000,0.000000,0.000000,40.179123,238.805969,328.781525,-2895.970459,341.144348,0.000163,-7.742293,8.928955,7702,35,35,2
40.182056,0.009033,0.124893,-2.109921,0.000448,0.165421,-0.112217,0.000313,-2.155552,-1.603458,-0.172322,-0.000077,-0.000103,10.000000,-188.000000,-2.000000,0.068102,0.000089,0.000000,0.000000,0.000000,0.262198,402.000000,0.000000,0.000000,0.000000,0.000000,40.181080,238.805969,328.781525,-2895.970459,341.144348,0.000248,-7.742028,8.928955,7702,37,34,2
40.184010,0.009034,0.125218,-2.110151,0.000448,0.161116,-0.115408,0.000217,-2.151798,-1.593165,-0.172450,-0.000069,-0.000103,10.000000,-188.000000,-2.000000,0.068102,0.000089,0.000000,0.000000,0.000000,0.262198,402.000000,0.000000,0.000000,0.000000,0.000000,40.183033,238.805969,328.781525,-2895.970459,341.144348,0.000333,-7.741758,8.928955,7702,38,34,2
40.185963,0.009035,0.125534,-2.110386,0.000448,0.156817,-0.118580,0.000122,-2.148149,-1.583542,-0.172576,-0.000061,-0.000104,10.000000,-188.000000,-2.000000,0.068102,0.000089,0.000000,0.000000,0.000000,0.262198,402.000000,0.000000,0.000000,0.000000,0.000000,40.184986,238.805969,328.781525,-2895.970459,341.144348,0.000411,-7.741516,8.928955,7702,39,34,2
40.187920,0.009036,0.125841,-2.110628,0.000448,0.152526,-0.121734,0.000027,-2.144591,-1.574536,-0.172701,-0.000053,-0.000104,10.000000,-188.000000,-2.000000,0.068102,0.000089,0.000000,0.000000,0.000000,0.262198,402.000000,0.000000,0.000000,0.000000,0.000000,40.186939,238.805969,328.781525,-2895.970459,341.144348,0.000483,-7.741287,8.928955,7701,40,34,2
40.189873,0.009037,0.126140,-2.110877,0.000448,0.148243,-0.124870,-0.000067,-2.141093,-1.565988,-0.172823,-0.000045,-0.000104,10.000000,-188.000000,-2.000000,0.068102,0.000089,0.000000,0.000000,0.000000,0.262198,402.000000,0.000000,0.000000,0.000000,0.000000,40.188896,238.805969,328.781525,-2895.970459,341.144348,0.000552,-7.741071,8.928955,7701,40,33,1
40.191826,0.009038,0.126431,-2.111131,0.000448,0.143965,-0.127990,-0.000161,-2.137656,-1.557928,-0.172943,-0.000036,-0.000105,10.000000,-188.000000,-2.000000,0.068102,0.000089,0.000000,0.000000,0.000000,0.262198,402.000000,0.000000,0.000000,0.000000,0.000000,40.190849,238.805969,328.781525,-2895.970459,341.144348,0.000610,-7.740888,8.928955,7701,41,33,1
40.193779,0.009039,0.126713,-2.111392,0.000448,0.139695,-0.131094,-0.000254,-2.134277,-1.550347,-0.173061,-0.000028,-0.000105,10.000000,-188.000000,-2.000000,0.068102,0.000089,0.000000,0.000000,0.000000,0.262198,402.000000,0.000000,0.000000,0.000000,0.000000,40.192802,238.805969,328.781525,-2895.970459,341.144348,0.000660,-7.740734,8.928955,7701,41,33,1
40.195732,0.009040,0.126986,-2.111660,0.000447,0.135432,-0.134184,-0.000345,-2.130946,-1.543199,-0.173176,-0.000020,-0.000105,10.000000,-188.000000,-2.000000,0.068102,0.000089,0.000000,0.000000,0.000000,0.262198,402.000000,0.000000,0.000000,0.000000,0.000000,40.194756,238.805969,328.781525,-2895.970459,341.144348,0.000706,-7.740587,8.928955,7701,41,33,1
40.197689,0.009041,0.127251,-2.111933,0.000446,0.131175,-0.137260,-0.000435,-2.127652,-1.536446,-0.173288,-0.000013,-0.000104,10.000000,-188.000000,-2.000000,0.068102,0.000089,0.000000,0.000000,0.000000,0.262198,402.000000,0.000000,0.000000,0.000000,0.000000,40.196712,238.805969,328.781525,-2895.970459,341.144348,0.000751,-7.740447,8.928955,7701,41,33,1
40.199642,0.009041,0.127507,-2.112212,0.000445,0.126924,-0.140324,-0.000524,-2.124387,-1.530053,-0.173396,-0.000005,-0.000104,10.000000,-188.000000,-2.000000,0.068102,0.000089,0.000000,0.000000,0.000000,0.262198,402.000000,0.000000,0.000000,0.000000,0.000000,40.198666,238.805969,328.781525,-2895.970459,341.144348,0.000794,-7.740312,8.928955,7701,41,33,1
40.201595,0.009042,0.127755,-2.112498,0.000444,0.122680,-0.143375,-0.000610,-2.121144,-1.523988,-0.173502,0.000003,-0.000104,10.000000,-188.000000,-2.000000,0.068102,0.000089,0.000000,0.000000,0.000000,0.262198,402.000000,0.000000,0.000000,0.000000,0.000000,40.200619,238.805969,328.781525,-2895.970459,341.144348,0.000835,-7.740183,8.928955,7701,41,33,1
40.203548,0.009043,0.127994,-2.112789,0.000443,0.118443,-0.146414,-0.000695,-2.117916,-1.518221,-0.173603,0.000010,-0.000103,10.000000,-188.000000,-2.000000,0.068102,0.000089,0.000000,0.000000,0.000000,0.262198,402.000000,0.000000,0.000000,0.000000,0.000000,40.202572,238.805969,328.781525,-2895.970459,341.144348,0.000874,-7.740059,8.928955,7701,41,33,0
40.205505,0.009044,0.128225,-2.113087,0.000441,0.114212,-0.149442,-0.000777,-2.114694,-1.512727,-0.173701,0.000018,-0.000103,10.000000,-188.000000,-2.000000,0.068102,0.000089,0.000000,0.000000,0.000000,0.262198,402.000000,0.000000,0.000000,0.000000,0.000000,40.204529,238.805969,328.781525,-2895.970459,341.144348,0.000906,-7.739961,8.928955,7701,40,32,0
40.207458,0.009045,0.128447,-2.113391,0.000439,0.109987,-0.152460,-0.000857,-2.111477,-1.507481,-0.173795,0.000025,-0.000102,10.000000,-188.000000,-2.000000,0.068102,0.000089,0.000000,0.000000,0.000000,0.262198,402.000000,0.000000,0.000000,0.000000,0.000000,40.206478,238.805969,328.781525,-2895.970459,341.144348,0.000930,-7.739885,8.928955,7701,40,32,0
40.209412,0.009046,0.128661,-2.113700,0.000438,0.105769,-0.155467,-0.000934,-2.108258,-1.502462,-0.173885,0.000032,-0.000101,10.000000,-188.000000,5.000000,0.068102,0.000089,0.000000,0.000000,0.000000,0.262198,404.000000,0.000000,0.000000,0.000000,0.000000,40.208435,238.805969,328.781525,-2895.970459,341.144348,0.000953,-7.739811,8.928955,7701,39,32,0
40.211365,0.009047,0.128866,-2.114016,0.000436,0.101558,-0.158465,-0.001008,-2.105032,-1.497649,-0.173972,0.000038,-0.000101,10.000000,-188.000000,5.000000,0.064611,0.000103,0.000000,0.000000,0.067000,0.036989,404.000000,0.000000,0.000000,0.000000,0.000000,40.210388,104.477623,213.582336,-2004.900757,-445.283417,0.000976,-5.026798,8.920000,6673,38,32,0
40.213322,0.009048,0.129063,-2.114338,0.000434,0.097378,-0.161310,-0.001073,-2.082953,-1.385835,-0.174054,0.000045,-0.000100,10.000000,-188.000000,5.000000,0.064611,0.000103,0.000000,0.000000,0.000000,0.036989,404.000000,0.000000,0.000000,0.000000,0.000000,40.212345,104.477623,213.582336,-2004.900757,-445.283417,0.000999,-5.026727,8.920000,6673,37,32,0
40.215275,0.009049,0.129252,-2.114665,0.000431,0.093252,-0.163876,-0.001133,-2.056554,-1.249816,-0.174131,0.000051,-0.000099,10.000000,-188.000000,5.000000,0.064611,0.000103,0.000000,0.000000,0.000000,0.036989,404.000000,0.000000,0.000000,0.000000,0.000000,40.214294,104.477623,213.582336,-2004.900757,-445.283417,0.001021,-5.026658,8.920000,6673,36,32,0
40.217228,0.009049,0.129432,-2.114996,0.000429,0.089175,-0.166189,-0.001189,-2.032319,-1.126464,-0.174205,0.000057,-0.000098,10.000000,-188.000000,5.000000,0.064611,0.000103,0.000000,0.000000,0.000000,0.036989,404.000000,0.000000,0.000000,0.000000,0.000000,40.216251,104.477623,213.582336,-2004.900757,-445.283417,0.001043,-5.026589,8.920000,6673,35,32,0
40.219181,0.009050,0.129605,-2.115332,0.000426,0.085144,-0.168272,-0.001243,-2.010044,-1.014601,-0.174274,0.000063,-0.000096,10.000000,-188.000000,5.000000,0.064611,0.000103,0.000000,0.000000,0.000000,0.036989,404.000000,0.000000,0.000000,0.000000,0.000000,40.218204,104.477623,213.582336,-2004.900757,-445.283417,0.001064,-5.026523,8.920000,6673,34,32,-1
40.221134,0.009051,0.129769,-2.115672,0.000424,0.081155,-0.170148,-0.001295,-1.989544,-0.913159,-0.174340,0.000069,-0.000095,10.000000,-188.000000,5.000000,0.064611,0.000103,0.000000,0.000000,0.000000,0.036989,404.000000,0.000000,0.000000,0.000000,0.000000,40.220161,104.477623,213.582336,-2004.900757,-445.283417,0.001078,-5.026479,8.920000,6673,33,32,-1
40.223091,0.009052,0.129926,-2.116015,0.000421,0.077204,-0.171835,-0.001345,-1.970654,-0.821168,-0.174401,0.000075,-0.000094,10.000000,-188.000000,5.000000,0.064611,0.000103,0.000000,0.000000,0.000000,0.036989,404.000000,0.000000,0.000000,0.000000,0.000000,40.222111,104.477623,213.582336,-2004.900757,-445.283417,0.001085,-5.026456,8.920000,6673,31,32,-1
40.225044,0.009053,0.130075,-2.116361,0.000418,0.073289,-0.173352,-0.001394,-1.953222,-0.737749,-0.174457,0.000080,-0.000093,10.000000,-188.000000,5.000000,0.064611,0.000103,0.000000,0.000000,0.000000,0.036989,404.000000,0.000000,0.000000,0.000000,0.000000,40.224068,104.477623,213.582336,-2004.900757,-445.283417,0.001093,-5.026432,8.920000,6673,30,32,-1
40.226997,0.009054,0.130216,-2.116710,0.000416,0.069407,-0.174713,-0.001442,-1.937109,-0.662104,-0.174510,0.000086,-0.000092,10.000000,-188.000000,5.000000,0.064611,0.000103,0.000000,0.000000,0.000000,0.036989,404.000000,0.000000,0.000000,0.000000,0.000000,40.226021,104.477623,213.582336,-2004.900757,-445.283417,0.001101,-5.026407,8.920000,6673,29,32,-2
40.228951,0.009054,0.130349,-2.117062,0.000413,0.065556,-0.175933,-0.001488,-1.922189,-0.593512,-0.174558,0.000091,-0.000090,10.000000,-188.000000,5.000000,0.064611,0.000103,0.000000,0.000000,0.000000,0.036989,404.000000,0.000000,0.000000,0.000000,0.000000,40.227978,104.477623,213.582336,-2004.900757,-445.283417,0.001102,-5.026404,8.920000,6673,27,32,-2
40.230907,0.009055,0.130474,-2.117416,0.000410,0.061732,-0.177026,-0.001534,-1.908352,-0.531315,-0.174602,0.000097,-0.000089,10.000000,-188.000000,5.000000,0.064611,0.000103,0.000000,0.000000,0.000000,0.036989,404.000000,0.000000,0.000000,0.000000,0.000000,40.229927,104.477623,213.582336,-2004.900757,-445.283417,0.001097,-5.026420,8.920000,6673,26,32,-2
40.232861,0.009056,0.130592,-2.117772,0.000406,0.057935,-0.178003,-0.001579,-1.895495,-0.474919,-0.174642,0.000102,-0.000088,10.000000,-188.000000,5.000000,0.064611,0.000103,0.000000,0.000000,0.000000,0.036989,404.000000,0.000000,0.000000,0.000000,0.000000,40.231884,104.477623,213.582336,-2004.900757,-445.283417,0.001093,-5.026433,8.920000,6673,24,31,-3
40.234814,0.009057,0.130702,-2.118129,0.000403,0.054162,-0.178876,-0.001624,-1.883523,-0.423786,-0.174679,0.000108,-0.000087,10.000000,-188.000000,5.000000,0.064611,0.000103,0.000000,0.000000,0.000000,0.036989,404.000000,0.000000,0.000000,0.000000,0.000000,40.233837,104.477623,213.582336,-2004.900757,-445.283417,0.001082,-5.026465,8.920000,6673,23,31,-3
40.236767,0.009058,0.130805,-2.118489,0.000400,0.050412,-0.179653,-0.001669,-1.872354,-0.377424,-0.174711,0.000113,-0.000085,10.000000,-188.000000,5.000000,0.064611,0.000103,0.000000,0.000000,0.000000,0.036989,404.000000,0.000000,0.000000,0.000000,0.000000,40.235790,104.477623,213.582336,-2004.900757,-445.283417,0.001066,-5.026516,8.920000,6673,21,31,-3
40.238724,0.009058,0.130901,-2.118850,0.000397,0.046683,-0.180345,-0.001713,-1.861912,-0.335392,-0.174740,0.000118,-0.000084,10.000000,-188.000000,5.000000,0.064611,0.000103,0.000000,0.000000,0.000000,0.036989,404.000000,0.000000,0.000000,0.000000,0.000000,40.237743,104.477623,213.582336,-2004.900757,-445.283417,0.001052,-5.026562,8.920000,6673,20,31,-3
40.240677,0.009059,0.130988,-2.119211,0.000393,0.042974,-0.180958,-0.001758,-1.852126,-0.297286,-0.174765,0.000124,-0.000083,10.000000,-188.000000,5.000000,0.064611,0.000103,0.000000,0.000000,0.000000,0.036989,404.000000,0.000000,0.000000,0.000000,0.000000,40.239700,104.477623,213.582336,-2004.900757,-445.283417,0.001038,-5.026604,8.920000,6673,18,31,-4
40.242630,0.009060,0.131069,-2.119575,0.000389,0.039283,-0.181500,-0.001801,-1.842934,-0.262741,-0.174786,0.000129,-0.000082,10.000000,-188.000000,5.000000,0.064611,0.000103,0.000000,0.000000,0.000000,0.036989,404.000000,0.000000,0.000000,0.000000,0.000000,40.241653,104.477623,213.582336,-2004.900757,-445.283417,0.001019,-5.026665,8.920000,6673,17,31,-4
40.244583,0.009061,0.131142,-2.119939,0.000386,0.035610,-0.181978,-0.001845,-1.834281,-0.231427,-0.174804,0.000134,-0.000081,10.000000,-188.000000,5.000000,0.064611,0.000103,0.000000,0.000000,0.000000,0.036989,404.000000,0.000000,0.000000,0.000000,0.000000,40.243607,104.477623,213.582336,-2004.900757,-445.283417,0.000994,-5.026743,8.920000,6673,15,30,-4
40.246536,0.009062,0.131208,-2.120304,0.000382,0.031954,-0.182398,-0.001889,-1.826115,-0.203042,-0.174819,0.000139,-0.000080,10.000000,-188.000000,5.000000,0.064611,0.000103,0.000000,0.000000,0.000000,0.036989,404.000000,0.000000,0.000000,0.000000,0.000000,40.245560,104.477623,213.582336,-2004.900757,-445.283417,0.000971,-5.026815,8.920000,6673,14,30,-4
40.248493,0.009062,0.131266,-2.120669,0.000378,0.028314,-0.182765,-0.001932,-1.818389,-0.177314,-0.174830,0.000144,-0.000079,10.000000,-188.000000,5.000000,0.064611,0.000103,0.000000,0.000000,0.000000,0.036989,404.000000,0.000000,0.000000,0.000000,0.000000,40.247517,104.477623,213.582336,-2004.900757,-445.283417,0.000949,-5.026884,8.920000,6673,12,30,-5
40.250446,0.009063,0.131318,-2.121036,0.000374,0.024688,-0.183085,-0.001974,-1.811061,-0.153997,-0.174839,0.000149,-0.000078,10.000000,-188.000000,5.000000,0.064611,0.000103,0.000000,0.000000,0.000000,0.036989,404.000000,0.000000,0.000000,0.000000,0.000000,40.249470,104.477623,213.582336,-2004.900757,-445.283417,0.000922,-5.026969,8.920000,6673,11,30,-5
40.252399,0.009064,0.131362,-2.121403,0.000370,0.021076,-0.183361,-0.002017,-1.804095,-0.132867,-0.174845,0.000154,-0.000077,10.000000,-188.000000,5.000000,0.064611,0.000103,0.000000,0.000000,0.000000,0.036989,404.000000,0.000000,0.000000,0.000000,0.000000,40.251423,104.477623,213.582336,-2004.900757,-445.283417,0.000889,-5.027072,8.920000,6673,10,29,-5
40.254353,0.009065,0.131398,-2.121770,0.000366,0.017478,-0.183598,-0.002059,-1.797457,-0.113719,-0.174847,0.000159,-0.000076,10.000000,-188.000000,5.000000,0.064611,0.000103,0.000000,0.000000,0.000000,0.036989,404.000000,0.000000,0.000000,0.000000,0.000000,40.253376,104.477623,213.582336,-2004.900757,-445.283417,0.000858,-5.027168,8.920000,6673,8,29,-5
40.256310,0.009065,0.131428,-2.122138,0.000362,0.013893,-0.183799,-0.002100,-1.791114,-0.096369,-0.174848,0.000164,-0.000075,10.000000,-188.000000,5.000000,0.064611,0.000103,0.000000,0.000000,0.000000,0.036989,404.000000,0.000000,0.000000,0.000000,0.000000,40.255333,104.477623,213.582336,-2004.900757,-445.283417,0.000829,-5.027260,8.920000,6673,7,29,-5
40.258263,0.009066,0.131450,-2.122506,0.000358,0.010320,-0.183968,-0.002140,-1.785039,-0.080651,-0.174846,0.000169,-0.000074,10.000000,-188.000000,5.000000,0.064611,0.000103,0.000000,0.000000,0.000000,0.036989,404.000000,0.000000,0.000000,0.000000,0.000000,40.257282,104.477623,213.582336,-2004.900757,-445.283417,0.000802,-5.027347,8.920000,6673,6,29,-5
40.260216,0.009067,0.131466,-2.122875,0.000353,0.006758,-0.184108,-0.002180,-1.779207,-0.066412,-0.174841,0.000174,-0.000074,10.000000,-188.000000,5.000000,0.064611,0.000103,0.000000,0.000000,0.000000,0.036989,404.000000,0.000000,0.000000,0.000000,0.000000,40.259239,104.477623,213.582336,-2004.900757,-445.283417,0.000775,-5.027430,8.920000,6673,5,29,-6
40.262169,0.009067,0.131474,-2.123243,0.000349,0.003208,-0.184221,-0.002219,-1.773594,-0.053516,-0.174835,0.000178,-0.000073,10.000000,-188.000000,5.000000,0.064611,0.000103,0.000000,0.000000,0.000000,0.036989,404.000000,0.000000,0.000000,0.000000,0.000000,40.261192,104.477623,213.582336,-2004.900757,-445.283417,0.000743,-5.027531,8.920000,6673,3,29,-6
40.264126,0.009068,0.131475,-2.123612,0.000344,-0.000331,-0.184310,-0.002256,-1.768183,-0.041837,-0.174826,0.000183,-0.000072,10.000000,-188.000000,5.000000,0.064611,0.000103,0.000000,0.000000,0.000000,0.036989,404.000000,0.000000,0.000000,0.000000,0.000000,40.263149,104.477623,213.582336,-2004.900757,-445.283417,0.000705,-5.027649,8.920000,6673,2,28,-6
40.266079,0.009069,0.131469,-2.123981,0.000340,-0.003859,-0.184378,-0.002293,-1.762953,-0.031262,-0.174816,0.000187,-0.000072,10.000000,-188.000000,5.000000,0.064611,0.000103,0.000000,0.000000,0.000000,0.036989,404.000000,0.000000,0.000000,0.000000,0.000000,40.265099,104.477623,213.582336,-2004.900757,-445.283417,0.000669,-5.027762,8.920000,6673,1,28,-6
40.268032,0.009069,0.131456,-2.124351,0.000335,-0.007377,-0.184426,-0.002328,-1.757888,-0.021687,-0.174804,0.000191,-0.000071,10.000000,-188.000000,12.000000,0.064611,0.000103,0.000000,0.000000,0.000000,0.036989,396.000000,0.000000,0.000000,0.000000,0.000000,40.267056,104.477623,213.582336,-2004.900757,-445.283417,0.000635,-5.027871,8.920000,6673,0,28,-6
40.269985,0.009070,0.131436,-2.124720,0.000331,-0.010886,-0.184456,-0.002362,-1.752973,-0.013022,-0.174790,0.000195,-0.000071,10.000000,-188.000000,12.000000,0.040872,0.000079,0.000000,0.000000,0.066000,-0.152280,396.000000,0.000000,0.000000,0.000000,0.000000,40.269009,106.060608,153.206421,23.984621,-419.953644,0.000602,-3.606122,8.920000,6270,0,28,-6
40.271938,0.009071,0.131409,-2.125089,0.000326,-0.014375,-0.184414,-0.002385,-1.740775,0.036836,-0.174775,0.000199,-0.000070,10.000000,-188.000000,12.000000,0.040872,0.000079,0.000000,0.000000,0.000000,-0.152280,396.000000,0.000000,0.000000,0.000000,0.000000,40.270966,106.060608,153.206421,23.984621,-419.953644,0.000569,-3.606225,8.920000,6270,-1,28,-6
40.273895,0.009071,0.131375,-2.125458,0.000321,-0.017835,-0.184252,-0.002404,-1.727016,0.095505,-0.174758,0.000203,-0.000070,10.000000,-188.000000,12.000000,0.040872,0.000079,0.000000,0.000000,0.000000,-0.152280,396.000000,0.000000,0.000000,0.000000,0.000000,40.272915,106.060608,153.206421,23.984621,-419.953644,0.000536,-3.606328,8.920000,6270,-2,28,-6
40.275848,0.009072,0.131334,-2.125827,0.000316,-0.021270,-0.183980,-0.002423,-1.714239,0.148595,-0.174741,0.000206,-0.000070,10.000000,-188.000000,12.000000,0.040872,0.000079,0.000000,0.000000,0.000000,-0.152280,396.000000,0.000000,0.000000,0.000000,0.000000,40.274872,106.060608,153.206421,23.984621,-419.953644,0.000504,-3.606428,8.920000,6270,-2,28,-6
40.277802,0.009073,0.131286,-2.126194,0.000311,-0.024681,-0.183611,-0.002441,-1.702351,0.196625,-0.174722,0.000210,-0.000069,10.000000,-188.000000,12.000000,0.040872,0.000079,0.000000,0.000000,0.000000,-0.152280,396.000000,0.000000,0.000000,0.000000,0.000000,40.276825,106.060608,153.206421,23.984621,-419.953644,0.000473,-3.606525,8.920000,6270,-3,28,-6
40.279755,0.009073,0.131232,-2.126561,0.000306,-0.028069,-0.183152,-0.002458,-1.691272,0.240067,-0.174703,0.000213,-0.000069,10.000000,-188.000000,12.000000,0.040872,0.000079,0.000000,0.000000,0.000000,-0.152280,396.000000,0.000000,0.000000,0.000000,0.000000,40.278782,106.060608,153.206421,23.984621,-419.953644,0.000443,-3.606620,8.920000,6270,-4,28,-6
40.281712,0.009074,0.131171,-2.126927,0.000301,-0.031436,-0.182612,-0.002474,-1.680928,0.279348,-0.174683,0.000216,-0.000069,10.000000,-188.000000,12.000000,0.040872,0.000079,0.000000,0.000000,0.000000,-0.152280,396.000000,0.000000,0.000000,0.000000,0.000000,40.280731,106.060608,153.206421,23.984621,-419.953644,0.000413,-3.606713,8.920000,6270,-5,28,-6
40.283665,0.009075,0.131103,-2.127292,0.000296,-0.034783,-0.182000,-0.002489,-1.671250,0.314855,-0.174662,0.000219,-0.000068,10.000000,-188.000000,12.000000,0.040872,0.000079,0.000000,0.000000,0.000000,-0.152280,396.000000,0.000000,0.000000,0.000000,0.000000,40.282688,106.060608,153.206421,23.984621,-419.953644,0.000384,-3.606804,8.920000,6270,-5,28,-6
40.285618,0.009075,0.131028,-2.127655,0.000291,-0.038112,-0.181321,-0.002503,-1.662178,0.346940,-0.174641,0.000221,-0.000068,10.000000,-188.000000,12.000000,0.040872,0.000079,0.000000,0.000000,0.000000,-0.152280,396.000000,0.000000,0.000000,0.000000,0.000000,40.284641,106.060608,153.206421,23.984621,-419.953644,0.000356,-3.606894,8.920000,6270,-6,27,-5
40.287571,0.009076,0.130947,-2.128017,0.000286,-0.041423,-0.180584,-0.002517,-1.653659,0.375921,-0.174619,0.000224,-0.000068,10.000000,-188.000000,12.000000,0.040872,0.000079,0.000000,0.000000,0.000000,-0.152280,396.000000,0.000000,0.000000,0.000000,0.000000,40.286594,106.060608,153.206421,23.984621,-419.953644,0.000335,-3.606960,8.920000,6270,-6,27,-5
40.289528,0.009076,0.130859,-2.128377,0.000281,-0.044718,-0.179792,-0.002529,-1.645638,0.402087,-0.174597,0.000226,-0.000068,10.000000,-188.000000,12.000000,0.040872,0.000079,0.000000,0.000000,0.000000,-0.152280,396.000000,0.000000,0.000000,0.000000,0.000000,40.288548,106.060608,153.206421,23.984621,-419.953644,0.000321,-3.607004,8.920000,6270,-7,27,-5
40.291481,0.009077,0.130764,-2.128736,0.000276,-0.047998,-0.178952,-0.002541,-1.638072,0.425701,-0.174575,0.000229,-0.000067,10.000000,-188.000000,12.000000,0.040872,0.000079,0.000000,0.000000,0.000000,-0.152280,396.000000,0.000000,0.000000,0.000000,0.000000,40.290504,106.060608,153.206421,23.984621,-419.953644,0.000306,-3.607051,8.920000,6270,-7,27,-5
40.293434,0.009077,0.130663,-2.129093,0.000271,-0.051264,-0.178069,-0.002551,-1.630920,0.447001,-0.174552,0.000231,-0.000067,10.000000,-188.000000,12.000000,0.040872,0.000079,0.000000,0.000000,0.000000,-0.152280,396.000000,0.000000,0.000000,0.000000,0.000000,40.292458,106.060608,153.206421,23.984621,-419.953644,0.000290,-3.607099,8.920000,6270,-7,27,-5
40.295387,0.009078,0.130556,-2.129448,0.000266,-0.054515,-0.177146,-0.002560,-1.624145,0.466203,-0.174530,0.000233,-0.000067,10.000000,-188.000000,12.000000,0.040872,0.000079,0.000000,0.000000,0.000000,-0.152280,396.000000,0.000000,0.000000,0.000000,0.000000,40.294411,106.060608,153.206421,23.984621,-419.953644,0.000274,-3.607150,8.920000,6270,-8,27,-5
40.297340,0.009078,0.130442,-2.129802,0.000261,-0.057754,-0.176187,-0.002568,-1.617713,0.483502,-0.174508,0.000234,-0.000067,10.000000,-188.000000,12.000000,0.040872,0.000079,0.000000,0.000000,0.000000,-0.152280,396.000000,0.000000,0.000000,0.000000,0.000000,40.296364,106.060608,153.206421,23.984621,-419.953644,0.000258,-3.607203,8.920000,6270,-8,27,-5
40.299297,0.009079,0.130321,-2.130153,0.000256,-0.060980,-0.175197,-0.002575,-1.611593,0.499075,-0.174486,0.000236,-0.000067,10.000000,-188.000000,12.000000,0.040872,0.000079,0.000000,0.000000,0.000000,-0.152280,396.000000,0.000000,0.000000,0.000000,0.000000,40.298321,106.060608,153.206421,23.984621,-419.953644,0.000240,-3.607257,8.920000,6270,-8,27,-5
40.301250,0.009079,0.130195,-2.130502,0.000251,-0.064195,-0.174177,-0.002580,-1.605759,0.513084,-0.174464,0.000237,-0.000066,10.000000,-188.000000,12.000000,0.040872,0.000079,0.000000,0.000000,0.000000,-0.152280,396.000000,0.000000,0.000000,0.000000,0.000000,40.300274,106.060608,153.206421,23.984621,-419.953644,0.000222,-3.607313,8.920000,6270,-8,27,-4
40.303204,0.009080,0.130061,-2.130849,0.000246,-0.067398,-0.173132,-0.002584,-1.600185,0.525675,-0.174442,0.000239,-0.000066,10.000000,-188.000000,12.000000,0.040872,0.000079,0.000000,0.000000,0.000000,-0.152280,396.000000,0.000000,0.000000,0.000000,0.000000,40.302227,106.060608,153.206421,23.984621,-419.953644,0.000211,-3.607348,8.920000,6270,-9,27,-4
40.305157,0.009080,0.129922,-2.131194,0.000240,-0.070590,-0.172064,-0.002586,-1.594846,0.536979,-0.174421,0.000240,-0.000066,10.000000,-188.000000,12.000000,0.040872,0.000079,0.000000,0.000000,0.000000,-0.152280,396.000000,0.000000,0.000000,0.000000,0.000000,40.304180,106.060608,153.206421,23.984621,-419.953644,0.000206,-3.607364,8.920000,6270,-9,27,-4
40.307114,0.009081,0.129775,-2.131537,0.000235,-0.073772,-0.170974,-0.002587,-1.589724,0.547117,-0.174400,0.000240,-0.000066,10.000000,-188.000000,12.000000,0.040872,0.000079,0.000000,0.000000,0.000000,-0.152280,396.000000,0.000000,0.000000,0.000000,0.000000,40.306137,106.060608,153.206421,23.984621,-419.953644,0.000199,-3.607385,8.920000,6270,-9,27,-4
40.309067,0.009081,0.129623,-2.131877,0.000230,-0.076944,-0.169866,-0.002586,-1.584800,0.556199,-0.174380,0.000241,-0.000065,10.000000,-188.000000,12.000000,0.040872,0.000079,0.000000,0.000000,0.000000,-0.152280,396.000000,0.000000,0.000000,0.000000,0.000000,40.308086,106.060608,153.206421,23.984621,-419.953644,0.000191,-3.607411,8.920000,6270,-9,27,-4
40.311020,0.009082,0.129464,-2.132216,0.000225,-0.080107,-0.168742,-0.002583,-1.580056,0.564322,-0.174360,0.000242,-0.000065,10.000000,-188.000000,12.000000,0.040872,0.000079,0.000000,0.000000,0.000000,-0.152280,396.000000,0.000000,0.000000,0.000000,0.000000,40.310043,106.060608,153.206421,23.984621,-419.953644,0.000182,-3.607440,8.920000,6270,-9,27,-4
40.312973,0.009082,0.129299,-2.132552,0.000220,-0.083260,-0.167602,-0.002579,-1.575478,0.571575,-0.174341,0.000242,-0.000065,10.000000,-188.000000,12.000000,0.040872,0.000079,0.000000,0.000000,0.000000,-0.152280,396.000000,0.000000,0.000000,0.000000,0.000000,40.311996,106.060608,153.206421,23.984621,-419.953644,0.000171,-3.607473,8.920000,6270,-9,27,-4
40.314926,0.009083,0.129128,-2.132886,0.000215,-0.086404,-0.166449,-0.002573,-1.571051,0.578042,-0.174323,0.000242,-0.000064,10.000000,-188.000000,12.000000,0.040872,0.000079,0.000000,0.000000,0.000000,-0.152280,396.000000,0.000000,0.000000,0.000000,0.000000,40.313953,106.060608,153.206421,23.984621,-419.953644,0.000160,-3.607509,8.920000,6270,-9,27,-3
40.316883,0.009083,0.128950,-2.133217,0.000209,-0.089540,-0.165284,-0.002565,-1.566765,0.583794,-0.174305,0.000242,-0.000064,10.000000,-188.000000,12.000000,0.040872,0.000079,0.000000,0.000000,0.000000,-0.152280,396.000000,0.000000,0.000000,0.000000,0.000000,40.315903,106.060608,153.206421,23.984621,-419.953644,0.000155,-3.607526,8.920000,6270,-9,27,-3
40.318836,0.009083,0.128766,-2.133546,0.000204,-0.092667,-0.164109,-0.002555,-1.562604,0.588899,-0.174288,0.000241,-0.000064,10.000000,-188.000000,12.000000,0.040872,0.000079,0.000000,0.000000,0.000000,-0.152280,396.000000,0.000000,0.000000,0.000000,0.000000,40.317860,106.060608,153.206421,23.984621,-419.953644,0.000155,-3.607525,8.920000,6270,-8,27,-3
40.320789,0.009084,0.128576,-2.133873,0.000199,-0.095786,-0.162924,-0.002544,-1.558560,0.593418,-0.174272,0.000241,-0.000063,10.000000,-188.000000,12.000000,0.040872,0.000079,0.000000,0.000000,0.000000,-0.152280,396.000000,0.000000,0.000000,0.000000,0.000000,40.319813,106.060608,153.206421,23.984621,-419.953644,0.000153,-3.607530,8.920000,6270,-8,27,-3
40.322742,0.009084,0.128379,-2.134197,0.000194,-0.098897,-0.161731,-0.002531,-1.554624,0.597405,-0.174257,0.000240,-0.000063,10.000000,-188.000000,12.000000,0.040872,0.000079,0.000000,0.000000,0.000000,-0.152280,396.000000,0.000000,0.000000,0.000000,0.000000,40.321770,106.060608,153.206421,23.984621,-419.953644,0.000150,-3.607540,8.920000,6271,-8,27,-3
40.324699,0.009085,0.128177,-2.134520,0.000189,-0.102001,-0.160531,-0.002516,-1.550805,0.600805,-0.174242,0.000239,-0.000062,10.000000,-188.000000,12.000000,0.040872,0.000079,0.000000,0.000000,0.000000,-0.152280,396.000000,0.000000,0.000000,0.000000,0.000000,40.323719,106.060608,153.206421,23.984621,-419.953644,0.000145,-3.607555,8.920000,6271,-8,27,-3
40.326653,0.009085,0.127968,-2.134839,0.000184,-0.105097,-0.159325,-0.002499,-1.547082,0.603745,-0.174229,0.000238,-0.000062,10.000000,-189.000000,19.000000,0.040872,0.000079,0.000000,0.000000,0.000000,-0.152280,388.000000,0.000000,0.000000,0.000000,0.000000,40.325676,106.060608,153.206421,23.984621,-419.953644,0.000139,-3.607575,8.920000,6271,-8,28,-3
40.328606,0.009085,0.127753,-2.135156,0.000179,-0.108186,-0.158114,-0.002480,-1.543440,0.606303,-0.174216,0.000236,-0.000061,10.000000,-189.000000,19.000000,0.019541,0.000043,0.000000,0.000000,0.067000,-0.153084,388.000000,0.000000,0.000000,0.000000,0.000000,40.327629,104.477585,119.726799,-23.627205,-351.815918,0.000131,-2.819154,8.912015,6092,-7,28,-3
40.330559,0.009086,0.127532,-2.135471,0.000174,-0.111263,-0.156873,-0.002455,-1.536589,0.627177,-0.174204,0.000234,-0.000061,10.000000,-189.000000,19.000000,0.019541,0.000043,0.000000,0.000000,0.000000,-0.153084,388.000000,0.000000,0.000000,0.000000,0.000000,40.329582,104.477585,119.726799,-23.627205,-351.815918,0.000122,-2.819183,8.912015,6092,-7,28,-2
40.332516,0.009086,0.127304,-2.135783,0.000169,-0.114324,-0.155581,-0.002427,-1.529063,0.651981,-0.174193,0.000233,-0.000060,10.000000,-189.000000,19.000000,0.019541,0.000043,0.000000,0.000000,0.000000,-0.153084,388.000000,0.000000,0.000000,0.000000,0.000000,40.331535,104.477585,119.726799,-23.627205,-351.815918,0.000119,-2.819194,8.912015,6092,-7,28,-2
40.334469,0.009086,0.127071,-2.136093,0.000164,-0.117372,-0.154243,-0.002398,-1.521983,0.674323,-0.174183,0.000231,-0.000060,10.000000,-189.000000,19.000000,0.019541,0.000043,0.000000,0.000000,0.000000,-0.153084,388.000000,0.000000,0.000000,0.000000,0.000000,40.333492,104.477585,119.726799,-23.627205,-351.815918,0.000121,-2.819187,8.912015,6092,-7,28,-2
40.336422,0.009087,0.126831,-2.136399,0.000160,-0.120406,-0.152864,-0.002368,-1.515311,0.694432,-0.174174,0.000228,-0.000059,10.000000,-189.000000,19.000000,0.019541,0.000043,0.000000,0.000000,0.000000,-0.153084,388.000000,0.000000,0.000000,0.000000,0.000000,40.335445,104.477585,119.726799,-23.627205,-351.815918,0.000121,-2.819186,8.912015,6092,-6,28,-2
40.338375,0.009087,0.126586,-2.136703,0.000155,-0.123427,-0.151448,-0.002337,-1.509010,0.712516,-0.174166,0.000226,-0.000058,10.000000,-189.000000,19.000000,0.019541,0.000043,0.000000,0.000000,0.000000,-0.153084,388.000000,0.000000,0.000000,0.000000,0.000000,40.337399,104.477585,119.726799,-23.627205,-351.815918,0.000120,-2.819190,8.912015,6092,-6,28,-2
40.340328,0.009087,0.126334,-2.137004,0.000150,-0.126436,-0.149998,-0.002305,-1.503047,0.728764,-0.174158,0.000224,-0.000058,10.000000,-189.000000,19.000000,0.019541,0.000043,0.000000,0.000000,0.000000,-0.153084,388.000000,0.000000,0.000000,0.000000,0.000000,40.339352,104.477585,119.726799,-23.627205,-351.815918,0.000117,-2.819199,8.912015,6092,-6,28,-2
40.342285,0.009088,0.126076,-2.137302,0.000146,-0.129434,-0.148519,-0.002272,-1.497390,0.743348,-0.174152,0.000221,-0.000057,10.000000,-189.000000,19.000000,0.019541,0.000043,0.000000,0.000000,0.000000,-0.153084,388.000000,0.000000,0.000000,0.000000,0.000000,40.341309,104.477585,119.726799,-23.627205,-351.815918,0.000112,-2.819213,8.912015,6092,-5,28,-2
40.344238,0.009088,0.125813,-2.137597,0.000141,-0.132420,-0.147012,-0.002239,-1.492013,0.756422,-0.174146,0.000218,-0.000056,10.000000,-189.000000,19.000000,0.019541,0.000043,0.000000,0.000000,0.000000,-0.153084,388.000000,0.000000,0.000000,0.000000,0.000000,40.343262,104.477585,119.726799,-23.627205,-351.815918,0.000107,-2.819231,8.912015,6092,-5,28,-2
40.346191,0.009088,0.125543,-2.137889,0.000137,-0.135397,-0.145482,-0.002205,-1.486891,0.768127,-0.174141,0.000215,-0.000056,10.000000,-189.000000,19.000000,0.019541,0.000043,0.000000,0.000000,0.000000,-0.153084,388.000000,0.000000,0.000000,0.000000,0.000000,40.345215,104.477585,119.726799,-23.627205,-351.815918,0.000100,-2.819253,8.912015,6092,-5,28,-1
40.348145,0.009088,0.125268,-2.138178,0.000133,-0.138363,-0.143930,-0.002170,-1.482003,0.778591,-0.174137,0.000212,-0.000055,10.000000,-189.000000,19.000000,0.019541,0.000043,0.000000,0.000000,0.000000,-0.153084,388.000000,0.000000,0.000000,0.000000,0.000000,40.347168,104.477585,119.726799,-23.627205,-351.815918,0.000099,-2.819255,8.912015,6092,-4,28,-1
40.350101,0.009089,0.124986,-2.138464,0.000128,-0.141320,-0.142358,-0.002135,-1.477323,0.787931,-0.174134,0.000209,-0.000054,10.000000,-189.000000,19.000000,0.019541,0.000043,0.000000,0.000000,0.000000,-0.153084,388.000000,0.000000,0.000000,0.000000,0.000000,40.349125,104.477585,119.726799,-23.627205,-351.815918,0.000104,-2.819240,8.912015,6092,-4,29,-1
40.352055,0.009089,0.124699,-2.138747,0.000124,-0.144268,-0.140770,-0.002099,-1.472836,0.796251,-0.174131,0.000206,-0.000053,10.000000,-189.000000,19.000000,0.019541,0.000043,0.000000,0.000000,0.000000,-0.153084,388.000000,0.000000,0.000000,0.000000,0.000000,40.351074,104.477585,119.726799,-23.627205,-351.815918,0.000107,-2.819231,8.912015,6092,-4,29,-1
40.354008,0.009089,0.124406,-2.139026,0.000120,-0.147207,-0.139166,-0.002063,-1.468525,0.803646,-0.174129,0.000203,-0.000053,10.000000,-189.000000,19.000000,0.019541,0.000043,0.000000,0.000000,0.000000,-0.153084,388.000000,0.000000,0.000000,0.000000,0.000000,40.353031,104.477585,119.726799,-23.627205,-351.815918,0.000108,-2.819228,8.912015,6092,-3,29,-1
40.355961,0.009089,0.124107,-2.139302,0.000116,-0.150138,-0.137549,-0.002026,-1.464374,0.810202,-0.174128,0.000200,-0.000052,10.000000,-189.000000,19.000000,0.019541,0.000043,0.000000,0.000000,0.000000,-0.153084,388.000000,0.000000,0.000000,0.000000,0.000000,40.354984,104.477585,119.726799,-23.627205,-351.815918,0.000107,-2.819230,8.912015,6092,-3,29,-1
40.357918,0.009090,0.123802,-2.139575,0.000112,-0.153061,-0.135920,-0.001988,-1.460368,0.815999,-0.174128,0.000196,-0.000051,10.000000,-189.000000,19.000000,0.019541,0.000043,0.000000,0.000000,0.000000,-0.153084,388.000000,0.000000,0.000000,0.000000,0.000000,40.356941,104.477585,119.726799,-23.627205,-351.815918,0.000105,-2.819236,8.912015,6092,-3,29,-1
40.359871,0.009090,0.123491,-2.139845,0.000108,-0.155975,-0.134280,-0.001951,-1.456496,0.821107,-0.174128,0.000193,-0.000050,10.000000,-189.000000,19.000000,0.019541,0.000043,0.000000,0.000000,0.000000,-0.153084,388.000000,0.000000,0.000000,0.000000,0.000000,40.358891,104.477585,119.726799,-23.627205,-351.815918,0.000102,-2.819247,8.912015,6092,-2,29,-1
40.361824,0.009090,0.123174,-2.140111,0.000104,-0.158883,-0.132631,-0.001913,-1.452745,0.825589,-0.174129,0.000189,-0.000049,10.000000,-189.000000,19.000000,0.019541,0.000043,0.000000,0.000000,0.000000,-0.153084,388.000000,0.000000,0.000000,0.000000,0.000000,40.360847,104.477585,119.726799,-23.627205,-351.815918,0.000097,-2.819263,8.912015,6092,-2,29,-1
40.363777,0.009090,0.122852,-2.140374,0.000100,-0.161783,-0.130974,-0.001875,-1.449104,0.829506,-0.174131,0.000186,-0.000049,10.000000,-189.000000,19.000000,0.019541,0.000043,0.000000,0.000000,0.000000,-0.153084,388.000000,0.000000,0.000000,0.000000,0.000000,40.362801,104.477585,119.726799,-23.627205,-351.815918,0.000091,-2.819281,8.912015,6092,-2,29,-1
40.365730,0.009091,0.122523,-2.140634,0.000097,-0.164676,-0.129310,-0.001837,-1.445566,0.832909,-0.174133,0.000182,-0.000048,10.000000,-189.000000,19.000000,0.019541,0.000043,0.000000,0.000000,0.000000,-0.153084,388.000000,0.000000,0.000000,0.000000,0.000000,40.364758,104.477585,119.726799,-23.627205,-351.815918,0.000084,-2.819304,8.912015,6092,-1,29,-1
40.367687,0.009091,0.122189,-2.140890,0.000093,-0.167562,-0.127639,-0.001799,-1.442119,0.835849,-0.174135,0.000178,-0.000047,10.000000,-189.000000,19.000000,0.019541,0.000043,0.000000,0.000000,0.000000,-0.153084,388.000000,0.000000,0.000000,0.000000,0.000000,40.366707,104.477585,119.726799,-23.627205,-351.815918,0.000076,-2.819329,8.912015,6092,-1,29,0
40.369640,0.009091,0.121850,-2.141143,0.000089,-0.170441,-0.125964,-0.001761,-1.438759,0.838367,-0.174138,0.000175,-0.000046,10.000000,-189.000000,19.000000,0.019541,0.000043,0.000000,0.000000,0.000000,-0.153084,388.000000,0.000000,0.000000,0.000000,0.000000,40.368664,104.477585,119.726799,-23.627205,-351.815918,0.000074,-2.819334,8.912015,6092,-1,29,0
40.371593,0.009091,0.121504,-2.141393,0.000086,-0.173313,-0.124284,-0.001723,-1.435473,0.840502,-0.174142,0.000171,-0.000045,10.000000,-189.000000,19.000000,0.019541,0.000043,0.000000,0.000000,0.000000,-0.153084,388.000000,0.000000,0.000000,0.000000,0.000000,40.370617,104.477585,119.726799,-23.627205,-351.815918,0.000078,-2.819321,8.912015,6092,0,29,0
40.373547,0.009091,0.121153,-2.141639,0.000083,-0.176180,-0.122600,-0.001684,-1.432259,0.842292,-0.174146,0.000167,-0.000045,10.000000,-189.000000,19.000000,0.019541,0.000043,0.000000,0.000000,0.000000,-0.153084,388.000000,0.000000,0.000000,0.000000,0.000000,40.372574,104.477585,119.726799,-23.627205,-351.815918,0.000080,-2.819314,8.912015,6092,0,29,0
40.375504,0.009091,0.120796,-2.141882,0.000079,-0.179039,-0.120913,-0.001646,-1.429109,0.843768,-0.174150,0.000164,-0.000044,10.000000,-189.000000,19.000000,0.019541,0.000043,0.000000,0.000000,0.000000,-0.153084,388.000000,0.000000,0.000000,0.000000,0.000000,40.374523,104.477585,119.726799,-23.627205,-351.815918,0.000081,-2.819311,8.912015,6092,0,29,0
40.377457,0.009092,0.120433,-2.142122,0.000076,-0.181893,-0.119224,-0.001608,-1.426017,0.844959,-0.174155,0.000160,-0.000043,10.000000,-189.000000,19.000000,0.019541,0.000043,0.000000,0.000000,0.000000,-0.153084,388.000000,0.000000,0.000000,0.000000,0.000000,40.376480,104.477585,119.726799,-23.627205,-351.815918,0.000080,-2.819314,8.912015,6092,0,29,0
40.379410,0.009092,0.120065,-2.142358,0.000073,-0.184740,-0.117533,-0.001571,-1.422980,0.845894,-0.174160,0.000157,-0.000042,10.000000,-189.000000,19.000000,0.019541,0.000043,0.000000,0.000000,0.000000,-0.153084,388.000000,0.000000,0.000000,0.000000,0.000000,40.378433,104.477585,119.726799,-23.627205,-351.815918,0.000078,-2.819321,8.912015,6092,0,29,0
40.381363,0.009092,0.119691,-2.142591,0.000070,-0.187582,-0.115840,-0.001533,-1.419991,0.846595,-0.174166,0.000153,-0.000041,10.000000,-189.000000,19.000000,0.019541,0.000043,0.000000,0.000000,0.000000,-0.153084,388.000000,0.000000,0.000000,0.000000,0.000000,40.380386,104.477585,119.726799,-23.627205,-351.815918,0.000075,-2.819332,8.912015,6092,0,29,0
40.383320,0.009092,0.119311,-2.142820,0.000067,-0.190417,-0.114146,-0.001495,-1.417048,0.847085,-0.174171,0.000149,-0.000041,10.000000,-189.000000,19.000000,0.019541,0.000043,0.000000,0.000000,0.000000,-0.153084,388.000000,0.000000,0.000000,0.000000,0.000000,40.382339,104.477585,119.726799,-23.627205,-351.815918,0.000070,-2.819347,8.912015,6092,0,29,0
40.385273,0.009092,0.118925,-2.143046,0.000064,-0.193247,-0.112451,-0.001458,-1.414146,0.847384,-0.174177,0.000146,-0.000040,10.000000,-189.000000,19.000000,0.019541,0.000043,0.000000,0.000000,0.000000,-0.153084,388.000000,0.000000,0.000000,0.000000,0.000000,40.384296,104.477585,119.726799,-23.627205,-351.815918,0.000064,-2.819365,8.912015,6092,0,29,0
40.387226,0.009092,0.118534,-2.143269,0.000061,-0.196071,-0.110756,-0.001421,-1.411282,0.847509,-0.174184,0.000142,-0.000039,10.000000,-189.000000,19.000000,0.019541,0.000043,0.000000,0.000000,0.000000,-0.153084,388.000000,0.000000,0.000000,0.000000,0.000000,40.386250,104.477585,119.726799,-23.627205,-351.815918,0.000057,-2.819387,8.912015,6092,0,29,0
40.389179,0.009092,0.118137,-2.143488,0.000058,-0.198889,-0.109061,-0.001384,-1.408453,0.847478,-0.174190,0.000138,-0.000038,10.000000,-189.000000,19.000000,0.019541,0.000043,0.000000,0.000000,0.000000,-0.153084,388.000000,0.000000,0.000000,0.000000,0.000000,40.388203,104.477585,119.726799,-23.627205,-351.815918,0.000049,-2.819411,8.912015,6092,1,29,0
40.391132,0.009092,0.117735,-2.143704,0.000056,-0.201702,-0.107367,-0.001347,-1.405656,0.847304,-0.174196,0.000135,-0.000038,10.000000,-189.000000,19.000000,0.019541,0.000043,0.000000,0.000000,0.000000,-0.153084,388.000000,0.000000,0.000000,0.000000,0.000000,40.390156,104.477585,119.726799,-23.627205,-351.815918,0.000041,-2.819439,8.912015,6092,1,29,0
40.393089,0.009093,0.117327,-2.143916,0.000053,-0.204509,-0.105672,-0.001311,-1.402888,0.847002,-0.174203,0.000131,-0.000037,10.000000,-189.000000,19.000000,0.019541,0.000043,0.000000,0.000000,0.000000,-0.153084,388.000000,0.000000,0.000000,0.000000,0.000000,40.392113,104.477585,119.726799,-23.627205,-351.815918,0.000031,-2.819468,8.912015,6092,1,29,0
40.395042,0.009093,0.116913,-2.144125,0.000050,-0.207311,-0.103979,-0.001274,-1.400148,0.846583,-0.174210,0.000127,-0.000036,10.000000,-189.000000,19.000000,0.019541,0.000043,0.000000,0.000000,0.000000,-0.153084,388.000000,0.000000,0.000000,0.000000,0.000000,40.394066,104.477585,119.726799,-23.627205,-351.815918,0.000021,-2.819501,8.912015,6092,1,29,0
40.396996,0.009093,0.116494,-2.144331,0.000048,-0.210107,-0.102287,-0.001238,-1.397431,0.846060,-0.174217,0.000124,-0.000036,10.000000,-189.000000,19.000000,0.019541,0.000043,0.000000,0.000000,0.000000,-0.153084,388.000000,0.000000,0.000000,0.000000,0.000000,40.396019,104.477585,119.726799,-23.627205,-351.815918,0.000010,-2.819535,8.912015,6092,1,29,0
40.398949,0.009093,0.116069,-2.144533,0.000045,-0.212898,-0.100595,-0.001203,-1.394738,0.845441,-0.174224,0.000120,-0.000035,10.000000,-189.000000,19.000000,0.019541,0.000043,0.000000,0.000000,0.000000,-0.153084,388.000000,0.000000,0.000000,0.000000,0.000000,40.397972,104.477585,119.726799,-23.627205,-351.815918,-0.000002,-2.819572,8.912015,6092,1,29,0
40.400906,0.009093,0.115639,-2.144732,0.000043,-0.215683,-0.098906,-0.001167,-1.392065,0.844735,-0.174231,0.000117,-0.000034,10.000000,-189.000000,19.000000,0.019541,0.000043,0.000000,0.000000,0.000000,-0.153084,388.000000,0.000000,0.000000,0.000000,0.000000,40.399929,104.477585,119.726799,-23.627205,-351.815918,-0.000014,-2.819610,8.912015,6092,2,29,0
40.402859,0.009093,0.115203,-2.144927,0.000041,-0.218464,-0.097217,-0.001132,-1.389412,0.843953,-0.174238,0.000113,-0.000034,10.000000,-189.000000,19.000000,0.019541,0.000043,0.000000,0.000000,0.000000,-0.153084,388.000000,0.000000,0.000000,0.000000,0.000000,40.401878,104.477585,119.726799,-23.627205,-351.815918,-0.000027,-2.819651,8.912015,6092,2,29,0
40.404812,0.009093,0.114761,-2.145119,0.000039,-0.221239,-0.095531,-0.001097,-1.386776,0.843099,-0.174245,0.000110,-0.000033,10.000000,-189.000000,26.000000,0.019541,0.000043,0.000000,0.000000,0.000000,-0.153084,384.000000,0.000000,0.000000,0.000000,0.000000,40.403835,104.477585,119.726799,-23.627205,-351.815918,-0.000040,-2.819693,8.912015,6092,2,29,0
40.406765,0.009093,0.114314,-2.145308,0.000036,-0.224008,-0.093846,-0.001062,-1.384156,0.842182,-0.174251,0.000106,-0.000033,10.000000,-189.000000,26.000000,0.008920,0.000009,0.000000,0.000000,0.067000,-0.077534,384.000000,0.000000,0.000000,0.000000,0.000000,40.405788,104.477608,103.639458,0.000342,-263.732208,-0.000054,-2.440880,8.915000,6024,2,29,1
40.408718,0.009093,0.113862,-2.145494,0.000034,-0.226771,-0.092153,-0.001027,-1.380305,0.848299,-0.174258,0.000103,-0.000032,10.000000,-189.000000,26.000000,0.008920,0.000009,0.000000,0.000000,0.000000,-0.077534,384.000000,0.000000,0.000000,0.000000,0.000000,40.407745,104.477608,103.639458,0.000342,-263.732208,-0.000061,-2.440902,8.915000,6024,2,29,1
40.410675,0.009093,0.113404,-2.145675,0.000032,-0.229525,-0.090445,-0.000992,-1.376182,0.855975,-0.174265,0.000099,-0.000032,10.000000,-189.000000,26.000000,0.008920,0.000009,0.000000,0.000000,0.000000,-0.077534,384.000000,0.000000,0.000000,0.000000,0.000000,40.409695,104.477608,103.639458,0.000342,-263.732208,-0.000062,-2.440905,8.915000,6024,2,29,1
40.412628,0.009093,0.112940,-2.145854,0.000030,-0.232272,-0.088723,-0.000958,-1.372218,0.862778,-0.174272,0.000096,-0.000031,10.000000,-189.000000,26.000000,0.008920,0.000009,0.000000,0.000000,0.000000,-0.077534,384.000000,0.000000,0.000000,0.000000,0.000000,40.411652,104.477608,103.639458,0.000342,-263.732208,-0.000065,-2.440912,8.915000,6024,2,29,1
40.414581,0.009093,0.112471,-2.146029,0.000029,-0.235010,-0.086988,-0.000924,-1.368397,0.868789,-0.174279,0.000092,-0.000031,10.000000,-189.000000,26.000000,0.008920,0.000009,0.000000,0.000000,0.000000,-0.077534,384.000000,0.000000,0.000000,0.000000,0.000000,40.413605,104.477608,103.639458,0.000342,-263.732208,-0.000068,-2.440924,8.915000,6024,2,29,1
40.416534,0.009093,0.111996,-2.146200,0.000027,-0.237742,-0.085243,-0.000890,-1.364707,0.874080,-0.174285,0.000089,-0.000030,10.000000,-189.000000,26.000000,0.008920,0.000009,0.000000,0.000000,0.000000,-0.077534,384.000000,0.000000,0.000000,0.000000,0.000000,40.415562,104.477608,103.639458,0.000342,-263.732208,-0.000073,-2.440939,8.915000,6024,2,30,1
40.418491,0.009094,0.111516,-2.146369,0.000025,-0.240466,-0.083487,-0.000857,-1.361135,0.878721,-0.174292,0.000086,-0.000030,10.000000,-189.000000,26.000000,0.008920,0.000009,0.000000,0.000000,0.000000,-0.077534,384.000000,0.000000,0.000000,0.000000,0.000000,40.417511,104.477608,103.639458,0.000342,-263.732208,-0.000079,-2.440958,8.915000,6024,2,30,2
40.420444,0.009094,0.111031,-2.146533,0.000023,-0.243183,-0.081724,-0.000825,-1.357673,0.882772,-0.174298,0.000082,-0.000030,10.000000,-189.000000,26.000000,0.008920,0.000009,0.000000,0.000000,0.000000,-0.077534,384.000000,0.000000,0.000000,0.000000,0.000000,40.419468,104.477608,103.639458,0.000342,-263.732208,-0.000079,-2.440957,8.915000,6024,2,30,2
40.422398,0.009094,0.110540,-2.146694,0.000022,-0.245893,-0.079953,-0.000793,-1.354307,0.886287,-0.174305,0.000079,-0.000029,10.000000,-189.000000,26.000000,0.008920,0.000009,0.000000,0.000000,0.000000,-0.077534,384.000000,0.000000,0.000000,0.000000,0.000000,40.421421,104.477608,103.639458,0.000342,-263.732208,-0.000073,-2.440938,8.915000,6024,2,30,2
40.424351,0.009094,0.110043,-2.146851,0.000020,-0.248597,-0.078176,-0.000762,-1.351030,0.889316,-0.174311,0.000076,-0.000029,10.000000,-189.000000,26.000000,0.008920,0.000009,0.000000,0.000000,0.000000,-0.077534,384.000000,0.000000,0.000000,0.000000,0.000000,40.423374,104.477608,103.639458,0.000342,-263.732208,-0.000069,-2.440925,8.915000,6024,2,30,2
40.426308,0.009094,0.109542,-2.147005,0.000019,-0.251294,-0.076393,-0.000731,-1.347834,0.891906,-0.174316,0.000073,-0.000028,10.000000,-189.000000,26.000000,0.008920,0.000009,0.000000,0.000000,0.000000,-0.077534,384.000000,0.000000,0.000000,0.000000,0.000000,40.425327,104.477608,103.639458,0.000342,-263.732208,-0.000066,-2.440918,8.915000,6024,2,30,2
40.428261,0.009094,0.109035,-2.147155,0.000017,-0.253985,-0.074606,-0.000701,-1.344712,0.894097,-0.174322,0.000070,-0.000028,10.000000,-189.000000,26.000000,0.008920,0.000009,0.000000,0.000000,0.000000,-0.077534,384.000000,0.000000,0.000000,0.000000,0.000000,40.427284,104.477608,103.639458,0.000342,-263.732208,-0.000066,-2.440916,8.915000,6024,2,30,2
40.430214,0.009094,0.108522,-2.147302,0.000016,-0.256670,-0.072815,-0.000673,-1.341656,0.895928,-0.174328,0.000067,-0.000028,10.000000,-189.000000,26.000000,0.008920,0.000009,0.000000,0.000000,0.000000,-0.077534,384.000000,0.000000,0.000000,0.000000,0.000000,40.429237,104.477608,103.639458,0.000342,-263.732208,-0.000067,-2.440918,8.915000,6024,2,30,3
40.432167,0.009094,0.108004,-2.147445,0.000015,-0.259349,-0.071021,-0.000644,-1.338664,0.897431,-0.174333,0.000064,-0.000027,10.000000,-189.000000,26.000000,0.008920,0.000009,0.000000,0.000000,0.000000,-0.077534,384.000000,0.000000,0.000000,0.000000,0.000000,40.431190,104.477608,103.639458,0.000342,-263.732208,-0.000061,-2.440902,8.915000,6024,2,30,3
40.434120,0.009094,0.107481,-2.147585,0.000013,-0.262021,-0.069224,-0.000617,-1.335724,0.898637,-0.174338,0.000061,-0.000027,10.000000,-189.000000,26.000000,0.008920,0.000009,0.000000,0.000000,0.000000,-0.077534,384.000000,0.000000,0.000000,0.000000,0.000000,40.433144,104.477608,103.639458,0.000342,-263.732208,-0.000051,-2.440869,8.915000,6024,2,30,3
40.436077,0.009094,0.106952,-2.147720,0.000012,-0.264689,-0.067425,-0.000591,-1.332836,0.899575,-0.174343,0.000059,-0.000026,10.000000,-189.000000,26.000000,0.008920,0.000009,0.000000,0.000000,0.000000,-0.077534,384.000000,0.000000,0.000000,0.000000,0.000000,40.435101,104.477608,103.639458,0.000342,-263.732208,-0.000042,-2.440842,8.915000,6024,2,30,3
40.438030,0.009094,0.106418,-2.147853,0.000011,-0.267350,-0.065625,-0.000566,-1.329993,0.900269,-0.174348,0.000056,-0.000026,10.000000,-189.000000,26.000000,0.008920,0.000009,0.000000,0.000000,0.000000,-0.077534,384.000000,0.000000,0.000000,0.000000,0.000000,40.437054,104.477608,103.639458,0.000342,-263.732208,-0.000036,-2.440822,8.915000,6024,2,29,3
40.439983,0.009094,0.105879,-2.147981,0.000010,-0.270006,-0.063824,-0.000542,-1.327193,0.900741,-0.174352,0.000054,-0.000026,10.000000,-189.000000,26.000000,0.008920,0.000009,0.000000,0.000000,0.000000,-0.077534,384.000000,0.000000,0.000000,0.000000,0.000000,40.439007,104.477608,103.639458,0.000342,-263.732208,-0.000031,-2.440808,8.915000,6024,2,29,3
40.441936,0.009094,0.105335,-2.148107,0.000009,-0.272656,-0.062022,-0.000519,-1.324430,0.901014,-0.174357,0.000051,-0.000025,10.000000,-189.000000,26.000000,0.008920,0.000009,0.000000,0.000000,0.000000,-0.077534,384.000000,0.000000,0.000000,0.000000,0.000000,40.440960,104.477608,103.639458,0.000342,-263.732208,-0.000029,-2.440799,8.915000,6024,2,29,3
40.443893,0.009094,0.104785,-2.148228,0.000008,-0.275301,-0.060220,-0.000496,-1.321703,0.901105,-0.174361,0.000049,-0.000025,10.000000,-189.000000,26.000000,0.008920,0.000009,0.000000,0.000000,0.000000,-0.077534,384.000000,0.000000,0.000000,0.000000,0.000000,40.442917,104.477608,103.639458,0.000342,-263.732208,-0.000027,-2.440796,8.915000,6024,2,29,4
40.445847,0.009094,0.104230,-2.148346,0.000007,-0.277940,-0.058418,-0.000475,-1.319009,0.901033,-0.174364,0.000047,-0.000025,10.000000,-189.000000,26.000000,0.008920,0.000009,0.000000,0.000000,0.000000,-0.077534,384.000000,0.000000,0.000000,0.000000,0.000000,40.444866,104.477608,103.639458,0.000342,-263.732208,-0.000020,-2.440773,8.915000,6024,2,29,4
40.447800,0.009094,0.103669,-2.148460,0.000006,-0.280574,-0.056616,-0.000455,-1.316342,0.900813,-0.174368,0.000045,-0.000024,10.000000,-189.000000,26.000000,0.008920,0.000009,0.000000,0.000000,0.000000,-0.077534,384.000000,0.000000,0.000000,0.000000,0.000000,40.446823,104.477608,103.639458,0.000342,-263.732208,-0.000008,-2.440734,8.915000,6024,2,29,4
40.449753,0.009094,0.103104,-2.148571,0.000005,-0.283203,-0.054815,-0.000435,-1.313702,0.900458,-0.174371,0.000043,-0.000024,10.000000,-189.000000,26.000000,0.008920,0.000009,0.000000,0.000000,0.000000,-0.077534,384.000000,0.000000,0.000000,0.000000,0.000000,40.448776,104.477608,103.639458,0.000342,-263.732208,0.000003,-2.440701,8.915000,6024,2,29,4
40.451710,0.009094,0.102533,-2.148678,0.000004,-0.285826,-0.053015,-0.000417,-1.311087,0.899982,-0.174375,0.000041,-0.000024,10.000000,-189.000000,26.000000,0.008920,0.000009,0.000000,0.000000,0.000000,-0.077534,384.000000,0.000000,0.000000,0.000000,0.000000,40.450733,104.477608,103.639458,0.000342,-263.732208,0.000011,-2.440676,8.915000,6024,2,29,4
40.453663,0.009094,0.101957,-2.148781,0.000004,-0.288445,-0.051216,-0.000399,-1.308493,0.899396,-0.174378,0.000039,-0.000023,10.000000,-189.000000,26.000000,0.008920,0.000009,0.000000,0.000000,0.000000,-0.077534,384.000000,0.000000,0.000000,0.000000,0.000000,40.452682,104.477608,103.639458,0.000342,-263.732208,0.000017,-2.440656,8.915000,6024,2,29,4
40.455616,0.009094,0.101375,-2.148881,0.000003,-0.291058,-0.049418,-0.000382,-1.305921,0.898709,-0.174380,0.000037,-0.000023,10.000000,-189.000000,26.000000,0.008920,0.000009,0.000000,0.000000,0.000000,-0.077534,384.000000,0.000000,0.000000,0.000000,0.000000,40.454639,104.477608,103.639458,0.000342,-263.732208,0.000021,-2.440642,8.915000,6024,2,29,4
40.457569,0.009094,0.100789,-2.148977,0.000002,-0.293666,-0.047622,-0.000366,-1.303367,0.897933,-0.174383,0.000036,-0.000023,10.000000,-189.000000,26.000000,0.008920,0.000009,0.000000,0.000000,0.000000,-0.077534,384.000000,0.000000,0.000000,0.000000,0.000000,40.456593,104.477608,103.639458,0.000342,-263.732208,0.000024,-2.440633,8.915000,6024,2,29,4
40.459522,0.009094,0.100197,-2.149070,0.000001,-0.296269,-0.045827,-0.000350,-1.300831,0.897076,-0.174385,0.000034,-0.000022,10.000000,-189.000000,26.000000,0.008920,0.000009,0.000000,0.000000,0.000000,-0.077534,384.000000,0.000000,0.000000,0.000000,0.000000,40.458549,104.477608,103.639458,0.000342,-263.732208,0.000026,-2.440629,8.915000,6024,2,29,4
40.461479,0.009094,0.099600,-2.149159,0.000001,-0.298867,-0.044034,-0.000335,-1.298311,0.896145,-0.174387,0.000033,-0.000022,10.000000,-189.000000,26.000000,0.008920,0.000009,0.000000,0.000000,0.000000,-0.077534,384.000000,0.000000,0.000000,0.000000,0.000000,40.460499,104.477608,103.639458,0.000342,-263.732208,0.000026,-2.440629,8.915000,6024,2,29,4
40.463432,0.009094,0.098998,-2.149244,-0.000000,-0.301459,-0.042243,-0.000321,-1.295806,0.895148,-0.174389,0.000031,-0.000022,10.000000,-188.000000,34.000000,0.008920,0.000009,0.000000,0.000000,0.000000,-0.077534,388.000000,0.000000,0.000000,0.000000,0.000000,40.462456,104.477608,103.639458,0.000342,-263.732208,0.000024,-2.440632,8.915000,6024,2,29,4
40.465385,0.009094,0.098390,-2.149326,-0.000001,-0.304047,-0.040455,-0.000307,-1.293314,0.894091,-0.174391,0.000030,-0.000021,10.000000,-188.000000,34.000000,0.016437,-0.000000,0.000000,0.000000,0.066000,0.078303,388.000000,0.000000,0.000000,0.000000,0.000000,40.464409,121.212151,107.618607,253.553741,-110.683578,0.000022,-2.534349,8.923030,6045,2,29,5
40.467339,0.009094,0.097778,-2.149405,-0.000001,-0.306631,-0.038671,-0.000294,-1.291223,0.890790,-0.174392,0.000029,-0.000021,10.000000,-188.000000,34.000000,0.016437,-0.000000,0.000000,0.000000,0.000000,0.078303,388.000000,0.000000,0.000000,0.000000,0.000000,40.466366,121.212151,107.618607,253.553741,-110.683578,0.000026,-2.534336,8.923030,6045,2,29,5
40.469296,0.009094,0.097160,-2.149479,-0.000002,-0.309210,-0.036895,-0.000282,-1.289230,0.886943,-0.174394,0.000027,-0.000021,10.000000,-188.000000,34.000000,0.016437,-0.000000,0.000000,0.000000,0.000000,0.078303,388.000000,0.000000,0.000000,0.000000,0.000000,40.468315,121.212151,107.618607,253.553741,-110.683578,0.000036,-2.534306,8.923030,6045,2,29,5
40.471249,0.009094,0.096537,-2.149550,-0.000002,-0.311786,-0.035127,-0.000270,-1.287202,0.883306,-0.174395,0.000026,-0.000020,10.000000,-188.000000,34.000000,0.016437,-0.000000,0.000000,0.000000,0.000000,0.078303,388.000000,0.000000,0.000000,0.000000,0.000000,40.470272,121.212151,107.618607,253.553741,-110.683578,0.000043,-2.534282,8.923030,6045,1,29,5
40.473202,0.009094,0.095909,-2.149618,-0.000003,-0.314357,-0.033365,-0.000259,-1.285143,0.879861,-0.174396,0.000025,-0.000020,10.000000,-188.000000,34.000000,0.016437,-0.000000,0.000000,0.000000,0.000000,0.078303,388.000000,0.000000,0.000000,0.000000,0.000000,40.472225,121.212151,107.618607,253.553741,-110.683578,0.000049,-2.534264,8.923030,6045,1,29,5
40.475155,0.009094,0.095276,-2.149682,-0.000003,-0.316924,-0.031611,-0.000248,-1.283057,0.876591,-0.174397,0.000024,-0.000020,10.000000,-188.000000,34.000000,0.016437,-0.000000,0.000000,0.000000,0.000000,0.078303,388.000000,0.000000,0.000000,0.000000,0.000000,40.474178,121.212151,107.618607,253.553741,-110.683578,0.000053,-2.534251,8.923030,6045,1,29,5
40.477112,0.009094,0.094637,-2.149743,-0.000004,-0.319487,-0.029862,-0.000238,-1.280946,0.873480,-0.174397,0.000023,-0.000020,10.000000,-188.000000,34.000000,0.016437,-0.000000,0.000000,0.000000,0.000000,0.078303,388.000000,0.000000,0.000000,0.000000,0.000000,40.476131,121.212151,107.618607,253.553741,-110.683578,0.000056,-2.534243,8.923030,6045,1,29,5
40.479065,0.009094,0.093994,-2.149800,-0.000004,-0.322046,-0.028120,-0.000228,-1.278813,0.870512,-0.174397,0.000022,-0.000019,10.000000,-188.000000,34.000000,0.016437,-0.000000,0.000000,0.000000,0.000000,0.078303,388.000000,0.000000,0.000000,0.000000,0.000000,40.478088,121.212151,107.618607,253.553741,-110.683578,0.000057,-2.534239,8.923030,6045,1,29,5
40.481018,0.009094,0.093345,-2.149854,-0.000005,-0.324600,-0.026383,-0.000219,-1.276660,0.867675,-0.174398,0.000021,-0.000019,10.000000,-188.000000,34.000000,0.016437,-0.000000,0.000000,0.000000,0.000000,0.078303,388.000000,0.000000,0.000000,0.000000,0.000000,40.480042,121.212151,107.618607,253.553741,-110.683578,0.000057,-2.534239,8.923030,6045,1,29,5
40.482971,0.009094,0.092692,-2.149904,-0.000005,-0.327150,-0.024652,-0.000210,-1.274490,0.864957,-0.174398,0.000020,-0.000019,10.000000,-188.000000,34.000000,0.016437,-0.000000,0.000000,0.000000,0.000000,0.078303,388.000000,0.000000,0.000000,0.000000,0.000000,40.481995,121.212151,107.618607,253.553741,-110.683578,0.000056,-2.534243,8.923030,6045,1,29,5
40.484924,0.009094,0.092033,-2.149951,-0.000006,-0.329696,-0.022926,-0.000201,-1.272303,0.862347,-0.174398,0.000019,-0.000018,10.000000,-188.000000,34.000000,0.016437,-0.000000,0.000000,0.000000,0.000000,0.078303,388.000000,0.000000,0.000000,0.000000,0.000000,40.483948,121.212151,107.618607,253.553741,-110.683578,0.000053,-2.534251,8.923030,6045,1,29,5
40.486881,0.009094,0.091369,-2.149994,-0.000006,-0.332237,-0.021205,-0.000193,-1.270104,0.859835,-0.174397,0.000019,-0.000018,10.000000,-188.000000,34.000000,0.016437,-0.000000,0.000000,0.000000,0.000000,0.078303,388.000000,0.000000,0.000000,0.000000,0.000000,40.485905,121.212151,107.618607,253.553741,-110.683578,0.000050,-2.534261,8.923030,6045,1,29,5
40.488834,0.009094,0.090700,-2.150034,-0.000006,-0.334774,-0.019489,-0.000186,-1.267892,0.857413,-0.174397,0.000018,-0.000018,10.000000,-188.000000,34.000000,0.016437,-0.000000,0.000000,0.000000,0.000000,0.078303,388.000000,0.000000,0.000000,0.000000,0.000000,40.487858,121.212151,107.618607,253.553741,-110.683578,0.000045,-2.534275,8.923030,6045,1,29,5
40.490788,0.009094,0.090026,-2.150070,-0.000007,-0.337307,-0.017777,-0.000179,-1.265669,0.855072,-0.174396,0.000017,-0.000018,10.000000,-188.000000,34.000000,0.016437,-0.000000,0.000000,0.000000,0.000000,0.078303,388.000000,0.000000,0.000000,0.000000,0.000000,40.489811,121.212151,107.618607,253.553741,-110.683578,0.000040,-2.534292,8.923030,6045,1,29,5
40.492741,0.009094,0.089347,-2.150104,-0.000007,-0.339835,-0.016071,-0.000172,-1.263437,0.852805,-0.174396,0.000017,-0.000018,10.000000,-188.000000,34.000000,0.016437,-0.000000,0.000000,0.000000,0.000000,0.078303,388.000000,0.000000,0.000000,0.000000,0.000000,40.491764,121.212151,107.618607,253.553741,-110.683578,0.000034,-2.534311,8.923030,6045,1,29,5
40.494698,0.009094,0.088663,-2.150133,-0.000007,-0.342358,-0.014368,-0.000166,-1.261197,0.850605,-0.174395,0.000016,-0.000017,10.000000,-188.000000,34.000000,0.016437,-0.000000,0.000000,0.000000,0.000000,0.078303,388.000000,0.000000,0.000000,0.000000,0.000000,40.493721,121.212151,107.618607,253.553741,-110.683578,0.000027,-2.534333,8.923030,6045,1,29,6
40.496651,0.009094,0.087974,-2.150159,-0.000008,-0.344877,-0.012670,-0.000160,-1.258951,0.848467,-0.174394,0.000015,-0.000017,10.000000,-188.000000,34.000000,0.016437,-0.000000,0.000000,0.000000,0.000000,0.078303,388.000000,0.000000,0.000000,0.000000,0.000000,40.495670,121.212151,107.618607,253.553741,-110.683578,0.000027,-2.534333,8.923030,6045,1,29,6
40.498604,0.009094,0.087279,-2.150182,-0.000008,-0.347392,-0.010977,-0.000154,-1.256698,0.846384,-0.174393,0.000015,-0.000017,10.000000,-188.000000,34.000000,0.016437,-0.000000,0.000000,0.000000,0.000000,0.078303,388.000000,0.000000,0.000000,0.000000,0.000000,40.497627,121.212151,107.618607,253.553741,-110.683578,0.000033,-2.534314,8.923030,6045,1,29,6
40.500557,0.009094,0.086580,-2.150202,-0.000008,-0.349902,-0.009287,-0.000149,-1.254439,0.844352,-0.174392,0.000014,-0.000017,10.000000,-188.000000,34.000000,0.016437,-0.000000,0.000000,0.000000,0.000000,0.078303,388.000000,0.000000,0.000000,0.000000,0.000000,40.499580,121.212151,107.618607,253.553741,-110.683578,0.000037,-2.534301,8.923030,6045,0,29,6
40.502510,0.009094,0.085876,-2.150218,-0.000009,-0.352407,-0.007601,-0.000145,-1.252175,0.842368,-0.174390,0.000014,-0.000017,10.000000,-188.000000,34.000000,0.016437,-0.000000,0.000000,0.000000,0.000000,0.078303,388.000000,0.000000,0.000000,0.000000,0.000000,40.501537,121.212151,107.618607,253.553741,-110.683578,0.000040,-2.534292,8.923030,6045,0,29,6
40.504467,0.009094,0.085167,-2.150230,-0.000009,-0.354908,-0.005919,-0.000140,-1.249907,0.840425,-0.174389,0.000013,-0.000017,10.000000,-188.000000,34.000000,0.016437,-0.000000,0.000000,0.000000,0.000000,0.078303,388.000000,0.000000,0.000000,0.000000,0.000000,40.503487,121.212151,107.618607,253.553741,-110.683578,0.000041,-2.534288,8.923030,6045,0,29,6
40.506420,0.009094,0.084452,-2.150240,-0.000009,-0.357404,-0.004241,-0.000136,-1.247637,0.838520,-0.174387,0.000013,-0.000016,10.000000,-188.000000,34.000000,0.016437,-0.000000,0.000000,0.000000,0.000000,0.078303,388.000000,0.000000,0.000000,0.000000,0.000000,40.505444,121.212151,107.618607,253.553741,-110.683578,0.000041,-2.534289,8.923030,6045,0,29,6
40.508373,0.009094,0.083733,-2.150246,-0.000009,-0.359896,-0.002567,-0.000132,-1.245364,0.836652,-0.174385,0.000013,-0.000016,10.000000,-188.000000,34.000000,0.016437,-0.000000,0.000000,0.000000,0.000000,0.078303,388.000000,0.000000,0.000000,0.000000,0.000000,40.507397,121.212151,107.618607,253.553741,-110.683578,0.000040,-2.534292,8.923030,6045,0,29,6
40.510326,0.009094,0.083009,-2.150248,-0.000010,-0.362384,-0.000897,-0.000129,-1.243089,0.834815,-0.174384,0.000012,-0.000016,10.000000,-188.000000,34.000000,0.016437,-0.000000,0.000000,0.000000,0.000000,0.078303,388.000000,0.000000,0.000000,0.000000,0.000000,40.509354,121.212151,107.618607,253.553741,-110.683578,0.000038,-2.534300,8.923030,6045,0,29,6
40.512283,0.009094,0.082280,-2.150248,-0.000010,-0.364866,0.000770,-0.000126,-1.240814,0.833008,-0.174382,0.000012,-0.000016,10.000000,-188.000000,34.000000,0.016437,-0.000000,0.000000,0.000000,0.000000,0.078303,388.000000,0.000000,0.000000,0.000000,0.000000,40.511303,121.212151,107.618607,253.553741,-110.683578,0.000034,-2.534311,8.923030,6045,0,28,6
40.514236,0.009094,0.081545,-2.150244,-0.000010,-0.367345,0.002434,-0.000123,-1.238537,0.831228,-0.174380,0.000012,-0.000016,10.000000,-188.000000,34.000000,0.016437,-0.000000,0.000000,0.000000,0.000000,0.078303,388.000000,0.000000,0.000000,0.000000,0.000000,40.513260,121.212151,107.618607,253.553741,-110.683578,0.000030,-2.534324,8.923030,6045,0,28,6
40.516190,0.009094,0.080806,-2.150236,-0.000010,-0.369818,0.004093,-0.000121,-1.236261,0.829472,-0.174378,0.000012,-0.000016,10.000000,-188.000000,34.000000,0.016437,-0.000000,0.000000,0.000000,0.000000,0.078303,388.000000,0.000000,0.000000,0.000000,0.000000,40.515213,121.212151,107.618607,253.553741,-110.683578,0.000025,-2.534341,8.923030,6045,0,28,6
40.518143,0.009094,0.080062,-2.150226,-0.000011,-0.372287,0.005750,-0.000118,-1.233984,0.827739,-0.174376,0.000011,-0.000016,10.000000,-188.000000,34.000000,0.016437,-0.000000,0.000000,0.000000,0.000000,0.078303,388.000000,0.000000,0.000000,0.000000,0.000000,40.517166,121.212151,107.618607,253.553741,-110.683578,0.000019,-2.534360,8.923030,6045,0,28,6
40.520100,0.009094,0.079313,-2.150212,-0.000011,-0.374752,0.007403,-0.000116,-1.231708,0.826027,-0.174374,0.000011,-0.000016,10.000000,-188.000000,34.000000,0.016437,-0.000000,0.000000,0.000000,0.000000,0.078303,388.000000,0.000000,0.000000,0.000000,0.000000,40.519119,121.212151,107.618607,253.553741,-110.683578,0.000012,-2.534381,8.923030,6045,0,28,7
40.522053,0.009094,0.078559,-2.150194,-0.000011,-0.377212,0.009052,-0.000113,-1.229435,0.824335,-0.174371,0.000011,-0.000016,10.000000,-187.000000,40.000000,0.016437,-0.000000,0.000000,0.000000,0.000000,0.078303,376.000000,0.000000,0.000000,0.000000,0.000000,40.521076,121.212151,107.618607,253.553741,-110.683578,0.000012,-2.534382,8.923030,6045,0,28,7
40.524006,0.009094,0.077800,-2.150174,-0.000011,-0.379667,0.010698,-0.000111,-1.227161,0.822661,-0.174369,0.000011,-0.000016,10.000000,-187.000000,40.000000,-0.010926,-0.000003,0.000000,0.000000,0.067000,-0.236300,376.000000,0.000000,0.000000,0.000000,0.000000,40.523029,89.552238,91.552147,-472.535980,-203.488647,0.000018,-2.155998,8.927985,5986,0,28,7
40.525959,0.009094,0.077037,-2.150150,-0.000012,-0.382117,0.012349,-0.000108,-1.223805,0.827154,-0.174367,0.000010,-0.000016,10.000000,-187.000000,40.000000,-0.010926,-0.000003,0.000000,0.000000,0.000000,-0.236300,376.000000,0.000000,0.000000,0.000000,0.000000,40.524982,89.552238,91.552147,-472.535980,-203.488647,0.000022,-2.155984,8.927985,5986,0,28,7
40.527912,0.009094,0.076268,-2.150123,-0.000012,-0.384559,0.014013,-0.000106,-1.220204,0.833062,-0.174365,0.000010,-0.000015,10.000000,-187.000000,40.000000,-0.010926,-0.000003,0.000000,0.000000,0.000000,-0.236300,376.000000,0.000000,0.000000,0.000000,0.000000,40.526936,89.552238,91.552147,-472.535980,-203.488647,0.000025,-2.155974,8.927985,5986,0,28,7
40.529869,0.009094,0.075494,-2.150092,-0.000012,-0.386994,0.015687,-0.000103,-1.216732,0.838266,-0.174362,0.000010,-0.000015,10.000000,-187.000000,40.000000,-0.010926,-0.000003,0.000000,0.000000,0.000000,-0.236300,376.000000,0.000000,0.000000,0.000000,0.000000,40.528893,89.552238,91.552147,-472.535980,-203.488647,0.000027,-2.155969,8.927985,5986,0,28,7
40.531822,0.009093,0.074716,-2.150058,-0.000012,-0.389423,0.017370,-0.000100,-1.213376,0.842832,-0.174360,0.000010,-0.000015,10.000000,-187.000000,40.000000,-0.010926,-0.000003,0.000000,0.000000,0.000000,-0.236300,376.000000,0.000000,0.000000,0.000000,0.000000,40.530846,89.552238,91.552147,-472.535980,-203.488647,0.000027,-2.155968,8.927985,5986,0,28,7
40.533775,0.009093,0.073933,-2.150021,-0.000012,-0.391845,0.019062,-0.000097,-1.210127,0.846820,-0.174357,0.000009,-0.000015,10.000000,-187.000000,40.000000,-0.010926,-0.000003,0.000000,0.000000,0.000000,-0.236300,376.000000,0.000000,0.000000,0.000000,0.000000,40.532799,89.552238,91.552147,-472.535980,-203.488647,0.000026,-2.155971,8.927985,5986,0,29,7
40.535728,0.009093,0.073145,-2.149980,-0.000013,-0.394260,0.020761,-0.000094,-1.206974,0.850284,-0.174355,0.000009,-0.000015,10.000000,-187.000000,40.000000,-0.010926,-0.000003,0.000000,0.000000,0.000000,-0.236300,376.000000,0.000000,0.000000,0.000000,0.000000,40.534752,89.552238,91.552147,-472.535980,-203.488647,0.000024,-2.155977,8.927985,5986,0,29,7
40.537685,0.009093,0.072352,-2.149936,-0.000013,-0.396669,0.022466,-0.000090,-1.203910,0.853272,-0.174352,0.000009,-0.000015,10.000000,-187.000000,40.000000,-0.010926,-0.000003,0.000000,0.000000,0.000000,-0.236300,376.000000,0.000000,0.000000,0.000000,0.000000,40.536709,89.552238,91.552147,-472.535980,-203.488647,0.000021,-2.155986,8.927985,5986,0,29,7
40.539639,0.009093,0.071554,-2.149888,-0.000013,-0.399073,0.024176,-0.000087,-1.200926,0.855830,-0.174350,0.000008,-0.000015,10.000000,-187.000000,40.000000,-0.010926,-0.000003,0.000000,0.000000,0.000000,-0.236300,376.000000,0.000000,0.000000,0.000000,0.000000,40.538658,89.552238,91.552147,-472.535980,-203.488647,0.000017,-2.155999,8.927985,5986,0,29,7
40.541592,0.009093,0.070751,-2.149837,-0.000013,-0.401470,0.025891,-0.000084,-1.198016,0.857998,-0.174347,0.000008,-0.000015,10.000000,-187.000000,40.000000,-0.010926,-0.000003,0.000000,0.000000,0.000000,-0.236300,376.000000,0.000000,0.000000,0.000000,0.000000,40.540615,89.552238,91.552147,-472.535980,-203.488647,0.000012,-2.156014,8.927985,5986,0,29,7
40.543545,0.009093,0.069944,-2.149783,-0.000013,-0.403862,0.027610,-0.000082,-1.195172,0.859811,-0.174345,0.000008,-0.000015,10.000000,-187.000000,40.000000,-0.010926,-0.000003,0.000000,0.000000,0.000000,-0.236300,376.000000,0.000000,0.000000,0.000000,0.000000,40.542568,89.552238,91.552147,-472.535980,-203.488647,0.000007,-2.156032,8.927985,5986,0,29,7
40.545502,0.009093,0.069132,-2.149725,-0.000013,-0.406248,0.029332,-0.000079,-1.192389,0.861305,-0.174342,0.000008,-0.000015,10.000000,-187.000000,40.000000,-0.010926,-0.000003,0.000000,0.000000,0.000000,-0.236300,376.000000,0.000000,0.000000,0.000000,0.000000,40.544525,89.552238,91.552147,-472.535980,-203.488647,0.000000,-2.156052,8.927985,5986,0,29,8
40.547455,0.009093,0.068315,-2.149664,-0.000014,-0.408629,0.031056,-0.000077,-1.189664,0.862508,-0.174340,0.000007,-0.000015,10.000000,-187.000000,40.000000,-0.010926,-0.000003,0.000000,0.000000,0.000000,-0.236300,376.000000,0.000000,0.000000,0.000000,0.000000,40.546474,89.552238,91.552147,-472.535980,-203.488647,0.000001,-2.156051,8.927985,5986,0,28,8
40.549408,0.009093,0.067493,-2.149599,-0.000014,-0.411004,0.032783,-0.000076,-1.186988,0.863446,-0.174337,0.000007,-0.000015,10.000000,-187.000000,40.000000,-0.010926,-0.000003,0.000000,0.000000,0.000000,-0.236300,376.000000,0.000000,0.000000,0.000000,0.000000,40.548431,89.552238,91.552147,-472.535980,-203.488647,0.000007,-2.156032,8.927985,5986,0,28,8
40.551361,0.009093,0.066667,-2.149531,-0.000014,-0.413374,0.034511,-0.000075,-1.184359,0.864147,-0.174335,0.000007,-0.000015,10.000000,-187.000000,40.000000,-0.010926,-0.000003,0.000000,0.000000,0.000000,-0.236300,376.000000,0.000000,0.000000,0.000000,0.000000,40.550385,89.552238,91.552147,-472.535980,-203.488647,0.000011,-2.156017,8.927985,5986,0,28,8
40.553314,0.009093,0.065836,-2.149459,-0.000014,-0.415739,0.036240,-0.000073,-1.181772,0.864632,-0.174332,0.000007,-0.000015,10.000000,-187.000000,40.000000,-0.010926,-0.000003,0.000000,0.000000,0.000000,-0.236300,376.000000,0.000000,0.000000,0.000000,0.000000,40.552341,89.552238,91.552147,-472.535980,-203.488647,0.000015,-2.156008,8.927985,5986,0,28,8
40.555271,0.009093,0.065000,-2.149384,-0.000014,-0.418099,0.037970,-0.000073,-1.179224,0.864921,-0.174330,0.000007,-0.000014,10.000000,-187.000000,40.000000,-0.010926,-0.000003,0.000000,0.000000,0.000000,-0.236300,376.000000,0.000000,0.000000,0.000000,0.000000,40.554291,89.552238,91.552147,-472.535980,-203.488647,0.000016,-2.156002,8.927985,5986,0,28,8
40.557224,0.009093,0.064159,-2.149305,-0.000014,-0.420453,0.039700,-0.000072,-1.176712,0.865033,-0.174327,0.000007,-0.000014,10.000000,-187.000000,40.000000,-0.010926,-0.000003,0.000000,0.000000,0.000000,-0.236300,376.000000,0.000000,0.000000,0.000000,0.000000,40.556248,89.552238,91.552147,-472.535980,-203.488647,0.000017,-2.156001,8.927985,5986,0,28,8
40.559177,0.009093,0.063314,-2.149223,-0.000014,-0.422803,0.041430,-0.000071,-1.174232,0.864985,-0.174324,0.000007,-0.000014,10.000000,-187.000000,40.000000,-0.010926,-0.000003,0.000000,0.000000,0.000000,-0.236300,376.000000,0.000000,0.000000,0.000000,0.000000,40.558201,89.552238,91.552147,-472.535980,-203.488647,0.000016,-2.156003,8.927985,5986,0,28,8
40.561131,0.009093,0.062464,-2.149138,-0.000015,-0.425148,0.043159,-0.000070,-1.171783,0.864792,-0.174322,0.000007,-0.000014,10.000000,-187.000000,40.000000,-0.010926,-0.000003,0.000000,0.000000,0.000000,-0.236300,376.000000,0.000000,0.000000,0.000000,0.000000,40.560158,89.552238,91.552147,-472.535980,-203.488647,0.000014,-2.156009,8.927985,5986,0,28,8
40.563087,0.009093,0.061610,-2.149049,-0.000015,-0.427488,0.044888,-0.000069,-1.169361,0.864468,-0.174319,0.000007,-0.000014,10.000000,-187.000000,40.000000,-0.010926,-0.000003,0.000000,0.000000,0.000000,-0.236300,376.000000,0.000000,0.000000,0.000000,0.000000,40.562107,89.552238,91.552147,-472.535980,-203.488647,0.000011,-2.156018,8.927985,5986,0,28,8
40.565041,0.009093,0.060750,-2.148956,-0.000015,-0.429823,0.046617,-0.000068,-1.166965,0.864024,-0.174316,0.000007,-0.000014,10.000000,-187.000000,40.000000,-0.010926,-0.000003,0.000000,0.000000,0.000000,-0.236300,376.000000,0.000000,0.000000,0.000000,0.000000,40.564064,89.552238,91.552147,-472.535980,-203.488647,0.000007,-2.156031,8.927985,5986,-1,28,8
40.566994,0.009093,0.059886,-2.148860,-0.000015,-0.432153,0.048344,-0.000066,-1.164592,0.863474,-0.174314,0.000006,-0.000014,10.000000,-187.000000,40.000000,-0.010926,-0.000003,0.000000,0.000000,0.000000,-0.236300,376.000000,0.000000,0.000000,0.000000,0.000000,40.566017,89.552238,91.552147,-472.535980,-203.488647,0.000002,-2.156046,8.927985,5986,-1,28,8
40.568947,0.009093,0.059018,-2.148761,-0.000015,-0.434479,0.050070,-0.000065,-1.162241,0.862826,-0.174311,0.000006,-0.000014,10.000000,-187.000000,40.000000,-0.010926,-0.000003,0.000000,0.000000,0.000000,-0.236300,376.000000,0.000000,0.000000,0.000000,0.000000,40.567970,89.552238,91.552147,-472.535980,-203.488647,-0.000003,-2.156063,8.927985,5986,-1,28,9
40.570904,0.009093,0.058144,-2.148658,-0.000015,-0.436800,0.051795,-0.000063,-1.159912,0.862092,-0.174309,0.000006,-0.000014,10.000000,-187.000000,40.000000,-0.010926,-0.000003,0.000000,0.000000,0.000000,-0.236300,376.000000,0.000000,0.000000,0.000000,0.000000,40.569923,89.552238,91.552147,-472.535980,-203.488647,-0.000002,-2.156060,8.927985,5986,-1,28,9
40.572857,0.009093,0.057266,-2.148552,-0.000015,-0.439116,0.053518,-0.000061,-1.157600,0.861277,-0.174306,0.000006,-0.000014,10.000000,-187.000000,40.000000,-0.010926,-0.000003,0.000000,0.000000,0.000000,-0.236300,376.000000,0.000000,0.000000,0.000000,0.000000,40.571880,89.552238,91.552147,-472.535980,-203.488647,0.000005,-2.156038,8.927985,5986,-1,28,9
40.574810,0.009093,0.056384,-2.148442,-0.000016,-0.441428,0.055239,-0.000058,-1.155305,0.860390,-0.174303,0.000006,-0.000014,10.000000,-187.000000,40.000000,-0.010926,-0.000003,0.000000,0.000000,0.000000,-0.236300,376.000000,0.000000,0.000000,0.000000,0.000000,40.573833,89.552238,91.552147,-472.535980,-203.488647,0.000010,-2.156021,8.927985,5986,-1,29,9
40.576763,0.009093,0.055496,-2.148329,-0.000016,-0.443735,0.056958,-0.000055,-1.153027,0.859439,-0.174301,0.000005,-0.000014,10.000000,-187.000000,40.000000,-0.010926,-0.000003,0.000000,0.000000,0.000000,-0.236300,376.000000,0.000000,0.000000,0.000000,0.000000,40.575787,89.552238,91.552147,-472.535980,-203.488647,0.000014,-2.156009,8.927985,5986,-1,29,9
40.578716,0.009093,0.054605,-2.148212,-0.000016,-0.446038,0.058675,-0.000053,-1.150764,0.858429,-0.174299,0.000005,-0.000014,10.000000,-187.000000,40.000000,-0.010926,-0.000003,0.000000,0.000000,0.000000,-0.236300,376.000000,0.000000,0.000000,0.000000,0.000000,40.577740,89.552238,91.552147,-472.535980,-203.488647,0.000016,-2.156002,8.927985,5986,-1,29,9
40.580673,0.009093,0.053708,-2.148092,-0.000016,-0.448336,0.060391,-0.000050,-1.148515,0.857368,-0.174296,0.000005,-0.000014,10.000000,-187.000000,40.000000,-0.010926,-0.000003,0.000000,0.000000,0.000000,-0.236300,376.000000,0.000000,0.000000,0.000000,0.000000,40.579697,89.552238,91.552147,-472.535980,-203.488647,0.000017,-2.155999,8.927985,5986,-1,29,9
40.582626,0.009093,0.052807,-2.147969,-0.000016,-0.450630,0.062104,-0.000047,-1.146280,0.856258,-0.174294,0.000004,-0.000014,10.000000,-187.000000,40.000000,-0.010926,-0.000003,0.000000,0.000000,0.000000,-0.236300,376.000000,0.000000,0.000000,0.000000,0.000000,40.581650,89.552238,91.552147,-472.535980,-203.488647,0.000017,-2.155999,8.927985,5986,-1,29,9
40.584579,0.009093,0.051902,-2.147842,-0.000016,-0.452919,0.063815,-0.000044,-1.144058,0.855105,-0.174292,0.000004,-0.000014,10.000000,-187.000000,40.000000,-0.010926,-0.000003,0.000000,0.000000,0.000000,-0.236300,376.000000,0.000000,0.000000,0.000000,0.000000,40.583603,89.552238,91.552147,-472.535980,-203.488647,0.000016,-2.156003,8.927985,5986,-1,29,9
40.586533,0.009093,0.050991,-2.147712,-0.000016,-0.455204,0.065523,-0.000041,-1.141847,0.853915,-0.174289,0.000004,-0.000014,10.000000,-187.000000,40.000000,-0.010926,-0.000003,0.000000,0.000000,0.000000,-0.236300,376.000000,0.000000,0.000000,0.000000,0.000000,40.585556,89.552238,91.552147,-472.535980,-203.488647,0.000013,-2.156011,8.927985,5986,-1,29,9
40.588490,0.009093,0.050077,-2.147578,-0.000016,-0.457484,0.067229,-0.000038,-1.139648,0.852689,-0.174287,0.000003,-0.000013,10.000000,-187.000000,40.000000,-0.010926,-0.000003,0.000000,0.000000,0.000000,-0.236300,376.000000,0.000000,0.000000,0.000000,0.000000,40.587513,89.552238,91.552147,-472.535980,-203.488647,0.000010,-2.156021,8.927985,5986,-1,29,9
40.590443,0.009093,0.049157,-2.147441,-0.000016,-0.459760,0.068933,-0.000035,-1.137459,0.851432,-0.174285,0.000003,-0.000013,10.000000,-187.000000,40.000000,-0.010926,-0.000003,0.000000,0.000000,0.000000,-0.236300,376.000000,0.000000,0.000000,0.000000,0.000000,40.589462,89.552238,91.552147,-472.535980,-203.488647,0.000006,-2.156034,8.927985,5986,-1,29,9
40.592396,0.009093,0.048234,-2.147300,-0.000016,-0.462032,0.070633,-0.000032,-1.135280,0.850147,-0.174283,0.000003,-0.000013,10.000000,-187.000000,40.000000,-0.010926,-0.000003,0.000000,0.000000,0.000000,-0.236300,376.000000,0.000000,0.000000,0.000000,0.000000,40.591419,89.552238,91.552147,-472.535980,-203.488647,0.000001,-2.156050,8.927985,5986,-1,29,9
40.594349,0.009093,0.047305,-2.147156,-0.000016,-0.464299,0.072332,-0.000029,-1.133111,0.848837,-0.174281,0.000003,-0.000013,10.000000,-187.000000,40.000000,-0.010926,-0.000003,0.000000,0.000000,0.000000,-0.236300,376.000000,0.000000,0.000000,0.000000,0.000000,40.593372,89.552238,91.552147,-472.535980,-203.488647,-0.000005,-2.156069,8.927985,5986,-1,29,10
40.596306,0.009093,0.046372,-2.147009,-0.000016,-0.466562,0.074027,-0.000027,-1.130953,0.847505,-0.174280,0.000002,-0.000013,10.000000,-187.000000,40.000000,-0.010926,-0.000003,0.000000,0.000000,0.000000,-0.236300,376.000000,0.000000,0.000000,0.000000,0.000000,40.595329,89.552238,91.552147,-472.535980,-203.488647,-0.000004,-2.156065,8.927985,5986,-1,29,10
40.598259,0.009092,0.045435,-2.146858,-0.000016,-0.468821,0.075720,-0.000025,-1.128802,0.846152,-0.174278,0.000002,-0.000013,10.000000,-187.000000,40.000000,-0.010926,-0.000003,0.000000,0.000000,0.000000,-0.236300,376.000000,0.000000,0.000000,0.000000,0.000000,40.597279,89.552238,91.552147,-472.535980,-203.488647,0.000003,-2.156044,8.927985,5986,-1,29,10
40.600212,0.009092,0.044493,-2.146704,-0.000017,-0.471075,0.077411,-0.000022,-1.126659,0.844782,-0.174276,0.000002,-0.000013,10.000000,-186.000000,47.000000,-0.010926,-0.000003,0.000000,0.000000,0.000000,-0.236300,378.000000,0.000000,0.000000,0.000000,0.000000,40.599236,89.552238,91.552147,-472.535980,-203.488647,0.000008,-2.156027,8.927985,5986,-1,29,10
40.602165,0.009092,0.043546,-2.146546,-0.000017,-0.473325,0.079098,-0.000021,-1.124524,0.843395,-0.174275,0.000002,-0.000013,10.000000,-186.000000,47.000000,-0.005448,-0.000004,0.000000,0.000000,0.067000,0.039537,378.000000,0.000000,0.000000,0.000000,0.000000,40.601189,104.477562,94.560631,222.765915,-79.628235,0.000012,-2.226865,8.932985,6000,-1,29,10
40.604118,0.009092,0.042595,-2.146386,-0.000017,-0.475571,0.080781,-0.000019,-1.122654,0.840535,-0.174273,0.000001,-0.000013,10.000000,-186.000000,47.000000,-0.005448,-0.000004,0.000000,0.000000,0.000000,0.039537,378.000000,0.000000,0.000000,0.000000,0.000000,40.603146,104.477562,94.560631,222.765915,-79.628235,0.000014,-2.226858,8.932985,6000,-1,29,10
40.606075,0.009092,0.041640,-2.146221,-0.000017,-0.477814,0.082457,-0.000017,-1.120850,0.837330,-0.174272,0.000001,-0.000013,10.000000,-186.000000,47.000000,-0.005448,-0.000004,0.000000,0.000000,0.000000,0.039537,378.000000,0.000000,0.000000,0.000000,0.000000,40.605095,104.477562,94.560631,222.765915,-79.628235,0.000015,-2.226855,8.932985,6000,-1,29,10
40.608028,0.009092,0.040680,-2.146054,-0.000017,-0.480053,0.084127,-0.000016,-1.119024,0.834283,-0.174271,0.000001,-0.000013,10.000000,-186.000000,47.000000,-0.005448,-0.000004,0.000000,0.000000,0.000000,0.039537,378.000000,0.000000,0.000000,0.000000,0.000000,40.607052,104.477562,94.560631,222.765915,-79.628235,0.000015,-2.226856,8.932985,6000,-1,29,10
40.609982,0.009092,0.039716,-2.145883,-0.000017,-0.482288,0.085791,-0.000015,-1.117177,0.831382,-0.174270,0.000001,-0.000013,10.000000,-186.000000,47.000000,-0.005448,-0.000004,0.000000,0.000000,0.000000,0.039537,378.000000,0.000000,0.000000,0.000000,0.000000,40.609005,104.477562,94.560631,222.765915,-79.628235,0.000013,-2.226861,8.932985,6000,-1,29,10
40.611935,0.009092,0.038747,-2.145709,-0.000017,-0.484520,0.087450,-0.000014,-1.115314,0.828613,-0.174269,0.000001,-0.000013,10.000000,-186.000000,47.000000,-0.005448,-0.000004,0.000000,0.000000,0.000000,0.039537,378.000000,0.000000,0.000000,0.000000,0.000000,40.610958,104.477562,94.560631,222.765915,-79.628235,0.000011,-2.226868,8.932985,6000,-1,28,10
40.613892,0.009092,0.037773,-2.145531,-0.000017,-0.486748,0.089103,-0.000014,-1.113434,0.825962,-0.174268,0.000001,-0.000013,10.000000,-186.000000,47.000000,-0.005448,-0.000004,0.000000,0.000000,0.000000,0.039537,378.000000,0.000000,0.000000,0.000000,0.000000,40.612911,104.477562,94.560631,222.765915,-79.628235,0.000008,-2.226879,8.932985,6000,-1,28,10
40.615845,0.009092,0.036795,-2.145350,-0.000017,-0.488972,0.090751,-0.000014,-1.111541,0.823420,-0.174267,0.000001,-0.000013,10.000000,-186.000000,47.000000,-0.005448,-0.000004,0.000000,0.000000,0.000000,0.039537,378.000000,0.000000,0.000000,0.000000,0.000000,40.614868,104.477562,94.560631,222.765915,-79.628235,0.000004,-2.226892,8.932985,6000,-1,28,10
40.617798,0.009092,0.035813,-2.145166,-0.000017,-0.491192,0.092395,-0.000013,-1.109637,0.820977,-0.174267,0.000001,-0.000013,10.000000,-186.000000,47.000000,-0.005448,-0.000004,0.000000,0.000000,0.000000,0.039537,378.000000,0.000000,0.000000,0.000000,0.000000,40.616821,104.477562,94.560631,222.765915,-79.628235,-0.000001,-2.226907,8.932985,6000,-1,28,10
40.619751,0.009092,0.034827,-2.144979,-0.000017,-0.493408,0.094033,-0.000013,-1.107721,0.818624,-0.174267,0.000001,-0.000013,10.000000,-186.000000,47.000000,-0.005448,-0.000004,0.000000,0.000000,0.000000,0.039537,378.000000,0.000000,0.000000,0.000000,0.000000,40.618774,104.477562,94.560631,222.765915,-79.628235,-0.000007,-2.226925,8.932985,6000,-1,28,11
40.621704,0.009092,0.033835,-2.144788,-0.000017,-0.495621,0.095667,-0.000013,-1.105799,0.816353,-0.174266,0.000001,-0.000013,10.000000,-186.000000,47.000000,-0.005448,-0.000004,0.000000,0.000000,0.000000,0.039537,378.000000,0.000000,0.000000,0.000000,0.000000,40.620728,104.477562,94.560631,222.765915,-79.628235,-0.000006,-2.226922,8.932985,6000,-1,28,11
40.623661,0.009092,0.032840,-2.144594,-0.000017,-0.497830,0.097296,-0.000014,-1.103867,0.814157,-0.174266,0.000001,-0.000013,10.000000,-186.000000,47.000000,-0.005448,-0.000004,0.000000,0.000000,0.000000,0.039537,378.000000,0.000000,0.000000,0.000000,0.000000,40.622684,104.477562,94.560631,222.765915,-79.628235,0.000001,-2.226899,8.932985,6000,-1,28,11
40.625614,0.009092,0.031840,-2.144397,-0.000017,-0.500034,0.098921,-0.000014,-1.101929,0.812028,-0.174266,0.000001,-0.000013,10.000000,-186.000000,47.000000,-0.005448,-0.000004,0.000000,0.000000,0.000000,0.039537,378.000000,0.000000,0.000000,0.000000,0.000000,40.624638,104.477562,94.560631,222.765915,-79.628235,0.000007,-2.226882,8.932985,6000,-1,28,11
40.627567,0.009092,0.030835,-2.144196,-0.000017,-0.502235,0.100542,-0.000014,-1.099985,0.809960,-0.174266,0.000001,-0.000013,10.000000,-186.000000,47.000000,-0.005448,-0.000004,0.000000,0.000000,0.000000,0.039537,378.000000,0.000000,0.000000,0.000000,0.000000,40.626591,104.477562,94.560631,222.765915,-79.628235,0.000011,-2.226870,8.932985,6000,0,28,11
40.629520,0.009092,0.029827,-2.143992,-0.000017,-0.504432,0.102159,-0.000014,-1.098037,0.807949,-0.174266,0.000001,-0.000013,10.000000,-186.000000,47.000000,-0.005448,-0.000004,0.000000,0.000000,0.000000,0.039537,378.000000,0.000000,0.000000,0.000000,0.000000,40.628544,104.477562,94.560631,222.765915,-79.628235,0.000013,-2.226861,8.932985,6000,0,28,11
40.631477,0.009092,0.028814,-2.143785,-0.000017,-0.506626,0.103772,-0.000014,-1.096086,0.805990,-0.174267,0.000001,-0.000013,10.000000,-186.000000,47.000000,-0.005448,-0.000004,0.000000,0.000000,0.000000,0.039537,378.000000,0.000000,0.000000,0.000000,0.000000,40.630501,104.477562,94.560631,222.765915,-79.628235,0.000015,-2.226857,8.932985,6000,0,28,11
40.633430,0.009092,0.027796,-2.143575,-0.000017,-0.508815,0.105381,-0.000014,-1.094131,0.804077,-0.174267,0.000001,-0.000013,10.000000,-186.000000,47.000000,-0.005448,-0.000004,0.000000,0.000000,0.000000,0.039537,378.000000,0.000000,0.000000,0.000000,0.000000,40.632450,104.477562,94.560631,222.765915,-79.628235,0.000015,-2.226856,8.932985,6000,0,28,11
40.635384,0.009092,0.026774,-2.143362,-0.000017,-0.511000,0.106987,-0.000014,-1.092174,0.802207,-0.174268,0.000001,-0.000013,10.000000,-186.000000,47.000000,-0.005448,-0.000004,0.000000,0.000000,0.000000,0.039537,378.000000,0.000000,0.000000,0.000000,0.000000,40.634407,104.477562,94.560631,222.765915,-79.628235,0.000014,-2.226859,8.932985,6000,0,28,11
40.637337,0.009092,0.025748,-2.143145,-0.000017,-0.513182,0.108588,-0.000013,-1.090216,0.800376,-0.174268,0.000001,-0.000013,10.000000,-186.000000,47.000000,-0.005448,-0.000004,0.000000,0.000000,0.000000,0.039537,378.000000,0.000000,0.000000,0.000000,0.000000,40.636360,104.477562,94.560631,222.765915,-79.628235,0.000012,-2.226865,8.932985,6000,0,28,11
40.639294,0.009092,0.024717,-2.142926,-0.000017,-0.515359,0.110186,-0.000013,-1.088256,0.798580,-0.174269,0.000001,-0.000013,10.000000,-186.000000,47.000000,-0.005448,-0.000004,0.000000,0.000000,0.000000,0.039537,378.000000,0.000000,0.000000,0.000000,0.000000,40.638317,104.477562,94.560631,222.765915,-79.628235,0.000009,-2.226873,8.932985,6000,0,28,11
40.641247,0.009092,0.023682,-2.142703,-0.000017,-0.517533,0.111781,-0.000012,-1.086296,0.796817,-0.174270,0.000001,-0.000013,10.000000,-186.000000,47.000000,-0.005448,-0.000004,0.000000,0.000000,0.000000,0.039537,378.000000,0.000000,0.000000,0.000000,0.000000,40.640266,104.477562,94.560631,222.765915,-79.628235,0.000006,-2.226884,8.932985,6000,0,28,11
40.643200,0.009092,0.022643,-2.142476,-0.000017,-0.519702,0.113372,-0.000011,-1.084335,0.795084,-0.174271,0.000001,-0.000013,10.000000,-186.000000,47.000000,-0.005448,-0.000004,0.000000,0.000000,0.000000,0.039537,378.000000,0.000000,0.000000,0.000000,0.000000,40.642223,104.477562,94.560631,222.765915,-79.628235,0.000002,-2.226898,8.932985,6000,0,28,11
40.645153,0.009092,0.021599,-2.142247,-0.000017,-0.521868,0.114959,-0.000010,-1.082374,0.793378,-0.174272,0.000001,-0.000013,10.000000,-186.000000,47.000000,-0.005448,-0.000004,0.000000,0.000000,0.000000,0.039537,378.000000,0.000000,0.000000,0.000000,0.000000,40.644176,104.477562,94.560631,222.765915,-79.628235,-0.000003,-2.226913,8.932985,6000,0,28,12
40.647106,0.009092,0.020551,-2.142015,-0.000017,-0.524030,0.116544,-0.000009,-1.080415,0.791697,-0.174273,0.000001,-0.000013,10.000000,-186.000000,47.000000,-0.005448,-0.000004,0.000000,0.000000,0.000000,0.039537,378.000000,0.000000,0.000000,0.000000,0.000000,40.646133,104.477562,94.560631,222.765915,-79.628235,-0.000002,-2.226908,8.932985,6000,0,28,12
40.649063,0.009092,0.019499,-2.141779,-0.000017,-0.526188,0.118125,-0.000008,-1.078455,0.790039,-0.174274,0.000000,-0.000013,10.000000,-186.000000,47.000000,-0.005448,-0.000004,0.000000,0.000000,0.000000,0.039537,378.000000,0.000000,0.000000,0.000000,0.000000,40.648083,104.477562,94.560631,222.765915,-79.628235,0.000006,-2.226883,8.932985,6000,0,29,12
40.651016,0.009092,0.018442,-2.141540,-0.000017,-0.528342,0.119702,-0.000006,-1.076496,0.788402,-0.174275,0.000000,-0.000012,10.000000,-186.000000,47.000000,-0.005448,-0.000004,0.000000,0.000000,0.000000,0.039537,378.000000,0.000000,0.000000,0.000000,0.000000,40.650040,104.477562,94.560631,222.765915,-79.628235,0.000012,-2.226864,8.932985,6000,0,29,12
40.652969,0.009092,0.017381,-2.141298,-0.000017,-0.530492,0.121277,-0.000004,-1.074538,0.786784,-0.174276,-0.000000,-0.000012,10.000000,-186.000000,47.000000,-0.005448,-0.000004,0.000000,0.000000,0.000000,0.039537,378.000000,0.000000,0.000000,0.000000,0.000000,40.651993,104.477562,94.560631,222.765915,-79.628235,0.000017,-2.226849,8.932985,6000,0,29,12
40.654922,0.009091,0.016316,-2.141053,-0.000017,-0.532638,0.122848,-0.000002,-1.072581,0.785185,-0.174277,-0.000000,-0.000012,10.000000,-186.000000,47.000000,-0.005448,-0.000004,0.000000,0.000000,0.000000,0.039537,378.000000,0.000000,0.000000,0.000000,0.000000,40.653950,104.477562,94.560631,222.765915,-79.628235,0.000020,-2.226839,8.932985,6000,0,29,12
40.656879,0.009091,0.015246,-2.140805,-0.000017,-0.534780,0.124416,0.000001,-1.070626,0.783601,-0.174279,-0.000001,-0.000012,10.000000,-186.000000,47.000000,-0.005448,-0.000004,0.000000,0.000000,0.000000,0.039537,378.000000,0.000000,0.000000,0.000000,0.000000,40.655899,104.477562,94.560631,222.765915,-79.628235,0.000022,-2.226832,8.932985,6000,0,29,12
40.658833,0.009091,0.014172,-2.140553,-0.000017,-0.536918,0.125981,0.000004,-1.068673,0.782033,-0.174280,-0.000001,-0.000012,10.000000,-184.000000,51.000000,-0.005448,-0.000004,0.000000,0.000000,0.000000,0.039537,380.000000,0.000000,0.000000,0.000000,0.000000,40.657856,104.477562,94.560631,222.765915,-79.628235,0.000023,-2.226829,8.932985,6000,0,29,12
40.660786,0.009091,0.013094,-2.140299,-0.000017,-0.539053,0.127542,0.000006,-1.066722,0.780478,-0.174281,-0.000001,-0.000012,10.000000,-184.000000,51.000000,-0.000583,-0.000004,0.000000,0.000000,0.066000,0.039925,380.000000,0.000000,0.000000,0.000000,0.000000,40.659809,60.606075,70.098572,-664.719666,-241.515289,0.000023,-1.650749,8.946060,5928,0,29,12
40.662739,0.009091,0.012012,-2.140041,-0.000017,-0.541182,0.129111,0.000009,-1.063451,0.786444,-0.174283,-0.000002,-0.000012,10.000000,-184.000000,51.000000,-0.000583,-0.000004,0.000000,0.000000,0.000000,0.039925,380.000000,0.000000,0.000000,0.000000,0.000000,40.661762,60.606075,70.098572,-664.719666,-241.515289,0.000023,-1.650751,8.946060,5928,0,29,12
40.664696,0.009091,0.010925,-2.139780,-0.000017,-0.543303,0.130696,0.000012,-1.059882,0.794129,-0.174284,-0.000002,-0.000012,10.000000,-184.000000,51.000000,-0.000583,-0.000004,0.000000,0.000000,0.000000,0.039925,380.000000,0.000000,0.000000,0.000000,0.000000,40.663715,60.606075,70.098572,-664.719666,-241.515289,0.000021,-1.650754,8.946060,5928,0,29,12
40.666649,0.009091,0.009834,-2.139516,-0.000017,-0.545418,0.132294,0.000015,-1.056469,0.800950,-0.174285,-0.000002,-0.000012,10.000000,-184.000000,51.000000,-0.000583,-0.000004,0.000000,0.000000,0.000000,0.039925,380.000000,0.000000,0.000000,0.000000,0.000000,40.665672,60.606075,70.098572,-664.719666,-241.515289,0.000019,-1.650760,8.946060,5928,0,29,12
40.668602,0.009091,0.008739,-2.139249,-0.000017,-0.547526,0.133905,0.000018,-1.053199,0.806985,-0.174287,-0.000002,-0.000012,10.000000,-184.000000,51.000000,-0.000583,-0.000004,0.000000,0.000000,0.000000,0.039925,380.000000,0.000000,0.000000,0.000000,0.000000,40.667625,60.606075,70.098572,-664.719666,-241.515289,0.000017,-1.650769,8.946060,5928,0,29,12
40.670555,0.009091,0.007640,-2.138978,-0.000017,-0.549627,0.135527,0.000021,-1.050058,0.812311,-0.174288,-0.000003,-0.000012,10.000000,-184.000000,51.000000,-0.000583,-0.000004,0.000000,0.000000,0.000000,0.039925,380.000000,0.000000,0.000000,0.000000,0.000000,40.669579,60.606075,70.098572,-664.719666,-241.515289,0.000013,-1.650781,8.946060,5928,0,29,12
40.672508,0.009091,0.006536,-2.138704,-0.000017,-0.551723,0.137159,0.000023,-1.047035,0.816991,-0.174289,-0.000003,-0.000012,10.000000,-184.000000,51.000000,-0.000583,-0.000004,0.000000,0.000000,0.000000,0.039925,380.000000,0.000000,0.000000,0.000000,0.000000,40.671532,60.606075,70.098572,-664.719666,-241.515289,0.000008,-1.650795,8.946060,5928,0,29,12
40.674465,0.009091,0.005429,-2.138427,-0.000017,-0.553813,0.138799,0.000026,-1.044119,0.821088,-0.174291,-0.000003,-0.000011,10.000000,-184.000000,51.000000,-0.000583,-0.000004,0.000000,0.000000,0.000000,0.039925,380.000000,0.000000,0.000000,0.000000,0.000000,40.673489,60.606075,70.098572,-664.719666,-241.515289,0.000003,-1.650811,8.946060,5928,0,29,13
40.676418,0.009091,0.004317,-2.138147,-0.000017,-0.555897,0.140447,0.000028,-1.041301,0.824657,-0.174292,-0.000004,-0.000011,10.000000,-184.000000,51.000000,-0.000583,-0.000004,0.000000,0.000000,0.000000,0.039925,380.000000,0.000000,0.000000,0.000000,0.000000,40.675442,60.606075,70.098572,-664.719666,-241.515289,0.000005,-1.650806,8.946060,5928,0,29,13
40.678371,0.009091,0.003201,-2.137863,-0.000017,-0.557975,0.142101,0.000030,-1.038571,0.827745,-0.174294,-0.000004,-0.000011,10.000000,-184.000000,51.000000,-0.000583,-0.000004,0.000000,0.000000,0.000000,0.039925,380.000000,0.000000,0.000000,0.000000,0.000000,40.677395,60.606075,70.098572,-664.719666,-241.515289,0.000013,-1.650781,8.946060,5928,0,29,13
40.680325,0.009091,0.002081,-2.137576,-0.000017,-0.560048,0.143760,0.000032,-1.035921,0.830397,-0.174295,-0.000004,-0.000011,10.000000,-184.000000,51.000000,-0.000583,-0.000004,0.000000,0.000000,0.000000,0.039925,380.000000,0.000000,0.000000,0.000000,0.000000,40.679348,60.606075,70.098572,-664.719666,-241.515289,0.000019,-1.650761,8.946060,5928,0,29,13
40.682281,0.009091,0.000956,-2.137286,-0.000017,-0.562116,0.145424,0.000033,-1.033345,0.832656,-0.174297,-0.000004,-0.000011,10.000000,-184.000000,51.000000,-0.000583,-0.000004,0.000000,0.000000,0.000000,0.039925,380.000000,0.000000,0.000000,0.000000,0.000000,40.681305,60.606075,70.098572,-664.719666,-241.515289,0.000024,-1.650746,8.946060,5928,0,29,13
40.684235,0.009091,-0.000172,-2.136992,-0.000017,-0.564179,0.147093,0.000034,-1.030836,0.834557,-0.174298,-0.000004,-0.000011,10.000000,-184.000000,51.000000,-0.000583,-0.000004,0.000000,0.000000,0.000000,0.039925,380.000000,0.000000,0.000000,0.000000,0.000000,40.683254,60.606075,70.098572,-664.719666,-241.515289,0.000027,-1.650736,8.946060,5928,0,29,13
40.686188,0.009091,-0.001305,-2.136695,-0.000017,-0.566237,0.148764,0.000034,-1.028389,0.836134,-0.174300,-0.000004,-0.000011,10.000000,-184.000000,51.000000,-0.000583,-0.000004,0.000000,0.000000,0.000000,0.039925,380.000000,0.000000,0.000000,0.000000,0.000000,40.685211,60.606075,70.098572,-664.719666,-241.515289,0.000030,-1.650729,8.946060,5928,0,29,13
40.688141,0.009091,-0.002441,-2.136395,-0.000017,-0.568290,0.150438,0.000034,-1.025997,0.837418,-0.174301,-0.000004,-0.000011,10.000000,-184.000000,51.000000,-0.000583,-0.000004,0.000000,0.000000,0.000000,0.039925,380.000000,0.000000,0.000000,0.000000,0.000000,40.687164,60.606075,70.098572,-664.719666,-241.515289,0.000031,-1.650725,8.946060,5928,0,29,13
40.690098,0.009091,-0.003582,-2.136091,-0.000016,-0.570339,0.152115,0.000033,-1.023655,0.838436,-0.174303,-0.000004,-0.000011,10.000000,-184.000000,51.000000,-0.000583,-0.000004,0.000000,0.000000,0.000000,0.039925,380.000000,0.000000,0.000000,0.000000,0.000000,40.689121,60.606075,70.098572,-664.719666,-241.515289,0.000031,-1.650725,8.946060,5928,0,29,13
40.692051,0.009091,-0.004727,-2.135784,-0.000016,-0.572383,0.153793,0.000031,-1.021361,0.839212,-0.174304,-0.000004,-0.000011,10.000000,-184.000000,51.000000,-0.000583,-0.000004,0.000000,0.000000,0.000000,0.039925,380.000000,0.000000,0.000000,0.000000,0.000000,40.691071,60.606075,70.098572,-664.719666,-241.515289,0.000030,-1.650729,8.946060,5928,0,28,13
40.694004,0.009091,-0.005876,-2.135474,-0.000016,-0.574422,0.155472,0.000029,-1.019109,0.839770,-0.174306,-0.000003,-0.000011,10.000000,-184.000000,51.000000,-0.000583,-0.000004,0.000000,0.000000,0.000000,0.039925,380.000000,0.000000,0.000000,0.000000,0.000000,40.693027,60.606075,70.098572,-664.719666,-241.515289,0.000028,-1.650735,8.946060,5928,0,28,13
40.695957,0.009091,-0.007029,-2.135160,-0.000016,-0.576457,0.157152,0.000026,-1.016896,0.840130,-0.174307,-0.000003,-0.000011,10.000000,-184.000000,51.000000,-0.000583,-0.000004,0.000000,0.000000,0.000000,0.039925,380.000000,0.000000,0.000000,0.000000,0.000000,40.694981,60.606075,70.098572,-664.719666,-241.515289,0.000025,-1.650743,8.946060,5928,0,28,13
40.697910,0.009091,-0.008186,-2.134843,-0.000016,-0.578487,0.158833,0.000023,-1.014718,0.840311,-0.174309,-0.000003,-0.000011,10.000000,-184.000000,51.000000,-0.000583,-0.000004,0.000000,0.000000,0.000000,0.039925,380.000000,0.000000,0.000000,0.000000,0.000000,40.696938,60.606075,70.098572,-664.719666,-241.515289,0.000021,-1.650754,8.946060,5928,0,28,13
40.699867,0.009091,-0.009347,-2.134522,-0.000016,-0.580514,0.160513,0.000019,-1.012573,0.840331,-0.174310,-0.000002,-0.000011,10.000000,-184.000000,51.000000,-0.000583,-0.000004,0.000000,0.000000,0.000000,0.039925,380.000000,0.000000,0.000000,0.000000,0.000000,40.698887,60.606075,70.098572,-664.719666,-241.515289,0.000017,-1.650767,8.946060,5928,0,28,13
40.701820,0.009091,-0.010513,-2.134199,-0.000016,-0.582536,0.162194,0.000015,-1.010458,0.840203,-0.174312,-0.000002,-0.000011,10.000000,-184.000000,51.000000,-0.000583,-0.000004,0.000000,0.000000,0.000000,0.039925,380.000000,0.000000,0.000000,0.000000,0.000000,40.700844,60.606075,70.098572,-664.719666,-241.515289,0.000012,-1.650783,8.946060,5928,0,28,13
40.703773,0.009091,-0.011682,-2.133871,-0.000016,-0.584553,0.163874,0.000011,-1.008370,0.839944,-0.174313,-0.000001,-0.000011,10.000000,-184.000000,51.000000,-0.000583,-0.000004,0.000000,0.000000,0.000000,0.039925,380.000000,0.000000,0.000000,0.000000,0.000000,40.702797,60.606075,70.098572,-664.719666,-241.515289,0.000007,-1.650800,8.946060,5928,0,28,13
40.705727,0.009091,-0.012855,-2.133541,-0.000016,-0.586567,0.165553,0.000006,-1.006307,0.839563,-0.174315,-0.000001,-0.000011,10.000000,-184.000000,51.000000,-0.000583,-0.000004,0.000000,0.000000,0.000000,0.039925,380.000000,0.000000,0.000000,0.000000,0.000000,40.704754,60.606075,70.098572,-664.719666,-241.515289,0.000001,-1.650819,8.946060,5928,0,28,14
40.707684,0.009091,-0.014032,-2.133207,-0.000016,-0.588577,0.167232,0.000000,-1.004269,0.839075,-0.174316,-0.000000,-0.000011,10.000000,-184.000000,51.000000,-0.000583,-0.000004,0.000000,0.000000,0.000000,0.039925,380.000000,0.000000,0.000000,0.000000,0.000000,40.706703,60.606075,70.098572,-664.719666,-241.515289,0.000002,-1.650817,8.946060,5928,0,28,14
40.709637,0.009091,-0.015214,-2.132869,-0.000016,-0.590582,0.168909,-0.000005,-1.002250,0.838488,-0.174318,0.000001,-0.000011,10.000000,-184.000000,51.000000,-0.000583,-0.000004,0.000000,0.000000,0.000000,0.039925,380.000000,0.000000,0.000000,0.000000,0.000000,40.708660,60.606075,70.098572,-664.719666,-241.515289,0.000009,-1.650794,8.946060,5928,0,28,14
40.711590,0.009091,-0.016399,-2.132529,-0.000016,-0.592584,0.170585,-0.000010,-1.000252,0.837812,-0.174319,0.000001,-0.000012,10.000000,-184.000000,51.000000,-0.000583,-0.000004,0.000000,0.000000,0.000000,0.039925,380.000000,0.000000,0.000000,0.000000,0.000000,40.710613,60.606075,70.098572,-664.719666,-241.515289,0.000014,-1.650777,8.946060,5928,0,28,14
40.713543,0.009090,-0.017589,-2.132185,-0.000016,-0.594581,0.172259,-0.000016,-0.998271,0.837056,-0.174321,0.000002,-0.000012,10.000000,-184.000000,51.000000,-0.000583,-0.000004,0.000000,0.000000,0.000000,0.039925,380.000000,0.000000,0.000000,0.000000,0.000000,40.712566,60.606075,70.098572,-664.719666,-241.515289,0.000018,-1.650764,8.946060,5928,0,28,14
40.715500,0.009090,-0.018782,-2.131837,-0.000016,-0.596575,0.173932,-0.000021,-0.996307,0.836227,-0.174322,0.000002,-0.000012,10.000000,-184.000000,51.000000,-0.000583,-0.000004,0.000000,0.000000,0.000000,0.039925,380.000000,0.000000,0.000000,0.000000,0.000000,40.714520,60.606075,70.098572,-664.719666,-241.515289,0.000021,-1.650755,8.946060,5928,0,28,14
40.717453,0.009090,-0.019979,-2.131487,-0.000016,-0.598564,0.175603,-0.000027,-0.994358,0.835333,-0.174324,0.000003,-0.000012,10.000000,-182.000000,54.000000,-0.000583,-0.000004,0.000000,0.000000,0.000000,0.039925,392.000000,0.000000,0.000000,0.000000,0.000000,40.716476,60.606075,70.098572,-664.719666,-241.515289,0.000023,-1.650750,8.946060,5928,0,28,14
40.719406,0.009090,-0.021181,-2.131133,-0.000016,-0.600550,0.177273,-0.000032,-0.992424,0.834380,-0.174325,0.000004,-0.000012,10.000000,-182.000000,54.000000,0.024931,-0.000004,0.000000,0.000000,0.067000,0.230225,392.000000,0.000000,0.000000,0.000000,0.000000,40.718430,44.776138,49.772858,-236.267822,-249.824707,0.000024,-1.172077,8.955970,5886,401,28,14
40.721359,0.009090,-0.022386,-2.130775,-0.000016,-0.602531,0.178946,-0.000037,-0.989731,0.837753,-0.174326,0.000004,-0.000012,10.000000,-182.000000,54.000000,0.024931,-0.000004,0.000000,0.000000,0.000000,0.230225,392.000000,0.000000,0.000000,0.000000,0.000000,40.720383,44.776138,49.772858,-236.267822,-249.824707,0.000032,-1.172051,8.955970,5886,400,28,14
40.723312,0.009090,-0.023595,-2.130414,-0.000017,-0.604506,0.180628,-0.000042,-0.986844,0.842068,-0.174320,0.000005,-0.000012,10.000000,-182.000000,54.000000,0.024931,-0.000004,0.000000,0.000000,0.000000,0.230225,392.000000,0.000000,0.000000,0.000000,0.000000,40.722336,44.776138,49.772858,-236.267822,-249.824707,0.000055,-1.171980,8.955970,5886,399,28,14
40.725269,0.009090,-0.024808,-2.130050,-0.000017,-0.606476,0.182318,-0.000046,-0.983989,0.845816,-0.174304,0.000005,-0.000012,10.000000,-182.000000,54.000000,0.024931,-0.000004,0.000000,0.000000,0.000000,0.230225,392.000000,0.000000,0.000000,0.000000,0.000000,40.724293,44.776138,49.772858,-236.267822,-249.824707,0.000084,-1.171887,8.955970,5886,396,28,14
40.727222,0.009090,-0.026025,-2.129683,-0.000017,-0.608439,0.184014,-0.000050,-0.981123,0.849044,-0.174275,0.000006,-0.000012,10.000000,-182.000000,54.000000,0.024931,-0.000004,0.000000,0.000000,0.000000,0.230225,392.000000,0.000000,0.000000,0.000000,0.000000,40.726246,44.776138,49.772858,-236.267822,-249.824707,0.000120,-1.171775,8.955970,5886,391,28,14
40.729176,0.009090,-0.027246,-2.129312,-0.000017,-0.610397,0.185717,-0.000054,-0.978208,0.851793,-0.174229,0.000006,-0.000011,10.000000,-182.000000,54.000000,0.024931,-0.000004,0.000000,0.000000,0.000000,0.230225,392.000000,0.000000,0.000000,0.000000,0.000000,40.728199,44.776138,49.772858,-236.267822,-249.824707,0.000161,-1.171646,8.955970,5886,385,28,14
40.731129,0.009090,-0.028471,-2.128937,-0.000017,-0.612349,0.187424,-0.000058,-0.975208,0.854101,-0.174163,0.000007,-0.000011,10.000000,-182.000000,54.000000,0.024931,-0.000004,0.000000,0.000000,0.000000,0.230225,392.000000,0.000000,0.000000,0.000000,0.000000,40.730152,44.776138,49.772858,-236.267822,-249.824707,0.000206,-1.171502,8.955970,5886,378,28,14
40.733086,0.009090,-0.029700,-2.128560,-0.000017,-0.614295,0.189135,-0.000061,-0.972094,0.856002,-0.174075,0.000007,-0.000010,10.000000,-182.000000,54.000000,0.024931,-0.000004,0.000000,0.000000,0.000000,0.230225,392.000000,0.000000,0.000000,0.000000,0.000000,40.732109,44.776138,49.772858,-236.267822,-249.824707,0.000256,-1.171346,8.955970,5886,369,28,14
40.735039,0.009090,-0.030933,-2.128178,-0.000017,-0.616234,0.190849,-0.000064,-0.968837,0.857528,-0.173962,0.000008,-0.000010,10.000000,-182.000000,54.000000,0.024931,-0.000004,0.000000,0.000000,0.000000,0.230225,392.000000,0.000000,0.000000,0.000000,0.000000,40.734058,44.776138,49.772858,-236.267822,-249.824707,0.000310,-1.171178,8.955970,5886,360,28,14
40.736992,0.009090,-0.032169,-2.127794,-0.000017,-0.618167,0.192566,-0.000067,-0.965414,0.858708,-0.173822,0.000008,-0.000009,10.000000,-182.000000,54.000000,0.024931,-0.000004,0.000000,0.000000,0.000000,0.230225,392.000000,0.000000,0.000000,0.000000,0.000000,40.736015,44.776138,49.772858,-236.267822,-249.824707,0.000366,-1.171002,8.955970,5886,349,28,14
40.738945,0.009090,-0.033410,-2.127406,-0.000017,-0.620092,0.194285,-0.000070,-0.961805,0.859568,-0.173653,0.000008,-0.000008,10.000000,-182.000000,54.000000,0.024931,-0.000004,0.000000,0.000000,0.000000,0.230225,392.000000,0.000000,0.000000,0.000000,0.000000,40.737968,44.776138,49.772858,-236.267822,-249.824707,0.000424,-1.170818,8.955970,5886,337,28,13
40.740898,0.009090,-0.034654,-2.127014,-0.000018,-0.622010,0.196005,-0.000072,-0.957990,0.860131,-0.173455,0.000009,-0.000007,10.000000,-182.000000,54.000000,0.024931,-0.000004,0.000000,0.000000,0.000000,0.230225,392.000000,0.000000,0.000000,0.000000,0.000000,40.739925,44.776138,49.772858,-236.267822,-249.824707,0.000477,-1.170653,8.955970,5886,325,28,13
40.742855,0.009090,-0.035902,-2.126619,-0.000018,-0.623920,0.197725,-0.000074,-0.953959,0.860421,-0.173226,0.000009,-0.000006,10.000000,-182.000000,54.000000,0.024931,-0.000004,0.000000,0.000000,0.000000,0.230225,392.000000,0.000000,0.000000,0.000000,0.000000,40.741875,44.776138,49.772858,-236.267822,-249.824707,0.000524,-1.170505,8.955970,5886,312,28,13
40.744808,0.009090,-0.037154,-2.126221,-0.000018,-0.625822,0.199446,-0.000076,-0.949698,0.860456,-0.172965,0.000010,-0.000005,10.000000,-182.000000,54.000000,0.024931,-0.000004,0.000000,0.000000,0.000000,0.230225,392.000000,0.000000,0.000000,0.000000,0.000000,40.743832,44.776138,49.772858,-236.267822,-249.824707,0.000573,-1.170351,8.955970,5886,298,28,13
40.746761,0.009090,-0.038410,-2.125819,-0.000018,-0.627714,0.201167,-0.000078,-0.945196,0.860257,-0.172671,0.000010,-0.000004,10.000000,-182.000000,54.000000,0.024931,-0.000004,0.000000,0.000000,0.000000,0.230225,392.000000,0.000000,0.000000,0.000000,0.000000,40.745785,44.776138,49.772858,-236.267822,-249.824707,0.000623,-1.170194,8.955970,5886,283,28,12
40.748714,0.009090,-0.039670,-2.125413,-0.000018,-0.629598,0.202887,-0.000079,-0.940446,0.859838,-0.172345,0.000011,-0.000003,10.000000,-182.000000,54.000000,0.024931,-0.000004,0.000000,0.000000,0.000000,0.230225,392.000000,0.000000,0.000000,0.000000,0.000000,40.747742,44.776138,49.772858,-236.267822,-249.824707,0.000666,-1.170058,8.955970,5886,267,28,12
40.750671,0.009090,-0.040933,-2.125005,-0.000018,-0.631471,0.204606,-0.000080,-0.935447,0.859219,-0.171985,0.000011,-0.000001,10.000000,-182.000000,54.000000,0.024931,-0.000004,0.000000,0.000000,0.000000,0.230225,392.000000,0.000000,0.000000,0.000000,0.000000,40.749691,44.776138,49.772858,-236.267822,-249.824707,0.000703,-1.169942,8.955970,5886,251,28,11
40.752625,0.009090,-0.042200,-2.124593,-0.000019,-0.633334,0.206323,-0.000081,-0.930190,0.858412,-0.171593,0.000011,0.000000,10.000000,-182.000000,54.000000,0.024931,-0.000004,0.000000,0.000000,0.000000,0.230225,392.000000,0.000000,0.000000,0.000000,0.000000,40.751648,44.776138,49.772858,-236.267822,-249.824707,0.000734,-1.169847,8.955970,5886,235,28,11
40.754578,0.009090,-0.043471,-2.124177,-0.000019,-0.635186,0.208038,-0.000081,-0.924680,0.857433,-0.171168,0.000012,0.000002,10.000000,-182.000000,54.000000,0.024931,-0.000004,0.000000,0.000000,0.000000,0.230225,392.000000,0.000000,0.000000,0.000000,0.000000,40.753601,44.776138,49.772858,-236.267822,-249.824707,0.000757,-1.169773,8.955970,5886,223,28,11
40.756531,0.009090,-0.044745,-2.123758,-0.000019,-0.637027,0.209751,-0.000082,-0.918916,0.856293,-0.170710,0.000012,0.000003,10.000000,-182.000000,54.000000,0.024931,-0.000004,0.000000,0.000000,0.000000,0.230225,392.000000,0.000000,0.000000,0.000000,0.000000,40.755554,44.776138,49.772858,-236.267822,-249.824707,0.000782,-1.169695,8.955970,5886,206,28,10
40.758488,0.009090,-0.046023,-2.123335,-0.000019,-0.638856,0.211462,-0.000082,-0.912896,0.855004,-0.170220,0.000012,0.000005,10.000000,-182.000000,54.000000,0.024931,-0.000004,0.000000,0.000000,0.000000,0.230225,392.000000,0.000000,0.000000,0.000000,0.000000,40.757507,44.776138,49.772858,-236.267822,-249.824707,0.000800,-1.169639,8.955970,5886,188,28,9
40.760441,0.009090,-0.047305,-2.122910,-0.000019,-0.640672,0.213170,-0.000081,-0.906628,0.853579,-0.169699,0.000012,0.000006,10.000000,-182.000000,54.000000,0.024931,-0.000004,0.000000,0.000000,0.000000,0.230225,392.000000,0.000000,0.000000,0.000000,0.000000,40.759464,44.776138,49.772858,-236.267822,-249.824707,0.000804,-1.169628,8.955970,5886,171,28,9
40.762394,0.009090,-0.048590,-2.122480,-0.000019,-0.642476,0.214875,-0.000080,-0.900117,0.852027,-0.169147,0.000013,0.000008,10.000000,-182.000000,54.000000,0.024931,-0.000004,0.000000,0.000000,0.000000,0.230225,392.000000,0.000000,0.000000,0.000000,0.000000,40.761417,44.776138,49.772858,-236.267822,-249.824707,0.000801,-1.169636,8.955970,5886,153,28,8
40.764347,0.009090,-0.049879,-2.122047,-0.000019,-0.644266,0.216576,-0.000080,-0.893367,0.850357,-0.168566,0.000013,0.000009,10.000000,-182.000000,54.000000,0.024931,-0.000004,0.000000,0.000000,0.000000,0.230225,392.000000,0.000000,0.000000,0.000000,0.000000,40.763371,44.776138,49.772858,-236.267822,-249.824707,0.000792,-1.169665,8.955970,5886,135,28,8
40.766300,0.009090,-0.051172,-2.121611,-0.000020,-0.646042,0.218275,-0.000078,-0.886389,0.848579,-0.167956,0.000013,0.000011,10.000000,-182.000000,54.000000,0.024931,-0.000004,0.000000,0.000000,0.000000,0.230225,392.000000,0.000000,0.000000,0.000000,0.000000,40.765324,44.776138,49.772858,-236.267822,-249.824707,0.000776,-1.169713,8.955970,5886,118,28,7
40.768257,0.009089,-0.052468,-2.121172,-0.000020,-0.647804,0.219969,-0.000077,-0.879187,0.846703,-0.167318,0.000013,0.000012,10.000000,-182.000000,54.000000,0.024931,-0.000004,0.000000,0.000000,0.000000,0.230225,392.000000,0.000000,0.000000,0.000000,0.000000,40.767281,44.776138,49.772858,-236.267822,-249.824707,0.000754,-1.169782,8.955970,5886,100,28,7
40.770210,0.009089,-0.053767,-2.120729,-0.000020,-0.649552,0.221659,-0.000075,-0.871779,0.844711,-0.166654,0.000013,0.000014,10.000000,-182.000000,54.000000,0.024931,-0.000004,0.000000,0.000000,0.000000,0.230225,392.000000,0.000000,0.000000,0.000000,0.000000,40.769234,44.776138,49.772858,-236.267822,-249.824707,0.000723,-1.169882,8.955970,5886,78,28,6
40.772163,0.009089,-0.055070,-2.120282,-0.000020,-0.651284,0.223346,-0.000073,-0.864166,0.842655,-0.165965,0.000013,0.000015,10.000000,-182.000000,54.000000,0.024931,-0.000004,0.000000,0.000000,0.000000,0.230225,392.000000,0.000000,0.000000,0.000000,0.000000,40.771187,44.776138,49.772858,-236.267822,-249.824707,0.000684,-1.170002,8.955970,5886,61,28,6
40.774117,0.009089,-0.056377,-2.119833,-0.000020,-0.653000,0.225028,-0.000070,-0.856364,0.840534,-0.165253,0.000013,0.000017,10.000000,-182.000000,54.000000,0.024931,-0.000004,0.000000,0.000000,0.000000,0.230225,392.000000,0.000000,0.000000,0.000000,0.000000,40.773140,44.776138,49.772858,-236.267822,-249.824707,0.000644,-1.170130,8.955970,5886,43,28,5
40.776073,0.009089,-0.057686,-2.119380,-0.000020,-0.654701,0.226706,-0.000067,-0.848382,0.838345,-0.164519,0.000013,0.000018,10.000000,-182.000000,54.000000,0.024931,-0.000004,0.000000,0.000000,0.000000,0.230225,392.000000,0.000000,0.000000,0.000000,0.000000,40.775097,44.776138,49.772858,-236.267822,-249.824707,0.000596,-1.170278,8.955970,5886,27,28,5
40.778027,0.009089,-0.059000,-2.118923,-0.000021,-0.656386,0.228379,-0.000064,-0.840239,0.836095,-0.163764,0.000012,0.000019,10.000000,-182.000000,54.000000,0.024931,-0.000004,0.000000,0.000000,0.000000,0.230225,392.000000,0.000000,0.000000,0.000000,0.000000,40.777046,44.776138,49.772858,-236.267822,-249.824707,0.000543,-1.170446,8.955970,5886,10,28,4
40.779980,0.009089,-0.060316,-2.118464,-0.000021,-0.658054,0.230048,-0.000060,-0.831944,0.833790,-0.162991,0.000012,0.000020,10.000000,-182.000000,54.000000,0.024931,-0.000004,0.000000,0.000000,0.000000,0.230225,392.000000,0.000000,0.000000,0.000000,0.000000,40.779003,44.776138,49.772858,-236.267822,-249.824707,0.000483,-1.170635,8.955970,5886,-5,28,4
40.781933,0.009089,-0.061636,-2.118001,-0.000021,-0.659705,0.231712,-0.000056,-0.823514,0.831436,-0.162201,0.000012,0.000021,10.000000,-182.000000,54.000000,0.024931,-0.000004,0.000000,0.000000,0.000000,0.230225,392.000000,0.000000,0.000000,0.000000,0.000000,40.780956,44.776138,49.772858,-236.267822,-249.824707,0.000416,-1.170843,8.955970,5886,-21,28,4
40.783890,0.009089,-0.062959,-2.117534,-0.000021,-0.661339,0.233371,-0.000051,-0.814963,0.829039,-0.161395,0.000011,0.000022,10.000000,-182.000000,54.000000,0.024931,-0.000004,0.000000,0.000000,0.000000,0.230225,392.000000,0.000000,0.000000,0.000000,0.000000,40.782913,44.776138,49.772858,-236.267822,-249.824707,0.000351,-1.171048,8.955970,5886,-36,29,3
40.785843,0.009089,-0.064286,-2.117064,-0.000021,-0.662956,0.235025,-0.000046,-0.806303,0.826605,-0.160576,0.000011,0.000022,10.000000,-182.000000,54.000000,0.024931,-0.000004,0.000000,0.000000,0.000000,0.230225,392.000000,0.000000,0.000000,0.000000,0.000000,40.784863,44.776138,49.772858,-236.267822,-249.824707,0.000279,-1.171275,8.955970,5886,-51,29,3
40.787796,0.009089,-0.065615,-2.116592,-0.000021,-0.664556,0.236675,-0.000040,-0.797553,0.824140,-0.159744,0.000010,0.000023,10.000000,-182.000000,54.000000,0.024931,-0.000004,0.000000,0.000000,0.000000,0.230225,392.000000,0.000000,0.000000,0.000000,0.000000,40.786819,44.776138,49.772858,-236.267822,-249.824707,0.000200,-1.171522,8.955970,5886,-65,29,3
40.789749,0.009089,-0.066948,-2.116115,-0.000021,-0.666138,0.238319,-0.000035,-0.788725,0.821648,-0.158903,0.000010,0.000023,10.000000,-182.000000,54.000000,0.024931,-0.000004,0.000000,0.000000,0.000000,0.230225,392.000000,0.000000,0.000000,0.000000,0.000000,40.788773,44.776138,49.772858,-236.267822,-249.824707,0.000122,-1.171766,8.955970,5886,-78,29,3
40.791702,0.009089,-0.068284,-2.115636,-0.000021,-0.667702,0.239959,-0.000029,-0.779835,0.819134,-0.158053,0.000009,0.000023,10.000000,-182.000000,54.000000,0.024931,-0.000004,0.000000,0.000000,0.000000,0.230225,392.000000,0.000000,0.000000,0.000000,0.000000,40.790730,44.776138,49.772858,-236.267822,-249.824707,0.000045,-1.172010,8.955970,5886,-91,29,3
40.793659,0.009089,-0.069623,-2.115153,-0.000021,-0.669248,0.241593,-0.000022,-0.770898,0.816603,-0.157196,0.000008,0.000023,10.000000,-182.000000,54.000000,0.024931,-0.000004,0.000000,0.000000,0.000000,0.230225,392.000000,0.000000,0.000000,0.000000,0.000000,40.792679,44.776138,49.772858,-236.267822,-249.824707,-0.000033,-1.172253,8.955970,5886,-103,29,3
40.795612,0.009089,-0.070965,-2.114667,-0.000021,-0.670776,0.243223,-0.000016,-0.761928,0.814058,-0.156335,0.000007,0.000023,10.000000,-181.000000,54.000000,0.024931,-0.000004,0.000000,0.000000,0.000000,0.230225,388.000000,0.000000,0.000000,0.000000,0.000000,40.794636,44.776138,49.772858,-236.267822,-249.824707,-0.000110,-1.172497,8.955970,5886,-115,29,3
40.797565,0.009089,-0.072311,-2.114177,-0.000021,-0.672287,0.244847,-0.000009,-0.752940,0.811503,-0.155470,0.000007,0.000023,10.000000,-181.000000,54.000000,0.013750,-0.000005,0.000000,0.000000,0.067000,-0.076738,388.000000,0.000000,0.000000,0.000000,0.000000,40.796589,0.000000,13.496506,-668.300232,-378.663635,-0.000189,-0.318435,8.957985,5841,727,29,3
40.799519,0.009089,-0.073659,-2.113685,-0.000021,-0.673778,0.246473,-0.000003,-0.743214,0.813650,-0.154601,0.000006,0.000022,10.000000,-181.000000,54.000000,0.013750,-0.000005,0.000000,0.000000,0.000000,-0.076738,388.000000,0.000000,0.000000,0.000000,0.000000,40.798546,0.000000,13.496506,-668.300232,-378.663635,-0.000249,-0.318626,8.957985,5841,716,29,3
40.801476,0.009089,-0.075010,-2.113189,-0.000021,-0.675250,0.248105,0.000004,-0.733272,0.816857,-0.153719,0.000005,0.000022,10.000000,-181.000000,54.000000,0.013750,-0.000005,0.000000,0.000000,0.000000,-0.076738,388.000000,0.000000,0.000000,0.000000,0.000000,40.800495,0.000000,13.496506,-668.300232,-378.663635,-0.000279,-0.318719,8.957985,5841,703,29,3
40.803429,0.009089,-0.076364,-2.112690,-0.000021,-0.676701,0.249743,0.000010,-0.723303,0.819495,-0.152818,0.000004,0.000021,10.000000,-181.000000,54.000000,0.013750,-0.000005,0.000000,0.000000,0.000000,-0.076738,388.000000,0.000000,0.000000,0.000000,0.000000,40.802452,0.000000,13.496506,-668.300232,-378.663635,-0.000293,-0.318763,8.957985,5842,687,29,3
40.805382,0.009089,-0.077721,-2.112187,-0.000021,-0.678133,0.251385,0.000017,-0.713257,0.821503,-0.151892,0.000003,0.000021,10.000000,-181.000000,54.000000,0.013750,-0.000005,0.000000,0.000000,0.000000,-0.076738,388.000000,0.000000,0.000000,0.000000,0.000000,40.804405,0.000000,13.496506,-668.300232,-378.663635,-0.000294,-0.318765,8.957985,5842,669,29,4
40.807335,0.009089,-0.079081,-2.111681,-0.000021,-0.679544,0.253030,0.000023,-0.703062,0.823002,-0.150934,0.000002,0.000020,10.000000,-181.000000,54.000000,0.013750,-0.000005,0.000000,0.000000,0.000000,-0.076738,388.000000,0.000000,0.000000,0.000000,0.000000,40.806358,0.000000,13.496506,-668.300232,-378.663635,-0.000275,-0.318705,8.957985,5841,649,29,4
40.809292,0.009089,-0.080443,-2.111172,-0.000021,-0.680934,0.254678,0.000029,-0.692640,0.824168,-0.149940,0.000002,0.000020,10.000000,-181.000000,54.000000,0.013750,-0.000005,0.000000,0.000000,0.000000,-0.076738,388.000000,0.000000,0.000000,0.000000,0.000000,40.808311,0.000000,13.496506,-668.300232,-378.663635,-0.000239,-0.318593,8.957985,5841,627,29,4
40.811245,0.009089,-0.081808,-2.110660,-0.000021,-0.682304,0.256327,0.000035,-0.681961,0.824954,-0.148905,0.000001,0.000020,10.000000,-181.000000,54.000000,0.013750,-0.000005,0.000000,0.000000,0.000000,-0.076738,388.000000,0.000000,0.000000,0.000000,0.000000,40.810268,0.000000,13.496506,-668.300232,-378.663635,-0.000196,-0.318457,8.957985,5841,603,29,4
40.813198,0.009089,-0.083176,-2.110144,-0.000021,-0.683651,0.257978,0.000041,-0.670992,0.825354,-0.147827,0.000000,0.000020,10.000000,-181.000000,54.000000,0.013750,-0.000005,0.000000,0.000000,0.000000,-0.076738,388.000000,0.000000,0.000000,0.000000,0.000000,40.812222,0.000000,13.496506,-668.300232,-378.663635,-0.000146,-0.318301,8.957985,5841,577,29,4
40.815151,0.009088,-0.084547,-2.109626,-0.000021,-0.684976,0.259629,0.000047,-0.659699,0.825397,-0.146703,-0.000001,0.000020,10.000000,-181.000000,54.000000,0.013750,-0.000005,0.000000,0.000000,0.000000,-0.076738,388.000000,0.000000,0.000000,0.000000,0.000000,40.814175,0.000000,13.496506,-668.300232,-378.663635,-0.000092,-0.318130,8.957985,5841,550,29,4
40.817104,0.009088,-0.085920,-2.109103,-0.000021,-0.686278,0.261279,0.000052,-0.648057,0.825110,-0.145529,-0.000001,0.000020,10.000000,-181.000000,54.000000,0.013750,-0.000005,0.000000,0.000000,0.000000,-0.076738,388.000000,0.000000,0.000000,0.000000,0.000000,40.816128,0.000000,13.496506,-668.300232,-378.663635,-0.000033,-0.317947,8.957985,5841,522,29,4
40.819061,0.009088,-0.087296,-2.108578,-0.000021,-0.687557,0.262928,0.000057,-0.636043,0.824520,-0.144305,-0.000002,0.000020,10.000000,-181.000000,54.000000,0.013750,-0.000005,0.000000,0.000000,0.000000,-0.076738,388.000000,0.000000,0.000000,0.000000,0.000000,40.818085,0.000000,13.496506,-668.300232,-378.663635,0.000028,-0.317756,8.957985,5841,492,29,4
40.821014,0.009088,-0.088675,-2.108049,-0.000021,-0.688810,0.264576,0.000062,-0.623641,0.823649,-0.143029,-0.000002,0.000020,10.000000,-181.000000,54.000000,0.013750,-0.000005,0.000000,0.000000,0.000000,-0.076738,388.000000,0.000000,0.000000,0.000000,0.000000,40.820038,0.000000,13.496506,-668.300232,-378.663635,0.000090,-0.317559,8.957985,5841,461,29,4
40.822968,0.009088,-0.090055,-2.107517,-0.000020,-0.690038,0.266222,0.000067,-0.610838,0.822521,-0.141700,-0.000003,0.000021,10.000000,-181.000000,54.000000,0.013750,-0.000005,0.000000,0.000000,0.000000,-0.076738,388.000000,0.000000,0.000000,0.000000,0.000000,40.821991,0.000000,13.496506,-668.300232,-378.663635,0.000154,-0.317360,8.957985,5841,429,29,4
40.824921,0.009088,-0.091439,-2.106981,-0.000020,-0.691240,0.267865,0.000071,-0.597626,0.821154,-0.140318,-0.000003,0.000021,10.000000,-181.000000,54.000000,0.013750,-0.000005,0.000000,0.000000,0.000000,-0.076738,388.000000,0.000000,0.000000,0.000000,0.000000,40.823944,0.000000,13.496506,-668.300232,-378.663635,0.000217,-0.317162,8.957985,5841,397,29,4
40.826878,0.009088,-0.092824,-2.106442,-0.000020,-0.692415,0.269505,0.000075,-0.584002,0.819570,-0.138883,-0.000004,0.000022,10.000000,-181.000000,54.000000,0.013750,-0.000005,0.000000,0.000000,0.000000,-0.076738,388.000000,0.000000,0.000000,0.000000,0.000000,40.825901,0.000000,13.496506,-668.300232,-378.663635,0.000279,-0.316966,8.957985,5841,363,29,4
40.828831,0.009088,-0.094212,-2.105901,-0.000020,-0.693562,0.271141,0.000079,-0.569966,0.817787,-0.137395,-0.000004,0.000023,10.000000,-181.000000,54.000000,0.013750,-0.000005,0.000000,0.000000,0.000000,-0.076738,388.000000,0.000000,0.000000,0.000000,0.000000,40.827850,0.000000,13.496506,-668.300232,-378.663635,0.000340,-0.316776,8.957985,5841,330,29,3
40.830784,0.009088,-0.095602,-2.105355,-0.000020,-0.694680,0.272774,0.000082,-0.555519,0.815823,-0.135856,-0.000004,0.000023,10.000000,-181.000000,54.000000,0.013750,-0.000005,0.000000,0.000000,0.000000,-0.076738,388.000000,0.000000,0.000000,0.000000,0.000000,40.829807,0.000000,13.496506,-668.300232,-378.663635,0.000390,-0.316618,8.957985,5841,295,29,3
40.832737,0.009088,-0.096995,-2.104807,-0.000020,-0.695769,0.274402,0.000085,-0.540670,0.813694,-0.134265,-0.000005,0.000024,10.000000,-181.000000,54.000000,0.013750,-0.000005,0.000000,0.000000,0.000000,-0.076738,388.000000,0.000000,0.000000,0.000000,0.000000,40.831760,0.000000,13.496506,-668.300232,-378.663635,0.000431,-0.316490,8.957985,5841,261,29,3
40.834694,0.009088,-0.098389,-2.104255,-0.000019,-0.696828,0.276026,0.000088,-0.525428,0.811416,-0.132625,-0.000005,0.000025,10.000000,-181.000000,54.000000,0.013750,-0.000005,0.000000,0.000000,0.000000,-0.076738,388.000000,0.000000,0.000000,0.000000,0.000000,40.833717,0.000000,13.496506,-668.300232,-378.663635,0.000469,-0.316371,8.957985,5841,226,29,2
40.836647,0.009088,-0.099786,-2.103700,-0.000019,-0.697855,0.277646,0.000091,-0.509803,0.809003,-0.130937,-0.000005,0.000026,10.000000,-181.000000,54.000000,0.013750,-0.000005,0.000000,0.000000,0.000000,-0.076738,388.000000,0.000000,0.000000,0.000000,0.000000,40.835667,0.000000,13.496506,-668.300232,-378.663635,0.000496,-0.316286,8.957985,5841,191,29,2
40.838600,0.009088,-0.101185,-2.103142,-0.000019,-0.698851,0.279260,0.000093,-0.493813,0.806471,-0.129203,-0.000005,0.000027,10.000000,-181.000000,54.000000,0.013750,-0.000005,0.000000,0.000000,0.000000,-0.076738,388.000000,0.000000,0.000000,0.000000,0.000000,40.837624,0.000000,13.496506,-668.300232,-378.663635,0.000512,-0.316234,8.957985,5841,157,29,1
40.840553,0.009088,-0.102585,-2.102580,-0.000019,-0.699814,0.280869,0.000095,-0.477475,0.803805,-0.127426,-0.000005,0.000029,10.000000,-181.000000,54.000000,0.013750,-0.000005,0.000000,0.000000,0.000000,-0.076738,388.000000,0.000000,0.000000,0.000000,0.000000,40.839577,0.000000,13.496506,-668.300232,-378.663635,0.000522,-0.316204,8.957985,5841,122,29,1
40.842506,0.009088,-0.103988,-2.102015,-0.000019,-0.700744,0.282472,0.000097,-0.460802,0.801066,-0.125607,-0.000005,0.000030,10.000000,-181.000000,54.000000,0.013750,-0.000005,0.000000,0.000000,0.000000,-0.076738,388.000000,0.000000,0.000000,0.000000,0.000000,40.841534,0.000000,13.496506,-668.300232,-378.663635,0.000520,-0.316209,8.957985,5841,88,29,0
40.844463,0.009088,-0.105392,-2.101448,-0.000019,-0.701640,0.284070,0.000099,-0.443816,0.798254,-0.123749,-0.000006,0.000031,10.000000,-181.000000,54.000000,0.013750,-0.000005,0.000000,0.000000,0.000000,-0.076738,388.000000,0.000000,0.000000,0.000000,0.000000,40.843483,0.000000,13.496506,-668.300232,-378.663635,0.000504,-0.316261,8.957985,5841,54,29,0
40.846416,0.009088,-0.106798,-2.100876,-0.000018,-0.702502,0.285662,0.000100,-0.426543,0.795372,-0.121855,-0.000006,0.000032,10.000000,-181.000000,54.000000,0.013750,-0.000005,0.000000,0.000000,0.000000,-0.076738,388.000000,0.000000,0.000000,0.000000,0.000000,40.845440,0.000000,13.496506,-668.300232,-378.663635,0.000477,-0.316345,8.957985,5841,21,29,0
40.848370,0.009088,-0.108205,-2.100302,-0.000018,-0.703329,0.287249,0.000101,-0.409004,0.792430,-0.119928,-0.000006,0.000032,10.000000,-181.000000,54.000000,0.013750,-0.000005,0.000000,0.000000,0.000000,-0.076738,388.000000,0.000000,0.000000,0.000000,0.000000,40.847393,0.000000,13.496506,-668.300232,-378.663635,0.000447,-0.316440,8.957985,5841,-10,29,0
40.850323,0.009088,-0.109615,-2.099725,-0.000018,-0.704120,0.288829,0.000101,-0.391224,0.789439,-0.117971,-0.000006,0.000033,10.000000,-181.000000,54.000000,0.013750,-0.000005,0.000000,0.000000,0.000000,-0.076738,388.000000,0.000000,0.000000,0.000000,0.000000,40.849346,0.000000,13.496506,-668.300232,-378.663635,0.000413,-0.316547,8.957985,5841,-42,29,-1
40.852280,0.009088,-0.111025,-2.099144,-0.000018,-0.704875,0.290403,0.000102,-0.373227,0.786408,-0.115986,-0.000006,0.000034,10.000000,-181.000000,54.000000,0.013750,-0.000005,0.000000,0.000000,0.000000,-0.076738,388.000000,0.000000,0.000000,0.000000,0.000000,40.851299,0.000000,13.496506,-668.300232,-378.663635,0.000367,-0.316690,8.957985,5841,-73,29,-1
40.854233,0.009088,-0.112438,-2.098560,-0.000018,-0.705595,0.291972,0.000102,-0.355043,0.783348,-0.113976,-0.000006,0.000035,10.000000,-181.000000,46.000000,0.013750,-0.000005,0.000000,0.000000,0.000000,-0.076738,410.000000,0.000000,0.000000,0.000000,0.000000,40.853256,0.000000,13.496506,-668.300232,-378.663635,0.000310,-0.316868,8.957985,5841,-104,29,-1
40.856186,0.009088,-0.113851,-2.097973,-0.000017,-0.706277,0.293534,0.000102,-0.336697,0.780265,-0.111946,-0.000006,0.000035,10.000000,-181.000000,46.000000,0.058114,-0.000004,0.000000,0.000000,0.066000,0.412109,410.000000,0.000000,0.000000,0.000000,0.000000,40.855209,-121.212151,-76.874161,-1836.548218,-821.517700,0.000250,1.811171,8.955000,5954,1743,29,-2
40.858139,0.009088,-0.115266,-2.097383,-0.000017,-0.706925,0.295074,0.000102,-0.319540,0.765279,-0.109891,-0.000006,0.000035,10.000000,-181.000000,46.000000,0.058114,-0.000004,0.000000,0.000000,0.000000,0.412109,410.000000,0.000000,0.000000,0.000000,0.000000,40.857162,-121.212151,-76.874161,-1836.548218,-821.517700,0.000218,1.811072,8.955000,5954,1714,29,-2
40.860092,0.009088,-0.116682,-2.096791,-0.000017,-0.707538,0.296578,0.000102,-0.302374,0.747560,-0.107795,-0.000006,0.000036,10.000000,-181.000000,46.000000,0.058114,-0.000004,0.000000,0.000000,0.000000,0.412109,410.000000,0.000000,0.000000,0.000000,0.000000,40.859116,-121.212151,-76.874161,-1836.548218,-821.517700,0.000246,1.811159,8.955000,5954,1679,29,-2
40.862049,0.009088,-0.118100,-2.096195,-0.000017,-0.708116,0.298048,0.000102,-0.284599,0.731190,-0.105642,-0.000006,0.000037,10.000000,-181.000000,46.000000,0.058114,-0.000004,0.000000,0.000000,0.000000,0.412109,410.000000,0.000000,0.000000,0.000000,0.000000,40.861073,-121.212151,-76.874161,-1836.548218,-821.517700,0.000306,1.811349,8.955000,5954,1638,29,-3
40.864002,0.009088,-0.119518,-2.095596,-0.000016,-0.708658,0.299487,0.000102,-0.266099,0.716030,-0.103416,-0.000006,0.000037,10.000000,-181.000000,46.000000,0.058114,-0.000004,0.000000,0.000000,0.000000,0.412109,410.000000,0.000000,0.000000,0.000000,0.000000,40.863026,-121.212151,-76.874161,-1836.548218,-821.517700,0.000388,1.811604,8.955000,5954,1592,29,-3
40.865955,0.009088,-0.120938,-2.094994,-0.000016,-0.709161,0.300898,0.000102,-0.246781,0.701961,-0.101108,-0.000006,0.000039,10.000000,-181.000000,46.000000,0.058114,-0.000004,0.000000,0.000000,0.000000,0.412109,410.000000,0.000000,0.000000,0.000000,0.000000,40.864979,-121.212151,-76.874161,-1836.548218,-821.517700,0.000486,1.811914,8.955000,5954,1540,29,-4
40.867908,0.009087,-0.122358,-2.094389,-0.000016,-0.709624,0.302282,0.000101,-0.226556,0.688872,-0.098704,-0.000006,0.000040,10.000000,-181.000000,46.000000,0.058114,-0.000004,0.000000,0.000000,0.000000,0.412109,410.000000,0.000000,0.000000,0.000000,0.000000,40.866932,-121.212151,-76.874161,-1836.548218,-821.517700,0.000600,1.812269,8.955000,5954,1484,29,-4
40.869865,0.009087,-0.123780,-2.093782,-0.000016,-0.710046,0.303642,0.000101,-0.205358,0.676668,-0.096198,-0.000006,0.000041,10.000000,-181.000000,46.000000,0.058114,-0.000004,0.000000,0.000000,0.000000,0.412109,410.000000,0.000000,0.000000,0.000000,0.000000,40.868889,-121.212151,-76.874161,-1836.548218,-821.517700,0.000725,1.812662,8.955000,5954,1424,29,-5
40.871819,0.009087,-0.125202,-2.093172,-0.000016,-0.710423,0.304978,0.000101,-0.183121,0.665262,-0.093580,-0.000006,0.000043,10.000000,-181.000000,46.000000,0.058114,-0.000004,0.000000,0.000000,0.000000,0.412109,410.000000,0.000000,0.000000,0.000000,0.000000,40.870838,-121.212151,-76.874161,-1836.548218,-821.517700,0.000858,1.813081,8.955000,5954,1359,29,-5
40.873772,0.009087,-0.126624,-2.092560,-0.000015,-0.710755,0.306292,0.000101,-0.159802,0.654580,-0.090846,-0.000006,0.000045,10.000000,-181.000000,46.000000,0.058114,-0.000004,0.000000,0.000000,0.000000,0.412109,410.000000,0.000000,0.000000,0.000000,0.000000,40.872795,-121.212151,-76.874161,-1836.548218,-821.517700,0.000998,1.813519,8.955000,5954,1291,29,-6
40.875725,0.009087,-0.128048,-2.091945,-0.000015,-0.711038,0.307586,0.000101,-0.135361,0.644555,-0.087990,-0.000006,0.000048,10.000000,-181.000000,46.000000,0.058114,-0.000004,0.000000,0.000000,0.000000,0.412109,410.000000,0.000000,0.000000,0.000000,0.000000,40.874748,-121.212151,-76.874161,-1836.548218,-821.517700,0.001141,1.813969,8.955000,5954,1220,29,-7
40.877682,0.009087,-0.129472,-2.091327,-0.000015,-0.711270,0.308861,0.000102,-0.109773,0.635130,-0.085008,-0.000006,0.000050,10.000000,-181.000000,46.000000,0.058114,-0.000004,0.000000,0.000000,0.000000,0.412109,410.000000,0.000000,0.000000,0.000000,0.000000,40.876705,-121.212151,-76.874161,-1836.548218,-821.517700,0.001278,1.814400,8.955000,5954,1147,29,-8
40.879635,0.009087,-0.130896,-2.090707,-0.000015,-0.711450,0.310118,0.000103,-0.083022,0.626254,-0.081899,-0.000006,0.000053,10.000000,-181.000000,46.000000,0.058114,-0.000004,0.000000,0.000000,0.000000,0.412109,410.000000,0.000000,0.000000,0.000000,0.000000,40.878654,-121.212151,-76.874161,-1836.548218,-821.517700,0.001408,1.814807,8.955000,5955,1070,29,-9
40.881588,0.009087,-0.132320,-2.090084,-0.000015,-0.711574,0.311358,0.000104,-0.055108,0.617779,-0.078661,-0.000006,0.000056,10.000000,-181.000000,46.000000,0.058114,-0.000004,0.000000,0.000000,0.000000,0.412109,410.000000,0.000000,0.000000,0.000000,0.000000,40.880611,-121.212151,-76.874161,-1836.548218,-821.517700,0.001528,1.815185,8.955000,5955,992,29,-10
40.883541,0.009087,-0.133745,-2.089459,-0.000014,-0.711641,0.312581,0.000105,-0.026026,0.609750,-0.075294,-0.000006,0.000060,10.000000,-181.000000,46.000000,0.058114,-0.000004,0.000000,0.000000,0.000000,0.412109,410.000000,0.000000,0.000000,0.000000,0.000000,40.882565,-121.212151,-76.874161,-1836.548218,-821.517700,0.001638,1.815531,8.955000,5955,912,29,-12
40.885494,0.009087,-0.135170,-2.088831,-0.000014,-0.711648,0.313789,0.000107,0.004219,0.602172,-0.071799,-0.000006,0.000063,10.000000,-181.000000,46.000000,0.058114,-0.000004,0.000000,0.000000,0.000000,0.412109,410.000000,0.000000,0.000000,0.000000,0.000000,40.884521,-121.212151,-76.874161,-1836.548218,-821.517700,0.001729,1.815815,8.955000,5955,830,29,-13
40.887451,0.009087,-0.136594,-2.088201,-0.000014,-0.711592,0.314983,0.000110,0.035607,0.595017,-0.068176,-0.000006,0.000067,10.000000,-181.000000,46.000000,0.058114,-0.000004,0.000000,0.000000,0.000000,0.412109,410.000000,0.000000,0.000000,0.000000,0.000000,40.886471,-121.212151,-76.874161,-1836.548218,-821.517700,0.001800,1.816038,8.955000,5955,748,29,-14
40.889404,0.009087,-0.138019,-2.087569,-0.000014,-0.711473,0.316163,0.000113,0.068114,0.588261,-0.064429,-0.000007,0.000070,10.000000,-181.000000,46.000000,0.058114,-0.000004,0.000000,0.000000,0.000000,0.412109,410.000000,0.000000,0.000000,0.000000,0.000000,40.888428,-121.212151,-76.874161,-1836.548218,-821.517700,0.001858,1.816219,8.955000,5955,664,29,-16
40.891357,0.009087,-0.139443,-2.086934,-0.000014,-0.711286,0.317330,0.000116,0.101713,0.581886,-0.060561,-0.000007,0.000074,10.000000,-181.000000,46.000000,0.058114,-0.000004,0.000000,0.000000,0.000000,0.412109,410.000000,0.000000,0.000000,0.000000,0.000000,40.890381,-121.212151,-76.874161,-1836.548218,-821.517700,0.001894,1.816332,8.955000,5955,580,29,-17
40.893311,0.009087,-0.140867,-2.086297,-0.000013,-0.711031,0.318485,0.000120,0.136362,0.575876,-0.056575,-0.000008,0.000078,10.000000,-181.000000,46.000000,0.058114,-0.000004,0.000000,0.000000,0.000000,0.412109,410.000000,0.000000,0.000000,0.000000,0.000000,40.892338,-121.212151,-76.874161,-1836.548218,-821.517700,0.001908,1.816377,8.955000,5955,496,29,-19
40.895267,0.009087,-0.142290,-2.085658,-0.000013,-0.710705,0.319628,0.000125,0.172023,0.570219,-0.052476,-0.000009,0.000082,10.000000,-181.000000,46.000000,0.058114,-0.000004,0.000000,0.000000,0.000000,0.412109,410.000000,0.000000,0.000000,0.000000,0.000000,40.894287,-121.212151,-76.874161,-1836.548218,-821.517700,0.001899,1.816350,8.955000,5955,412,29,-21
40.897221,0.009087,-0.143712,-2.085016,-0.000013,-0.710306,0.320760,0.000131,0.208646,0.564904,-0.048269,-0.000010,0.000086,10.000000,-181.000000,46.000000,0.058114,-0.000004,0.000000,0.000000,0.000000,0.412109,410.000000,0.000000,0.000000,0.000000,0.000000,40.896244,-121.212151,-76.874161,-1836.548218,-821.517700,0.001860,1.816228,8.955000,5955,329,30,-22
40.899174,0.009087,-0.145133,-2.084372,-0.000013,-0.709832,0.321882,0.000137,0.246178,0.559924,-0.043960,-0.000011,0.000089,10.000000,-181.000000,46.000000,0.058114,-0.000004,0.000000,0.000000,0.000000,0.412109,410.000000,0.000000,0.000000,0.000000,0.000000,40.898197,-121.212151,-76.874161,-1836.548218,-821.517700,0.001799,1.816036,8.955000,5955,246,30,-24
40.901127,0.009087,-0.146553,-2.083726,-0.000012,-0.709283,0.322995,0.000144,0.284566,0.555273,-0.039553,-0.000012,0.000093,10.000000,-181.000000,46.000000,0.058114,-0.000004,0.000000,0.000000,0.000000,0.412109,410.000000,0.000000,0.000000,0.000000,0.000000,40.900150,-121.212151,-76.874161,-1836.548218,-821.517700,0.001716,1.815774,8.955000,5955,164,30,-25
40.903084,0.009087,-0.147972,-2.083078,-0.000012,-0.708655,0.324099,0.000153,0.323748,0.550945,-0.035056,-0.000013,0.000096,10.000000,-181.000000,46.000000,0.058114,-0.000004,0.000000,0.000000,0.000000,0.412109,410.000000,0.000000,0.000000,0.000000,0.000000,40.902103,-121.212151,-76.874161,-1836.548218,-821.517700,0.001609,1.815438,8.955000,5955,83,30,-27
40.905037,0.009087,-0.149390,-2.082428,-0.000012,-0.707947,0.325195,0.000162,0.363664,0.546936,-0.030476,-0.000014,0.000099,10.000000,-181.000000,46.000000,0.058114,-0.000004,0.000000,0.000000,0.000000,0.412109,410.000000,0.000000,0.000000,0.000000,0.000000,40.904060,-121.212151,-76.874161,-1836.548218,-821.517700,0.001478,1.815027,8.955000,5955,4,30,-28
40.906990,0.009087,-0.150806,-2.081775,-0.000011,-0.707159,0.326283,0.000172,0.404244,0.543245,-0.025819,-0.000016,0.000102,10.000000,-181.000000,46.000000,0.058114,-0.000004,0.000000,0.000000,0.000000,0.412109,410.000000,0.000000,0.000000,0.000000,0.000000,40.906013,-121.212151,-76.874161,-1836.548218,-821.517700,0.001324,1.814542,8.955000,5954,-73,30,-30
40.908943,0.009087,-0.152221,-2.081120,-0.000011,-0.706289,0.327365,0.000183,0.445426,0.539973,-0.021093,-0.000018,0.000104,10.000000,-181.000000,46.000000,0.058114,-0.000004,0.000000,0.000000,0.000000,0.412109,410.000000,0.000000,0.000000,0.000000,0.000000,40.907967,-121.212151,-76.874161,-1836.548218,-821.517700,0.001145,1.813981,8.955000,5954,-149,30,-31
40.910896,0.009087,-0.153633,-2.080463,-0.000011,-0.705336,0.328440,0.000194,0.487135,0.537037,-0.016306,-0.000020,0.000106,10.000000,-181.000000,46.000000,0.058114,-0.000004,0.000000,0.000000,0.000000,0.412109,410.000000,0.000000,0.000000,0.000000,0.000000,40.909920,-121.212151,-76.874161,-1836.548218,-821.517700,0.000942,1.813344,8.955000,5954,-223,31,-32
40.912853,0.009087,-0.155044,-2.079804,-0.000010,-0.704298,0.329511,0.000207,0.529299,0.534398,-0.011464,-0.000022,0.000107,10.000000,-183.000000,25.000000,0.058114,-0.000004,0.000000,0.000000,0.000000,0.412109,430.000000,0.000000,0.000000,0.000000,0.000000,40.911877,-121.212151,-76.874161,-1836.548218,-821.517700,0.000723,1.812656,8.955000,5954,-295,31,-33
40.914806,0.009087,-0.156452,-2.079143,-0.000010,-0.703176,0.330576,0.000221,0.571847,0.532056,-0.006576,-0.000024,0.000108,10.000000,-183.000000,25.000000,0.092051,-0.000002,0.000000,0.000000,0.067000,0.351234,430.000000,0.000000,0.000000,0.000000,0.000000,40.913830,-313.432953,-236.559433,-2868.968262,-1472.581177,0.000486,5.572501,8.939030,6865,-364,31,-34
40.916759,0.009087,-0.157858,-2.078479,-0.000009,-0.701969,0.331508,0.000237,0.614303,0.433560,-0.001650,-0.000026,0.000108,10.000000,-183.000000,25.000000,0.092051,-0.000002,0.000000,0.000000,0.000000,0.351234,430.000000,0.000000,0.000000,0.000000,0.000000,40.915783,-313.432953,-236.559433,-2868.968262,-1472.581177,0.000243,5.571738,8.939030,6865,-430,31,-35
40.918713,0.009087,-0.159262,-2.077815,-0.000009,-0.700675,0.332193,0.000257,0.657971,0.313416,0.003307,-0.000028,0.000108,10.000000,-183.000000,25.000000,0.092051,-0.000002,0.000000,0.000000,0.000000,0.351234,430.000000,0.000000,0.000000,0.000000,0.000000,40.917736,-313.432953,-236.559433,-2868.968262,-1472.581177,-0.000006,5.570956,8.939030,6864,-494,31,-35
40.920670,0.009087,-0.160662,-2.077149,-0.000008,-0.699292,0.332656,0.000277,0.702913,0.204926,0.008285,-0.000031,0.000107,10.000000,-183.000000,25.000000,0.092051,-0.000002,0.000000,0.000000,0.000000,0.351234,430.000000,0.000000,0.000000,0.000000,0.000000,40.919693,-313.432953,-236.559433,-2868.968262,-1472.581177,-0.000265,5.570143,8.939030,6864,-555,31,-35
40.922623,0.009087,-0.162060,-2.076482,-0.000008,-0.697817,0.332917,0.000300,0.748906,0.106963,0.013278,-0.000034,0.000106,10.000000,-183.000000,25.000000,0.092051,-0.000002,0.000000,0.000000,0.000000,0.351234,430.000000,0.000000,0.000000,0.000000,0.000000,40.921642,-313.432953,-236.559433,-2868.968262,-1472.581177,-0.000528,5.569317,8.939030,6864,-613,32,-36
40.924576,0.009087,-0.163455,-2.075816,-0.000007,-0.696249,0.332998,0.000324,0.795743,0.018543,0.018277,-0.000037,0.000104,10.000000,-183.000000,25.000000,0.092051,-0.000002,0.000000,0.000000,0.000000,0.351234,430.000000,0.000000,0.000000,0.000000,0.000000,40.923599,-313.432953,-236.559433,-2868.968262,-1472.581177,-0.000804,5.568451,8.939030,6863,-667,32,-35
40.926529,0.009087,-0.164846,-2.075149,-0.000006,-0.694586,0.332914,0.000351,0.843222,-0.061089,0.023274,-0.000040,0.000102,10.000000,-183.000000,25.000000,0.092051,-0.000002,0.000000,0.000000,0.000000,0.351234,430.000000,0.000000,0.000000,0.000000,0.000000,40.925552,-313.432953,-236.559433,-2868.968262,-1472.581177,-0.001085,5.567568,8.939030,6863,-719,32,-35
40.928486,0.009087,-0.166234,-2.074483,-0.000006,-0.692828,0.332683,0.000381,0.891167,-0.132800,0.028262,-0.000043,0.000099,10.000000,-183.000000,25.000000,0.092051,-0.000002,0.000000,0.000000,0.000000,0.351234,430.000000,0.000000,0.000000,0.000000,0.000000,40.927509,-313.432953,-236.559433,-2868.968262,-1472.581177,-0.001366,5.566685,8.939030,6863,-767,33,-35
40.930439,0.009087,-0.167618,-2.073817,-0.000005,-0.690973,0.332320,0.000413,0.939408,-0.197336,0.033233,-0.000047,0.000095,10.000000,-183.000000,25.000000,0.092051,-0.000002,0.000000,0.000000,0.000000,0.351234,430.000000,0.000000,0.000000,0.000000,0.000000,40.929459,-313.432953,-236.559433,-2868.968262,-1472.581177,-0.001656,5.565776,8.939030,6862,-812,33,-34
40.932392,0.009087,-0.168999,-2.073153,-0.000004,-0.689022,0.331838,0.000448,0.987783,-0.255241,0.038180,-0.000051,0.000091,10.000000,-183.000000,25.000000,0.092051,-0.000002,0.000000,0.000000,0.000000,0.351234,430.000000,0.000000,0.000000,0.000000,0.000000,40.931416,-313.432953,-236.559433,-2868.968262,-1472.581177,-0.001947,5.564862,8.939030,6862,-854,33,-33
40.934345,0.009087,-0.170375,-2.072490,-0.000003,-0.686974,0.331249,0.000486,1.036150,-0.307185,0.043094,-0.000055,0.000087,10.000000,-183.000000,25.000000,0.092051,-0.000002,0.000000,0.000000,0.000000,0.351234,430.000000,0.000000,0.000000,0.000000,0.000000,40.933369,-313.432953,-236.559433,-2868.968262,-1472.581177,-0.002233,5.563962,8.939030,6862,-892,34,-32
40.936298,0.009087,-0.171747,-2.071827,-0.000002,-0.684829,0.330564,0.000526,1.084373,-0.353741,0.047970,-0.000059,0.000081,10.000000,-183.000000,25.000000,0.092051,-0.000002,0.000000,0.000000,0.000000,0.351234,430.000000,0.000000,0.000000,0.000000,0.000000,40.935326,-313.432953,-236.559433,-2868.968262,-1472.581177,-0.002516,5.563074,8.939030,6862,-927,34,-31
40.938255,0.009087,-0.173115,-2.071167,-0.000001,-0.682588,0.329793,0.000569,1.132328,-0.395398,0.052799,-0.000064,0.000075,10.000000,-183.000000,25.000000,0.092051,-0.000002,0.000000,0.000000,0.000000,0.351234,430.000000,0.000000,0.000000,0.000000,0.000000,40.937275,-313.432953,-236.559433,-2868.968262,-1472.581177,-0.002797,5.562192,8.939030,6861,-958,34,-29
40.940208,0.009087,-0.174478,-2.070508,0.000000,-0.680252,0.328946,0.000615,1.179891,-0.432494,0.057577,-0.000068,0.000069,10.000000,-183.000000,25.000000,0.092051,-0.000002,0.000000,0.000000,0.000000,0.351234,430.000000,0.000000,0.000000,0.000000,0.000000,40.939232,-313.432953,-236.559433,-2868.968262,-1472.581177,-0.003069,5.561338,8.939030,6861,-986,35,-28
40.942162,0.009087,-0.175836,-2.069850,0.000002,-0.677822,0.328031,0.000663,1.226961,-0.465518,0.062295,-0.000073,0.000062,10.000000,-183.000000,25.000000,0.092051,-0.000002,0.000000,0.000000,0.000000,0.351234,430.000000,0.000000,0.000000,0.000000,0.000000,40.941185,-313.432953,-236.559433,-2868.968262,-1472.581177,-0.003334,5.560507,8.939030,6861,-1010,35,-26
40.944115,0.009087,-0.177189,-2.069195,0.000003,-0.675298,0.327056,0.000714,1.273438,-0.494877,0.066948,-0.000078,0.000054,10.000000,-183.000000,25.000000,0.092051,-0.000002,0.000000,0.000000,0.000000,0.351234,430.000000,0.000000,0.000000,0.000000,0.000000,40.943138,-313.432953,-236.559433,-2868.968262,-1472.581177,-0.003592,5.559696,8.939030,6860,-1031,35,-24
40.946072,0.009087,-0.178537,-2.068542,0.000005,-0.672682,0.326027,0.000767,1.319225,-0.520801,0.071531,-0.000083,0.000046,10.000000,-183.000000,25.000000,0.092051,-0.000002,0.000000,0.000000,0.000000,0.351234,430.000000,0.000000,0.000000,0.000000,0.000000,40.945091,-313.432953,-236.559433,-2868.968262,-1472.581177,-0.003837,5.558927,8.939030,6860,-1049,36,-22
40.948025,0.009087,-0.179880,-2.067891,0.000006,-0.669976,0.324951,0.000823,1.364243,-0.543680,0.076038,-0.000088,0.000037,10.000000,-183.000000,25.000000,0.092051,-0.000002,0.000000,0.000000,0.000000,0.351234,430.000000,0.000000,0.000000,0.000000,0.000000,40.947048,-313.432953,-236.559433,-2868.968262,-1472.581177,-0.004070,5.558194,8.939030,6860,-1063,36,-19
40.949978,0.009087,-0.181217,-2.067242,0.000008,-0.667182,0.323833,0.000880,1.408416,-0.563833,0.080463,-0.000093,0.000028,10.000000,-183.000000,25.000000,0.092051,-0.000002,0.000000,0.000000,0.000000,0.351234,430.000000,0.000000,0.000000,0.000000,0.000000,40.949001,-313.432953,-236.559433,-2868.968262,-1472.581177,-0.004286,5.557516,8.939030,6860,-1074,36,-17
40.951931,0.009087,-0.182549,-2.066596,0.000010,-0.664300,0.322678,0.000940,1.451680,-0.581514,0.084801,-0.000099,0.000018,10.000000,-183.000000,25.000000,0.092051,-0.000002,0.000000,0.000000,0.000000,0.351234,430.000000,0.000000,0.000000,0.000000,0.000000,40.950954,-313.432953,-236.559433,-2868.968262,-1472.581177,-0.004485,5.556891,8.939030,6859,-1082,37,-14
40.953884,0.009087,-0.183874,-2.065951,0.000012,-0.661333,0.321492,0.001001,1.493958,-0.596853,0.089050,-0.000104,0.000008,10.000000,-183.000000,25.000000,0.092051,-0.000002,0.000000,0.000000,0.000000,0.351234,430.000000,0.000000,0.000000,0.000000,0.000000,40.952908,-313.432953,-236.559433,-2868.968262,-1472.581177,-0.004669,5.556315,8.939030,6859,-1087,37,-11
40.955841,0.009087,-0.185193,-2.065309,0.000014,-0.658283,0.320278,0.001063,1.535202,-0.610146,0.093203,-0.000109,-0.000002,10.000000,-183.000000,25.000000,0.092051,-0.000002,0.000000,0.000000,0.000000,0.351234,430.000000,0.000000,0.000000,0.000000,0.000000,40.954865,-313.432953,-236.559433,-2868.968262,-1472.581177,-0.004831,5.555806,8.939030,6859,-1089,37,-8
40.957794,0.009087,-0.186507,-2.064670,0.000016,-0.655152,0.319040,0.001126,1.575364,-0.621624,0.097257,-0.000115,-0.000012,10.000000,-183.000000,25.000000,0.092051,-0.000002,0.000000,0.000000,0.000000,0.351234,430.000000,0.000000,0.000000,0.000000,0.000000,40.956818,-313.432953,-236.559433,-2868.968262,-1472.581177,-0.004972,5.555364,8.939030,6859,-1088,38,-5
40.959747,0.009087,-0.187813,-2.064033,0.000018,-0.651943,0.317782,0.001190,1.614400,-0.631465,0.101209,-0.000120,-0.000023,10.000000,-183.000000,25.000000,0.092051,-0.000002,0.000000,0.000000,0.000000,0.351234,430.000000,0.000000,0.000000,0.000000,0.000000,40.958771,-313.432953,-236.559433,-2868.968262,-1472.581177,-0.005093,5.554983,8.939030,6859,-1084,38,-2
40.961700,0.009087,-0.189114,-2.063399,0.000021,-0.648657,0.316506,0.001254,1.652270,-0.639833,0.105056,-0.000125,-0.000034,10.000000,-183.000000,25.000000,0.092051,-0.000002,0.000000,0.000000,0.000000,0.351234,430.000000,0.000000,0.000000,0.000000,0.000000,40.960724,-313.432953,-236.559433,-2868.968262,-1472.581177,-0.005195,5.554661,8.939030,6859,-1078,38,1
40.963657,0.009087,-0.190407,-2.062767,0.000024,-0.645297,0.315216,0.001318,1.688940,-0.646877,0.108794,-0.000130,-0.000045,10.000000,-183.000000,25.000000,0.092051,-0.000002,0.000000,0.000000,0.000000,0.351234,430.000000,0.000000,0.000000,0.000000,0.000000,40.962681,-313.432953,-236.559433,-2868.968262,-1472.581177,-0.005279,5.554399,8.939030,6859,-1069,39,4
40.965611,0.009087,-0.191694,-2.062138,0.000026,-0.641866,0.313913,0.001381,1.724382,-0.652733,0.112421,-0.000135,-0.000057,10.000000,-183.000000,25.000000,0.092051,-0.000002,0.000000,0.000000,0.000000,0.351234,430.000000,0.000000,0.000000,0.000000,0.000000,40.964630,-313.432953,-236.559433,-2868.968262,-1472.581177,-0.005345,5.554191,8.939030,6858,-1057,39,8
40.967564,0.009087,-0.192974,-2.061512,0.000029,-0.638366,0.312601,0.001444,1.758556,-0.657421,0.115936,-0.000140,-0.000068,10.000000,-183.000000,25.000000,0.092051,-0.000002,0.000000,0.000000,0.000000,0.351234,430.000000,0.000000,0.000000,0.000000,0.000000,40.966587,-313.432953,-236.559433,-2868.968262,-1472.581177,-0.005387,5.554060,8.939030,6858,-1044,39,11
40.969517,0.009087,-0.194246,-2.060888,0.000032,-0.634799,0.311280,0.001506,1.791456,-0.661136,0.119336,-0.000145,-0.000080,10.000000,-183.000000,25.000000,0.092051,-0.000002,0.000000,0.000000,0.000000,0.351234,430.000000,0.000000,0.000000,0.000000,0.000000,40.968540,-313.432953,-236.559433,-2868.968262,-1472.581177,-0.005405,5.554004,8.939030,6858,-1028,39,15
40.971474,0.009087,-0.195512,-2.060266,0.000035,-0.631169,0.309953,0.001567,1.823066,-0.664020,0.122620,-0.000149,-0.000091,10.000000,-183.000000,25.000000,0.092051,-0.000002,0.000000,0.000000,0.000000,0.351234,430.000000,0.000000,0.000000,0.000000,0.000000,40.970497,-313.432953,-236.559433,-2868.968262,-1472.581177,-0.005400,5.554020,8.939030,6858,-1010,39,18
40.973427,0.009087,-0.196770,-2.059648,0.000038,-0.627477,0.308622,0.001626,1.853379,-0.666165,0.125787,-0.000153,-0.000102,10.000000,-183.000000,25.000000,0.092051,-0.000002,0.000000,0.000000,0.000000,0.351234,430.000000,0.000000,0.000000,0.000000,0.000000,40.972446,-313.432953,-236.559433,-2868.968262,-1472.581177,-0.005372,5.554106,8.939030,6858,-990,39,22
40.975380,0.009087,-0.198021,-2.059032,0.000042,-0.623727,0.307287,0.001684,1.882384,-0.667658,0.128836,-0.000157,-0.000114,10.000000,-183.000000,25.000000,0.092051,-0.000002,0.000000,0.000000,0.000000,0.351234,430.000000,0.000000,0.000000,0.000000,0.000000,40.974403,-313.432953,-236.559433,-2868.968262,-1472.581177,-0.005323,5.554262,8.939030,6858,-968,39,25
40.977333,0.009087,-0.199264,-2.058419,0.000045,-0.619920,0.305951,0.001739,1.910082,-0.668578,0.131766,-0.000161,-0.000125,10.000000,-183.000000,25.000000,0.092051,-0.000002,0.000000,0.000000,0.000000,0.351234,430.000000,0.000000,0.000000,0.000000,0.000000,40.976357,-313.432953,-236.559433,-2868.968262,-1472.581177,-0.005252,5.554485,8.939030,6859,-945,39,29
40.979286,0.009088,-0.200499,-2.057809,0.000049,-0.616060,0.304613,0.001791,1.936481,-0.669100,0.134577,-0.000165,-0.000135,10.000000,-183.000000,25.000000,0.092051,-0.000002,0.000000,0.000000,0.000000,0.351234,430.000000,0.000000,0.000000,0.000000,0.000000,40.978313,-313.432953,-236.559433,-2868.968262,-1472.581177,-0.005159,5.554775,8.939030,6859,-920,40,32
40.981243,0.009088,-0.201726,-2.057201,0.000052,-0.612149,0.303274,0.001842,1.961581,-0.669208,0.137270,-0.000168,-0.000146,10.000000,-183.000000,25.000000,0.092051,-0.000002,0.000000,0.000000,0.000000,0.351234,430.000000,0.000000,0.000000,0.000000,0.000000,40.980263,-313.432953,-236.559433,-2868.968262,-1472.581177,-0.005046,5.555129,8.939030,6859,-894,40,36
40.983196,0.009088,-0.202946,-2.056596,0.000056,-0.608190,0.301936,0.001889,1.985377,-0.668924,0.139845,-0.000171,-0.000156,10.000000,-183.000000,25.000000,0.092051,-0.000002,0.000000,0.000000,0.000000,0.351234,430.000000,0.000000,0.000000,0.000000,0.000000,40.982220,-313.432953,-236.559433,-2868.968262,-1472.581177,-0.004913,5.555547,8.939030,6859,-866,40,39
40.985149,0.009088,-0.204158,-2.055993,0.000060,-0.604186,0.300599,0.001933,2.007885,-0.668305,0.142302,-0.000174,-0.000166,10.000000,-183.000000,25.000000,0.092051,-0.000002,0.000000,0.000000,0.000000,0.351234,430.000000,0.000000,0.000000,0.000000,0.000000,40.984173,-313.432953,-236.559433,-2868.968262,-1472.581177,-0.004760,5.556028,8.939030,6859,-838,40,43
40.987103,0.009088,-0.205361,-2.055393,0.000064,-0.600138,0.299264,0.001974,2.029113,-0.667398,0.144642,-0.000176,-0.000176,10.000000,-183.000000,25.000000,0.092051,-0.000002,0.000000,0.000000,0.000000,0.351234,430.000000,0.000000,0.000000,0.000000,0.000000,40.986130,-313.432953,-236.559433,-2868.968262,-1472.581177,-0.004586,5.556574,8.939030,6859,-809,39,46
40.989059,0.009088,-0.206556,-2.054796,0.000068,-0.596050,0.297931,0.002011,2.049079,-0.666251,0.146867,-0.000178,-0.000185,10.000000,-183.000000,25.000000,0.092051,-0.000002,0.000000,0.000000,0.000000,0.351234,430.000000,0.000000,0.000000,0.000000,0.000000,40.988079,-313.432953,-236.559433,-2868.968262,-1472.581177,-0.004391,5.557186,8.939030,6859,-778,39,49
40.991013,0.009088,-0.207743,-2.054202,0.000072,-0.591923,0.296600,0.002044,2.067801,-0.664901,0.148978,-0.000180,-0.000193,10.000000,-182.000000,-5.000000,0.092051,-0.000002,0.000000,0.000000,0.000000,0.351234,446.000000,0.000000,0.000000,0.000000,0.000000,40.990036,-313.432953,-236.559433,-2868.968262,-1472.581177,-0.004183,5.557841,8.939030,6860,-747,39,52
40.992966,0.009088,-0.208922,-2.053610,0.000076,-0.587761,0.295273,0.002073,2.085313,-0.663491,0.150977,-0.000181,-0.000202,10.000000,-182.000000,-5.000000,0.113053,0.000018,0.000000,0.000000,0.067000,0.270165,446.000000,0.000000,0.000000,0.000000,0.000000,40.991989,-447.760986,-392.491821,-2004.895020,-1709.809814,-0.003960,9.230746,8.952985,8380,-716,39,55
40.994919,0.009089,-0.210093,-2.053021,0.000080,-0.583533,0.293735,0.002132,2.125986,-0.821039,0.152865,-0.000182,-0.000209,10.000000,-182.000000,-5.000000,0.113053,0.000018,0.000000,0.000000,0.000000,0.270165,446.000000,0.000000,0.000000,0.000000,0.000000,40.993942,-447.760986,-392.491821,-2004.895020,-1709.809814,-0.003737,9.231449,8.952985,8381,-684,39,58
40.996876,0.009089,-0.211254,-2.052436,0.000085,-0.579212,0.291800,0.002196,2.171683,-1.014657,0.154644,-0.000183,-0.000216,10.000000,-182.000000,-5.000000,0.113053,0.000018,0.000000,0.000000,0.000000,0.270165,446.000000,0.000000,0.000000,0.000000,0.000000,40.995895,-447.760986,-392.491821,-2004.895020,-1709.809814,-0.003516,9.232141,8.952985,8381,-651,39,60
40.998829,0.009089,-0.212407,-2.051855,0.000089,-0.574805,0.289506,0.002253,2.213981,-1.189556,0.156317,-0.000184,-0.000223,10.000000,-182.000000,-5.000000,0.113053,0.000018,0.000000,0.000000,0.000000,0.270165,446.000000,0.000000,0.000000,0.000000,0.000000,40.997852,-447.760986,-392.491821,-2004.895020,-1709.809814,-0.003293,9.232842,8.952985,8381,-619,39,63
41.000782,0.009089,-0.213551,-2.051279,0.000094,-0.570318,0.286888,0.002305,2.253023,-1.347475,0.157886,-0.000184,-0.000229,10.000000,-182.000000,-5.000000,0.113053,0.000018,0.000000,0.000000,0.000000,0.270165,446.000000,0.000000,0.000000,0.000000,0.000000,40.999805,-447.760986,-392.491821,-2004.895020,-1709.809814,-0.003065,9.233560,8.952985,8382,-586,39,65
41.002735,0.009089,-0.214686,-2.050709,0.000099,-0.565758,0.283977,0.002351,2.288979,-1.490122,0.159354,-0.000185,-0.000235,10.000000,-182.000000,-5.000000,0.113053,0.000018,0.000000,0.000000,0.000000,0.270165,446.000000,0.000000,0.000000,0.000000,0.000000,41.001759,-447.760986,-392.491821,-2004.895020,-1709.809814,-0.002830,9.234297,8.952985,8382,-553,39,67
41.004688,0.009090,-0.215812,-2.050146,0.000103,-0.561130,0.280802,0.002392,2.321981,-1.618873,0.160723,-0.000185,-0.000240,10.000000,-182.000000,-5.000000,0.113053,0.000018,0.000000,0.000000,0.000000,0.270165,446.000000,0.000000,0.000000,0.000000,0.000000,41.003712,-447.760986,-392.491821,-2004.895020,-1709.809814,-0.002593,9.235039,8.952985,8382,-521,39,69
41.006645,0.009090,-0.216928,-2.049588,0.000108,-0.556441,0.277389,0.002429,2.352173,-1.735012,0.161996,-0.000185,-0.000245,10.000000,-182.000000,-5.000000,0.113053,0.000018,0.000000,0.000000,0.000000,0.270165,446.000000,0.000000,0.000000,0.000000,0.000000,41.005669,-447.760986,-392.491821,-2004.895020,-1709.809814,-0.002354,9.235791,8.952985,8383,-488,39,71
41.008598,0.009090,-0.218035,-2.049039,0.000113,-0.551695,0.273760,0.002462,2.379714,-1.839837,0.163176,-0.000185,-0.000249,10.000000,-182.000000,-5.000000,0.113053,0.000018,0.000000,0.000000,0.000000,0.270165,446.000000,0.000000,0.000000,0.000000,0.000000,41.007622,-447.760986,-392.491821,-2004.895020,-1709.809814,-0.002110,9.236558,8.952985,8383,-456,39,73
41.010551,0.009090,-0.219133,-2.048496,0.000118,-0.546897,0.269938,0.002491,2.404733,-1.934352,0.164267,-0.000185,-0.000252,10.000000,-182.000000,-5.000000,0.113053,0.000018,0.000000,0.000000,0.000000,0.270165,446.000000,0.000000,0.000000,0.000000,0.000000,41.009575,-447.760986,-392.491821,-2004.895020,-1709.809814,-0.001859,9.237345,8.952985,8384,-425,39,75
41.012505,0.009090,-0.220220,-2.047962,0.000123,-0.542054,0.265940,0.002518,2.427379,-2.019604,0.165270,-0.000185,-0.000256,10.000000,-182.000000,-5.000000,0.113053,0.000018,0.000000,0.000000,0.000000,0.270165,446.000000,0.000000,0.000000,0.000000,0.000000,41.011528,-447.760986,-392.491821,-2004.895020,-1709.809814,-0.001601,9.238153,8.952985,8384,-394,39,76
41.014462,0.009091,-0.221298,-2.047436,0.000128,-0.537168,0.261785,0.002542,2.447772,-2.096403,0.166191,-0.000185,-0.000258,10.000000,-182.000000,-5.000000,0.113053,0.000018,0.000000,0.000000,0.000000,0.270165,446.000000,0.000000,0.000000,0.000000,0.000000,41.013485,-447.760986,-392.491821,-2004.895020,-1709.809814,-0.001342,9.238967,8.952985,8384,-363,39,78
41.016415,0.009091,-0.222366,-2.046918,0.000133,-0.532245,0.257487,0.002563,2.466034,-2.165518,0.167031,-0.000186,-0.000260,10.000000,-182.000000,-5.000000,0.113053,0.000018,0.000000,0.000000,0.000000,0.270165,446.000000,0.000000,0.000000,0.000000,0.000000,41.015434,-447.760986,-392.491821,-2004.895020,-1709.809814,-0.001080,9.239791,8.952985,8385,-333,39,79
41.018368,0.009091,-0.223424,-2.046409,0.000138,-0.527288,0.253062,0.002583,2.482311,-2.227782,0.167794,-0.000186,-0.000262,10.000000,-182.000000,-5.000000,0.113053,0.000018,0.000000,0.000000,0.000000,0.270165,446.000000,0.000000,0.000000,0.000000,0.000000,41.017391,-447.760986,-392.491821,-2004.895020,-1709.809814,-0.000814,9.240627,8.952985,8385,-304,39,80
41.020321,0.009092,-0.224472,-2.045909,0.000144,-0.522302,0.248522,0.002601,2.496706,-2.283775,0.168483,-0.000186,-0.000263,10.000000,-182.000000,-5.000000,0.113053,0.000018,0.000000,0.000000,0.000000,0.270165,446.000000,0.000000,0.000000,0.000000,0.000000,41.019344,-447.760986,-392.491821,-2004.895020,-1709.809814,-0.000548,9.241461,8.952985,8386,-275,39,81
41.022278,0.009092,-0.225510,-2.045419,0.000149,-0.517289,0.243878,0.002618,2.509351,-2.334165,0.169102,-0.000187,-0.000263,10.000000,-182.000000,-5.000000,0.113053,0.000018,0.000000,0.000000,0.000000,0.270165,446.000000,0.000000,0.000000,0.000000,0.000000,41.021301,-447.760986,-392.491821,-2004.895020,-1709.809814,-0.000283,9.242293,8.952985,8386,-247,39,82
41.024231,0.009092,-0.226539,-2.044938,0.000154,-0.512254,0.239141,0.002634,2.520341,-2.379412,0.169655,-0.000188,-0.000263,10.000000,-182.000000,-5.000000,0.113053,0.000018,0.000000,0.000000,0.000000,0.270165,446.000000,0.000000,0.000000,0.000000,0.000000,41.023251,-447.760986,-392.491821,-2004.895020,-1709.809814,-0.000016,9.243131,8.952985,8386,-220,39,82
41.026184,0.009092,-0.227556,-2.044466,0.000159,-0.507199,0.234321,0.002649,2.529780,-2.419971,0.170144,-0.000188,-0.000263,10.000000,-182.000000,-5.000000,0.113053,0.000018,0.000000,0.000000,0.000000,0.270165,446.000000,0.000000,0.000000,0.000000,0.000000,41.025208,-447.760986,-392.491821,-2004.895020,-1709.809814,0.000246,9.243954,8.952985,8387,-195,39,83
41.028137,0.009093,-0.228564,-2.044004,0.000165,-0.502127,0.229426,0.002664,2.537787,-2.456393,0.170573,-0.000189,-0.000262,10.000000,-182.000000,-5.000000,0.113053,0.000018,0.000000,0.000000,0.000000,0.270165,446.000000,0.000000,0.000000,0.000000,0.000000,41.027161,-447.760986,-392.491821,-2004.895020,-1709.809814,0.000505,9.244769,8.952985,8387,-169,40,83
41.030090,0.009093,-0.229562,-2.043552,0.000170,-0.497041,0.224464,0.002678,2.544450,-2.488997,0.170945,-0.000190,-0.000261,10.000000,-182.000000,-5.000000,0.113053,0.000018,0.000000,0.000000,0.000000,0.270165,446.000000,0.000000,0.000000,0.000000,0.000000,41.029118,-447.760986,-392.491821,-2004.895020,-1709.809814,0.000763,9.245579,8.952985,8387,-145,40,83
41.032047,0.009093,-0.230549,-2.043111,0.000175,-0.491944,0.219442,0.002692,2.549855,-2.518114,0.171265,-0.000191,-0.000259,10.000000,-182.000000,-5.000000,0.113053,0.000018,0.000000,0.000000,0.000000,0.270165,446.000000,0.000000,0.000000,0.000000,0.000000,41.031067,-447.760986,-392.491821,-2004.895020,-1709.809814,0.001014,9.246367,8.952985,8388,-122,40,83
41.034000,0.009094,-0.231527,-2.042679,0.000181,-0.486838,0.214366,0.002706,2.554111,-2.544178,0.171534,-0.000193,-0.000256,10.000000,-182.000000,-5.000000,0.113053,0.000018,0.000000,0.000000,0.000000,0.270165,446.000000,0.000000,0.000000,0.000000,0.000000,41.033024,-447.760986,-392.491821,-2004.895020,-1709.809814,0.001260,9.247137,8.952985,8388,-100,40,83
41.035954,0.009094,-0.232493,-2.042257,0.000186,-0.481725,0.209242,0.002720,2.557292,-2.567407,0.171757,-0.000194,-0.000253,10.000000,-182.000000,-5.000000,0.113053,0.000018,0.000000,0.000000,0.000000,0.270165,446.000000,0.000000,0.000000,0.000000,0.000000,41.034977,-447.760986,-392.491821,-2004.895020,-1709.809814,0.001501,9.247894,8.952985,8389,-79,41,83
41.037907,0.009095,-0.233450,-2.041846,0.000192,-0.476607,0.204076,0.002734,2.559490,-2.588142,0.171937,-0.000196,-0.000250,10.000000,-182.000000,-5.000000,0.113053,0.000018,0.000000,0.000000,0.000000,0.270165,446.000000,0.000000,0.000000,0.000000,0.000000,41.036934,-447.760986,-392.491821,-2004.895020,-1709.809814,0.001739,9.248642,8.952985,8389,-60,41,82
41.039864,0.009095,-0.234397,-2.041445,0.000197,-0.471486,0.198872,0.002747,2.560774,-2.606546,0.172076,-0.000198,-0.000246,10.000000,-182.000000,-5.000000,0.113053,0.000018,0.000000,0.000000,0.000000,0.270165,446.000000,0.000000,0.000000,0.000000,0.000000,41.038883,-447.760986,-392.491821,-2004.895020,-1709.809814,0.001968,9.249361,8.952985,8389,-41,41,81
41.041817,0.009095,-0.235333,-2.041055,0.000203,-0.466363,0.193634,0.002761,2.561209,-2.622806,0.172178,-0.000199,-0.000242,10.000000,-182.000000,-5.000000,0.113053,0.000018,0.000000,0.000000,0.000000,0.270165,446.000000,0.000000,0.000000,0.000000,0.000000,41.040840,-447.760986,-392.491821,-2004.895020,-1709.809814,0.002183,9.250037,8.952985,8390,-23,41,81
41.043770,0.009096,-0.236259,-2.040675,0.000208,-0.461241,0.188367,0.002774,2.560884,-2.637228,0.172247,-0.000201,-0.000237,10.000000,-182.000000,-5.000000,0.113053,0.000018,0.000000,0.000000,0.000000,0.270165,446.000000,0.000000,0.000000,0.000000,0.000000,41.042793,-447.760986,-392.491821,-2004.895020,-1709.809814,0.002393,9.250695,8.952985,8390,-7,41,80
41.045723,0.009096,-0.237175,-2.040306,0.000214,-0.456121,0.183073,0.002787,2.559855,-2.649915,0.172284,-0.000203,-0.000232,10.000000,-182.000000,-5.000000,0.113053,0.000018,0.000000,0.000000,0.000000,0.270165,446.000000,0.000000,0.000000,0.000000,0.000000,41.044746,-447.760986,-392.491821,-2004.895020,-1709.809814,0.002597,9.251337,8.952985,8390,8,42,79
41.047680,0.009097,-0.238080,-2.039948,0.000219,-0.451004,0.177756,0.002800,2.558178,-2.660995,0.172292,-0.000205,-0.000227,10.000000,-182.000000,-5.000000,0.113053,0.000018,0.000000,0.000000,0.000000,0.270165,446.000000,0.000000,0.000000,0.000000,0.000000,41.046700,-447.760986,-392.491821,-2004.895020,-1709.809814,0.002791,9.251946,8.952985,8390,22,42,78
41.049633,0.009097,-0.238975,-2.039600,0.000225,-0.445891,0.172420,0.002813,2.555916,-2.670618,0.172276,-0.000208,-0.000221,10.000000,-179.000000,-18.000000,0.113053,0.000018,0.000000,0.000000,0.000000,0.270165,460.000000,0.000000,0.000000,0.000000,0.000000,41.048656,-447.760986,-392.491821,-2004.895020,-1709.809814,0.002975,9.252525,8.952985,8391,36,42,77
41.051586,0.009098,-0.239860,-2.039263,0.000231,-0.440783,0.167066,0.002825,2.553143,-2.679026,0.172236,-0.000210,-0.000215,10.000000,-179.000000,-18.000000,0.113053,0.000018,0.000000,0.000000,-0.933999,0.270165,460.000000,0.000000,0.000000,0.000000,0.000000,41.050610,-447.760986,-392.491821,-2004.895020,-1709.809814,0.003151,9.253078,8.967985,8398,48,42,75
41.053539,0.009098,-0.240735,-2.038936,0.000236,-0.435681,0.161696,0.002837,2.550028,-2.686991,0.172176,-0.000212,-0.000208,10.000000,-179.000000,-18.000000,0.113053,0.000018,0.000000,0.000000,0.000000,0.270165,460.000000,0.000000,0.000000,0.000000,0.000000,41.052563,-447.760986,-392.491821,-2004.895020,-1709.809814,0.003313,9.253586,8.967985,8398,59,42,74
41.055492,0.009098,-0.241600,-2.038621,0.000242,-0.430586,0.156311,0.002848,2.546515,-2.694024,0.172099,-0.000214,-0.000202,10.000000,-179.000000,-18.000000,0.113053,0.000018,0.000000,0.000000,0.000000,0.270165,460.000000,0.000000,0.000000,0.000000,0.000000,41.054516,-447.760986,-392.491821,-2004.895020,-1709.809814,0.003462,9.254054,8.967985,8398,69,42,72
41.057449,0.009099,-0.242454,-2.038316,0.000248,-0.425499,0.150914,0.002858,2.542613,-2.699976,0.172006,-0.000217,-0.000195,10.000000,-179.000000,-18.000000,0.113053,0.000018,0.000000,0.000000,0.000000,0.270165,460.000000,0.000000,0.000000,0.000000,0.000000,41.056473,-447.760986,-392.491821,-2004.895020,-1709.809814,0.003600,9.254485,8.967985,8398,79,42,71
41.059402,0.009099,-0.243298,-2.038022,0.000253,-0.420420,0.145506,0.002868,2.538363,-2.704945,0.171900,-0.000219,-0.000188,10.000000,-179.000000,-18.000000,0.113053,0.000018,0.000000,0.000000,0.000000,0.270165,460.000000,0.000000,0.000000,0.000000,0.000000,41.058426,-447.760986,-392.491821,-2004.895020,-1709.809814,0.003727,9.254884,8.967985,8399,87,43,69
41.061356,0.009100,-0.244132,-2.037739,0.000259,-0.415350,0.140090,0.002876,2.533834,-2.709127,0.171783,-0.000221,-0.000180,10.000000,-179.000000,-18.000000,0.113053,0.000018,0.000000,0.000000,0.000000,0.270165,460.000000,0.000000,0.000000,0.000000,0.000000,41.060379,-447.760986,-392.491821,-2004.895020,-1709.809814,0.003843,9.255250,8.967985,8399,94,43,67
41.063309,0.009101,-0.244956,-2.037466,0.000265,-0.410290,0.134667,0.002884,2.529049,-2.712522,0.171657,-0.000223,-0.000172,10.000000,-179.000000,-18.000000,0.113053,0.000018,0.000000,0.000000,0.000000,0.270165,460.000000,0.000000,0.000000,0.000000,0.000000,41.062332,-447.760986,-392.491821,-2004.895020,-1709.809814,0.003945,9.255569,8.967985,8399,100,43,65
41.065266,0.009101,-0.245770,-2.037205,0.000271,-0.405239,0.129238,0.002890,2.524041,-2.715169,0.171524,-0.000225,-0.000164,10.000000,-179.000000,-18.000000,0.113053,0.000018,0.000000,0.000000,0.000000,0.270165,460.000000,0.000000,0.000000,0.000000,0.000000,41.064289,-447.760986,-392.491821,-2004.895020,-1709.809814,0.004032,9.255841,8.967985,8399,106,43,63
41.067219,0.009102,-0.246574,-2.036954,0.000277,-0.400199,0.123804,0.002895,2.518847,-2.717137,0.171386,-0.000227,-0.000156,10.000000,-179.000000,-18.000000,0.113053,0.000018,0.000000,0.000000,0.000000,0.270165,460.000000,0.000000,0.000000,0.000000,0.000000,41.066238,-447.760986,-392.491821,-2004.895020,-1709.809814,0.004105,9.256072,8.967985,8399,110,43,61
41.069172,0.009102,-0.247367,-2.036715,0.000282,-0.395169,0.118368,0.002898,2.513499,-2.718485,0.171245,-0.000229,-0.000148,10.000000,-179.000000,-18.000000,0.113053,0.000018,0.000000,0.000000,0.000000,0.270165,460.000000,0.000000,0.000000,0.000000,0.000000,41.068195,-447.760986,-392.491821,-2004.895020,-1709.809814,0.004166,9.256263,8.967985,8399,114,43,59
41.071125,0.009103,-0.248151,-2.036486,0.000288,-0.390150,0.112930,0.002900,2.508030,-2.719270,0.171102,-0.000231,-0.000140,10.000000,-179.000000,-18.000000,0.113053,0.000018,0.000000,0.000000,0.000000,0.270165,460.000000,0.000000,0.000000,0.000000,0.000000,41.070148,-447.760986,-392.491821,-2004.895020,-1709.809814,0.004215,9.256416,8.967985,8399,117,43,57
41.073078,0.009103,-0.248925,-2.036268,0.000294,-0.385143,0.107491,0.002900,2.502468,-2.719543,0.170958,-0.000233,-0.000132,10.000000,-179.000000,-18.000000,0.113053,0.000018,0.000000,0.000000,0.000000,0.270165,460.000000,0.000000,0.000000,0.000000,0.000000,41.072105,-447.760986,-392.491821,-2004.895020,-1709.809814,0.004252,9.256535,8.967985,8399,119,43,55
41.075035,0.009104,-0.249688,-2.036061,0.000300,-0.380146,0.102052,0.002898,2.496839,-2.719347,0.170816,-0.000234,-0.000123,10.000000,-179.000000,-18.000000,0.113053,0.000018,0.000000,0.000000,0.000000,0.270165,460.000000,0.000000,0.000000,0.000000,0.000000,41.074055,-447.760986,-392.491821,-2004.895020,-1709.809814,0.004279,9.256618,8.967985,8399,120,43,53
41.076988,0.009105,-0.250442,-2.035865,0.000306,-0.375161,0.096614,0.002893,2.491168,-2.718726,0.170676,-0.000236,-0.000115,10.000000,-179.000000,-18.000000,0.113053,0.000018,0.000000,0.000000,0.000000,0.270165,460.000000,0.000000,0.000000,0.000000,0.000000,41.076012,-447.760986,-392.491821,-2004.895020,-1709.809814,0.004295,9.256670,8.967985,8399,121,43,51
41.078941,0.009105,-0.251185,-2.035679,0.000311,-0.370187,0.091178,0.002887,2.485477,-2.717716,0.170539,-0.000237,-0.000106,10.000000,-179.000000,-18.000000,0.113053,0.000018,0.000000,0.000000,0.000000,0.270165,460.000000,0.000000,0.000000,0.000000,0.000000,41.077965,-447.760986,-392.491821,-2004.895020,-1709.809814,0.004302,9.256690,8.967985,8399,121,43,49
41.080894,0.009106,-0.251919,-2.035505,0.000317,-0.365225,0.085745,0.002879,2.479787,-2.716352,0.170408,-0.000238,-0.000098,10.000000,-179.000000,-18.000000,0.113053,0.000018,0.000000,0.000000,0.000000,0.270165,460.000000,0.000000,0.000000,0.000000,0.000000,41.079922,-447.760986,-392.491821,-2004.895020,-1709.809814,0.004299,9.256680,8.967985,8399,121,43,46
41.082851,0.009106,-0.252643,-2.035342,0.000323,-0.360274,0.080314,0.002868,2.474118,-2.714664,0.170281,-0.000239,-0.000089,10.000000,-179.000000,-18.000000,0.113053,0.000018,0.000000,0.000000,0.000000,0.270165,460.000000,0.000000,0.000000,0.000000,0.000000,41.081871,-447.760986,-392.491821,-2004.895020,-1709.809814,0.004280,9.256622,8.967985,8399,120,43,44
41.084805,0.009107,-0.253357,-2.035189,0.000329,-0.355334,0.074888,0.002855,2.468484,-2.712681,0.170162,-0.000240,-0.000081,10.000000,-179.000000,-18.000000,0.113053,0.000018,0.000000,0.000000,0.000000,0.270165,460.000000,0.000000,0.000000,0.000000,0.000000,41.083828,-447.760986,-392.491821,-2004.895020,-1709.809814,0.004247,9.256517,8.967985,8399,118,43,42
41.086758,0.009108,-0.254061,-2.035047,0.000334,-0.350405,0.069466,0.002840,2.462900,-2.710427,0.170049,-0.000240,-0.000072,10.000000,-179.000000,-18.000000,0.113053,0.000018,0.000000,0.000000,0.000000,0.270165,460.000000,0.000000,0.000000,0.000000,0.000000,41.085781,-447.760986,-392.491821,-2004.895020,-1709.809814,0.004206,9.256388,8.967985,8399,116,43,40
41.088711,0.009108,-0.254755,-2.034916,0.000340,-0.345488,0.064049,0.002822,2.457381,-2.707925,0.169945,-0.000240,-0.000064,10.000000,-179.000000,-18.000000,0.113053,0.000018,0.000000,0.000000,0.000000,0.270165,460.000000,0.000000,0.000000,0.000000,0.000000,41.087734,-447.760986,-392.491821,-2004.895020,-1709.809814,0.004157,9.256234,8.967985,8399,113,43,38
41.090668,0.009109,-0.255439,-2.034796,0.000345,-0.340581,0.058637,0.002801,2.451939,-2.705197,0.169849,-0.000241,-0.000056,10.000000,-179.000000,-18.000000,0.113053,0.000018,0.000000,0.000000,0.000000,0.270165,460.000000,0.000000,0.000000,0.000000,0.000000,41.089687,-447.760986,-392.491821,-2004.895020,-1709.809814,0.004100,9.256056,8.967985,8399,110,43,36
41.092621,0.009110,-0.256113,-2.034687,0.000351,-0.335685,0.053231,0.002778,2.446583,-2.702262,0.169763,-0.000240,-0.000047,10.000000,-179.000000,-18.000000,0.113053,0.000018,0.000000,0.000000,0.000000,0.270165,460.000000,0.000000,0.000000,0.000000,0.000000,41.091644,-447.760986,-392.491821,-2004.895020,-1709.809814,0.004035,9.255854,8.967985,8399,107,43,34
41.094574,0.009111,-0.256778,-2.034588,0.000357,-0.330800,0.047831,0.002753,2.441322,-2.699136,0.169685,-0.000240,-0.000039,10.000000,-179.000000,-18.000000,0.113053,0.000018,0.000000,0.000000,0.000000,0.270165,460.000000,0.000000,0.000000,0.000000,0.000000,41.093597,-447.760986,-392.491821,-2004.895020,-1709.809814,0.003963,9.255628,8.967985,8399,103,43,31
41.096527,0.009111,-0.257433,-2.034501,0.000362,-0.325925,0.042438,0.002725,2.436166,-2.695837,0.169618,-0.000239,-0.000031,10.000000,-179.000000,-18.000000,0.113053,0.000018,0.000000,0.000000,0.000000,0.270165,460.000000,0.000000,0.000000,0.000000,0.000000,41.095551,-447.760986,-392.491821,-2004.895020,-1709.809814,0.003878,9.255358,8.967985,8399,99,42,29
41.098480,0.009112,-0.258078,-2.034424,0.000367,-0.321060,0.037051,0.002694,2.431117,-2.692379,0.169561,-0.000238,-0.000024,10.000000,-179.000000,-18.000000,0.113053,0.000018,0.000000,0.000000,0.000000,0.270165,460.000000,0.000000,0.000000,0.000000,0.000000,41.097504,-447.760986,-392.491821,-2004.895020,-1709.809814,0.003779,9.255047,8.967985,8399,94,42,27
41.100437,0.009113,-0.258714,-2.034358,0.000373,-0.316206,0.031672,0.002660,2.426183,-2.688775,0.169514,-0.000237,-0.000016,10.000000,-179.000000,-18.000000,0.113053,0.000018,0.000000,0.000000,0.000000,0.270165,460.000000,0.000000,0.000000,0.000000,0.000000,41.099461,-447.760986,-392.491821,-2004.895020,-1709.809814,0.003673,9.254715,8.967985,8399,90,42,25
41.102390,0.009113,-0.259340,-2.034302,0.000378,-0.311361,0.026300,0.002624,2.421367,-2.685036,0.169478,-0.000236,-0.000009,10.000000,-179.000000,-18.000000,0.113053,0.000018,0.000000,0.000000,0.000000,0.270165,460.000000,0.000000,0.000000,0.000000,0.000000,41.101414,-447.760986,-392.491821,-2004.895020,-1709.809814,0.003560,9.254362,8.967985,8398,85,42,24
41.104343,0.009114,-0.259956,-2.034258,0.000383,-0.306525,0.020936,0.002585,2.416653,-2.681070,0.169452,-0.000234,-0.000001,10.000000,-179.000000,-18.000000,0.113053,0.000018,0.000000,0.000000,0.000000,0.270165,460.000000,0.000000,0.000000,0.000000,0.000000,41.103367,-447.760986,-392.491821,-2004.895020,-1709.809814,0.003447,9.254007,8.967985,8398,80,42,22
41.106297,0.009115,-0.260562,-2.034224,0.000388,-0.301698,0.015580,0.002543,2.412060,-2.676966,0.169437,-0.000232,0.000006,10.000000,-179.000000,-18.000000,0.113053,0.000018,0.000000,0.000000,0.000000,0.270165,460.000000,0.000000,0.000000,0.000000,0.000000,41.105320,-447.760986,-392.491821,-2004.895020,-1709.809814,0.003333,9.253649,8.967985,8398,75,42,20
41.108253,0.009116,-0.261159,-2.034201,0.000393,-0.296881,0.010232,0.002499,2.407592,-2.672772,0.169432,-0.000230,0.000012,10.000000,-177.000000,-23.000000,0.113053,0.000018,0.000000,0.000000,0.000000,0.270165,466.000000,0.000000,0.000000,0.000000,0.000000,41.107277,-447.760986,-392.491821,-2004.895020,-1709.809814,0.003212,9.253267,8.967985,8398,70,42,18
41.110207,0.009117,-0.261746,-2.034188,0.000398,-0.292072,0.004893,0.002453,2.403250,-2.668494,0.169438,-0.000228,0.000019,10.000000,-177.000000,-23.000000,0.111045,0.000094,0.000000,0.000000,0.067000,0.096397,466.000000,0.000000,0.000000,0.000000,0.000000,41.109226,-268.656708,-351.842834,2673.198242,-472.625916,0.003082,8.295577,8.989925,7972,64,42,17
41.112160,0.009117,-0.262324,-2.034186,0.000403,-0.287282,-0.000378,0.002394,2.391425,-2.619684,0.169453,-0.000225,0.000025,10.000000,-177.000000,-23.000000,0.111045,0.000094,0.000000,0.000000,0.000000,0.096397,466.000000,0.000000,0.000000,0.000000,0.000000,41.111183,-268.656708,-351.842834,2673.198242,-472.625916,0.002957,8.295185,8.989925,7972,59,41,15
41.114113,0.009118,-0.262892,-2.034195,0.000408,-0.282520,-0.005528,0.002331,2.377994,-2.560693,0.169479,-0.000223,0.000031,10.000000,-177.000000,-23.000000,0.111045,0.000094,0.000000,0.000000,0.000000,0.096397,466.000000,0.000000,0.000000,0.000000,0.000000,41.113136,-268.656708,-351.842834,2673.198242,-472.625916,0.002835,8.294800,8.989925,7972,53,41,13
41.116070,0.009119,-0.263450,-2.034214,0.000412,-0.277783,-0.010568,0.002266,2.365569,-2.506824,0.169514,-0.000219,0.000037,10.000000,-177.000000,-23.000000,0.111045,0.000094,0.000000,0.000000,0.000000,0.096397,466.000000,0.000000,0.000000,0.000000,0.000000,41.115093,-268.656708,-351.842834,2673.198242,-472.625916,0.002701,8.294381,8.989925,7971,48,41,12
41.118023,0.009120,-0.263999,-2.034242,0.000417,-0.273069,-0.015507,0.002201,2.354043,-2.457496,0.169559,-0.000216,0.000043,10.000000,-177.000000,-23.000000,0.111045,0.000094,0.000000,0.000000,0.000000,0.096397,466.000000,0.000000,0.000000,0.000000,0.000000,41.117043,-268.656708,-351.842834,2673.198242,-472.625916,0.002564,8.293951,8.989925,7971,43,41,10
41.119976,0.009121,-0.264539,-2.034281,0.000421,-0.268377,-0.020354,0.002133,2.343354,-2.412357,0.169613,-0.000212,0.000049,10.000000,-177.000000,-23.000000,0.111045,0.000094,0.000000,0.000000,0.000000,0.096397,466.000000,0.000000,0.000000,0.000000,0.000000,41.118999,-268.656708,-351.842834,2673.198242,-472.625916,0.002423,8.293508,8.989925,7971,37,41,9
41.121929,0.009122,-0.265069,-2.034328,0.000425,-0.263705,-0.025116,0.002065,2.333432,-2.371052,0.169675,-0.000208,0.000054,10.000000,-177.000000,-23.000000,0.111045,0.000094,0.000000,0.000000,0.000000,0.096397,466.000000,0.000000,0.000000,0.000000,0.000000,41.120953,-268.656708,-351.842834,2673.198242,-472.625916,0.002278,8.293053,8.989925,7971,32,40,8
41.123882,0.009122,-0.265590,-2.034386,0.000429,-0.259052,-0.029801,0.001994,2.324214,-2.333222,0.169746,-0.000204,0.000059,10.000000,-177.000000,-23.000000,0.111045,0.000094,0.000000,0.000000,0.000000,0.096397,466.000000,0.000000,0.000000,0.000000,0.000000,41.122910,-268.656708,-351.842834,2673.198242,-472.625916,0.002135,8.292603,8.989925,7971,27,40,7
41.125839,0.009123,-0.266102,-2.034452,0.000433,-0.254417,-0.034415,0.001922,2.315637,-2.298544,0.169825,-0.000200,0.000064,10.000000,-177.000000,-23.000000,0.111045,0.000094,0.000000,0.000000,0.000000,0.096397,466.000000,0.000000,0.000000,0.000000,0.000000,41.124859,-268.656708,-351.842834,2673.198242,-472.625916,0.001993,8.292158,8.989925,7970,22,40,6
41.127792,0.009124,-0.266604,-2.034528,0.000437,-0.249798,-0.038964,0.001847,2.307629,-2.266622,0.169911,-0.000195,0.000068,10.000000,-177.000000,-23.000000,0.111045,0.000094,0.000000,0.000000,0.000000,0.096397,466.000000,0.000000,0.000000,0.000000,0.000000,41.126816,-268.656708,-351.842834,2673.198242,-472.625916,0.001853,8.291717,8.989925,7970,17,40,4
41.129745,0.009125,-0.267097,-2.034613,0.000440,-0.245194,-0.043453,0.001771,2.300153,-2.237268,0.170004,-0.000190,0.000072,10.000000,-177.000000,-23.000000,0.111045,0.000094,0.000000,0.000000,0.000000,0.096397,466.000000,0.000000,0.000000,0.000000,0.000000,41.128769,-268.656708,-351.842834,2673.198242,-472.625916,0.001706,8.291258,8.989925,7970,12,39,3
41.131699,0.009126,-0.267581,-2.034706,0.000444,-0.240604,-0.047887,0.001693,2.293165,-2.210280,0.170104,-0.000185,0.000076,10.000000,-177.000000,-23.000000,0.111045,0.000094,0.000000,0.000000,0.000000,0.096397,466.000000,0.000000,0.000000,0.000000,0.000000,41.130726,-268.656708,-351.842834,2673.198242,-472.625916,0.001554,8.290780,8.989925,7970,7,39,3
41.133656,0.009127,-0.268056,-2.034809,0.000447,-0.236027,-0.052270,0.001614,2.286623,-2.185435,0.170210,-0.000179,0.000080,10.000000,-177.000000,-23.000000,0.111045,0.000094,0.000000,0.000000,0.000000,0.096397,466.000000,0.000000,0.000000,0.000000,0.000000,41.132675,-268.656708,-351.842834,2673.198242,-472.625916,0.001410,8.290325,8.989925,7970,3,39,2
41.135609,0.009128,-0.268522,-2.034920,0.000450,-0.231463,-0.056606,0.001532,2.280487,-2.162536,0.170321,-0.000173,0.000084,10.000000,-177.000000,-23.000000,0.111045,0.000094,0.000000,0.000000,0.000000,0.096397,466.000000,0.000000,0.000000,0.000000,0.000000,41.134632,-268.656708,-351.842834,2673.198242,-472.625916,0.001271,8.289889,8.989925,7969,-1,39,1
41.137562,0.009129,-0.268978,-2.035040,0.000453,-0.226911,-0.060899,0.001449,2.274703,-2.141298,0.170438,-0.000167,0.000087,10.000000,-177.000000,-23.000000,0.111045,0.000094,0.000000,0.000000,0.000000,0.096397,466.000000,0.000000,0.000000,0.000000,0.000000,41.136585,-268.656708,-351.842834,2673.198242,-472.625916,0.001131,8.289451,8.989925,7969,-5,38,0
41.139515,0.009130,-0.269426,-2.035168,0.000456,-0.222370,-0.065152,0.001364,2.269250,-2.121638,0.170559,-0.000161,0.000090,10.000000,-177.000000,-23.000000,0.111045,0.000094,0.000000,0.000000,0.000000,0.096397,466.000000,0.000000,0.000000,0.000000,0.000000,41.138538,-268.656708,-351.842834,2673.198242,-472.625916,0.000990,8.289007,8.989925,7969,-9,38,0
41.141472,0.009130,-0.269864,-2.035305,0.000459,-0.217839,-0.069368,0.001278,2.264101,-2.103444,0.170684,-0.000155,0.000093,10.000000,-177.000000,-23.000000,0.111045,0.000094,0.000000,0.000000,0.000000,0.096397,466.000000,0.000000,0.000000,0.000000,0.000000,41.140491,-268.656708,-351.842834,2673.198242,-472.625916,0.000854,8.288581,8.989925,7969,-13,38,0
41.143425,0.009131,-0.270293,-2.035450,0.000461,-0.213318,-0.073549,0.001190,2.259229,-2.086580,0.170812,-0.000148,0.000095,10.000000,-177.000000,-23.000000,0.111045,0.000094,0.000000,0.000000,0.000000,0.096397,466.000000,0.000000,0.000000,0.000000,0.000000,41.142448,-268.656708,-351.842834,2673.198242,-472.625916,0.000729,8.288187,8.989925,7969,-16,38,-1
41.145378,0.009132,-0.270714,-2.035604,0.000463,-0.208807,-0.077699,0.001101,2.254608,-2.070922,0.170944,-0.000141,0.000098,10.000000,-177.000000,-23.000000,0.111045,0.000094,0.000000,0.000000,0.000000,0.096397,466.000000,0.000000,0.000000,0.000000,0.000000,41.144402,-268.656708,-351.842834,2673.198242,-472.625916,0.000606,8.287803,8.989925,7969,-20,37,-1
41.147331,0.009133,-0.271125,-2.035765,0.000465,-0.204304,-0.081819,0.001010,2.250210,-2.056361,0.171079,-0.000134,0.000100,10.000000,-177.000000,-23.000000,0.111045,0.000094,0.000000,0.000000,0.000000,0.096397,466.000000,0.000000,0.000000,0.000000,0.000000,41.146355,-268.656708,-351.842834,2673.198242,-472.625916,0.000487,8.287429,8.989925,7968,-23,37,-1
41.149284,0.009134,-0.271527,-2.035935,0.000467,-0.199810,-0.085911,0.000919,2.245996,-2.042690,0.171215,-0.000127,0.000102,10.000000,-177.000000,-23.000000,0.111045,0.000094,0.000000,0.000000,0.000000,0.096397,466.000000,0.000000,0.000000,0.000000,0.000000,41.148308,-268.656708,-351.842834,2673.198242,-472.625916,0.000376,8.287081,8.989925,7968,-26,37,-2
41.151241,0.009135,-0.271920,-2.036113,0.000469,-0.195324,-0.089977,0.000826,2.241959,-2.029898,0.171353,-0.000120,0.000103,10.000000,-177.000000,-23.000000,0.111045,0.000094,0.000000,0.000000,0.000000,0.096397,466.000000,0.000000,0.000000,0.000000,0.000000,41.150265,-268.656708,-351.842834,2673.198242,-472.625916,0.000267,8.286737,8.989925,7968,-29,37,-2
41.153194,0.009136,-0.272305,-2.036299,0.000470,-0.190846,-0.094019,0.000734,2.238083,-2.017939,0.171492,-0.000113,0.000105,10.000000,-177.000000,-23.000000,0.111045,0.000094,0.000000,0.000000,0.000000,0.096397,466.000000,0.000000,0.000000,0.000000,0.000000,41.152218,-268.656708,-351.842834,2673.198242,-472.625916,0.000159,8.286399,8.989925,7968,-31,36,-2
41.155148,0.009137,-0.272680,-2.036494,0.000472,-0.186376,-0.098038,0.000640,2.234350,-2.006737,0.171632,-0.000105,0.000106,10.000000,-177.000000,-23.000000,0.111045,0.000094,0.000000,0.000000,0.000000,0.096397,466.000000,0.000000,0.000000,0.000000,0.000000,41.154171,-268.656708,-351.842834,2673.198242,-472.625916,0.000058,8.286082,8.989925,7968,-33,36,-3
41.157101,0.009138,-0.273047,-2.036696,0.000473,-0.181912,-0.102035,0.000546,2.230747,-1.996222,0.171773,-0.000098,0.000107,10.000000,-177.000000,-23.000000,0.111045,0.000094,0.000000,0.000000,0.000000,0.096397,466.000000,0.000000,0.000000,0.000000,0.000000,41.156124,-268.656708,-351.842834,2673.198242,-472.625916,-0.000042,8.285767,8.989925,7968,-36,36,-3
41.159058,0.009139,-0.273404,-2.036906,0.000474,-0.177456,-0.106013,0.000453,2.227252,-1.986332,0.171913,-0.000090,0.000108,10.000000,-177.000000,-23.000000,0.111045,0.000094,0.000000,0.000000,0.000000,0.096397,466.000000,0.000000,0.000000,0.000000,0.000000,41.158081,-268.656708,-351.842834,2673.198242,-472.625916,-0.000143,8.285451,8.989925,7968,-37,36,-3
41.161011,0.009140,-0.273753,-2.037125,0.000475,-0.173007,-0.109971,0.000359,2.223853,-1.977010,0.172052,-0.000082,0.000109,10.000000,-177.000000,-23.000000,0.111045,0.000094,0.000000,0.000000,0.000000,0.096397,466.000000,0.000000,0.000000,0.000000,0.000000,41.160030,-268.656708,-351.842834,2673.198242,-472.625916,-0.000237,8.285155,8.989925,7967,-39,35,-3
41.162964,0.009141,-0.274092,-2.037351,0.000475,-0.168564,-0.113912,0.000265,2.220519,-1.968101,0.172191,-0.000075,0.000110,10.000000,-177.000000,-23.000000,0.111045,0.000094,0.000000,0.000000,0.000000,0.096397,466.000000,0.000000,0.000000,0.000000,0.000000,41.161987,-268.656708,-351.842834,2673.198242,-472.625916,-0.000326,8.284877,8.989925,7967,-41,35,-3
41.164917,0.009142,-0.274423,-2.037585,0.000476,-0.164128,-0.117835,0.000173,2.217251,-1.959639,0.172328,-0.000067,0.000110,10.000000,-177.000000,-23.000000,0.111045,0.000094,0.000000,0.000000,0.000000,0.096397,466.000000,0.000000,0.000000,0.000000,0.000000,41.163940,-268.656708,-351.842834,2673.198242,-472.625916,-0.000409,8.284615,8.989925,7967,-42,35,-3
41.166870,0.009143,-0.274745,-2.037826,0.000476,-0.159698,-0.121743,0.000080,2.214044,-1.951617,0.172464,-0.000059,0.000111,10.000000,-177.000000,-23.000000,0.111045,0.000094,0.000000,0.000000,0.000000,0.096397,466.000000,0.000000,0.000000,0.000000,0.000000,41.165897,-268.656708,-351.842834,2673.198242,-472.625916,-0.000488,8.284367,8.989925,7967,-43,35,-3
41.168827,0.009144,-0.275058,-2.038076,0.000476,-0.155275,-0.125634,-0.000011,2.210886,-1.943996,0.172598,-0.000052,0.000111,10.000000,-177.000000,-23.000000,0.111045,0.000094,0.000000,0.000000,0.000000,0.096397,466.000000,0.000000,0.000000,0.000000,0.000000,41.167847,-268.656708,-351.842834,2673.198242,-472.625916,-0.000563,8.284133,8.989925,7967,-44,35,-3
41.170780,0.009145,-0.275362,-2.038333,0.000476,-0.150858,-0.129511,-0.000101,2.207768,-1.936740,0.172729,-0.000044,0.000111,10.000000,-177.000000,-23.000000,0.111045,0.000094,0.000000,0.000000,0.000000,0.096397,466.000000,0.000000,0.000000,0.000000,0.000000,41.169804,-268.656708,-351.842834,2673.198242,-472.625916,-0.000633,8.283911,8.989925,7967,-44,35,-3
41.172733,0.009146,-0.275658,-2.038598,0.000475,-0.146447,-0.133374,-0.000190,2.204680,-1.929817,0.172858,-0.000037,0.000111,10.000000,-177.000000,-23.000000,0.111045,0.000094,0.000000,0.000000,0.000000,0.096397,466.000000,0.000000,0.000000,0.000000,0.000000,41.171757,-268.656708,-351.842834,2673.198242,-472.625916,-0.000701,8.283699,8.989925,7967,-45,34,-3
41.174686,0.009147,-0.275944,-2.038871,0.000475,-0.142042,-0.137224,-0.000277,2.201615,-1.923198,0.172984,-0.000029,0.000110,10.000000,-177.000000,-23.000000,0.111045,0.000094,0.000000,0.000000,0.000000,0.096397,466.000000,0.000000,0.000000,0.000000,0.000000,41.173714,-268.656708,-351.842834,2673.198242,-472.625916,-0.000765,8.283498,8.989925,7967,-45,34,-2
41.176643,0.009147,-0.276222,-2.039152,0.000474,-0.137643,-0.141061,-0.000363,2.198563,-1.916857,0.173107,-0.000022,0.000110,10.000000,-177.000000,-23.000000,0.111045,0.000094,0.000000,0.000000,0.000000,0.096397,466.000000,0.000000,0.000000,0.000000,0.000000,41.175663,-268.656708,-351.842834,2673.198242,-472.625916,-0.000819,8.283326,8.989925,7967,-45,34,-2
41.178596,0.009148,-0.276491,-2.039440,0.000473,-0.133251,-0.144886,-0.000447,2.195519,-1.910767,0.173226,-0.000015,0.000109,10.000000,-177.000000,-23.000000,0.111045,0.000094,0.000000,0.000000,0.000000,0.096397,466.000000,0.000000,0.000000,0.000000,0.000000,41.177620,-268.656708,-351.842834,2673.198242,-472.625916,-0.000865,8.283182,8.989925,7967,-45,34,-2
41.180550,0.009149,-0.276751,-2.039736,0.000472,-0.128864,-0.148698,-0.000529,2.192477,-1.904908,0.173342,-0.000008,0.000109,10.000000,-177.000000,-23.000000,0.111045,0.000094,0.000000,0.000000,0.000000,0.096397,466.000000,0.000000,0.000000,0.000000,0.000000,41.179573,-268.656708,-351.842834,2673.198242,-472.625916,-0.000910,8.283042,8.989925,7966,-45,34,-2
41.182503,0.009150,-0.277003,-2.040039,0.000471,-0.124484,-0.152499,-0.000608,2.189412,-1.899158,0.173454,-0.000001,0.000108,10.000000,-177.000000,-23.000000,0.111045,0.000094,0.000000,0.000000,0.000000,0.096397,466.000000,0.000000,0.000000,0.000000,0.000000,41.181526,-268.656708,-351.842834,2673.198242,-472.625916,-0.000953,8.282907,8.989925,7966,-45,34,-1
41.184460,0.009151,-0.277245,-2.040350,0.000470,-0.120110,-0.156289,-0.000685,2.186332,-1.893577,0.173562,0.000006,0.000107,10.000000,-177.000000,-23.000000,0.111045,0.000094,0.000000,0.000000,0.000000,0.096397,466.000000,0.000000,0.000000,0.000000,0.000000,41.183479,-268.656708,-351.842834,2673.198242,-472.625916,-0.000988,8.282797,8.989925,7966,-44,34,-1
41.186413,0.009152,-0.277479,-2.040668,0.000468,-0.115742,-0.160068,-0.000760,2.183240,-1.888184,0.173666,0.000012,0.000106,10.000000,-177.000000,-30.000000,0.111045,0.000094,0.000000,0.000000,0.000000,0.096397,470.000000,0.000000,0.000000,0.000000,0.000000,41.185436,-268.656708,-351.842834,2673.198242,-472.625916,-0.001016,8.282709,8.989925,7966,-44,34,-1
41.188366,0.009153,-0.277704,-2.040995,0.000467,-0.111380,-0.163837,-0.000832,2.180133,-1.882965,0.173766,0.000018,0.000105,10.000000,-177.000000,-30.000000,0.105308,0.000111,0.000000,0.000000,0.067000,0.063649,470.000000,0.000000,0.000000,0.000000,0.000000,41.187389,-104.477600,-224.796539,2450.434082,477.152954,-0.001044,5.290681,8.975000,6790,-43,34,-1
41.190319,0.009154,-0.277921,-2.041328,0.000465,-0.107053,-0.167431,-0.000897,2.155473,-1.755277,0.173861,0.000024,0.000104,10.000000,-177.000000,-30.000000,0.105308,0.000111,0.000000,0.000000,0.000000,0.063649,470.000000,0.000000,0.000000,0.000000,0.000000,41.189342,-104.477600,-224.796539,2450.434082,477.152954,-0.001071,5.290595,8.975000,6790,-42,34,0
41.192272,0.009155,-0.278129,-2.041668,0.000463,-0.102787,-0.170707,-0.000956,2.125864,-1.599846,0.173952,0.000030,0.000103,10.000000,-177.000000,-30.000000,0.105308,0.000111,0.000000,0.000000,0.000000,0.063649,470.000000,0.000000,0.000000,0.000000,0.000000,41.191296,-104.477600,-224.796539,2450.434082,477.152954,-0.001092,5.290528,8.975000,6790,-41,34,0
41.194229,0.009156,-0.278328,-2.042015,0.000461,-0.098576,-0.173693,-0.001013,2.098719,-1.458860,0.174038,0.000036,0.000102,10.000000,-177.000000,-30.000000,0.105308,0.000111,0.000000,0.000000,0.000000,0.063649,470.000000,0.000000,0.000000,0.000000,0.000000,41.193253,-104.477600,-224.796539,2450.434082,477.152954,-0.001107,5.290482,8.975000,6790,-40,34,0
41.196182,0.009157,-0.278519,-2.042366,0.000459,-0.094417,-0.176417,-0.001067,2.073804,-1.330975,0.174120,0.000042,0.000100,10.000000,-177.000000,-30.000000,0.105308,0.000111,0.000000,0.000000,0.000000,0.063649,470.000000,0.000000,0.000000,0.000000,0.000000,41.195206,-104.477600,-224.796539,2450.434082,477.152954,-0.001122,5.290435,8.975000,6790,-39,34,0
41.198135,0.009158,-0.278702,-2.042723,0.000457,-0.090303,-0.178904,-0.001119,2.050910,-1.214973,0.174198,0.000047,0.000099,10.000000,-177.000000,-30.000000,0.105308,0.000111,0.000000,0.000000,0.000000,0.063649,470.000000,0.000000,0.000000,0.000000,0.000000,41.197159,-104.477600,-224.796539,2450.434082,477.152954,-0.001137,5.290387,8.975000,6789,-38,34,0
41.200089,0.009159,-0.278877,-2.043085,0.000454,-0.086233,-0.181175,-0.001170,2.029829,-1.109645,0.174270,0.000053,0.000098,10.000000,-177.000000,-30.000000,0.105308,0.000111,0.000000,0.000000,0.000000,0.063649,470.000000,0.000000,0.000000,0.000000,0.000000,41.199112,-104.477600,-224.796539,2450.434082,477.152954,-0.001153,5.290339,8.975000,6789,-36,34,0
41.202045,0.009160,-0.279043,-2.043451,0.000452,-0.082203,-0.183249,-0.001220,2.010401,-1.014067,0.174339,0.000059,0.000096,10.000000,-177.000000,-30.000000,0.105308,0.000111,0.000000,0.000000,0.000000,0.063649,470.000000,0.000000,0.000000,0.000000,0.000000,41.201069,-104.477600,-224.796539,2450.434082,477.152954,-0.001168,5.290291,8.975000,6789,-35,33,0
41.203999,0.009160,-0.279202,-2.043821,0.000449,-0.078209,-0.185146,-0.001270,1.992476,-0.927369,0.174402,0.000064,0.000095,10.000000,-177.000000,-30.000000,0.105308,0.000111,0.000000,0.000000,0.000000,0.063649,470.000000,0.000000,0.000000,0.000000,0.000000,41.203018,-104.477600,-224.796539,2450.434082,477.152954,-0.001183,5.290242,8.975000,6789,-33,33,1
41.205952,0.009161,-0.279353,-2.044194,0.000447,-0.074249,-0.186882,-0.001319,1.975911,-0.848724,0.174461,0.000070,0.000093,10.000000,-177.000000,-30.000000,0.105308,0.000111,0.000000,0.000000,0.000000,0.063649,470.000000,0.000000,0.000000,0.000000,0.000000,41.204975,-104.477600,-224.796539,2450.434082,477.152954,-0.001192,5.290215,8.975000,6789,-32,33,1
41.207905,0.009162,-0.279495,-2.044570,0.000444,-0.070321,-0.188472,-0.001368,1.960580,-0.777381,0.174515,0.000075,0.000092,10.000000,-177.000000,-30.000000,0.105308,0.000111,0.000000,0.000000,0.000000,0.063649,470.000000,0.000000,0.000000,0.000000,0.000000,41.206928,-104.477600,-224.796539,2450.434082,477.152954,-0.001194,5.290208,8.975000,6789,-30,33,1
41.209862,0.009163,-0.279630,-2.044950,0.000441,-0.066421,-0.189929,-0.001417,1.946365,-0.712663,0.174565,0.000081,0.000090,10.000000,-177.000000,-30.000000,0.105308,0.000111,0.000000,0.000000,0.000000,0.063649,470.000000,0.000000,0.000000,0.000000,0.000000,41.208885,-104.477600,-224.796539,2450.434082,477.152954,-0.001197,5.290199,8.975000,6789,-29,33,2
41.211815,0.009164,-0.279757,-2.045332,0.000438,-0.062548,-0.191265,-0.001466,1.933157,-0.653955,0.174611,0.000087,0.000089,10.000000,-177.000000,-30.000000,0.105308,0.000111,0.000000,0.000000,0.000000,0.063649,470.000000,0.000000,0.000000,0.000000,0.000000,41.210835,-104.477600,-224.796539,2450.434082,477.152954,-0.001194,5.290209,8.975000,6789,-27,33,2
41.213768,0.009165,-0.279877,-2.045717,0.000435,-0.058701,-0.192493,-0.001516,1.920864,-0.600695,0.174652,0.000092,0.000088,10.000000,-177.000000,-30.000000,0.105308,0.000111,0.000000,0.000000,0.000000,0.063649,470.000000,0.000000,0.000000,0.000000,0.000000,41.212791,-104.477600,-224.796539,2450.434082,477.152954,-0.001185,5.290238,8.975000,6789,-26,32,2
41.215721,0.009166,-0.279989,-2.046104,0.000432,-0.054876,-0.193621,-0.001566,1.909398,-0.552379,0.174689,0.000098,0.000086,10.000000,-177.000000,-30.000000,0.105308,0.000111,0.000000,0.000000,0.000000,0.063649,470.000000,0.000000,0.000000,0.000000,0.000000,41.214745,-104.477600,-224.796539,2450.434082,477.152954,-0.001177,5.290262,8.975000,6789,-24,32,3
41.217674,0.009167,-0.280093,-2.046493,0.000429,-0.051073,-0.194659,-0.001616,1.898678,-0.508547,0.174721,0.000104,0.000085,10.000000,-177.000000,-30.000000,0.105308,0.000111,0.000000,0.000000,0.000000,0.063649,470.000000,0.000000,0.000000,0.000000,0.000000,41.216702,-104.477600,-224.796539,2450.434082,477.152954,-0.001163,5.290305,8.975000,6789,-22,32,3
41.219631,0.009167,-0.280189,-2.046884,0.000426,-0.047291,-0.195616,-0.001666,1.888636,-0.468782,0.174750,0.000110,0.000084,10.000000,-177.000000,-30.000000,0.105308,0.000111,0.000000,0.000000,0.000000,0.063649,470.000000,0.000000,0.000000,0.000000,0.000000,41.218651,-104.477600,-224.796539,2450.434082,477.152954,-0.001144,5.290365,8.975000,6789,-21,32,3
41.221584,0.009168,-0.280278,-2.047277,0.000422,-0.043528,-0.196499,-0.001718,1.879206,-0.432706,0.174775,0.000116,0.000082,10.000000,-177.000000,-30.000000,0.105308,0.000111,0.000000,0.000000,0.000000,0.063649,470.000000,0.000000,0.000000,0.000000,0.000000,41.220608,-104.477600,-224.796539,2450.434082,477.152954,-0.001127,5.290420,8.975000,6789,-19,31,4
41.223537,0.009169,-0.280360,-2.047672,0.000419,-0.039783,-0.197315,-0.001769,1.870328,-0.399977,0.174796,0.000121,0.000081,10.000000,-177.000000,-30.000000,0.105308,0.000111,0.000000,0.000000,0.000000,0.063649,470.000000,0.000000,0.000000,0.000000,0.000000,41.222561,-104.477600,-224.796539,2450.434082,477.152954,-0.001104,5.290492,8.975000,6790,-17,31,4
41.225491,0.009170,-0.280434,-2.048068,0.000415,-0.036055,-0.198071,-0.001821,1.861970,-0.370386,0.174813,0.000127,0.000080,10.000000,-177.000000,-30.000000,0.105308,0.000111,0.000000,0.000000,0.000000,0.063649,470.000000,0.000000,0.000000,0.000000,0.000000,41.224518,-104.477600,-224.796539,2450.434082,477.152954,-0.001076,5.290579,8.975000,6790,-16,31,4
41.227448,0.009171,-0.280501,-2.048466,0.000411,-0.032343,-0.198771,-0.001873,1.854070,-0.343572,0.174827,0.000133,0.000079,10.000000,-177.000000,-30.000000,0.105308,0.000111,0.000000,0.000000,0.000000,0.063649,470.000000,0.000000,0.000000,0.000000,0.000000,41.226467,-104.477600,-224.796539,2450.434082,477.152954,-0.001050,5.290660,8.975000,6790,-14,30,4
41.229401,0.009172,-0.280560,-2.048865,0.000408,-0.028646,-0.199421,-0.001925,1.846577,-0.319243,0.174837,0.000139,0.000078,10.000000,-177.000000,-30.000000,0.105308,0.000111,0.000000,0.000000,0.000000,0.063649,470.000000,0.000000,0.000000,0.000000,0.000000,41.228424,-104.477600,-224.796539,2450.434082,477.152954,-0.001026,5.290736,8.975000,6790,-13,30,5
41.231354,0.009172,-0.280612,-2.049265,0.000404,-0.024964,-0.200026,-0.001977,1.839451,-0.297168,0.174845,0.000145,0.000077,10.000000,-177.000000,-30.000000,0.105308,0.000111,0.000000,0.000000,0.000000,0.063649,470.000000,0.000000,0.000000,0.000000,0.000000,41.230377,-104.477600,-224.796539,2450.434082,477.152954,-0.000997,5.290829,8.975000,6790,-11,30,5
41.233307,0.009173,-0.280656,-2.049666,0.000400,-0.021295,-0.200590,-0.002029,1.832660,-0.277137,0.174849,0.000151,0.000076,10.000000,-177.000000,-30.000000,0.105308,0.000111,0.000000,0.000000,0.000000,0.063649,470.000000,0.000000,0.000000,0.000000,0.000000,41.232330,-104.477600,-224.796539,2450.434082,477.152954,-0.000962,5.290937,8.975000,6790,-10,30,5
41.235264,0.009174,-0.280693,-2.050068,0.000396,-0.017640,-0.201117,-0.002081,1.826172,-0.258961,0.174850,0.000157,0.000075,10.000000,-177.000000,-30.000000,0.105308,0.000111,0.000000,0.000000,0.000000,0.063649,470.000000,0.000000,0.000000,0.000000,0.000000,41.234283,-104.477600,-224.796539,2450.434082,477.152954,-0.000930,5.291039,8.975000,6790,-8,29,5
41.237217,0.009175,-0.280723,-2.050472,0.000391,-0.013997,-0.201610,-0.002132,1.819957,-0.242467,0.174849,0.000163,0.000074,10.000000,-177.000000,-30.000000,0.105308,0.000111,0.000000,0.000000,0.000000,0.063649,470.000000,0.000000,0.000000,0.000000,0.000000,41.236240,-104.477600,-224.796539,2450.434082,477.152954,-0.000899,5.291135,8.975000,6790,-7,29,6
41.239170,0.009176,-0.280746,-2.050876,0.000387,-0.010366,-0.202072,-0.002182,1.813987,-0.227499,0.174845,0.000168,0.000074,10.000000,-177.000000,-30.000000,0.105308,0.000111,0.000000,0.000000,0.000000,0.063649,470.000000,0.000000,0.000000,0.000000,0.000000,41.238194,-104.477600,-224.796539,2450.434082,477.152954,-0.000863,5.291248,8.975000,6790,-6,29,6
41.241123,0.009176,-0.280761,-2.051281,0.000383,-0.006746,-0.202507,-0.002232,1.808244,-0.213914,0.174838,0.000174,0.000073,10.000000,-177.000000,-30.000000,0.105308,0.000111,0.000000,0.000000,0.000000,0.063649,470.000000,0.000000,0.000000,0.000000,0.000000,41.240147,-104.477600,-224.796539,2450.434082,477.152954,-0.000822,5.291376,8.975000,6790,-4,29,6
41.243076,0.009177,-0.280769,-2.051687,0.000378,-0.003138,-0.202916,-0.002280,1.802705,-0.201585,0.174829,0.000179,0.000072,10.000000,-177.000000,-30.000000,0.105308,0.000111,0.000000,0.000000,0.000000,0.063649,470.000000,0.000000,0.000000,0.000000,0.000000,41.242100,-104.477600,-224.796539,2450.434082,477.152954,-0.000784,5.291498,8.975000,6790,-3,29,6
41.245033,0.009178,-0.280770,-2.052094,0.000373,0.000459,-0.203302,-0.002328,1.797351,-0.190394,0.174819,0.000185,0.000072,10.000000,-177.000000,-37.000000,0.105308,0.000111,0.000000,0.000000,0.000000,0.063649,458.000000,0.000000,0.000000,0.000000,0.000000,41.244057,-104.477600,-224.796539,2450.434082,477.152954,-0.000747,5.291613,8.975000,6790,-2,28,6
41.246986,0.009179,-0.280764,-2.052502,0.000369,0.004046,-0.203668,-0.002374,1.792164,-0.180235,0.174806,0.000190,0.000071,10.000000,-177.000000,-37.000000,0.069700,0.000088,0.000000,0.000000,0.066000,-0.197208,458.000000,0.000000,0.000000,0.000000,0.000000,41.246010,-106.060608,-158.467911,-23.984966,454.032562,-0.000712,3.729684,8.975000,6334,-1,28,6
41.248940,0.009179,-0.280750,-2.052910,0.000364,0.007612,-0.203951,-0.002409,1.778734,-0.123473,0.174791,0.000195,0.000071,10.000000,-177.000000,-37.000000,0.069700,0.000088,0.000000,0.000000,0.000000,-0.197208,458.000000,0.000000,0.000000,0.000000,0.000000,41.247963,-106.060608,-158.467911,-23.984966,454.032562,-0.000677,3.729793,8.975000,6334,0,28,6
41.250893,0.009180,-0.280730,-2.053319,0.000359,0.011146,-0.204097,-0.002440,1.763535,-0.056745,0.174775,0.000200,0.000070,10.000000,-177.000000,-37.000000,0.069700,0.000088,0.000000,0.000000,0.000000,-0.197208,458.000000,0.000000,0.000000,0.000000,0.000000,41.249916,-106.060608,-158.467911,-23.984966,454.032562,-0.000643,3.729901,8.975000,6334,0,28,6
41.252850,0.009181,-0.280702,-2.053727,0.000354,0.014652,-0.204119,-0.002470,1.749444,0.003665,0.174758,0.000204,0.000070,10.000000,-177.000000,-37.000000,0.069700,0.000088,0.000000,0.000000,0.000000,-0.197208,458.000000,0.000000,0.000000,0.000000,0.000000,41.251873,-106.060608,-158.467911,-23.984966,454.032562,-0.000610,3.730005,8.975000,6334,1,28,6
41.254803,0.009181,-0.280667,-2.054136,0.000349,0.018131,-0.204029,-0.002499,1.736358,0.058347,0.174739,0.000209,0.000070,10.000000,-177.000000,-37.000000,0.069700,0.000088,0.000000,0.000000,0.000000,-0.197208,458.000000,0.000000,0.000000,0.000000,0.000000,41.253822,-106.060608,-158.467911,-23.984966,454.032562,-0.000578,3.730106,8.975000,6334,2,28,6
41.256756,0.009182,-0.280626,-2.054544,0.000344,0.021585,-0.203837,-0.002528,1.724186,0.107834,0.174719,0.000213,0.000069,10.000000,-177.000000,-37.000000,0.069700,0.000088,0.000000,0.000000,0.000000,-0.197208,458.000000,0.000000,0.000000,0.000000,0.000000,41.255779,-106.060608,-158.467911,-23.984966,454.032562,-0.000547,3.730203,8.975000,6334,3,28,6
41.258709,0.009183,-0.280578,-2.054951,0.000339,0.025017,-0.203554,-0.002555,1.712842,0.152609,0.174698,0.000218,0.000069,10.000000,-177.000000,-37.000000,0.069700,0.000088,0.000000,0.000000,0.000000,-0.197208,458.000000,0.000000,0.000000,0.000000,0.000000,41.257732,-106.060608,-158.467911,-23.984966,454.032562,-0.000516,3.730299,8.975000,6334,4,28,6
41.260666,0.009184,-0.280522,-2.055358,0.000334,0.028426,-0.203187,-0.002582,1.702251,0.193111,0.174676,0.000222,0.000069,10.000000,-177.000000,-37.000000,0.069700,0.000088,0.000000,0.000000,0.000000,-0.197208,458.000000,0.000000,0.000000,0.000000,0.000000,41.259689,-106.060608,-158.467911,-23.984966,454.032562,-0.000487,3.730392,8.975000,6334,5,27,6
41.262619,0.009184,-0.280460,-2.055765,0.000329,0.031816,-0.202746,-0.002607,1.692343,0.229738,0.174653,0.000226,0.000069,10.000000,-177.000000,-37.000000,0.069700,0.000088,0.000000,0.000000,0.000000,-0.197208,458.000000,0.000000,0.000000,0.000000,0.000000,41.261639,-106.060608,-158.467911,-23.984966,454.032562,-0.000457,3.730483,8.975000,6334,5,27,6
41.264572,0.009185,-0.280392,-2.056170,0.000323,0.035187,-0.202236,-0.002632,1.683056,0.262850,0.174630,0.000230,0.000069,10.000000,-177.000000,-37.000000,0.069700,0.000088,0.000000,0.000000,0.000000,-0.197208,458.000000,0.000000,0.000000,0.000000,0.000000,41.263596,-106.060608,-158.467911,-23.984966,454.032562,-0.000429,3.730572,8.975000,6334,6,27,6
41.266525,0.009185,-0.280316,-2.056574,0.000318,0.038540,-0.201665,-0.002655,1.674334,0.292776,0.174606,0.000233,0.000068,10.000000,-177.000000,-37.000000,0.069700,0.000088,0.000000,0.000000,0.000000,-0.197208,458.000000,0.000000,0.000000,0.000000,0.000000,41.265549,-106.060608,-158.467911,-23.984966,454.032562,-0.000401,3.730661,8.975000,6334,7,27,6
41.268478,0.009186,-0.280234,-2.056977,0.000313,0.041876,-0.201039,-0.002677,1.666125,0.319812,0.174582,0.000237,0.000068,10.000000,-177.000000,-37.000000,0.069700,0.000088,0.000000,0.000000,0.000000,-0.197208,458.000000,0.000000,0.000000,0.000000,0.000000,41.267506,-106.060608,-158.467911,-23.984966,454.032562,-0.000373,3.730748,8.975000,6334,7,27,6
41.270435,0.009187,-0.280145,-2.057378,0.000307,0.045196,-0.200362,-0.002698,1.658382,0.344227,0.174557,0.000240,0.000068,10.000000,-177.000000,-37.000000,0.069700,0.000088,0.000000,0.000000,0.000000,-0.197208,458.000000,0.000000,0.000000,0.000000,0.000000,41.269455,-106.060608,-158.467911,-23.984966,454.032562,-0.000345,3.730834,8.975000,6334,8,27,6
41.272388,0.009187,-0.280050,-2.057778,0.000302,0.048502,-0.199640,-0.002718,1.651064,0.366266,0.174532,0.000243,0.000068,10.000000,-177.000000,-37.000000,0.069700,0.000088,0.000000,0.000000,0.000000,-0.197208,458.000000,0.000000,0.000000,0.000000,0.000000,41.271412,-106.060608,-158.467911,-23.984966,454.032562,-0.000318,3.730920,8.975000,6334,8,27,6
41.274342,0.009188,-0.279948,-2.058177,0.000296,0.051794,-0.198878,-0.002736,1.644132,0.386150,0.174507,0.000246,0.000068,10.000000,-177.000000,-37.000000,0.069700,0.000088,0.000000,0.000000,0.000000,-0.197208,458.000000,0.000000,0.000000,0.000000,0.000000,41.273365,-106.060608,-158.467911,-23.984966,454.032562,-0.000291,3.731005,8.975000,6334,8,27,6
41.276295,0.009188,-0.279839,-2.058574,0.000291,0.055072,-0.198078,-0.002753,1.637552,0.404081,0.174483,0.000249,0.000068,10.000000,-177.000000,-37.000000,0.069700,0.000088,0.000000,0.000000,0.000000,-0.197208,458.000000,0.000000,0.000000,0.000000,0.000000,41.275318,-106.060608,-158.467911,-23.984966,454.032562,-0.000264,3.731090,8.975000,6334,9,27,5
41.278252,0.009189,-0.279724,-2.058969,0.000285,0.058338,-0.197246,-0.002768,1.631294,0.420238,0.174458,0.000251,0.000068,10.000000,-177.000000,-37.000000,0.069700,0.000088,0.000000,0.000000,0.000000,-0.197208,458.000000,0.000000,0.000000,0.000000,0.000000,41.277271,-106.060608,-158.467911,-23.984966,454.032562,-0.000245,3.731151,8.975000,6334,9,27,5
41.280205,0.009190,-0.279602,-2.059362,0.000280,0.061591,-0.196383,-0.002781,1.625326,0.434789,0.174434,0.000253,0.000068,10.000000,-177.000000,-37.000000,0.069700,0.000088,0.000000,0.000000,0.000000,-0.197208,458.000000,0.000000,0.000000,0.000000,0.000000,41.279228,-106.060608,-158.467911,-23.984966,454.032562,-0.000232,3.731192,8.975000,6334,9,27,5
41.282158,0.009190,-0.279474,-2.059754,0.000274,0.064834,-0.195494,-0.002793,1.619624,0.447883,0.174409,0.000255,0.000068,10.000000,-177.000000,-37.000000,0.069700,0.000088,0.000000,0.000000,0.000000,-0.197208,458.000000,0.000000,0.000000,0.000000,0.000000,41.281181,-106.060608,-158.467911,-23.984966,454.032562,-0.000218,3.731236,8.975000,6334,9,27,5
41.284111,0.009191,-0.279339,-2.060144,0.000269,0.068065,-0.194580,-0.002803,1.614166,0.459656,0.174386,0.000257,0.000068,10.000000,-177.000000,-37.000000,0.069700,0.000088,0.000000,0.000000,0.000000,-0.197208,458.000000,0.000000,0.000000,0.000000,0.000000,41.283134,-106.060608,-158.467911,-23.984966,454.032562,-0.000203,3.731283,8.975000,6334,10,27,5
41.286064,0.009191,-0.279198,-2.060533,0.000263,0.071285,-0.193645,-0.002812,1.608929,0.470232,0.174362,0.000259,0.000068,10.000000,-177.000000,-37.000000,0.069700,0.000088,0.000000,0.000000,0.000000,-0.197208,458.000000,0.000000,0.000000,0.000000,0.000000,41.285088,-106.060608,-158.467911,-23.984966,454.032562,-0.000187,3.731332,8.975000,6334,10,27,5
41.288021,0.009192,-0.279051,-2.060919,0.000257,0.074495,-0.192690,-0.002819,1.603895,0.479721,0.174339,0.000260,0.000067,10.000000,-177.000000,-37.000000,0.069700,0.000088,0.000000,0.000000,0.000000,-0.197208,458.000000,0.000000,0.000000,0.000000,0.000000,41.287045,-106.060608,-158.467911,-23.984966,454.032562,-0.000170,3.731384,8.975000,6334,10,27,4
41.289974,0.009192,-0.278897,-2.061303,0.000252,0.077696,-0.191718,-0.002823,1.599048,0.488227,0.174317,0.000262,0.000067,10.000000,-177.000000,-37.000000,0.069700,0.000088,0.000000,0.000000,0.000000,-0.197208,458.000000,0.000000,0.000000,0.000000,0.000000,41.288998,-106.060608,-158.467911,-23.984966,454.032562,-0.000160,3.731416,8.975000,6334,10,27,4
41.291927,0.009193,-0.278736,-2.061685,0.000246,0.080887,-0.190730,-0.002826,1.594368,0.495840,0.174295,0.000263,0.000067,10.000000,-177.000000,-37.000000,0.069700,0.000088,0.000000,0.000000,0.000000,-0.197208,458.000000,0.000000,0.000000,0.000000,0.000000,41.290951,-106.060608,-158.467911,-23.984966,454.032562,-0.000156,3.731429,8.975000,6334,10,27,4
41.293880,0.009193,-0.278570,-2.062066,0.000240,0.084069,-0.189728,-0.002827,1.589845,0.502644,0.174274,0.000263,0.000067,10.000000,-177.000000,-37.000000,0.069700,0.000088,0.000000,0.000000,0.000000,-0.197208,458.000000,0.000000,0.000000,0.000000,0.000000,41.292904,-106.060608,-158.467911,-23.984966,454.032562,-0.000150,3.731447,8.975000,6334,10,27,4
41.295837,0.009194,-0.278397,-2.062444,0.000235,0.087242,-0.188713,-0.002827,1.585464,0.508715,0.174254,0.000264,0.000067,10.000000,-177.000000,-37.000000,0.069700,0.000088,0.000000,0.000000,0.000000,-0.197208,458.000000,0.000000,0.000000,0.000000,0.000000,41.294861,-106.060608,-158.467911,-23.984966,454.032562,-0.000143,3.731471,8.975000,6334,10,27,4
41.297791,0.009194,-0.278217,-2.062820,0.000229,0.090406,-0.187688,-0.002824,1.581213,0.514121,0.174235,0.000264,0.000067,10.000000,-177.000000,-37.000000,0.069700,0.000088,0.000000,0.000000,0.000000,-0.197208,458.000000,0.000000,0.000000,0.000000,0.000000,41.296810,-106.060608,-158.467911,-23.984966,454.032562,-0.000134,3.731498,8.975000,6334,10,27,4
41.299744,0.009195,-0.278031,-2.063195,0.000224,0.093563,-0.186652,-0.002820,1.577084,0.518924,0.174216,0.000265,0.000067,10.000000,-177.000000,-37.000000,0.069700,0.000088,0.000000,0.000000,0.000000,-0.197208,458.000000,0.000000,0.000000,0.000000,0.000000,41.298767,-106.060608,-158.467911,-23.984966,454.032562,-0.000124,3.731530,8.975000,6334,9,27,4
41.301697,0.009195,-0.277839,-2.063567,0.000218,0.096711,-0.185608,-0.002814,1.573065,0.523182,0.174199,0.000265,0.000066,10.000000,-177.000000,-37.000000,0.069700,0.000088,0.000000,0.000000,0.000000,-0.197208,458.000000,0.000000,0.000000,0.000000,0.000000,41.300720,-106.060608,-158.467911,-23.984966,454.032562,-0.000113,3.731566,8.975000,6334,9,27,3
41.303654,0.009196,-0.277641,-2.063937,0.000212,0.099851,-0.184556,-0.002806,1.569149,0.526944,0.174182,0.000264,0.000066,10.000000,-177.000000,-44.000000,0.069700,0.000088,0.000000,0.000000,0.000000,-0.197208,442.000000,0.000000,0.000000,0.000000,0.000000,41.302677,-106.060608,-158.467911,-23.984966,454.032562,-0.000108,3.731582,8.975000,6334,9,27,3
41.305607,0.009196,-0.277436,-2.064305,0.000207,0.102984,-0.183497,-0.002796,1.565326,0.530257,0.174166,0.000264,0.000066,10.000000,-177.000000,-44.000000,0.030091,0.000050,0.000000,0.000000,0.067000,-0.267741,442.000000,0.000000,0.000000,0.000000,0.000000,41.304626,-104.477631,-121.690956,23.626532,381.289734,-0.000108,2.865483,8.975000,6140,9,27,3
41.307560,0.009196,-0.277226,-2.064670,0.000201,0.106104,-0.182405,-0.002779,1.558030,0.553392,0.174151,0.000263,0.000065,10.000000,-177.000000,-44.000000,0.030091,0.000050,0.000000,0.000000,0.000000,-0.267741,442.000000,0.000000,0.000000,0.000000,0.000000,41.306583,-104.477631,-121.690956,23.626532,381.289734,-0.000106,2.865489,8.975000,6140,9,27,3
41.309513,0.009197,-0.277009,-2.065034,0.000196,0.109208,-0.181257,-0.002758,1.550006,0.580760,0.174137,0.000263,0.000065,10.000000,-177.000000,-44.000000,0.030091,0.000050,0.000000,0.000000,0.000000,-0.267741,442.000000,0.000000,0.000000,0.000000,0.000000,41.308537,-104.477631,-121.690956,23.626532,381.289734,-0.000102,2.865503,8.975000,6140,8,27,3
41.311466,0.009197,-0.276785,-2.065395,0.000190,0.112296,-0.180058,-0.002737,1.542471,0.605435,0.174124,0.000262,0.000065,10.000000,-177.000000,-44.000000,0.030091,0.000050,0.000000,0.000000,0.000000,-0.267741,442.000000,0.000000,0.000000,0.000000,0.000000,41.310493,-104.477631,-121.690956,23.626532,381.289734,-0.000096,2.865520,8.975000,6140,8,27,3
41.313423,0.009197,-0.276556,-2.065753,0.000185,0.115371,-0.178813,-0.002714,1.535382,0.627667,0.174111,0.000260,0.000064,10.000000,-177.000000,-44.000000,0.030091,0.000050,0.000000,0.000000,0.000000,-0.267741,442.000000,0.000000,0.000000,0.000000,0.000000,41.312443,-104.477631,-121.690956,23.626532,381.289734,-0.000089,2.865543,8.975000,6140,8,27,2
41.315376,0.009198,-0.276320,-2.066109,0.000179,0.118431,-0.177528,-0.002690,1.528699,0.647685,0.174100,0.000259,0.000064,10.000000,-177.000000,-44.000000,0.030091,0.000050,0.000000,0.000000,0.000000,-0.267741,442.000000,0.000000,0.000000,0.000000,0.000000,41.314400,-104.477631,-121.690956,23.626532,381.289734,-0.000088,2.865546,8.975000,6140,7,27,2
41.317329,0.009198,-0.276079,-2.066463,0.000174,0.121479,-0.176205,-0.002665,1.522384,0.665694,0.174090,0.000257,0.000063,10.000000,-177.000000,-44.000000,0.030091,0.000050,0.000000,0.000000,0.000000,-0.267741,442.000000,0.000000,0.000000,0.000000,0.000000,41.316353,-104.477631,-121.690956,23.626532,381.289734,-0.000092,2.865532,8.975000,6140,7,27,2
41.319283,0.009199,-0.275831,-2.066814,0.000169,0.124515,-0.174849,-0.002639,1.516404,0.681882,0.174081,0.000255,0.000063,10.000000,-177.000000,-44.000000,0.030091,0.000050,0.000000,0.000000,0.000000,-0.267741,442.000000,0.000000,0.000000,0.000000,0.000000,41.318310,-104.477631,-121.690956,23.626532,381.289734,-0.000094,2.865525,8.975000,6140,7,27,2
41.321239,0.009199,-0.275577,-2.067162,0.000163,0.127539,-0.173463,-0.002611,1.510730,0.696419,0.174072,0.000253,0.000062,10.000000,-177.000000,-44.000000,0.030091,0.000050,0.000000,0.000000,0.000000,-0.267741,442.000000,0.000000,0.000000,0.000000,0.000000,41.320259,-104.477631,-121.690956,23.626532,381.289734,-0.000095,2.865524,8.975000,6140,6,27,2
41.323193,0.009199,-0.275317,-2.067507,0.000158,0.130553,-0.172051,-0.002583,1.505334,0.709460,0.174065,0.000251,0.000062,10.000000,-177.000000,-44.000000,0.030091,0.000050,0.000000,0.000000,0.000000,-0.267741,442.000000,0.000000,0.000000,0.000000,0.000000,41.322216,-104.477631,-121.690956,23.626532,381.289734,-0.000093,2.865529,8.975000,6140,6,27,2
41.325146,0.009199,-0.275051,-2.067849,0.000153,0.133556,-0.170614,-0.002553,1.500192,0.721142,0.174059,0.000249,0.000061,10.000000,-177.000000,-44.000000,0.030091,0.000050,0.000000,0.000000,0.000000,-0.267741,442.000000,0.000000,0.000000,0.000000,0.000000,41.324169,-104.477631,-121.690956,23.626532,381.289734,-0.000090,2.865538,8.975000,6140,6,27,2
41.327099,0.009200,-0.274779,-2.068188,0.000148,0.136549,-0.169156,-0.002522,1.495281,0.731594,0.174053,0.000247,0.000061,10.000000,-177.000000,-44.000000,0.030091,0.000050,0.000000,0.000000,0.000000,-0.267741,442.000000,0.000000,0.000000,0.000000,0.000000,41.326122,-104.477631,-121.690956,23.626532,381.289734,-0.000086,2.865552,8.975000,6140,5,28,2
41.329056,0.009200,-0.274502,-2.068525,0.000143,0.139532,-0.167679,-0.002490,1.490581,0.740930,0.174048,0.000244,0.000060,10.000000,-177.000000,-44.000000,0.030091,0.000050,0.000000,0.000000,0.000000,-0.267741,442.000000,0.000000,0.000000,0.000000,0.000000,41.328075,-104.477631,-121.690956,23.626532,381.289734,-0.000080,2.865571,8.975000,6140,5,28,1
41.331009,0.009200,-0.274218,-2.068858,0.000138,0.142506,-0.166184,-0.002457,1.486074,0.749255,0.174045,0.000241,0.000059,10.000000,-177.000000,-44.000000,0.030091,0.000050,0.000000,0.000000,0.000000,-0.267741,442.000000,0.000000,0.000000,0.000000,0.000000,41.330032,-104.477631,-121.690956,23.626532,381.289734,-0.000080,2.865570,8.975000,6140,5,28,1
41.332962,0.009201,-0.273928,-2.069189,0.000133,0.145472,-0.164675,-0.002423,1.481741,0.756663,0.174042,0.000238,0.000059,10.000000,-177.000000,-44.000000,0.030091,0.000050,0.000000,0.000000,0.000000,-0.267741,442.000000,0.000000,0.000000,0.000000,0.000000,41.331985,-104.477631,-121.690956,23.626532,381.289734,-0.000086,2.865552,8.975000,6140,4,28,1
41.334915,0.009201,-0.273632,-2.069516,0.000128,0.148429,-0.163151,-0.002387,1.477568,0.763239,0.174040,0.000235,0.000058,10.000000,-177.000000,-44.000000,0.030091,0.000050,0.000000,0.000000,0.000000,-0.267741,442.000000,0.000000,0.000000,0.000000,0.000000,41.333939,-104.477631,-121.690956,23.626532,381.289734,-0.000090,2.865541,8.975000,6140,4,28,1
41.336868,0.009201,-0.273331,-2.069840,0.000124,0.151378,-0.161616,-0.002351,1.473540,0.769062,0.174039,0.000232,0.000057,10.000000,-177.000000,-44.000000,0.030091,0.000050,0.000000,0.000000,0.000000,-0.267741,442.000000,0.000000,0.000000,0.000000,0.000000,41.335892,-104.477631,-121.690956,23.626532,381.289734,-0.000091,2.865535,8.975000,6140,4,28,1
41.338825,0.009201,-0.273023,-2.070162,0.000119,0.154320,-0.160070,-0.002314,1.469646,0.774202,0.174038,0.000228,0.000056,10.000000,-177.000000,-44.000000,0.030091,0.000050,0.000000,0.000000,0.000000,-0.267741,442.000000,0.000000,0.000000,0.000000,0.000000,41.337849,-104.477631,-121.690956,23.626532,381.289734,-0.000091,2.865535,8.975000,6140,3,28,1
41.340778,0.009202,-0.272710,-2.070480,0.000114,0.157253,-0.158515,-0.002275,1.465873,0.778722,0.174038,0.000225,0.000056,10.000000,-177.000000,-44.000000,0.030091,0.000050,0.000000,0.000000,0.000000,-0.267741,442.000000,0.000000,0.000000,0.000000,0.000000,41.339802,-104.477631,-121.690956,23.626532,381.289734,-0.000090,2.865541,8.975000,6140,3,28,1
41.342731,0.009202,-0.272391,-2.070795,0.000110,0.160179,-0.156951,-0.002236,1.462211,0.782681,0.174039,0.000221,0.000055,10.000000,-177.000000,-44.000000,0.030091,0.000050,0.000000,0.000000,0.000000,-0.267741,442.000000,0.000000,0.000000,0.000000,0.000000,41.341755,-104.477631,-121.690956,23.626532,381.289734,-0.000087,2.865550,8.975000,6140,2,28,1
41.344685,0.009202,-0.272066,-2.071107,0.000106,0.163098,-0.155381,-0.002197,1.458651,0.786130,0.174041,0.000218,0.000054,10.000000,-177.000000,-44.000000,0.030091,0.000050,0.000000,0.000000,0.000000,-0.267741,442.000000,0.000000,0.000000,0.000000,0.000000,41.343708,-104.477631,-121.690956,23.626532,381.289734,-0.000082,2.865564,8.975000,6140,2,28,1
41.346642,0.009202,-0.271735,-2.071415,0.000101,0.166011,-0.153804,-0.002156,1.455184,0.789118,0.174043,0.000214,0.000053,10.000000,-177.000000,-44.000000,0.030091,0.000050,0.000000,0.000000,0.000000,-0.267741,442.000000,0.000000,0.000000,0.000000,0.000000,41.345665,-104.477631,-121.690956,23.626532,381.289734,-0.000077,2.865581,8.975000,6140,2,28,1
41.348595,0.009202,-0.271398,-2.071721,0.000097,0.168916,-0.152222,-0.002114,1.451801,0.791688,0.174046,0.000210,0.000052,10.000000,-177.000000,-44.000000,0.030091,0.000050,0.000000,0.000000,0.000000,-0.267741,442.000000,0.000000,0.000000,0.000000,0.000000,41.347614,-104.477631,-121.690956,23.626532,381.289734,-0.000070,2.865602,8.975000,6140,1,28,0
41.350548,0.009203,-0.271055,-2.072023,0.000093,0.171814,-0.150635,-0.002072,1.448498,0.793880,0.174049,0.000206,0.000051,10.000000,-177.000000,-44.000000,0.030091,0.000050,0.000000,0.000000,0.000000,-0.267741,442.000000,0.000000,0.000000,0.000000,0.000000,41.349571,-104.477631,-121.690956,23.626532,381.289734,-0.000070,2.865604,8.975000,6140,1,29,0
41.352501,0.009203,-0.270707,-2.072322,0.000089,0.174707,-0.149045,-0.002029,1.445264,0.795729,0.174053,0.000202,0.000051,10.000000,-177.000000,-44.000000,0.030091,0.000050,0.000000,0.000000,0.000000,-0.267741,442.000000,0.000000,0.000000,0.000000,0.000000,41.351524,-104.477631,-121.690956,23.626532,381.289734,-0.000075,2.865587,8.975000,6140,1,29,0
41.354458,0.009203,-0.270353,-2.072618,0.000085,0.177592,-0.147451,-0.001986,1.442094,0.797267,0.174058,0.000198,0.000050,10.000000,-177.000000,-44.000000,0.030091,0.000050,0.000000,0.000000,0.000000,-0.267741,442.000000,0.000000,0.000000,0.000000,0.000000,41.353481,-104.477631,-121.690956,23.626532,381.289734,-0.000078,2.865577,8.975000,6140,0,29,0
41.356411,0.009203,-0.269993,-2.072911,0.000081,0.180472,-0.145854,-0.001941,1.438984,0.798524,0.174063,0.000193,0.000049,10.000000,-177.000000,-44.000000,0.030091,0.000050,0.000000,0.000000,0.000000,-0.267741,442.000000,0.000000,0.000000,0.000000,0.000000,41.355431,-104.477631,-121.690956,23.626532,381.289734,-0.000080,2.865571,8.975000,6140,0,29,0
41.358364,0.009203,-0.269628,-2.073201,0.000077,0.183345,-0.144256,-0.001896,1.435929,0.799524,0.174068,0.000189,0.000048,10.000000,-177.000000,-44.000000,0.030091,0.000050,0.000000,0.000000,0.000000,-0.267741,442.000000,0.000000,0.000000,0.000000,0.000000,41.357388,-104.477631,-121.690956,23.626532,381.289734,-0.000080,2.865571,8.975000,6140,0,29,0
41.360317,0.009203,-0.269256,-2.073487,0.000073,0.186213,-0.142655,-0.001851,1.432923,0.800294,0.174074,0.000185,0.000047,10.000000,-177.000000,-44.000000,0.030091,0.000050,0.000000,0.000000,0.000000,-0.267741,442.000000,0.000000,0.000000,0.000000,0.000000,41.359341,-104.477631,-121.690956,23.626532,381.289734,-0.000078,2.865576,8.975000,6140,0,29,0
41.362270,0.009204,-0.268879,-2.073771,0.000070,0.189074,-0.141054,-0.001806,1.429962,0.800854,0.174080,0.000180,0.000046,10.000000,-177.000000,-44.000000,0.030091,0.000050,0.000000,0.000000,0.000000,-0.267741,442.000000,0.000000,0.000000,0.000000,0.000000,41.361298,-104.477631,-121.690956,23.626532,381.289734,-0.000076,2.865584,8.975000,6140,0,29,0
41.364227,0.009204,-0.268496,-2.074050,0.000066,0.191930,-0.139452,-0.001760,1.427043,0.801224,0.174086,0.000176,0.000045,10.000000,-177.000000,-44.000000,0.030091,0.000050,0.000000,0.000000,0.000000,-0.267741,442.000000,0.000000,0.000000,0.000000,0.000000,41.363247,-104.477631,-121.690956,23.626532,381.289734,-0.000072,2.865597,8.975000,6140,0,29,0
41.366180,0.009204,-0.268108,-2.074327,0.000063,0.194779,-0.137849,-0.001713,1.424163,0.801423,0.174093,0.000171,0.000044,10.000000,-177.000000,-44.000000,0.030091,0.000050,0.000000,0.000000,0.000000,-0.267741,442.000000,0.000000,0.000000,0.000000,0.000000,41.365204,-104.477631,-121.690956,23.626532,381.289734,-0.000066,2.865613,8.975000,6140,0,29,0
41.368134,0.009204,-0.267714,-2.074601,0.000059,0.197623,-0.136246,-0.001667,1.421318,0.801466,0.174100,0.000167,0.000043,10.000000,-177.000000,-44.000000,0.030091,0.000050,0.000000,0.000000,0.000000,-0.267741,442.000000,0.000000,0.000000,0.000000,0.000000,41.367157,-104.477631,-121.690956,23.626532,381.289734,-0.000060,2.865633,8.975000,6140,0,29,0
41.370087,0.009204,-0.267314,-2.074871,0.000056,0.200462,-0.134643,-0.001620,1.418505,0.801367,0.174107,0.000162,0.000042,10.000000,-177.000000,-44.000000,0.030091,0.000050,0.000000,0.000000,0.000000,-0.267741,442.000000,0.000000,0.000000,0.000000,0.000000,41.369110,-104.477631,-121.690956,23.626532,381.289734,-0.000053,2.865656,8.975000,6140,-1,29,0
41.372044,0.009204,-0.266908,-2.075138,0.000053,0.203295,-0.133041,-0.001574,1.415722,0.801141,0.174115,0.000157,0.000041,10.000000,-177.000000,-44.000000,0.030091,0.000050,0.000000,0.000000,0.000000,-0.267741,442.000000,0.000000,0.000000,0.000000,0.000000,41.371063,-104.477631,-121.690956,23.626532,381.289734,-0.000045,2.865681,8.975000,6140,-1,29,0
41.373997,0.009204,-0.266497,-2.075402,0.000050,0.206122,-0.131439,-0.001527,1.412966,0.800799,0.174122,0.000153,0.000040,10.000000,-177.000000,-44.000000,0.030091,0.000050,0.000000,0.000000,0.000000,-0.267741,442.000000,0.000000,0.000000,0.000000,0.000000,41.373020,-104.477631,-121.690956,23.626532,381.289734,-0.000036,2.865710,8.975000,6140,-1,29,0
41.375950,0.009204,-0.266080,-2.075663,0.000047,0.208944,-0.129838,-0.001480,1.410235,0.800353,0.174130,0.000148,0.000040,10.000000,-177.000000,-44.000000,0.030091,0.000050,0.000000,0.000000,0.000000,-0.267741,442.000000,0.000000,0.000000,0.000000,0.000000,41.374973,-104.477631,-121.690956,23.626532,381.289734,-0.000026,2.865740,8.975000,6140,-1,30,0
41.377903,0.009204,-0.265657,-2.075921,0.000044,0.211760,-0.128238,-0.001433,1.407527,0.799813,0.174137,0.000143,0.000039,10.000000,-177.000000,-44.000000,0.030091,0.000050,0.000000,0.000000,0.000000,-0.267741,442.000000,0.000000,0.000000,0.000000,0.000000,41.376926,-104.477631,-121.690956,23.626532,381.289734,-0.000016,2.865773,8.975000,6140,-1,30,0
41.379856,0.009205,-0.265229,-2.076175,0.000041,0.214571,-0.126639,-0.001386,1.404841,0.799188,0.174145,0.000139,0.000038,10.000000,-177.000000,-44.000000,0.030091,0.000050,0.000000,0.000000,0.000000,-0.267741,442.000000,0.000000,0.000000,0.000000,0.000000,41.378880,-104.477631,-121.690956,23.626532,381.289734,-0.000004,2.865808,8.975000,6140,-1,30,0
41.381813,0.009205,-0.264795,-2.076426,0.000038,0.217377,-0.125042,-0.001339,1.402174,0.798485,0.174153,0.000134,0.000037,10.000000,-177.000000,-52.000000,0.030091,0.000050,0.000000,0.000000,0.000000,-0.267741,430.000000,0.000000,0.000000,0.000000,0.000000,41.380836,-104.477631,-121.690956,23.626532,381.289734,0.000008,2.865846,8.975000,6140,-2,30,0
41.383766,0.009205,-0.264356,-2.076674,0.000036,0.220177,-0.123446,-0.001292,1.399524,0.797713,0.174161,0.000129,0.000036,10.000000,-177.000000,-52.000000,0.002660,0.000009,0.000000,0.000000,0.067000,-0.206829,430.000000,0.000000,0.000000,0.000000,0.000000,41.382790,-119.402985,-113.117783,-222.766479,220.725891,0.000020,2.663987,8.975000,6101,-2,30,0
41.385719,0.009205,-0.263911,-2.076919,0.000033,0.222971,-0.121847,-0.001245,1.396177,0.800943,0.174169,0.000125,0.000036,10.000000,-177.000000,-52.000000,0.002660,0.000009,0.000000,0.000000,0.000000,-0.206829,430.000000,0.000000,0.000000,0.000000,0.000000,41.384743,-119.402985,-113.117783,-222.766479,220.725891,0.000033,2.664028,8.975000,6101,-2,30,0
41.387672,0.009205,-0.263461,-2.077160,0.000031,0.225758,-0.120239,-0.001198,1.392681,0.805042,0.174177,0.000120,0.000035,10.000000,-177.000000,-52.000000,0.002660,0.000009,0.000000,0.000000,0.000000,-0.206829,430.000000,0.000000,0.000000,0.000000,0.000000,41.386696,-119.402985,-113.117783,-222.766479,220.725891,0.000047,2.664070,8.975000,6101,-2,30,0
41.389629,0.009205,-0.263004,-2.077399,0.000029,0.228539,-0.118623,-0.001152,1.389283,0.808614,0.174185,0.000115,0.000034,10.000000,-177.000000,-52.000000,0.002660,0.000009,0.000000,0.000000,0.000000,-0.206829,430.000000,0.000000,0.000000,0.000000,0.000000,41.388653,-119.402985,-113.117783,-222.766479,220.725891,0.000061,2.664114,8.975000,6101,-2,30,-1
41.391582,0.009205,-0.262543,-2.077634,0.000026,0.231312,-0.117001,-0.001106,1.385976,0.811711,0.174193,0.000111,0.000034,10.000000,-177.000000,-52.000000,0.002660,0.000009,0.000000,0.000000,0.000000,-0.206829,430.000000,0.000000,0.000000,0.000000,0.000000,41.390602,-119.402985,-113.117783,-222.766479,220.725891,0.000068,2.664137,8.975000,6101,-2,30,-1
41.393536,0.009205,-0.262075,-2.077865,0.000024,0.234079,-0.115374,-0.001061,1.382747,0.814375,0.174201,0.000106,0.000033,10.000000,-177.000000,-52.000000,0.002660,0.000009,0.000000,0.000000,0.000000,-0.206829,430.000000,0.000000,0.000000,0.000000,0.000000,41.392559,-119.402985,-113.117783,-222.766479,220.725891,0.000069,2.664140,8.975000,6101,-2,30,-1
41.395489,0.009205,-0.261603,-2.078094,0.000022,0.236840,-0.113741,-0.001016,1.379591,0.816647,0.174209,0.000102,0.000032,10.000000,-177.000000,-52.000000,0.002660,0.000009,0.000000,0.000000,0.000000,-0.206829,430.000000,0.000000,0.000000,0.000000,0.000000,41.394512,-119.402985,-113.117783,-222.766479,220.725891,0.000071,2.664148,8.975000,6101,-2,30,-1
41.397446,0.009205,-0.261124,-2.078319,0.000020,0.239595,-0.112105,-0.000972,1.376502,0.818565,0.174217,0.000097,0.000032,10.000000,-177.000000,-52.000000,0.002660,0.000009,0.000000,0.000000,0.000000,-0.206829,430.000000,0.000000,0.000000,0.000000,0.000000,41.396469,-119.402985,-113.117783,-222.766479,220.725891,0.000075,2.664160,8.975000,6101,-2,30,-1
41.399399,0.009205,-0.260641,-2.078541,0.000018,0.242343,-0.110466,-0.000929,1.373474,0.820161,0.174224,0.000093,0.000031,10.000000,-177.000000,-52.000000,0.002660,0.000009,0.000000,0.000000,0.000000,-0.206829,430.000000,0.000000,0.000000,0.000000,0.000000,41.398418,-119.402985,-113.117783,-222.766479,220.725891,0.000080,2.664175,8.975000,6101,-3,30,-1
41.401352,0.009205,-0.260151,-2.078760,0.000017,0.245086,-0.108823,-0.000887,1.370501,0.821463,0.174232,0.000089,0.000030,10.000000,-177.000000,-52.000000,0.002660,0.000009,0.000000,0.000000,0.000000,-0.206829,430.000000,0.000000,0.000000,0.000000,0.000000,41.400375,-119.402985,-113.117783,-222.766479,220.725891,0.000086,2.664195,8.975000,6101,-3,30,-2
41.403305,0.009205,-0.259656,-2.078975,0.000015,0.247822,-0.107179,-0.000846,1.367580,0.822502,0.174239,0.000084,0.000030,10.000000,-177.000000,-52.000000,0.002660,0.000009,0.000000,0.000000,0.000000,-0.206829,430.000000,0.000000,0.000000,0.000000,0.000000,41.402328,-119.402985,-113.117783,-222.766479,220.725891,0.000086,2.664194,8.975000,6101,-3,30,-2
41.405258,0.009205,-0.259156,-2.079187,0.000013,0.250553,-0.105533,-0.000806,1.364702,0.823302,0.174246,0.000080,0.000029,10.000000,-177.000000,-52.000000,0.002660,0.000009,0.000000,0.000000,0.000000,-0.206829,430.000000,0.000000,0.000000,0.000000,0.000000,41.404285,-119.402985,-113.117783,-222.766479,220.725891,0.000080,2.664175,8.975000,6101,-3,30,-2
41.407215,0.009205,-0.258651,-2.079396,0.000012,0.253278,-0.103885,-0.000766,1.361867,0.823885,0.174253,0.000076,0.000029,10.000000,-177.000000,-52.000000,0.002660,0.000009,0.000000,0.000000,0.000000,-0.206829,430.000000,0.000000,0.000000,0.000000,0.000000,41.406235,-119.402985,-113.117783,-222.766479,220.725891,0.000076,2.664163,8.975000,6101,-3,30,-2
41.409168,0.009205,-0.258139,-2.079602,0.000010,0.255998,-0.102237,-0.000728,1.359069,0.824271,0.174260,0.000072,0.000028,10.000000,-177.000000,-52.000000,0.002660,0.000009,0.000000,0.000000,0.000000,-0.206829,430.000000,0.000000,0.000000,0.000000,0.000000,41.408192,-119.402985,-113.117783,-222.766479,220.725891,0.000074,2.664156,8.975000,6101,-3,30,-2
41.411121,0.009205,-0.257623,-2.079804,0.000009,0.258712,-0.100588,-0.000691,1.356305,0.824478,0.174266,0.000068,0.000028,10.000000,-177.000000,-52.000000,0.002660,0.000009,0.000000,0.000000,0.000000,-0.206829,430.000000,0.000000,0.000000,0.000000,0.000000,41.410145,-119.402985,-113.117783,-222.766479,220.725891,0.000073,2.664154,8.975000,6101,-3,30,-2
41.413074,0.009205,-0.257101,-2.080003,0.000007,0.261420,-0.098939,-0.000655,1.353573,0.824525,0.174273,0.000065,0.000027,10.000000,-177.000000,-52.000000,0.002660,0.000009,0.000000,0.000000,0.000000,-0.206829,430.000000,0.000000,0.000000,0.000000,0.000000,41.412102,-119.402985,-113.117783,-222.766479,220.725891,0.000074,2.664157,8.975000,6101,-3,30,-3
41.415031,0.009205,-0.256573,-2.080198,0.000006,0.264123,-0.097290,-0.000620,1.350871,0.824426,0.174279,0.000061,0.000027,10.000000,-177.000000,-52.000000,0.002660,0.000009,0.000000,0.000000,0.000000,-0.206829,430.000000,0.000000,0.000000,0.000000,0.000000,41.414051,-119.402985,-113.117783,-222.766479,220.725891,0.000069,2.664140,8.975000,6101,-3,30,-3
41.416985,0.009205,-0.256041,-2.080390,0.000005,0.266821,-0.095641,-0.000586,1.348194,0.824193,0.174284,0.000058,0.000026,10.000000,-177.000000,-52.000000,0.002660,0.000009,0.000000,0.000000,0.000000,-0.206829,430.000000,0.000000,0.000000,0.000000,0.000000,41.416008,-119.402985,-113.117783,-222.766479,220.725891,0.000059,2.664108,8.975000,6101,-3,30,-3
41.418938,0.009205,-0.255502,-2.080580,0.000004,0.269514,-0.093994,-0.000553,1.345539,0.823842,0.174290,0.000054,0.000026,10.000000,-177.000000,-52.000000,0.002660,0.000009,0.000000,0.000000,0.000000,-0.206829,430.000000,0.000000,0.000000,0.000000,0.000000,41.417961,-119.402985,-113.117783,-222.766479,220.725891,0.000050,2.664081,8.975000,6101,-3,30,-3
41.420891,0.009205,-0.254959,-2.080765,0.000003,0.272201,-0.092347,-0.000521,1.342907,0.823381,0.174295,0.000051,0.000025,10.000000,-177.000000,-52.000000,0.002660,0.000009,0.000000,0.000000,0.000000,-0.206829,430.000000,0.000000,0.000000,0.000000,0.000000,41.419914,-119.402985,-113.117783,-222.766479,220.725891,0.000044,2.664062,8.975000,6101,-3,30,-3
41.422848,0.009205,-0.254410,-2.080948,0.000002,0.274883,-0.090701,-0.000491,1.340294,0.822823,0.174300,0.000048,0.000025,10.000000,-177.000000,-52.000000,0.002660,0.000009,0.000000,0.000000,0.000000,-0.206829,430.000000,0.000000,0.000000,0.000000,0.000000,41.421867,-119.402985,-113.117783,-222.766479,220.725891,0.000039,2.664047,8.975000,6101,-2,30,-3
41.424801,0.009205,-0.253855,-2.081127,0.000001,0.277559,-0.089056,-0.000461,1.337700,0.822176,0.174305,0.000045,0.000024,10.000000,-177.000000,-52.000000,0.002660,0.000009,0.000000,0.000000,0.000000,-0.206829,430.000000,0.000000,0.000000,0.000000,0.000000,41.423824,-119.402985,-113.117783,-222.766479,220.725891,0.000037,2.664039,8.975000,6101,-2,30,-3
41.426754,0.009205,-0.253296,-2.081303,-0.000000,0.280231,-0.087413,-0.000432,1.335122,0.821449,0.174309,0.000042,0.000024,10.000000,-177.000000,-52.000000,0.002660,0.000009,0.000000,0.000000,0.000000,-0.206829,430.000000,0.000000,0.000000,0.000000,0.000000,41.425777,-119.402985,-113.117783,-222.766479,220.725891,0.000035,2.664035,8.975000,6101,-2,30,-4
41.428707,0.009205,-0.252731,-2.081475,-0.000001,0.282897,-0.085771,-0.000405,1.332561,0.820649,0.174313,0.000039,0.000023,10.000000,-177.000000,-52.000000,0.002660,0.000009,0.000000,0.000000,0.000000,-0.206829,430.000000,0.000000,0.000000,0.000000,0.000000,41.427731,-119.402985,-113.117783,-222.766479,220.725891,0.000028,2.664013,8.975000,6101,-2,30,-4
41.430660,0.009205,-0.252160,-2.081644,-0.000002,0.285558,-0.084131,-0.000379,1.330012,0.819783,0.174317,0.000037,0.000023,10.000000,-177.000000,-52.000000,0.002660,0.000009,0.000000,0.000000,0.000000,-0.206829,430.000000,0.000000,0.000000,0.000000,0.000000,41.429684,-119.402985,-113.117783,-222.766479,220.725891,0.000016,2.663974,8.975000,6101,-2,30,-4
41.432617,0.009205,-0.251585,-2.081810,-0.000002,0.288215,-0.082493,-0.000353,1.327475,0.818858,0.174321,0.000034,0.000022,10.000000,-177.000000,-52.000000,0.002660,0.000009,0.000000,0.000000,0.000000,-0.206829,430.000000,0.000000,0.000000,0.000000,0.000000,41.431641,-119.402985,-113.117783,-222.766479,220.725891,0.000006,2.663941,8.975000,6101,-2,30,-4
41.434570,0.009205,-0.251004,-2.081973,-0.000003,0.290866,-0.080857,-0.000329,1.324951,0.817880,0.174324,0.000032,0.000022,10.000000,-177.000000,-52.000000,0.002660,0.000009,0.000000,0.000000,0.000000,-0.206829,430.000000,0.000000,0.000000,0.000000,0.000000,41.433594,-119.402985,-113.117783,-222.766479,220.725891,-0.000002,2.663916,8.975000,6101,-2,30,-4
41.436523,0.009205,-0.250417,-2.082133,-0.000004,0.293512,-0.079222,-0.000306,1.322438,0.816853,0.174327,0.000029,0.000022,10.000000,-177.000000,-52.000000,0.002660,0.000009,0.000000,0.000000,0.000000,-0.206829,430.000000,0.000000,0.000000,0.000000,0.000000,41.435547,-119.402985,-113.117783,-222.766479,220.725891,-0.000009,2.663896,8.975000,6101,-2,30,-4
41.438477,0.009205,-0.249826,-2.082289,-0.000004,0.296153,-0.077590,-0.000284,1.319934,0.815782,0.174330,0.000027,0.000021,10.000000,-177.000000,-52.000000,0.002660,0.000009,0.000000,0.000000,0.000000,-0.206829,430.000000,0.000000,0.000000,0.000000,0.000000,41.437500,-119.402985,-113.117783,-222.766479,220.725891,-0.000013,2.663882,8.975000,6101,-2,30,-4
41.440434,0.009205,-0.249229,-2.082442,-0.000005,0.298789,-0.075960,-0.000262,1.317440,0.814673,0.174332,0.000025,0.000021,10.000000,-176.000000,-59.000000,0.002660,0.000009,0.000000,0.000000,0.000000,-0.206829,414.000000,0.000000,0.000000,0.000000,0.000000,41.439457,-119.402985,-113.117783,-222.766479,220.725891,-0.000016,2.663873,8.975000,6101,-2,30,-4
41.442387,0.009205,-0.248627,-2.082591,-0.000005,0.301420,-0.074333,-0.000242,1.314955,0.813527,0.174334,0.000023,0.000020,10.000000,-176.000000,-59.000000,-0.030091,-0.000001,0.000000,0.000000,0.066000,-0.290006,414.000000,0.000000,0.000000,0.000000,0.000000,41.441406,-106.060585,-102.186035,202.157532,208.769363,-0.000018,2.406426,8.983030,6061,-2,30,-4
41.444340,0.009205,-0.248019,-2.082737,-0.000006,0.304046,-0.072702,-0.000223,1.311743,0.816521,0.174336,0.000021,0.000020,10.000000,-176.000000,-59.000000,-0.030091,-0.000001,0.000000,0.000000,0.000000,-0.290006,414.000000,0.000000,0.000000,0.000000,0.000000,41.443363,-106.060585,-102.186035,202.157532,208.769363,-0.000018,2.406425,8.983030,6061,-2,30,-4
41.446293,0.009205,-0.247407,-2.082880,-0.000006,0.306664,-0.071063,-0.000204,1.308372,0.820434,0.174338,0.000019,0.000020,10.000000,-176.000000,-59.000000,-0.030091,-0.000001,0.000000,0.000000,0.000000,-0.290006,414.000000,0.000000,0.000000,0.000000,0.000000,41.445316,-106.060585,-102.186035,202.157532,208.769363,-0.000017,2.406429,8.983030,6061,-2,30,-5
41.448250,0.009205,-0.246789,-2.083020,-0.000006,0.309276,-0.069417,-0.000187,1.305095,0.823836,0.174339,0.000017,0.000019,10.000000,-176.000000,-59.000000,-0.030091,-0.000001,0.000000,0.000000,0.000000,-0.290006,414.000000,0.000000,0.000000,0.000000,0.000000,41.447273,-106.060585,-102.186035,202.157532,208.769363,-0.000022,2.406412,8.983030,6061,-1,30,-5
41.450203,0.009205,-0.246166,-2.083157,-0.000007,0.311881,-0.067765,-0.000170,1.301901,0.826773,0.174340,0.000015,0.000019,10.000000,-176.000000,-59.000000,-0.030091,-0.000001,0.000000,0.000000,0.000000,-0.290006,414.000000,0.000000,0.000000,0.000000,0.000000,41.449223,-106.060585,-102.186035,202.157532,208.769363,-0.000033,2.406379,8.983030,6061,-1,30,-5
41.452156,0.009205,-0.245538,-2.083290,-0.000007,0.314480,-0.066107,-0.000155,1.298783,0.829288,0.174341,0.000014,0.000019,10.000000,-176.000000,-59.000000,-0.030091,-0.000001,0.000000,0.000000,0.000000,-0.290006,414.000000,0.000000,0.000000,0.000000,0.000000,41.451180,-106.060585,-102.186035,202.157532,208.769363,-0.000041,2.406351,8.983030,6061,-1,30,-5
41.454109,0.009205,-0.244904,-2.083420,-0.000007,0.317073,-0.064445,-0.000141,1.295735,0.831422,0.174342,0.000012,0.000018,10.000000,-176.000000,-59.000000,-0.030091,-0.000001,0.000000,0.000000,0.000000,-0.290006,414.000000,0.000000,0.000000,0.000000,0.000000,41.453133,-106.060585,-102.186035,202.157532,208.769363,-0.000048,2.406330,8.983030,6061,-1,30,-5
41.456062,0.009205,-0.244265,-2.083546,-0.000008,0.319660,-0.062780,-0.000128,1.292751,0.833210,0.174342,0.000011,0.000018,10.000000,-176.000000,-59.000000,-0.030091,-0.000001,0.000000,0.000000,0.000000,-0.290006,414.000000,0.000000,0.000000,0.000000,0.000000,41.455090,-106.060585,-102.186035,202.157532,208.769363,-0.000053,2.406314,8.983030,6061,-1,29,-5
41.458019,0.009205,-0.243622,-2.083670,-0.000008,0.322241,-0.061111,-0.000116,1.289825,0.834685,0.174342,0.000010,0.000018,10.000000,-176.000000,-59.000000,-0.030091,-0.000001,0.000000,0.000000,0.000000,-0.290006,414.000000,0.000000,0.000000,0.000000,0.000000,41.457039,-106.060585,-102.186035,202.157532,208.769363,-0.000057,2.406303,8.983030,6061,-1,29,-5
41.459972,0.009205,-0.242973,-2.083789,-0.000008,0.324817,-0.059440,-0.000105,1.286952,0.835874,0.174342,0.000009,0.000017,10.000000,-176.000000,-59.000000,-0.030091,-0.000001,0.000000,0.000000,0.000000,-0.290006,414.000000,0.000000,0.000000,0.000000,0.000000,41.458996,-106.060585,-102.186035,202.157532,208.769363,-0.000059,2.406296,8.983030,6061,-1,29,-5
41.461926,0.009205,-0.242318,-2.083906,-0.000008,0.327386,-0.057767,-0.000095,1.284128,0.836807,0.174342,0.000008,0.000017,10.000000,-176.000000,-59.000000,-0.030091,-0.000001,0.000000,0.000000,0.000000,-0.290006,414.000000,0.000000,0.000000,0.000000,0.000000,41.460949,-106.060585,-102.186035,202.157532,208.769363,-0.000060,2.406294,8.983030,6061,-1,29,-5
41.463879,0.009205,-0.241659,-2.084019,-0.000009,0.329950,-0.056092,-0.000086,1.281348,0.837507,0.174342,0.000007,0.000017,10.000000,-176.000000,-59.000000,-0.030091,-0.000001,0.000000,0.000000,0.000000,-0.290006,414.000000,0.000000,0.000000,0.000000,0.000000,41.462906,-106.060585,-102.186035,202.157532,208.769363,-0.000059,2.406296,8.983030,6061,-1,29,-5
41.465836,0.009205,-0.240995,-2.084129,-0.000009,0.332509,-0.054416,-0.000078,1.278609,0.837996,0.174341,0.000006,0.000016,10.000000,-176.000000,-59.000000,-0.030091,-0.000001,0.000000,0.000000,0.000000,-0.290006,414.000000,0.000000,0.000000,0.000000,0.000000,41.464855,-106.060585,-102.186035,202.157532,208.769363,-0.000057,2.406301,8.983030,6061,-1,29,-5
41.467789,0.009205,-0.240325,-2.084235,-0.000009,0.335062,-0.052740,-0.000071,1.275906,0.838293,0.174340,0.000006,0.000016,10.000000,-176.000000,-59.000000,-0.030091,-0.000001,0.000000,0.000000,0.000000,-0.290006,414.000000,0.000000,0.000000,0.000000,0.000000,41.466812,-106.060585,-102.186035,202.157532,208.769363,-0.000055,2.406310,8.983030,6061,0,29,-5
41.469742,0.009205,-0.239651,-2.084338,-0.000009,0.337610,-0.051063,-0.000065,1.273238,0.838418,0.174339,0.000005,0.000016,10.000000,-176.000000,-59.000000,-0.030091,-0.000001,0.000000,0.000000,0.000000,-0.290006,414.000000,0.000000,0.000000,0.000000,0.000000,41.468765,-106.060585,-102.186035,202.157532,208.769363,-0.000051,2.406322,8.983030,6061,0,29,-5
41.471695,0.009205,-0.238971,-2.084438,-0.000009,0.340153,-0.049386,-0.000060,1.270600,0.838386,0.174338,0.000005,0.000016,10.000000,-176.000000,-59.000000,-0.030091,-0.000001,0.000000,0.000000,0.000000,-0.290006,414.000000,0.000000,0.000000,0.000000,0.000000,41.470718,-106.060585,-102.186035,202.157532,208.769363,-0.000046,2.406337,8.983030,6061,0,29,-5
41.473652,0.009205,-0.238286,-2.084534,-0.000009,0.342690,-0.047710,-0.000055,1.267992,0.838211,0.174337,0.000004,0.000016,10.000000,-176.000000,-59.000000,-0.030091,-0.000001,0.000000,0.000000,0.000000,-0.290006,414.000000,0.000000,0.000000,0.000000,0.000000,41.472672,-106.060585,-102.186035,202.157532,208.769363,-0.000040,2.406354,8.983030,6061,0,29,-5
41.475605,0.009205,-0.237596,-2.084627,-0.000009,0.345222,-0.046034,-0.000051,1.265409,0.837909,0.174336,0.000004,0.000016,10.000000,-176.000000,-59.000000,-0.030091,-0.000001,0.000000,0.000000,0.000000,-0.290006,414.000000,0.000000,0.000000,0.000000,0.000000,41.474628,-106.060585,-102.186035,202.157532,208.769363,-0.000034,2.406374,8.983030,6061,0,29,-6
41.477558,0.009205,-0.236901,-2.084717,-0.000009,0.347749,-0.044359,-0.000048,1.262853,0.837491,0.174335,0.000004,0.000015,10.000000,-176.000000,-59.000000,-0.030091,-0.000001,0.000000,0.000000,0.000000,-0.290006,414.000000,0.000000,0.000000,0.000000,0.000000,41.476582,-106.060585,-102.186035,202.157532,208.769363,-0.000034,2.406374,8.983030,6061,0,29,-6
41.479511,0.009205,-0.236201,-2.084803,-0.000009,0.350271,-0.042684,-0.000046,1.260318,0.836966,0.174333,0.000003,0.000015,10.000000,-176.000000,-59.000000,-0.030091,-0.000001,0.000000,0.000000,0.000000,-0.290006,414.000000,0.000000,0.000000,0.000000,0.000000,41.478535,-106.060585,-102.186035,202.157532,208.769363,-0.000041,2.406354,8.983030,6061,0,29,-6
41.481464,0.009205,-0.235496,-2.084886,-0.000010,0.352788,-0.041011,-0.000045,1.257803,0.836347,0.174332,0.000003,0.000015,10.000000,-176.000000,-59.000000,-0.030091,-0.000001,0.000000,0.000000,0.000000,-0.290006,414.000000,0.000000,0.000000,0.000000,0.000000,41.480488,-106.060585,-102.186035,202.157532,208.769363,-0.000045,2.406340,8.983030,6061,0,29,-6
41.483421,0.009205,-0.234786,-2.084966,-0.000010,0.355300,-0.039340,-0.000044,1.255308,0.835641,0.174330,0.000003,0.000015,10.000000,-176.000000,-59.000000,-0.030091,-0.000001,0.000000,0.000000,0.000000,-0.290006,414.000000,0.000000,0.000000,0.000000,0.000000,41.482445,-106.060585,-102.186035,202.157532,208.769363,-0.000048,2.406330,8.983030,6061,0,29,-6
41.485374,0.009205,-0.234071,-2.085042,-0.000010,0.357806,-0.037670,-0.000044,1.252830,0.834858,0.174328,0.000003,0.000015,10.000000,-176.000000,-59.000000,-0.030091,-0.000001,0.000000,0.000000,0.000000,-0.290006,414.000000,0.000000,0.000000,0.000000,0.000000,41.484398,-106.060585,-102.186035,202.157532,208.769363,-0.000050,2.406325,8.983030,6061,0,29,-6
41.487328,0.009205,-0.233351,-2.085115,-0.000010,0.360308,-0.036001,-0.000045,1.250369,0.834005,0.174326,0.000003,0.000015,10.000000,-176.000000,-59.000000,-0.030091,-0.000001,0.000000,0.000000,0.000000,-0.290006,414.000000,0.000000,0.000000,0.000000,0.000000,41.486351,-106.060585,-102.186035,202.157532,208.769363,-0.000050,2.406325,8.983030,6061,0,29,-6
41.489281,0.009205,-0.232626,-2.085185,-0.000010,0.362805,-0.034335,-0.000046,1.247924,0.833089,0.174325,0.000004,0.000015,10.000000,-176.000000,-59.000000,-0.030091,-0.000001,0.000000,0.000000,0.000000,-0.290006,414.000000,0.000000,0.000000,0.000000,0.000000,41.488304,-106.060585,-102.186035,202.157532,208.769363,-0.000049,2.406328,8.983030,6061,0,28,-6
41.491238,0.009205,-0.231896,-2.085251,-0.000010,0.365298,-0.032670,-0.000048,1.245493,0.832114,0.174323,0.000004,0.000015,10.000000,-176.000000,-59.000000,-0.030091,-0.000001,0.000000,0.000000,0.000000,-0.290006,414.000000,0.000000,0.000000,0.000000,0.000000,41.490261,-106.060585,-102.186035,202.157532,208.769363,-0.000047,2.406334,8.983030,6061,0,28,-6
41.493191,0.009205,-0.231161,-2.085314,-0.000010,0.367785,-0.031007,-0.000050,1.243075,0.831088,0.174321,0.000004,0.000015,10.000000,-176.000000,-59.000000,-0.030091,-0.000001,0.000000,0.000000,0.000000,-0.290006,414.000000,0.000000,0.000000,0.000000,0.000000,41.492210,-106.060585,-102.186035,202.157532,208.769363,-0.000044,2.406344,8.983030,6061,0,28,-6
41.495144,0.009205,-0.230421,-2.085373,-0.000010,0.370268,-0.029347,-0.000053,1.240670,0.830016,0.174319,0.000004,0.000015,10.000000,-176.000000,-59.000000,-0.030091,-0.000001,0.000000,0.000000,0.000000,-0.290006,414.000000,0.000000,0.000000,0.000000,0.000000,41.494167,-106.060585,-102.186035,202.157532,208.769363,-0.000040,2.406357,8.983030,6061,0,28,-6
41.497097,0.009205,-0.229676,-2.085430,-0.000010,0.372745,-0.027688,-0.000055,1.238277,0.828901,0.174317,0.000005,0.000015,10.000000,-176.000000,-59.000000,-0.030091,-0.000001,0.000000,0.000000,0.000000,-0.290006,414.000000,0.000000,0.000000,0.000000,0.000000,41.496120,-106.060585,-102.186035,202.157532,208.769363,-0.000035,2.406372,8.983030,6061,0,28,-6
41.499050,0.009205,-0.228926,-2.085483,-0.000010,0.375218,-0.026032,-0.000058,1.235895,0.827749,0.174315,0.000005,0.000015,10.000000,-175.000000,-66.000000,-0.030091,-0.000001,0.000000,0.000000,0.000000,-0.290006,418.000000,0.000000,0.000000,0.000000,0.000000,41.498077,-106.060585,-102.186035,202.157532,208.769363,-0.000029,2.406391,8.983030,6061,0,28,-6
41.501007,0.009205,-0.228171,-2.085532,-0.000011,0.377687,-0.024378,-0.000061,1.233524,0.826562,0.174313,0.000005,0.000015,10.000000,-175.000000,-66.000000,-0.018485,-0.000002,0.000000,0.000000,0.067000,0.071584,418.000000,0.000000,0.000000,0.000000,0.000000,41.500027,-104.477608,-97.599014,23.626526,150.036560,-0.000022,2.298387,8.987985,6046,0,28,-6
41.502960,0.009205,-0.227411,-2.085578,-0.000011,0.380150,-0.022725,-0.000064,1.230887,0.826909,0.174311,0.000006,0.000015,10.000000,-175.000000,-66.000000,-0.018485,-0.000002,0.000000,0.000000,0.000000,0.071584,418.000000,0.000000,0.000000,0.000000,0.000000,41.501984,-104.477608,-97.599014,23.626526,150.036560,-0.000015,2.298409,8.987985,6046,0,28,-6
41.504913,0.009205,-0.226646,-2.085622,-0.000011,0.382607,-0.021070,-0.000067,1.228196,0.827585,0.174309,0.000006,0.000015,10.000000,-175.000000,-66.000000,-0.018485,-0.000002,0.000000,0.000000,0.000000,0.071584,418.000000,0.000000,0.000000,0.000000,0.000000,41.503937,-104.477608,-97.599014,23.626526,150.036560,-0.000007,2.298434,8.987985,6046,0,28,-7
41.506866,0.009205,-0.225877,-2.085661,-0.000011,0.385060,-0.019414,-0.000069,1.225549,0.828053,0.174306,0.000006,0.000015,10.000000,-175.000000,-66.000000,-0.018485,-0.000002,0.000000,0.000000,0.000000,0.071584,418.000000,0.000000,0.000000,0.000000,0.000000,41.505894,-104.477608,-97.599014,23.626526,150.036560,-0.000006,2.298438,8.987985,6046,0,28,-7
41.508823,0.009205,-0.225102,-2.085698,-0.000011,0.387507,-0.017758,-0.000072,1.222937,0.828334,0.174304,0.000007,0.000015,10.000000,-175.000000,-66.000000,-0.018485,-0.000002,0.000000,0.000000,0.000000,0.071584,418.000000,0.000000,0.000000,0.000000,0.000000,41.507843,-104.477608,-97.599014,23.626526,150.036560,-0.000011,2.298422,8.987985,6046,0,28,-7
41.510777,0.009205,-0.224323,-2.085731,-0.000011,0.389949,-0.016101,-0.000074,1.220360,0.828445,0.174302,0.000007,0.000015,10.000000,-175.000000,-66.000000,-0.018485,-0.000002,0.000000,0.000000,0.000000,0.071584,418.000000,0.000000,0.000000,0.000000,0.000000,41.509800,-104.477608,-97.599014,23.626526,150.036560,-0.000014,2.298411,8.987985,6046,0,28,-7
41.512730,0.009205,-0.223538,-2.085760,-0.000011,0.392386,-0.014444,-0.000075,1.217814,0.828402,0.174300,0.000007,0.000015,10.000000,-175.000000,-66.000000,-0.018485,-0.000002,0.000000,0.000000,0.000000,0.071584,418.000000,0.000000,0.000000,0.000000,0.000000,41.511753,-104.477608,-97.599014,23.626526,150.036560,-0.000016,2.298405,8.987985,6046,0,28,-7
41.514683,0.009205,-0.222749,-2.085787,-0.000012,0.394818,-0.012787,-0.000077,1.215297,0.828220,0.174298,0.000007,0.000015,10.000000,-175.000000,-66.000000,-0.018485,-0.000002,0.000000,0.000000,0.000000,0.071584,418.000000,0.000000,0.000000,0.000000,0.000000,41.513706,-104.477608,-97.599014,23.626526,150.036560,-0.000017,2.298404,8.987985,6046,0,28,-7
41.516640,0.009205,-0.221955,-2.085810,-0.000012,0.397245,-0.011131,-0.000078,1.212808,0.827912,0.174295,0.000007,0.000015,10.000000,-175.000000,-66.000000,-0.018485,-0.000002,0.000000,0.000000,0.000000,0.071584,418.000000,0.000000,0.000000,0.000000,0.000000,41.515659,-104.477608,-97.599014,23.626526,150.036560,-0.000016,2.298406,8.987985,6046,0,28,-7
41.518593,0.009205,-0.221156,-2.085830,-0.000012,0.399667,-0.009476,-0.000080,1.210343,0.827490,0.174293,0.000008,0.000015,10.000000,-175.000000,-66.000000,-0.018485,-0.000002,0.000000,0.000000,0.000000,0.071584,418.000000,0.000000,0.000000,0.000000,0.000000,41.517616,-104.477608,-97.599014,23.626526,150.036560,-0.000014,2.298411,8.987985,6046,0,28,-7
41.520546,0.009205,-0.220352,-2.085846,-0.000012,0.402084,-0.007822,-0.000081,1.207900,0.826965,0.174291,0.000008,0.000015,10.000000,-175.000000,-66.000000,-0.018485,-0.000002,0.000000,0.000000,0.000000,0.071584,418.000000,0.000000,0.000000,0.000000,0.000000,41.519569,-104.477608,-97.599014,23.626526,150.036560,-0.000012,2.298420,8.987985,6046,0,28,-7
41.522499,0.009205,-0.219544,-2.085859,-0.000012,0.404496,-0.006169,-0.000081,1.205479,0.826346,0.174289,0.000008,0.000015,10.000000,-175.000000,-66.000000,-0.018485,-0.000002,0.000000,0.000000,0.000000,0.071584,418.000000,0.000000,0.000000,0.000000,0.000000,41.521523,-104.477608,-97.599014,23.626526,150.036560,-0.000008,2.298433,8.987985,6046,0,28,-7
41.524452,0.009205,-0.218730,-2.085869,-0.000012,0.406903,-0.004517,-0.000082,1.203077,0.825644,0.174286,0.000008,0.000015,10.000000,-175.000000,-66.000000,-0.018485,-0.000002,0.000000,0.000000,0.000000,0.071584,418.000000,0.000000,0.000000,0.000000,0.000000,41.523476,-104.477608,-97.599014,23.626526,150.036560,-0.000003,2.298448,8.987985,6046,0,28,-7
41.526409,0.009204,-0.217912,-2.085876,-0.000013,0.409306,-0.002867,-0.000082,1.200693,0.824864,0.174284,0.000008,0.000015,10.000000,-175.000000,-66.000000,-0.018485,-0.000002,0.000000,0.000000,0.000000,0.071584,418.000000,0.000000,0.000000,0.000000,0.000000,41.525433,-104.477608,-97.599014,23.626526,150.036560,0.000003,2.298465,8.987985,6046,0,28,-7
41.528362,0.009204,-0.217089,-2.085879,-0.000013,0.411703,-0.001219,-0.000082,1.198326,0.824017,0.174282,0.000008,0.000015,10.000000,-175.000000,-66.000000,-0.018485,-0.000002,0.000000,0.000000,0.000000,0.071584,418.000000,0.000000,0.000000,0.000000,0.000000,41.527386,-104.477608,-97.599014,23.626526,150.036560,0.000009,2.298485,8.987985,6046,0,28,-8
41.530315,0.009204,-0.216261,-2.085879,-0.000013,0.414097,0.000428,-0.000081,1.195976,0.823107,0.174280,0.000008,0.000015,10.000000,-175.000000,-66.000000,-0.018485,-0.000002,0.000000,0.000000,0.000000,0.071584,418.000000,0.000000,0.000000,0.000000,0.000000,41.529339,-104.477608,-97.599014,23.626526,150.036560,0.000009,2.298484,8.987985,6046,0,28,-8
41.532269,0.009204,-0.215429,-2.085876,-0.000013,0.416485,0.002073,-0.000081,1.193639,0.822141,0.174277,0.000008,0.000015,10.000000,-175.000000,-66.000000,-0.018485,-0.000002,0.000000,0.000000,0.000000,0.071584,418.000000,0.000000,0.000000,0.000000,0.000000,41.531292,-104.477608,-97.599014,23.626526,150.036560,0.000003,2.298465,8.987985,6046,0,29,-8
41.534225,0.009204,-0.214591,-2.085869,-0.000013,0.418869,0.003715,-0.000080,1.191315,0.821125,0.174275,0.000008,0.000015,10.000000,-175.000000,-66.000000,-0.018485,-0.000002,0.000000,0.000000,0.000000,0.071584,418.000000,0.000000,0.000000,0.000000,0.000000,41.533249,-104.477608,-97.599014,23.626526,150.036560,-0.000002,2.298450,8.987985,6046,0,29,-8
41.536179,0.009204,-0.213749,-2.085859,-0.000013,0.421248,0.005356,-0.000078,1.189004,0.820063,0.174273,0.000007,0.000015,10.000000,-175.000000,-66.000000,-0.018485,-0.000002,0.000000,0.000000,0.000000,0.071584,418.000000,0.000000,0.000000,0.000000,0.000000,41.535198,-104.477608,-97.599014,23.626526,150.036560,-0.000005,2.298440,8.987985,6046,0,29,-8
41.538132,0.009204,-0.212902,-2.085846,-0.000013,0.423623,0.006995,-0.000077,1.186705,0.818959,0.174270,0.000007,0.000015,10.000000,-175.000000,-66.000000,-0.018485,-0.000002,0.000000,0.000000,0.000000,0.071584,418.000000,0.000000,0.000000,0.000000,0.000000,41.537155,-104.477608,-97.599014,23.626526,150.036560,-0.000007,2.298435,8.987985,6046,0,29,-8
41.540085,0.009204,-0.212051,-2.085829,-0.000014,0.425993,0.008631,-0.000075,1.184417,0.817819,0.174268,0.000007,0.000015,10.000000,-175.000000,-66.000000,-0.018485,-0.000002,0.000000,0.000000,0.000000,0.071584,418.000000,0.000000,0.000000,0.000000,0.000000,41.539108,-104.477608,-97.599014,23.626526,150.036560,-0.000007,2.298434,8.987985,6046,0,29,-8
41.542042,0.009204,-0.211194,-2.085810,-0.000014,0.428358,0.010265,-0.000073,1.182139,0.816645,0.174266,0.000007,0.000015,10.000000,-175.000000,-66.000000,-0.018485,-0.000002,0.000000,0.000000,0.000000,0.071584,418.000000,0.000000,0.000000,0.000000,0.000000,41.541065,-104.477608,-97.599014,23.626526,150.036560,-0.000006,2.298436,8.987985,6046,0,29,-8
41.543995,0.009204,-0.210333,-2.085787,-0.000014,0.430719,0.011896,-0.000071,1.179871,0.815441,0.174263,0.000007,0.000015,10.000000,-175.000000,-66.000000,-0.018485,-0.000002,0.000000,0.000000,0.000000,0.071584,418.000000,0.000000,0.000000,0.000000,0.000000,41.543015,-104.477608,-97.599014,23.626526,150.036560,-0.000005,2.298442,8.987985,6046,0,29,-8
41.545948,0.009204,-0.209467,-2.085761,-0.000014,0.433075,0.013525,-0.000069,1.177613,0.814211,0.174261,0.000006,0.000015,10.000000,-175.000000,-66.000000,-0.018485,-0.000002,0.000000,0.000000,0.000000,0.071584,418.000000,0.000000,0.000000,0.000000,0.000000,41.544971,-104.477608,-97.599014,23.626526,150.036560,-0.000002,2.298451,8.987985,6046,0,29,-8
41.547901,0.009204,-0.208597,-2.085731,-0.000014,0.435427,0.015152,-0.000067,1.175363,0.812956,0.174259,0.000006,0.000015,10.000000,-175.000000,-66.000000,-0.018485,-0.000002,0.000000,0.000000,0.000000,0.071584,418.000000,0.000000,0.000000,0.000000,0.000000,41.546925,-104.477608,-97.599014,23.626526,150.036560,0.000002,2.298464,8.987985,6046,0,29,-8
41.549854,0.009204,-0.207722,-2.085698,-0.000014,0.437774,0.016776,-0.000064,1.173122,0.811679,0.174256,0.000006,0.000015,10.000000,-175.000000,-66.000000,-0.018485,-0.000002,0.000000,0.000000,0.000000,0.071584,418.000000,0.000000,0.000000,0.000000,0.000000,41.548882,-104.477608,-97.599014,23.626526,150.036560,0.000007,2.298479,8.987985,6046,0,29,-9
41.551811,0.009204,-0.206842,-2.085662,-0.000014,0.440117,0.018397,-0.000062,1.170890,0.810384,0.174254,0.000006,0.000015,10.000000,-175.000000,-66.000000,-0.018485,-0.000002,0.000000,0.000000,0.000000,0.071584,418.000000,0.000000,0.000000,0.000000,0.000000,41.550831,-104.477608,-97.599014,23.626526,150.036560,0.000005,2.298473,8.987985,6046,1,29,-9
41.553764,0.009204,-0.205957,-2.085623,-0.000015,0.442456,0.020016,-0.000060,1.168664,0.809070,0.174251,0.000006,0.000014,10.000000,-175.000000,-66.000000,-0.018485,-0.000002,0.000000,0.000000,0.000000,0.071584,418.000000,0.000000,0.000000,0.000000,0.000000,41.552788,-104.477608,-97.599014,23.626526,150.036560,-0.000003,2.298448,8.987985,6046,1,29,-9
41.555717,0.009204,-0.205068,-2.085581,-0.000015,0.444790,0.021632,-0.000058,1.166446,0.807741,0.174249,0.000005,0.000014,10.000000,-175.000000,-66.000000,-0.018485,-0.000002,0.000000,0.000000,0.000000,0.071584,418.000000,0.000000,0.000000,0.000000,0.000000,41.554741,-104.477608,-97.599014,23.626526,150.036560,-0.000009,2.298429,8.987985,6046,1,29,-9
41.557671,0.009204,-0.204174,-2.085535,-0.000015,0.447119,0.023246,-0.000056,1.164235,0.806398,0.174247,0.000005,0.000014,10.000000,-175.000000,-66.000000,-0.018485,-0.000002,0.000000,0.000000,0.000000,0.071584,418.000000,0.000000,0.000000,0.000000,0.000000,41.556698,-104.477608,-97.599014,23.626526,150.036560,-0.000013,2.298416,8.987985,6046,1,29,-9
41.559628,0.009204,-0.203275,-2.085486,-0.000015,0.449444,0.024856,-0.000054,1.162030,0.805044,0.174244,0.000005,0.000014,10.000000,-175.000000,-66.000000,-0.018485,-0.000002,0.000000,0.000000,0.000000,0.071584,418.000000,0.000000,0.000000,0.000000,0.000000,41.558647,-104.477608,-97.599014,23.626526,150.036560,-0.000016,2.298406,8.987985,6046,1,29,-9
41.561581,0.009204,-0.202372,-2.085434,-0.000015,0.451765,0.026464,-0.000053,1.159832,0.803677,0.174242,0.000005,0.000014,10.000000,-175.000000,-66.000000,-0.018485,-0.000002,0.000000,0.000000,0.000000,0.071584,418.000000,0.000000,0.000000,0.000000,0.000000,41.560604,-104.477608,-97.599014,23.626526,150.036560,-0.000018,2.298402,8.987985,6046,1,29,-9
41.563534,0.009204,-0.201464,-2.085378,-0.000015,0.454082,0.028070,-0.000051,1.157641,0.802302,0.174240,0.000005,0.000014,10.000000,-175.000000,-66.000000,-0.018485,-0.000002,0.000000,0.000000,0.000000,0.071584,418.000000,0.000000,0.000000,0.000000,0.000000,41.562557,-104.477608,-97.599014,23.626526,150.036560,-0.000018,2.298400,8.987985,6046,1,29,-9
41.565487,0.009204,-0.200551,-2.085320,-0.000015,0.456394,0.029672,-0.000050,1.155456,0.800918,0.174238,0.000005,0.000014,10.000000,-175.000000,-66.000000,-0.018485,-0.000002,0.000000,0.000000,0.000000,0.071584,418.000000,0.000000,0.000000,0.000000,0.000000,41.564510,-104.477608,-97.599014,23.626526,150.036560,-0.000017,2.298403,8.987985,6046,1,29,-9
41.567444,0.009204,-0.199634,-2.085258,-0.000015,0.458701,0.031272,-0.000048,1.153277,0.799526,0.174236,0.000004,0.000014,10.000000,-175.000000,-66.000000,-0.018485,-0.000002,0.000000,0.000000,0.000000,0.071584,418.000000,0.000000,0.000000,0.000000,0.000000,41.566463,-104.477608,-97.599014,23.626526,150.036560,-0.000015,2.298409,8.987985,6046,1,29,-9
41.569397,0.009204,-0.198712,-2.085193,-0.000015,0.461005,0.032869,-0.000047,1.151105,0.798129,0.174233,0.000004,0.000014,10.000000,-175.000000,-66.000000,-0.018485,-0.000002,0.000000,0.000000,0.000000,0.071584,418.000000,0.000000,0.000000,0.000000,0.000000,41.568420,-104.477608,-97.599014,23.626526,150.036560,-0.000012,2.298418,8.987985,6046,1,29,-9
41.571350,0.009204,-0.197786,-2.085125,-0.000016,0.463303,0.034463,-0.000046,1.148938,0.796726,0.174231,0.000004,0.000014,10.000000,-175.000000,-66.000000,-0.018485,-0.000002,0.000000,0.000000,0.000000,0.071584,418.000000,0.000000,0.000000,0.000000,0.000000,41.570374,-104.477608,-97.599014,23.626526,150.036560,-0.000008,2.298430,8.987985,6046,1,29,-9
41.573303,0.009204,-0.196855,-2.085053,-0.000016,0.465598,0.036054,-0.000046,1.146777,0.795318,0.174229,0.000004,0.000014,10.000000,-175.000000,-66.000000,-0.018485,-0.000002,0.000000,0.000000,0.000000,0.071584,418.000000,0.000000,0.000000,0.000000,0.000000,41.572327,-104.477608,-97.599014,23.626526,150.036560,-0.000004,2.298445,8.987985,6046,1,29,-9
41.575256,0.009204,-0.195919,-2.084979,-0.000016,0.467888,0.037643,-0.000045,1.144622,0.793906,0.174227,0.000004,0.000014,10.000000,-175.000000,-66.000000,-0.018485,-0.000002,0.000000,0.000000,0.000000,0.071584,418.000000,0.000000,0.000000,0.000000,0.000000,41.574280,-104.477608,-97.599014,23.626526,150.036560,0.000002,2.298462,8.987985,6046,1,29,-10
41.577213,0.009204,-0.194979,-2.084901,-0.000016,0.470174,0.039229,-0.000045,1.142474,0.792491,0.174226,0.000004,0.000014,10.000000,-174.000000,-72.000000,-0.018485,-0.000002,0.000000,0.000000,0.000000,0.071584,408.000000,0.000000,0.000000,0.000000,0.000000,41.576237,-104.477608,-97.599014,23.626526,150.036560,0.000000,2.298458,8.987985,6046,1,29,-10
41.579166,0.009204,-0.194035,-2.084820,-0.000016,0.472456,0.040811,-0.000045,1.140330,0.791073,0.174224,0.000004,0.000014,10.000000,-174.000000,-72.000000,-0.036904,-0.000004,0.000000,0.000000,0.067000,-0.181802,408.000000,0.000000,0.000000,0.000000,0.000000,41.578190,-89.552277,-87.712158,222.766235,164.371109,-0.000007,2.065600,8.992985,6013,1,29,-10
41.581120,0.009204,-0.193085,-2.084736,-0.000016,0.474733,0.042396,-0.000045,1.137585,0.793095,0.174222,0.000004,0.000014,10.000000,-174.000000,-72.000000,-0.036904,-0.000004,0.000000,0.000000,0.000000,-0.181802,408.000000,0.000000,0.000000,0.000000,0.000000,41.580143,-89.552277,-87.712158,222.766235,164.371109,-0.000013,2.065582,8.992985,6013,1,28,-10
41.583073,0.009204,-0.192131,-2.084649,-0.000016,0.477004,0.043987,-0.000045,1.134709,0.795896,0.174220,0.000004,0.000014,10.000000,-174.000000,-72.000000,-0.036904,-0.000004,0.000000,0.000000,0.000000,-0.181802,408.000000,0.000000,0.000000,0.000000,0.000000,41.582096,-89.552277,-87.712158,222.766235,164.371109,-0.000017,2.065568,8.992985,6013,1,28,-10
41.585030,0.009204,-0.191173,-2.084558,-0.000016,0.479269,0.045582,-0.000046,1.131909,0.798295,0.174219,0.000004,0.000014,10.000000,-174.000000,-72.000000,-0.036904,-0.000004,0.000000,0.000000,0.000000,-0.181802,408.000000,0.000000,0.000000,0.000000,0.000000,41.584053,-89.552277,-87.712158,222.766235,164.371109,-0.000020,2.065559,8.992985,6013,1,28,-10
41.586983,0.009204,-0.190210,-2.084465,-0.000016,0.481529,0.047182,-0.000046,1.129178,0.800329,0.174217,0.000004,0.000014,10.000000,-174.000000,-72.000000,-0.036904,-0.000004,0.000000,0.000000,0.000000,-0.181802,408.000000,0.000000,0.000000,0.000000,0.000000,41.586002,-89.552277,-87.712158,222.766235,164.371109,-0.000022,2.065553,8.992985,6013,1,28,-10
41.588936,0.009204,-0.189243,-2.084368,-0.000016,0.483783,0.048785,-0.000047,1.126511,0.802031,0.174216,0.000005,0.000014,10.000000,-174.000000,-72.000000,-0.036904,-0.000004,0.000000,0.000000,0.000000,-0.181802,408.000000,0.000000,0.000000,0.000000,0.000000,41.587959,-89.552277,-87.712158,222.766235,164.371109,-0.000022,2.065552,8.992985,6013,1,28,-10
41.590889,0.009204,-0.188271,-2.084268,-0.000016,0.486032,0.050391,-0.000047,1.123901,0.803434,0.174215,0.000005,0.000014,10.000000,-174.000000,-72.000000,-0.036904,-0.000004,0.000000,0.000000,0.000000,-0.181802,408.000000,0.000000,0.000000,0.000000,0.000000,41.589912,-89.552277,-87.712158,222.766235,164.371109,-0.000021,2.065554,8.992985,6013,1,28,-10
41.592842,0.009203,-0.187294,-2.084164,-0.000017,0.488276,0.052000,-0.000048,1.121345,0.804566,0.174214,0.000005,0.000014,10.000000,-174.000000,-72.000000,-0.036904,-0.000004,0.000000,0.000000,0.000000,-0.181802,408.000000,0.000000,0.000000,0.000000,0.000000,41.591869,-89.552277,-87.712158,222.766235,164.371109,-0.000020,2.065560,8.992985,6013,1,28,-10
41.594799,0.009203,-0.186314,-2.084058,-0.000017,0.490515,0.053610,-0.000049,1.118837,0.805451,0.174212,0.000005,0.000014,10.000000,-174.000000,-72.000000,-0.036904,-0.000004,0.000000,0.000000,0.000000,-0.181802,408.000000,0.000000,0.000000,0.000000,0.000000,41.593819,-89.552277,-87.712158,222.766235,164.371109,-0.000017,2.065568,8.992985,6013,1,28,-10
41.596752,0.009203,-0.185328,-2.083948,-0.000017,0.492749,0.055222,-0.000050,1.116374,0.806114,0.174211,0.000005,0.000014,10.000000,-174.000000,-72.000000,-0.036904,-0.000004,0.000000,0.000000,0.000000,-0.181802,408.000000,0.000000,0.000000,0.000000,0.000000,41.595776,-89.552277,-87.712158,222.766235,164.371109,-0.000013,2.065579,8.992985,6013,1,28,-10
41.598705,0.009203,-0.184338,-2.083835,-0.000017,0.494978,0.056835,-0.000051,1.113951,0.806575,0.174211,0.000005,0.000014,10.000000,-174.000000,-72.000000,-0.036904,-0.000004,0.000000,0.000000,0.000000,-0.181802,408.000000,0.000000,0.000000,0.000000,0.000000,41.597729,-89.552277,-87.712158,222.766235,164.371109,-0.000009,2.065593,8.992985,6013,1,28,-10
41.600658,0.009203,-0.183344,-2.083719,-0.000017,0.497202,0.058449,-0.000051,1.111566,0.806853,0.174210,0.000005,0.000014,10.000000,-174.000000,-72.000000,-0.036904,-0.000004,0.000000,0.000000,0.000000,-0.181802,408.000000,0.000000,0.000000,0.000000,0.000000,41.599686,-89.552277,-87.712158,222.766235,164.371109,-0.000004,2.065609,8.992985,6013,1,28,-11
41.602615,0.009203,-0.182345,-2.083600,-0.000017,0.499422,0.060063,-0.000052,1.109217,0.806966,0.174209,0.000005,0.000014,10.000000,-174.000000,-72.000000,-0.036904,-0.000004,0.000000,0.000000,0.000000,-0.181802,408.000000,0.000000,0.000000,0.000000,0.000000,41.601635,-89.552277,-87.712158,222.766235,164.371109,-0.000005,2.065604,8.992985,6013,1,28,-11
41.604568,0.009203,-0.181342,-2.083477,-0.000017,0.501637,0.061676,-0.000052,1.106897,0.806928,0.174208,0.000005,0.000014,10.000000,-174.000000,-72.000000,-0.036904,-0.000004,0.000000,0.000000,0.000000,-0.181802,408.000000,0.000000,0.000000,0.000000,0.000000,41.603592,-89.552277,-87.712158,222.766235,164.371109,-0.000013,2.065581,8.992985,6013,1,28,-11
41.606522,0.009203,-0.180335,-2.083351,-0.000017,0.503847,0.063290,-0.000053,1.104607,0.806755,0.174208,0.000005,0.000014,10.000000,-174.000000,-72.000000,-0.036904,-0.000004,0.000000,0.000000,0.000000,-0.181802,408.000000,0.000000,0.000000,0.000000,0.000000,41.605545,-89.552277,-87.712158,222.766235,164.371109,-0.000019,2.065562,8.992985,6013,1,28,-11
41.608475,0.009203,-0.179323,-2.083222,-0.000017,0.506053,0.064903,-0.000053,1.102343,0.806459,0.174207,0.000005,0.000014,10.000000,-174.000000,-72.000000,-0.036904,-0.000004,0.000000,0.000000,0.000000,-0.181802,408.000000,0.000000,0.000000,0.000000,0.000000,41.607498,-89.552277,-87.712158,222.766235,164.371109,-0.000023,2.065548,8.992985,6013,1,28,-11
41.610432,0.009203,-0.178306,-2.083089,-0.000017,0.508254,0.066515,-0.000053,1.100105,0.806053,0.174207,0.000005,0.000014,10.000000,-174.000000,-72.000000,-0.036904,-0.000004,0.000000,0.000000,0.000000,-0.181802,408.000000,0.000000,0.000000,0.000000,0.000000,41.609451,-89.552277,-87.712158,222.766235,164.371109,-0.000026,2.065539,8.992985,6013,1,28,-11
41.612385,0.009203,-0.177285,-2.082954,-0.000018,0.510451,0.068127,-0.000053,1.097889,0.805546,0.174207,0.000005,0.000014,10.000000,-174.000000,-72.000000,-0.036904,-0.000004,0.000000,0.000000,0.000000,-0.181802,408.000000,0.000000,0.000000,0.000000,0.000000,41.611408,-89.552277,-87.712158,222.766235,164.371109,-0.000028,2.065534,8.992985,6013,1,28,-11
41.614338,0.009203,-0.176260,-2.082815,-0.000018,0.512644,0.069737,-0.000053,1.095695,0.804948,0.174207,0.000005,0.000014,10.000000,-174.000000,-72.000000,-0.036904,-0.000004,0.000000,0.000000,0.000000,-0.181802,408.000000,0.000000,0.000000,0.000000,0.000000,41.613361,-89.552277,-87.712158,222.766235,164.371109,-0.000028,2.065532,8.992985,6013,1,28,-11
41.616291,0.009203,-0.175231,-2.082673,-0.000018,0.514832,0.071346,-0.000053,1.093521,0.804268,0.174207,0.000005,0.000013,10.000000,-174.000000,-72.000000,-0.036904,-0.000004,0.000000,0.000000,0.000000,-0.181802,408.000000,0.000000,0.000000,0.000000,0.000000,41.615314,-89.552277,-87.712158,222.766235,164.371109,-0.000028,2.065534,8.992985,6013,1,28,-11
41.618244,0.009203,-0.174197,-2.082528,-0.000018,0.517016,0.072953,-0.000052,1.091366,0.803514,0.174207,0.000005,0.000013,10.000000,-174.000000,-72.000000,-0.036904,-0.000004,0.000000,0.000000,0.000000,-0.181802,408.000000,0.000000,0.000000,0.000000,0.000000,41.617268,-89.552277,-87.712158,222.766235,164.371109,-0.000026,2.065539,8.992985,6013,1,28,-11
41.620201,0.009203,-0.173158,-2.082379,-0.000018,0.519195,0.074559,-0.000052,1.089227,0.802693,0.174208,0.000005,0.000013,10.000000,-174.000000,-72.000000,-0.036904,-0.000004,0.000000,0.000000,0.000000,-0.181802,408.000000,0.000000,0.000000,0.000000,0.000000,41.619225,-89.552277,-87.712158,222.766235,164.371109,-0.000024,2.065547,8.992985,6013,0,28,-11
41.622154,0.009203,-0.172116,-2.082228,-0.000018,0.521370,0.076163,-0.000051,1.087105,0.801811,0.174208,0.000005,0.000013,10.000000,-174.000000,-72.000000,-0.036904,-0.000004,0.000000,0.000000,0.000000,-0.181802,408.000000,0.000000,0.000000,0.000000,0.000000,41.621178,-89.552277,-87.712158,222.766235,164.371109,-0.000020,2.065558,8.992985,6013,0,28,-11
41.624107,0.009203,-0.171068,-2.082073,-0.000018,0.523542,0.077765,-0.000050,1.084998,0.800874,0.174209,0.000005,0.000013,10.000000,-174.000000,-72.000000,-0.036904,-0.000004,0.000000,0.000000,0.000000,-0.181802,408.000000,0.000000,0.000000,0.000000,0.000000,41.623131,-89.552277,-87.712158,222.766235,164.371109,-0.000016,2.065571,8.992985,6013,0,28,-11
41.626060,0.009203,-0.170017,-2.081915,-0.000018,0.525708,0.079366,-0.000048,1.082906,0.799889,0.174209,0.000005,0.000013,10.000000,-174.000000,-72.000000,-0.036904,-0.000004,0.000000,0.000000,0.000000,-0.181802,408.000000,0.000000,0.000000,0.000000,0.000000,41.625084,-89.552277,-87.712158,222.766235,164.371109,-0.000011,2.065586,8.992985,6013,0,28,-11
41.628017,0.009203,-0.168961,-2.081753,-0.000018,0.527871,0.080964,-0.000047,1.080825,0.798859,0.174210,0.000005,0.000013,10.000000,-174.000000,-72.000000,-0.036904,-0.000004,0.000000,0.000000,0.000000,-0.181802,408.000000,0.000000,0.000000,0.000000,0.000000,41.627041,-89.552277,-87.712158,222.766235,164.371109,-0.000006,2.065604,8.992985,6013,0,29,-11
41.629971,0.009203,-0.167901,-2.081589,-0.000018,0.530030,0.082560,-0.000045,1.078758,0.797790,0.174211,0.000005,0.000013,10.000000,-174.000000,-72.000000,-0.036904,-0.000004,0.000000,0.000000,0.000000,-0.181802,408.000000,0.000000,0.000000,0.000000,0.000000,41.628990,-89.552277,-87.712158,222.766235,164.371109,0.000001,2.065623,8.992985,6013,0,29,-12
41.631924,0.009203,-0.166837,-2.081421,-0.000019,0.532184,0.084154,-0.000043,1.076703,0.796685,0.174212,0.000004,0.000013,10.000000,-174.000000,-72.000000,-0.036904,-0.000004,0.000000,0.000000,0.000000,-0.181802,408.000000,0.000000,0.000000,0.000000,0.000000,41.630947,-89.552277,-87.712158,222.766235,164.371109,-0.000000,2.065621,8.992985,6013,0,29,-12
41.633877,0.009203,-0.165768,-2.081250,-0.000019,0.534334,0.085746,-0.000041,1.074657,0.795547,0.174213,0.000004,0.000013,10.000000,-174.000000,-72.000000,-0.036904,-0.000004,0.000000,0.000000,0.000000,-0.181802,408.000000,0.000000,0.000000,0.000000,0.000000,41.632900,-89.552277,-87.712158,222.766235,164.371109,-0.000007,2.065600,8.992985,6013,0,29,-12
41.635834,0.009203,-0.164695,-2.081076,-0.000019,0.536481,0.087335,-0.000039,1.072621,0.794380,0.174215,0.000004,0.000013,10.000000,-172.000000,-76.000000,-0.036904,-0.000004,0.000000,0.000000,0.000000,-0.181802,412.000000,0.000000,0.000000,0.000000,0.000000,41.634857,-89.552277,-87.712158,222.766235,164.371109,-0.000012,2.065583,8.992985,6013,0,29,-12
41.637787,0.009203,-0.163618,-2.080899,-0.000019,0.538623,0.088922,-0.000037,1.070594,0.793187,0.174216,0.000004,0.000013,10.000000,-172.000000,-76.000000,-0.024553,-0.000004,0.000000,0.000000,0.066000,0.073731,412.000000,0.000000,0.000000,0.000000,0.000000,41.636806,-60.606018,-66.574791,438.579376,243.141785,-0.000016,1.567786,9.006061,5957,-21,29,-12
41.639740,0.009203,-0.162537,-2.080719,-0.000019,0.540760,0.090514,-0.000035,1.067549,0.797810,0.174217,0.000003,0.000013,10.000000,-172.000000,-76.000000,-0.024553,-0.000004,0.000000,0.000000,0.000000,0.073731,412.000000,0.000000,0.000000,0.000000,0.000000,41.638763,-60.606018,-66.574791,438.579376,243.141785,-0.000019,1.567775,9.006061,5957,-21,29,-12
41.641693,0.009203,-0.161451,-2.080535,-0.000019,0.542890,0.092119,-0.000032,1.064276,0.803738,0.174218,0.000003,0.000013,10.000000,-172.000000,-76.000000,-0.024553,-0.000004,0.000000,0.000000,0.000000,0.073731,412.000000,0.000000,0.000000,0.000000,0.000000,41.640717,-60.606018,-66.574791,438.579376,243.141785,-0.000023,1.567765,9.006061,5957,-21,29,-12
41.643646,0.009203,-0.160361,-2.080348,-0.000019,0.545014,0.093734,-0.000030,1.061128,0.808967,0.174219,0.000003,0.000013,10.000000,-172.000000,-76.000000,-0.024553,-0.000004,0.000000,0.000000,0.000000,0.073731,412.000000,0.000000,0.000000,0.000000,0.000000,41.642673,-60.606018,-66.574791,438.579376,243.141785,-0.000025,1.567757,9.006061,5957,-21,29,-12
41.645603,0.009203,-0.159266,-2.080158,-0.000019,0.547131,0.095359,-0.000028,1.058090,0.813559,0.174218,0.000003,0.000013,10.000000,-172.000000,-76.000000,-0.024553,-0.000004,0.000000,0.000000,0.000000,0.073731,412.000000,0.000000,0.000000,0.000000,0.000000,41.644623,-60.606018,-66.574791,438.579376,243.141785,-0.000027,1.567751,9.006061,5957,-21,29,-12
41.647556,0.009202,-0.158168,-2.079965,-0.000019,0.549243,0.096992,-0.000026,1.055151,0.817575,0.174217,0.000003,0.000012,10.000000,-172.000000,-76.000000,-0.024553,-0.000004,0.000000,0.000000,0.000000,0.073731,412.000000,0.000000,0.000000,0.000000,0.000000,41.646580,-60.606018,-66.574791,438.579376,243.141785,-0.000028,1.567747,9.006061,5957,-21,29,-12
41.649509,0.009202,-0.157065,-2.079768,-0.000019,0.551349,0.098633,-0.000025,1.052300,0.821068,0.174215,0.000003,0.000012,10.000000,-172.000000,-76.000000,-0.024553,-0.000004,0.000000,0.000000,0.000000,0.073731,412.000000,0.000000,0.000000,0.000000,0.000000,41.648533,-60.606018,-66.574791,438.579376,243.141785,-0.000029,1.567745,9.006061,5957,-20,29,-12
41.651463,0.009202,-0.155958,-2.079568,-0.000019,0.553450,0.100280,-0.000023,1.049525,0.824086,0.174212,0.000002,0.000012,10.000000,-172.000000,-76.000000,-0.024553,-0.000004,0.000000,0.000000,0.000000,0.073731,412.000000,0.000000,0.000000,0.000000,0.000000,41.650490,-60.606018,-66.574791,438.579376,243.141785,-0.000029,1.567746,9.006061,5957,-20,29,-12
41.653419,0.009202,-0.154847,-2.079365,-0.000019,0.555544,0.101932,-0.000022,1.046820,0.826675,0.174207,0.000002,0.000012,10.000000,-172.000000,-76.000000,-0.024553,-0.000004,0.000000,0.000000,0.000000,0.073731,412.000000,0.000000,0.000000,0.000000,0.000000,41.652439,-60.606018,-66.574791,438.579376,243.141785,-0.000028,1.567747,9.006061,5957,-19,29,-12
41.655373,0.009202,-0.153732,-2.079158,-0.000019,0.557634,0.103588,-0.000021,1.044175,0.828873,0.174202,0.000002,0.000012,10.000000,-172.000000,-76.000000,-0.024553,-0.000004,0.000000,0.000000,0.000000,0.073731,412.000000,0.000000,0.000000,0.000000,0.000000,41.654396,-60.606018,-66.574791,438.579376,243.141785,-0.000027,1.567751,9.006061,5957,-19,29,-12
41.657326,0.009202,-0.152612,-2.078948,-0.000019,0.559719,0.105249,-0.000021,1.041583,0.830716,0.174194,0.000002,0.000012,10.000000,-172.000000,-76.000000,-0.024553,-0.000004,0.000000,0.000000,0.000000,0.073731,412.000000,0.000000,0.000000,0.000000,0.000000,41.656349,-60.606018,-66.574791,438.579376,243.141785,-0.000025,1.567757,9.006061,5957,-18,29,-12
41.659279,0.009202,-0.151488,-2.078735,-0.000019,0.561798,0.106913,-0.000020,1.039039,0.832238,0.174185,0.000002,0.000012,10.000000,-172.000000,-76.000000,-0.024553,-0.000004,0.000000,0.000000,0.000000,0.073731,412.000000,0.000000,0.000000,0.000000,0.000000,41.658302,-60.606018,-66.574791,438.579376,243.141785,-0.000023,1.567764,9.006061,5957,-18,28,-13
41.661236,0.009202,-0.150361,-2.078519,-0.000019,0.563872,0.108579,-0.000020,1.036537,0.833469,0.174175,0.000002,0.000012,10.000000,-172.000000,-76.000000,-0.024553,-0.000004,0.000000,0.000000,0.000000,0.073731,412.000000,0.000000,0.000000,0.000000,0.000000,41.660255,-60.606018,-66.574791,438.579376,243.141785,-0.000028,1.567749,9.006061,5957,-17,28,-13
41.663189,0.009202,-0.149229,-2.078299,-0.000019,0.565942,0.110248,-0.000020,1.034069,0.834435,0.174162,0.000002,0.000012,10.000000,-172.000000,-76.000000,-0.024553,-0.000004,0.000000,0.000000,0.000000,0.073731,412.000000,0.000000,0.000000,0.000000,0.000000,41.662212,-60.606018,-66.574791,438.579376,243.141785,-0.000039,1.567714,9.006061,5957,-16,28,-13
41.665142,0.009202,-0.148093,-2.078076,-0.000019,0.568006,0.111918,-0.000021,1.031631,0.835161,0.174148,0.000002,0.000012,10.000000,-172.000000,-76.000000,-0.024553,-0.000004,0.000000,0.000000,0.000000,0.073731,412.000000,0.000000,0.000000,0.000000,0.000000,41.664165,-60.606018,-66.574791,438.579376,243.141785,-0.000048,1.567685,9.006061,5957,-16,28,-13
41.667095,0.009202,-0.146952,-2.077849,-0.000020,0.570066,0.113589,-0.000021,1.029221,0.835669,0.174132,0.000002,0.000012,10.000000,-172.000000,-76.000000,-0.024553,-0.000004,0.000000,0.000000,0.000000,0.073731,412.000000,0.000000,0.000000,0.000000,0.000000,41.666119,-60.606018,-66.574791,438.579376,243.141785,-0.000056,1.567659,9.006061,5957,-15,28,-13
41.669048,0.009202,-0.145808,-2.077619,-0.000020,0.572121,0.115260,-0.000022,1.026833,0.835980,0.174115,0.000002,0.000012,10.000000,-172.000000,-76.000000,-0.024553,-0.000004,0.000000,0.000000,0.000000,0.073731,412.000000,0.000000,0.000000,0.000000,0.000000,41.668072,-60.606018,-66.574791,438.579376,243.141785,-0.000063,1.567638,9.006061,5957,-14,28,-13
41.671005,0.009202,-0.144659,-2.077386,-0.000020,0.574171,0.116933,-0.000022,1.024465,0.836113,0.174095,0.000003,0.000011,10.000000,-172.000000,-76.000000,-0.024553,-0.000004,0.000000,0.000000,0.000000,0.073731,412.000000,0.000000,0.000000,0.000000,0.000000,41.670029,-60.606018,-66.574791,438.579376,243.141785,-0.000069,1.567621,9.006061,5957,-13,28,-13
41.672958,0.009202,-0.143507,-2.077149,-0.000020,0.576216,0.118605,-0.000023,1.022114,0.836083,0.174074,0.000003,0.000011,10.000000,-172.000000,-76.000000,-0.024553,-0.000004,0.000000,0.000000,0.000000,0.073731,412.000000,0.000000,0.000000,0.000000,0.000000,41.671982,-60.606018,-66.574791,438.579376,243.141785,-0.000073,1.567607,9.006061,5957,-12,28,-13
41.674911,0.009202,-0.142350,-2.076909,-0.000020,0.578257,0.120277,-0.000023,1.019777,0.835905,0.174051,0.000003,0.000011,10.000000,-172.000000,-76.000000,-0.024553,-0.000004,0.000000,0.000000,0.000000,0.073731,412.000000,0.000000,0.000000,0.000000,0.000000,41.673935,-60.606018,-66.574791,438.579376,243.141785,-0.000076,1.567597,9.006061,5957,-11,28,-13
41.676865,0.009202,-0.141190,-2.076666,-0.000020,0.580293,0.121948,-0.000024,1.017452,0.835595,0.174027,0.000003,0.000011,10.000000,-172.000000,-76.000000,-0.024553,-0.000004,0.000000,0.000000,0.000000,0.073731,412.000000,0.000000,0.000000,0.000000,0.000000,41.675888,-60.606018,-66.574791,438.579376,243.141785,-0.000079,1.567590,9.006061,5957,-11,28,-13
41.678822,0.009202,-0.140025,-2.076419,-0.000020,0.582324,0.123619,-0.000024,1.015136,0.835164,0.174000,0.000003,0.000011,10.000000,-172.000000,-76.000000,-0.024553,-0.000004,0.000000,0.000000,0.000000,0.073731,412.000000,0.000000,0.000000,0.000000,0.000000,41.677845,-60.606018,-66.574791,438.579376,243.141785,-0.000080,1.567586,9.006061,5957,-10,28,-13
41.680775,0.009202,-0.138856,-2.076169,-0.000020,0.584351,0.125288,-0.000024,1.012830,0.834624,0.173972,0.000003,0.000011,10.000000,-172.000000,-76.000000,-0.024553,-0.000004,0.000000,0.000000,0.000000,0.073731,412.000000,0.000000,0.000000,0.000000,0.000000,41.679794,-60.606018,-66.574791,438.579376,243.141785,-0.000080,1.567584,9.006061,5957,-9,28,-13
41.682728,0.009202,-0.137683,-2.075916,-0.000020,0.586373,0.126956,-0.000024,1.010530,0.833983,0.173943,0.000003,0.000011,10.000000,-172.000000,-76.000000,-0.024553,-0.000004,0.000000,0.000000,0.000000,0.073731,412.000000,0.000000,0.000000,0.000000,0.000000,41.681751,-60.606018,-66.574791,438.579376,243.141785,-0.000080,1.567586,9.006061,5957,-8,28,-13
41.684681,0.009202,-0.136506,-2.075659,-0.000020,0.588391,0.128623,-0.000024,1.008236,0.833254,0.173911,0.000003,0.000010,10.000000,-172.000000,-76.000000,-0.024553,-0.000004,0.000000,0.000000,0.000000,0.073731,412.000000,0.000000,0.000000,0.000000,0.000000,41.683704,-60.606018,-66.574791,438.579376,243.141785,-0.000078,1.567590,9.006061,5957,-7,28,-13
41.686638,0.009202,-0.135325,-2.075399,-0.000020,0.590404,0.130289,-0.000024,1.005946,0.832443,0.173879,0.000003,0.000010,10.000000,-172.000000,-76.000000,-0.024553,-0.000004,0.000000,0.000000,0.000000,0.073731,412.000000,0.000000,0.000000,0.000000,0.000000,41.685661,-60.606018,-66.574791,438.579376,243.141785,-0.000076,1.567597,9.006061,5957,-6,28,-13
41.688591,0.009202,-0.134140,-2.075136,-0.000020,0.592412,0.131952,-0.000023,1.003660,0.831558,0.173844,0.000003,0.000010,10.000000,-172.000000,-76.000000,-0.024553,-0.000004,0.000000,0.000000,0.000000,0.073731,412.000000,0.000000,0.000000,0.000000,0.000000,41.687611,-60.606018,-66.574791,438.579376,243.141785,-0.000073,1.567606,9.006061,5957,-5,28,-13
41.690544,0.009202,-0.132951,-2.074869,-0.000020,0.594416,0.133614,-0.000023,1.001378,0.830606,0.173809,0.000003,0.000010,10.000000,-172.000000,-76.000000,-0.024553,-0.000004,0.000000,0.000000,0.000000,0.073731,412.000000,0.000000,0.000000,0.000000,0.000000,41.689568,-60.606018,-66.574791,438.579376,243.141785,-0.000070,1.567617,9.006061,5957,-4,28,-13
41.692497,0.009202,-0.131758,-2.074599,-0.000020,0.596416,0.135274,-0.000022,0.999099,0.829595,0.173772,0.000003,0.000010,10.000000,-172.000000,-76.000000,-0.024553,-0.000004,0.000000,0.000000,0.000000,0.073731,412.000000,0.000000,0.000000,0.000000,0.000000,41.691521,-60.606018,-66.574791,438.579376,243.141785,-0.000066,1.567631,9.006061,5957,-3,28,-13
41.694450,0.009202,-0.130561,-2.074326,-0.000020,0.598410,0.136931,-0.000020,0.996822,0.828528,0.173734,0.000003,0.000010,10.000000,-171.000000,-80.000000,-0.024553,-0.000004,0.000000,0.000000,0.000000,0.073731,402.000000,0.000000,0.000000,0.000000,0.000000,41.693478,-60.606018,-66.574791,438.579376,243.141785,-0.000061,1.567646,9.006061,5957,-2,28,-13
41.696407,0.009201,-0.129360,-2.074049,-0.000020,0.600401,0.138587,-0.000019,0.994547,0.827412,0.173694,0.000002,0.000010,10.000000,-171.000000,-80.000000,-0.042458,-0.000005,0.000000,0.000000,0.067000,-0.184498,402.000000,0.000000,0.000000,0.000000,0.000000,41.695427,-59.701519,-56.995243,13.499991,181.483887,-0.000055,1.342066,9.007985,5935,-222,29,-13
41.698360,0.009201,-0.128155,-2.073770,-0.000020,0.602386,0.140243,-0.000017,0.991872,0.828547,0.173653,0.000002,0.000009,10.000000,-171.000000,-80.000000,-0.042458,-0.000005,0.000000,0.000000,0.000000,-0.184498,402.000000,0.000000,0.000000,0.000000,0.000000,41.697384,-59.701519,-56.995243,13.499991,181.483887,-0.000053,1.342071,9.007985,5935,-221,29,-13
41.700314,0.009201,-0.126946,-2.073486,-0.000020,0.604365,0.141902,-0.000015,0.989091,0.830160,0.173608,0.000002,0.000009,10.000000,-171.000000,-80.000000,-0.042458,-0.000005,0.000000,0.000000,0.000000,-0.184498,402.000000,0.000000,0.000000,0.000000,0.000000,41.699337,-59.701519,-56.995243,13.499991,181.483887,-0.000059,1.342051,9.007985,5935,-219,29,-13
41.702267,0.009201,-0.125733,-2.073200,-0.000020,0.606339,0.143565,-0.000013,0.986320,0.831463,0.173556,0.000002,0.000009,10.000000,-171.000000,-80.000000,-0.042458,-0.000005,0.000000,0.000000,0.000000,-0.184498,402.000000,0.000000,0.000000,0.000000,0.000000,41.701290,-59.701519,-56.995243,13.499991,181.483887,-0.000069,1.342020,9.007985,5935,-217,29,-13
41.704224,0.009201,-0.124516,-2.072910,-0.000020,0.608308,0.145229,-0.000010,0.983539,0.832481,0.173496,0.000002,0.000009,10.000000,-171.000000,-80.000000,-0.042458,-0.000005,0.000000,0.000000,0.000000,-0.184498,402.000000,0.000000,0.000000,0.000000,0.000000,41.703243,-59.701519,-56.995243,13.499991,181.483887,-0.000082,1.341979,9.007985,5935,-213,29,-13
41.706177,0.009201,-0.123295,-2.072616,-0.000020,0.610271,0.146895,-0.000008,0.980724,0.833237,0.173426,0.000001,0.000009,10.000000,-171.000000,-80.000000,-0.042458,-0.000005,0.000000,0.000000,0.000000,-0.184498,402.000000,0.000000,0.000000,0.000000,0.000000,41.705200,-59.701519,-56.995243,13.499991,181.483887,-0.000098,1.341929,9.007985,5935,-209,29,-13
41.708130,0.009201,-0.122071,-2.072320,-0.000020,0.612228,0.148563,-0.000005,0.977859,0.833752,0.173345,0.000001,0.000008,10.000000,-171.000000,-80.000000,-0.042458,-0.000005,0.000000,0.000000,0.000000,-0.184498,402.000000,0.000000,0.000000,0.000000,0.000000,41.707153,-59.701519,-56.995243,13.499991,181.483887,-0.000117,1.341871,9.007985,5935,-205,29,-13
41.710083,0.009201,-0.120842,-2.072020,-0.000020,0.614179,0.150231,-0.000003,0.974927,0.834044,0.173250,0.000001,0.000008,10.000000,-171.000000,-80.000000,-0.042458,-0.000005,0.000000,0.000000,0.000000,-0.184498,402.000000,0.000000,0.000000,0.000000,0.000000,41.709106,-59.701519,-56.995243,13.499991,181.483887,-0.000137,1.341807,9.007985,5935,-199,29,-13
41.712036,0.009201,-0.119610,-2.071717,-0.000020,0.616125,0.151899,-0.000000,0.971914,0.834132,0.173142,0.000001,0.000008,10.000000,-171.000000,-80.000000,-0.042458,-0.000005,0.000000,0.000000,0.000000,-0.184498,402.000000,0.000000,0.000000,0.000000,0.000000,41.711060,-59.701519,-56.995243,13.499991,181.483887,-0.000160,1.341737,9.007985,5935,-193,29,-13
41.713993,0.009201,-0.118373,-2.071410,-0.000020,0.618064,0.153567,0.000002,0.968807,0.834031,0.173018,0.000001,0.000007,10.000000,-171.000000,-80.000000,-0.042458,-0.000005,0.000000,0.000000,0.000000,-0.184498,402.000000,0.000000,0.000000,0.000000,0.000000,41.713017,-59.701519,-56.995243,13.499991,181.483887,-0.000183,1.341663,9.007985,5935,-187,29,-13
41.715946,0.009201,-0.117133,-2.071100,-0.000020,0.619997,0.155235,0.000004,0.965596,0.833755,0.172879,0.000000,0.000007,10.000000,-171.000000,-80.000000,-0.042458,-0.000005,0.000000,0.000000,0.000000,-0.184498,402.000000,0.000000,0.000000,0.000000,0.000000,41.714970,-59.701519,-56.995243,13.499991,181.483887,-0.000208,1.341586,9.007985,5935,-180,29,-13
41.717899,0.009201,-0.115889,-2.070787,-0.000020,0.621923,0.156901,0.000006,0.962272,0.833317,0.172723,0.000000,0.000006,10.000000,-171.000000,-80.000000,-0.042458,-0.000005,0.000000,0.000000,0.000000,-0.184498,402.000000,0.000000,0.000000,0.000000,0.000000,41.716923,-59.701519,-56.995243,13.499991,181.483887,-0.000233,1.341506,9.007985,5935,-172,29,-13
41.719852,0.009201,-0.114641,-2.070470,-0.000020,0.623842,0.158567,0.000008,0.958828,0.832731,0.172550,0.000000,0.000006,10.000000,-171.000000,-80.000000,-0.042458,-0.000005,0.000000,0.000000,0.000000,-0.184498,402.000000,0.000000,0.000000,0.000000,0.000000,41.718876,-59.701519,-56.995243,13.499991,181.483887,-0.000259,1.341424,9.007985,5935,-165,29,-13
41.721809,0.009201,-0.113389,-2.070150,-0.000020,0.625755,0.160232,0.000010,0.955258,0.832006,0.172359,0.000000,0.000005,10.000000,-171.000000,-80.000000,-0.042458,-0.000005,0.000000,0.000000,0.000000,-0.184498,402.000000,0.000000,0.000000,0.000000,0.000000,41.720833,-59.701519,-56.995243,13.499991,181.483887,-0.000285,1.341342,9.007985,5935,-156,29,-13
41.723763,0.009201,-0.112133,-2.069827,-0.000020,0.627660,0.161894,0.000011,0.951557,0.831154,0.172151,0.000000,0.000004,10.000000,-171.000000,-80.000000,-0.042458,-0.000005,0.000000,0.000000,0.000000,-0.184498,402.000000,0.000000,0.000000,0.000000,0.000000,41.722782,-59.701519,-56.995243,13.499991,181.483887,-0.000311,1.341261,9.007985,5935,-148,29,-12
41.725716,0.009201,-0.110874,-2.069500,-0.000020,0.629557,0.163555,0.000012,0.947720,0.830184,0.171925,0.000000,0.000004,10.000000,-171.000000,-80.000000,-0.042458,-0.000005,0.000000,0.000000,0.000000,-0.184498,402.000000,0.000000,0.000000,0.000000,0.000000,41.724739,-59.701519,-56.995243,13.499991,181.483887,-0.000330,1.341203,9.007985,5935,-139,29,-12
41.727669,0.009201,-0.109611,-2.069170,-0.000020,0.631446,0.165214,0.000013,0.943749,0.829105,0.171680,0.000000,0.000003,10.000000,-171.000000,-80.000000,-0.042458,-0.000005,0.000000,0.000000,0.000000,-0.184498,402.000000,0.000000,0.000000,0.000000,0.000000,41.726692,-59.701519,-56.995243,13.499991,181.483887,-0.000341,1.341168,9.007985,5935,-130,29,-12
41.729626,0.009201,-0.108344,-2.068837,-0.000020,0.633328,0.166870,0.000014,0.939641,0.827925,0.171418,0.000000,0.000002,10.000000,-171.000000,-80.000000,-0.042458,-0.000005,0.000000,0.000000,0.000000,-0.184498,402.000000,0.000000,0.000000,0.000000,0.000000,41.728649,-59.701519,-56.995243,13.499991,181.483887,-0.000352,1.341132,9.007985,5935,-120,29,-12
41.731579,0.009201,-0.107073,-2.068501,-0.000020,0.635201,0.168524,0.000014,0.935397,0.826651,0.171138,0.000000,0.000002,10.000000,-171.000000,-80.000000,-0.042458,-0.000005,0.000000,0.000000,0.000000,-0.184498,402.000000,0.000000,0.000000,0.000000,0.000000,41.730598,-59.701519,-56.995243,13.499991,181.483887,-0.000364,1.341096,9.007985,5935,-111,29,-12
41.733532,0.009201,-0.105799,-2.068161,-0.000020,0.637065,0.170176,0.000014,0.931016,0.825291,0.170841,0.000000,0.000001,10.000000,-171.000000,-80.000000,-0.042458,-0.000005,0.000000,0.000000,0.000000,-0.184498,402.000000,0.000000,0.000000,0.000000,0.000000,41.732555,-59.701519,-56.995243,13.499991,181.483887,-0.000375,1.341060,9.007985,5935,-101,29,-12
41.735485,0.009201,-0.104520,-2.067818,-0.000020,0.638920,0.171824,0.000014,0.926502,0.823851,0.170527,0.000001,0.000000,10.000000,-171.000000,-80.000000,-0.042458,-0.000005,0.000000,0.000000,0.000000,-0.184498,402.000000,0.000000,0.000000,0.000000,0.000000,41.734509,-59.701519,-56.995243,13.499991,181.483887,-0.000386,1.341026,9.007985,5935,-91,28,-11
41.737438,0.009201,-0.103239,-2.067471,-0.000020,0.640766,0.173470,0.000013,0.921855,0.822337,0.170196,0.000001,-0.000001,10.000000,-171.000000,-80.000000,-0.042458,-0.000005,0.000000,0.000000,0.000000,-0.184498,402.000000,0.000000,0.000000,0.000000,0.000000,41.736465,-59.701519,-56.995243,13.499991,181.483887,-0.000388,1.341018,9.007985,5935,-81,28,-11
41.739395,0.009201,-0.101953,-2.067122,-0.000020,0.642603,0.175112,0.000012,0.917083,0.820755,0.169849,0.000001,-0.000001,10.000000,-171.000000,-80.000000,-0.042458,-0.000005,0.000000,0.000000,0.000000,-0.184498,402.000000,0.000000,0.000000,0.000000,0.000000,41.738415,-59.701519,-56.995243,13.499991,181.483887,-0.000383,1.341034,9.007985,5935,-71,28,-11
41.741348,0.009201,-0.100664,-2.066768,-0.000020,0.644430,0.176751,0.000011,0.912188,0.819111,0.169486,0.000001,-0.000002,10.000000,-171.000000,-80.000000,-0.042458,-0.000005,0.000000,0.000000,0.000000,-0.184498,402.000000,0.000000,0.000000,0.000000,0.000000,41.740372,-59.701519,-56.995243,13.499991,181.483887,-0.000378,1.341050,9.007985,5935,-62,28,-11
41.743301,0.009201,-0.099371,-2.066412,-0.000020,0.646247,0.178387,0.000010,0.907175,0.817410,0.169109,0.000001,-0.000003,10.000000,-171.000000,-80.000000,-0.042458,-0.000005,0.000000,0.000000,0.000000,-0.184498,402.000000,0.000000,0.000000,0.000000,0.000000,41.742325,-59.701519,-56.995243,13.499991,181.483887,-0.000373,1.341066,9.007985,5935,-52,28,-10
41.745255,0.009200,-0.098074,-2.066052,-0.000020,0.648053,0.180019,0.000009,0.902047,0.815656,0.168717,0.000002,-0.000004,10.000000,-171.000000,-80.000000,-0.042458,-0.000005,0.000000,0.000000,0.000000,-0.184498,402.000000,0.000000,0.000000,0.000000,0.000000,41.744282,-59.701519,-56.995243,13.499991,181.483887,-0.000360,1.341108,9.007985,5935,-42,28,-10
41.747211,0.009200,-0.096774,-2.065690,-0.000020,0.649849,0.181647,0.000008,0.896815,0.813855,0.168312,0.000002,-0.000004,10.000000,-171.000000,-80.000000,-0.042458,-0.000005,0.000000,0.000000,0.000000,-0.184498,402.000000,0.000000,0.000000,0.000000,0.000000,41.746231,-59.701519,-56.995243,13.499991,181.483887,-0.000339,1.341173,9.007985,5935,-32,28,-10
41.749165,0.009200,-0.095471,-2.065324,-0.000020,0.651635,0.183272,0.000006,0.891482,0.812011,0.167895,0.000002,-0.000005,10.000000,-171.000000,-80.000000,-0.042458,-0.000005,0.000000,0.000000,0.000000,-0.184498,402.000000,0.000000,0.000000,0.000000,0.000000,41.748188,-59.701519,-56.995243,13.499991,181.483887,-0.000318,1.341238,9.007985,5935,-23,28,-10
41.751118,0.009200,-0.094163,-2.064954,-0.000020,0.653410,0.184894,0.000005,0.886056,0.810127,0.167465,0.000002,-0.000005,10.000000,-171.000000,-80.000000,-0.042458,-0.000005,0.000000,0.000000,0.000000,-0.184498,402.000000,0.000000,0.000000,0.000000,0.000000,41.750141,-59.701519,-56.995243,13.499991,181.483887,-0.000298,1.341303,9.007985,5935,-13,28,-10
41.753071,0.009200,-0.092853,-2.064582,-0.000020,0.655174,0.186511,0.000004,0.880544,0.808208,0.167025,0.000003,-0.000006,10.000000,-171.000000,-80.000000,-0.042458,-0.000005,0.000000,0.000000,0.000000,-0.184498,402.000000,0.000000,0.000000,0.000000,0.000000,41.752094,-59.701519,-56.995243,13.499991,181.483887,-0.000277,1.341370,9.007985,5935,-4,28,-9
41.755028,0.009200,-0.091538,-2.064206,-0.000020,0.656927,0.188124,0.000002,0.874951,0.806256,0.166574,0.000003,-0.000006,10.000000,-171.000000,-80.000000,-0.042458,-0.000005,0.000000,0.000000,0.000000,-0.184498,402.000000,0.000000,0.000000,0.000000,0.000000,41.754047,-59.701519,-56.995243,13.499991,181.483887,-0.000247,1.341462,9.007985,5935,4,28,-9
41.756981,0.009200,-0.090220,-2.063827,-0.000020,0.658668,0.189734,0.000001,0.869289,0.804277,0.166115,0.000003,-0.000007,10.000000,-171.000000,-80.000000,-0.042458,-0.000005,0.000000,0.000000,0.000000,-0.184498,402.000000,0.000000,0.000000,0.000000,0.000000,41.756004,-59.701519,-56.995243,13.499991,181.483887,-0.000211,1.341577,9.007985,5935,12,28,-9
41.758934,0.009200,-0.088899,-2.063444,-0.000020,0.660398,0.191339,-0.000000,0.863564,0.802273,0.165647,0.000003,-0.000007,10.000000,-171.000000,-80.000000,-0.042458,-0.000005,0.000000,0.000000,0.000000,-0.184498,402.000000,0.000000,0.000000,0.000000,0.000000,41.757957,-59.701519,-56.995243,13.499991,181.483887,-0.000174,1.341691,9.007985,5935,21,28,-9
41.760887,0.009200,-0.087575,-2.063059,-0.000020,0.662116,0.192941,-0.000001,0.857783,0.800247,0.165172,0.000003,-0.000007,10.000000,-171.000000,-80.000000,-0.042458,-0.000005,0.000000,0.000000,0.000000,-0.184498,402.000000,0.000000,0.000000,0.000000,0.000000,41.759911,-59.701519,-56.995243,13.499991,181.483887,-0.000137,1.341807,9.007985,5935,29,28,-9
41.762840,0.009200,-0.086246,-2.062670,-0.000020,0.663823,0.194538,-0.000002,0.851956,0.798202,0.164690,0.000004,-0.000007,10.000000,-171.000000,-80.000000,-0.042458,-0.000005,0.000000,0.000000,0.000000,-0.184498,402.000000,0.000000,0.000000,0.000000,0.000000,41.761864,-59.701519,-56.995243,13.499991,181.483887,-0.000100,1.341923,9.007985,5935,37,28,-9
41.764797,0.009200,-0.084915,-2.062279,-0.000020,0.665518,0.196132,-0.000002,0.846090,0.796141,0.164203,0.000004,-0.000007,10.000000,-171.000000,-80.000000,-0.042458,-0.000005,0.000000,0.000000,0.000000,-0.184498,402.000000,0.000000,0.000000,0.000000,0.000000,41.763821,-59.701519,-56.995243,13.499991,181.483887,-0.000063,1.342040,9.007985,5935,44,28,-9
41.766750,0.009200,-0.083580,-2.061883,-0.000020,0.667202,0.197721,-0.000003,0.840193,0.794067,0.163712,0.000004,-0.000007,10.000000,-171.000000,-80.000000,-0.042458,-0.000005,0.000000,0.000000,0.000000,-0.184498,402.000000,0.000000,0.000000,0.000000,0.000000,41.765774,-59.701519,-56.995243,13.499991,181.483887,-0.000025,1.342159,9.007985,5935,52,28,-9
41.768703,0.009200,-0.082242,-2.061485,-0.000020,0.668873,0.199306,-0.000003,0.834273,0.791983,0.163217,0.000004,-0.000007,10.000000,-171.000000,-80.000000,-0.042458,-0.000005,0.000000,0.000000,0.000000,-0.184498,402.000000,0.000000,0.000000,0.000000,0.000000,41.767727,-59.701519,-56.995243,13.499991,181.483887,0.000014,1.342281,9.007985,5935,58,28,-9
41.770657,0.009200,-0.080900,-2.061084,-0.000020,0.670533,0.200887,-0.000003,0.828340,0.789891,0.162720,0.000004,-0.000007,10.000000,-171.000000,-80.000000,-0.042458,-0.000005,0.000000,0.000000,0.000000,-0.184498,402.000000,0.000000,0.000000,0.000000,0.000000,41.769680,-59.701519,-56.995243,13.499991,181.483887,0.000053,1.342406,9.007985,5935,65,28,-9
41.772614,0.009200,-0.079555,-2.060679,-0.000020,0.672181,0.202463,-0.000002,0.822400,0.787793,0.162221,0.000004,-0.000007,10.000000,-170.000000,-80.000000,-0.042458,-0.000005,0.000000,0.000000,0.000000,-0.184498,416.000000,0.000000,0.000000,0.000000,0.000000,41.771637,-59.701519,-56.995243,13.499991,181.483887,0.000094,1.342533,9.007985,5935,71,28,-9
41.774567,0.009200,-0.078207,-2.060272,-0.000020,0.673817,0.204036,-0.000002,0.816462,0.785691,0.161722,0.000003,-0.000007,10.000000,-170.000000,-80.000000,-0.008778,-0.000005,0.000000,0.000000,0.067000,0.253297,416.000000,0.000000,0.000000,0.000000,0.000000,41.773586,0.000000,-16.845148,891.067810,388.321716,0.000136,0.397129,9.012985,5879,-854,28,-9
41.776520,0.009200,-0.076856,-2.059861,-0.000020,0.675439,0.205612,-0.000001,0.809582,0.789439,0.161219,0.000003,-0.000007,10.000000,-170.000000,-80.000000,-0.008778,-0.000005,0.000000,0.000000,0.000000,0.253297,416.000000,0.000000,0.000000,0.000000,0.000000,41.775543,0.000000,-16.845148,891.067810,388.321716,0.000158,0.397201,9.012985,5879,-849,28,-9
41.778473,0.009200,-0.075501,-2.059447,-0.000020,0.677048,0.207198,0.000000,0.802433,0.794508,0.160704,0.000003,-0.000006,10.000000,-170.000000,-80.000000,-0.008778,-0.000005,0.000000,0.000000,0.000000,0.253297,416.000000,0.000000,0.000000,0.000000,0.000000,41.777496,0.000000,-16.845148,891.067810,388.321716,0.000147,0.397166,9.012985,5879,-840,28,-9
41.780430,0.009200,-0.074143,-2.059030,-0.000020,0.678642,0.208794,0.000002,0.795266,0.798872,0.160168,0.000003,-0.000006,10.000000,-170.000000,-80.000000,-0.008778,-0.000005,0.000000,0.000000,0.000000,0.253297,416.000000,0.000000,0.000000,0.000000,0.000000,41.779453,0.000000,-16.845148,891.067810,388.321716,0.000120,0.397079,9.012985,5879,-828,29,-9
41.782383,0.009200,-0.072782,-2.058609,-0.000020,0.680221,0.210397,0.000003,0.787999,0.802583,0.159603,0.000003,-0.000006,10.000000,-170.000000,-80.000000,-0.008778,-0.000005,0.000000,0.000000,0.000000,0.253297,416.000000,0.000000,0.000000,0.000000,0.000000,41.781403,0.000000,-16.845148,891.067810,388.321716,0.000076,0.396943,9.012985,5879,-813,29,-9
41.784336,0.009200,-0.071418,-2.058186,-0.000020,0.681786,0.212007,0.000005,0.780557,0.805689,0.159003,0.000002,-0.000006,10.000000,-170.000000,-80.000000,-0.008778,-0.000005,0.000000,0.000000,0.000000,0.253297,416.000000,0.000000,0.000000,0.000000,0.000000,41.783360,0.000000,-16.845148,891.067810,388.321716,0.000020,0.396766,9.012985,5879,-795,29,-9
41.786289,0.009200,-0.070051,-2.057759,-0.000020,0.683336,0.213623,0.000007,0.772874,0.808235,0.158361,0.000002,-0.000006,10.000000,-170.000000,-80.000000,-0.008778,-0.000005,0.000000,0.000000,0.000000,0.253297,416.000000,0.000000,0.000000,0.000000,0.000000,41.785313,0.000000,-16.845148,891.067810,388.321716,-0.000048,0.396553,9.012985,5879,-775,29,-9
41.788242,0.009200,-0.068680,-2.057328,-0.000020,0.684870,0.215242,0.000008,0.764892,0.810260,0.157672,0.000002,-0.000006,10.000000,-170.000000,-80.000000,-0.008778,-0.000005,0.000000,0.000000,0.000000,0.253297,416.000000,0.000000,0.000000,0.000000,0.000000,41.787270,0.000000,-16.845148,891.067810,388.321716,-0.000126,0.396308,9.012985,5879,-756,29,-9
41.790199,0.009200,-0.067307,-2.056895,-0.000020,0.686387,0.216865,0.000010,0.756562,0.811803,0.156931,0.000002,-0.000007,10.000000,-170.000000,-80.000000,-0.008778,-0.000005,0.000000,0.000000,0.000000,0.253297,416.000000,0.000000,0.000000,0.000000,0.000000,41.789219,0.000000,-16.845148,891.067810,388.321716,-0.000212,0.396037,9.012985,5879,-731,29,-9
41.792152,0.009200,-0.065931,-2.056458,-0.000020,0.687887,0.218490,0.000012,0.747840,0.812898,0.156134,0.000002,-0.000008,10.000000,-170.000000,-80.000000,-0.008778,-0.000005,0.000000,0.000000,0.000000,0.253297,416.000000,0.000000,0.000000,0.000000,0.000000,41.791176,0.000000,-16.845148,891.067810,388.321716,-0.000305,0.395745,9.012985,5879,-704,29,-9
41.794106,0.009199,-0.064551,-2.056019,-0.000020,0.689369,0.220117,0.000014,0.738689,0.813577,0.155279,0.000002,-0.000009,10.000000,-170.000000,-80.000000,-0.008778,-0.000005,0.000000,0.000000,0.000000,0.253297,416.000000,0.000000,0.000000,0.000000,0.000000,41.793129,0.000000,-16.845148,891.067810,388.321716,-0.000404,0.395435,9.012985,5879,-676,29,-9
41.796059,0.009199,-0.063169,-2.055576,-0.000020,0.690832,0.221745,0.000015,0.729080,0.813869,0.154362,0.000002,-0.000010,10.000000,-170.000000,-80.000000,-0.008778,-0.000005,0.000000,0.000000,0.000000,0.253297,416.000000,0.000000,0.000000,0.000000,0.000000,41.795086,0.000000,-16.845148,891.067810,388.321716,-0.000507,0.395112,9.012985,5879,-645,29,-9
41.798016,0.009199,-0.061784,-2.055129,-0.000020,0.692275,0.223373,0.000017,0.718988,0.813803,0.153381,0.000002,-0.000011,10.000000,-170.000000,-80.000000,-0.008778,-0.000005,0.000000,0.000000,0.000000,0.253297,416.000000,0.000000,0.000000,0.000000,0.000000,41.797035,0.000000,-16.845148,891.067810,388.321716,-0.000613,0.394779,9.012985,5879,-613,29,-8
41.799969,0.009199,-0.060396,-2.054680,-0.000020,0.693697,0.225000,0.000018,0.708390,0.813403,0.152336,0.000002,-0.000012,10.000000,-170.000000,-80.000000,-0.008778,-0.000005,0.000000,0.000000,0.000000,0.253297,416.000000,0.000000,0.000000,0.000000,0.000000,41.798992,0.000000,-16.845148,891.067810,388.321716,-0.000713,0.394463,9.012985,5879,-579,29,-8
41.801922,0.009199,-0.059005,-2.054227,-0.000020,0.695098,0.226625,0.000019,0.697278,0.812696,0.151224,0.000002,-0.000014,10.000000,-170.000000,-80.000000,-0.008778,-0.000005,0.000000,0.000000,0.000000,0.253297,416.000000,0.000000,0.000000,0.000000,0.000000,41.800945,0.000000,-16.845148,891.067810,388.321716,-0.000808,0.394166,9.012985,5879,-544,29,-7
41.803875,0.009199,-0.057611,-2.053771,-0.000020,0.696475,0.228249,0.000020,0.685638,0.811702,0.150045,0.000002,-0.000016,10.000000,-170.000000,-80.000000,-0.008778,-0.000005,0.000000,0.000000,0.000000,0.253297,416.000000,0.000000,0.000000,0.000000,0.000000,41.802898,0.000000,-16.845148,891.067810,388.321716,-0.000896,0.393891,9.012985,5879,-509,29,-7
41.805832,0.009199,-0.056215,-2.053311,-0.000020,0.697828,0.229871,0.000020,0.673469,0.810444,0.148801,0.000002,-0.000018,10.000000,-170.000000,-80.000000,-0.008778,-0.000005,0.000000,0.000000,0.000000,0.253297,416.000000,0.000000,0.000000,0.000000,0.000000,41.804852,0.000000,-16.845148,891.067810,388.321716,-0.000977,0.393636,9.012985,5879,-472,29,-6
41.807785,0.009199,-0.054816,-2.052849,-0.000020,0.699156,0.231490,0.000021,0.660766,0.808943,0.147489,0.000003,-0.000020,10.000000,-170.000000,-80.000000,-0.008778,-0.000005,0.000000,0.000000,0.000000,0.253297,416.000000,0.000000,0.000000,0.000000,0.000000,41.806808,0.000000,-16.845148,891.067810,388.321716,-0.001050,0.393406,9.012985,5879,-434,29,-5
41.809738,0.009199,-0.053414,-2.052383,-0.000020,0.700458,0.233105,0.000021,0.647535,0.807218,0.146113,0.000003,-0.000022,10.000000,-170.000000,-80.000000,-0.008778,-0.000005,0.000000,0.000000,0.000000,0.253297,416.000000,0.000000,0.000000,0.000000,0.000000,41.808762,0.000000,-16.845148,891.067810,388.321716,-0.001108,0.393223,9.012985,5879,-396,29,-4
41.811691,0.009199,-0.052010,-2.051913,-0.000020,0.701732,0.234716,0.000021,0.633781,0.805287,0.144672,0.000003,-0.000025,10.000000,-170.000000,-80.000000,-0.008778,-0.000005,0.000000,0.000000,0.000000,0.253297,416.000000,0.000000,0.000000,0.000000,0.000000,41.810715,0.000000,-16.845148,891.067810,388.321716,-0.001151,0.393088,9.012985,5879,-357,29,-4
41.813644,0.009199,-0.050603,-2.051441,-0.000019,0.702978,0.236324,0.000020,0.619518,0.803168,0.143168,0.000004,-0.000027,10.000000,-170.000000,-80.000000,-0.008778,-0.000005,0.000000,0.000000,0.000000,0.253297,416.000000,0.000000,0.000000,0.000000,0.000000,41.812668,0.000000,-16.845148,891.067810,388.321716,-0.001187,0.392976,9.012985,5879,-318,28,-3
41.815601,0.009199,-0.049194,-2.050966,-0.000019,0.704195,0.237927,0.000020,0.604753,0.800878,0.141603,0.000004,-0.000029,10.000000,-170.000000,-80.000000,-0.008778,-0.000005,0.000000,0.000000,0.000000,0.253297,416.000000,0.000000,0.000000,0.000000,0.000000,41.814625,0.000000,-16.845148,891.067810,388.321716,-0.001214,0.392890,9.012985,5879,-279,28,-2
41.817554,0.009199,-0.047782,-2.050487,-0.000019,0.705382,0.239525,0.000019,0.589505,0.798432,0.139980,0.000004,-0.000032,10.000000,-170.000000,-80.000000,-0.008778,-0.000005,0.000000,0.000000,0.000000,0.253297,416.000000,0.000000,0.000000,0.000000,0.000000,41.816574,0.000000,-16.845148,891.067810,388.321716,-0.001226,0.392854,9.012985,5879,-240,28,-1
41.819508,0.009199,-0.046368,-2.050005,-0.000019,0.706537,0.241118,0.000018,0.573793,0.795846,0.138299,0.000005,-0.000034,10.000000,-170.000000,-80.000000,-0.008778,-0.000005,0.000000,0.000000,0.000000,0.253297,416.000000,0.000000,0.000000,0.000000,0.000000,41.818531,0.000000,-16.845148,891.067810,388.321716,-0.001221,0.392868,9.012985,5879,-201,28,0
41.821461,0.009199,-0.044952,-2.049520,-0.000019,0.707661,0.242706,0.000017,0.557636,0.793135,0.136565,0.000005,-0.000036,10.000000,-170.000000,-80.000000,-0.008778,-0.000005,0.000000,0.000000,0.000000,0.253297,416.000000,0.000000,0.000000,0.000000,0.000000,41.820484,0.000000,-16.845148,891.067810,388.321716,-0.001201,0.392931,9.012985,5879,-162,28,0
41.823418,0.009199,-0.043534,-2.049032,-0.000019,0.708751,0.244288,0.000016,0.541060,0.790314,0.134779,0.000006,-0.000039,10.000000,-170.000000,-80.000000,-0.008778,-0.000005,0.000000,0.000000,0.000000,0.253297,416.000000,0.000000,0.000000,0.000000,0.000000,41.822441,0.000000,-16.845148,891.067810,388.321716,-0.001174,0.393016,9.012985,5879,-123,28,1
41.825371,0.009199,-0.042113,-2.048540,-0.000019,0.709808,0.245864,0.000015,0.524085,0.787395,0.132946,0.000006,-0.000041,10.000000,-170.000000,-80.000000,-0.008778,-0.000005,0.000000,0.000000,0.000000,0.253297,416.000000,0.000000,0.000000,0.000000,0.000000,41.824390,0.000000,-16.845148,891.067810,388.321716,-0.001139,0.393127,9.012985,5879,-85,28,2
41.827324,0.009199,-0.040691,-2.048046,-0.000019,0.710830,0.247434,0.000014,0.506739,0.784391,0.131067,0.000006,-0.000043,10.000000,-170.000000,-80.000000,-0.008778,-0.000005,0.000000,0.000000,0.000000,0.253297,416.000000,0.000000,0.000000,0.000000,0.000000,41.826347,0.000000,-16.845148,891.067810,388.321716,-0.001087,0.393289,9.012985,5879,-48,28,3
41.829277,0.009199,-0.039266,-2.047548,-0.000019,0.711817,0.248998,0.000013,0.489051,0.781314,0.129146,0.000006,-0.000045,10.000000,-170.000000,-80.000000,-0.008778,-0.000005,0.000000,0.000000,0.000000,0.253297,416.000000,0.000000,0.000000,0.000000,0.000000,41.828300,0.000000,-16.845148,891.067810,388.321716,-0.001020,0.393499,9.012985,5879,-11,28,4
41.831230,0.009199,-0.037840,-2.047047,-0.000019,0.712768,0.250556,0.000013,0.471049,0.778176,0.127187,0.000007,-0.000047,10.000000,-170.000000,-75.000000,-0.008778,-0.000005,0.000000,0.000000,0.000000,0.253297,420.000000,0.000000,0.000000,0.000000,0.000000,41.830257,0.000000,-16.845148,891.067810,388.321716,-0.000938,0.393757,9.012985,5879,24,28,5
41.833187,0.009199,-0.036411,-2.046543,-0.000019,0.713683,0.252108,0.000012,0.452763,0.774987,0.125194,0.000007,-0.000049,10.000000,-170.000000,-75.000000,0.000364,-0.000005,0.000000,0.000000,0.066000,0.072323,420.000000,0.000000,0.000000,0.000000,0.000000,41.832207,75.757523,47.345325,1147.840454,629.177002,-0.000841,-1.117622,9.010000,5917,-1433,28,5
41.835140,0.009199,-0.034981,-2.046036,-0.000019,0.714561,0.253648,0.000012,0.434726,0.767767,0.123164,0.000007,-0.000050,10.000000,-170.000000,-75.000000,0.000364,-0.000005,0.000000,0.000000,0.000000,0.072323,420.000000,0.000000,0.000000,0.000000,0.000000,41.834164,75.757523,47.345325,1147.840454,629.177002,-0.000768,-1.117394,9.010000,5917,-1398,28,6
41.837093,0.009199,-0.033549,-2.045526,-0.000019,0.715404,0.255171,0.000013,0.416440,0.759592,0.121084,0.000007,-0.000052,10.000000,-170.000000,-75.000000,0.000364,-0.000005,0.000000,0.000000,0.000000,0.072323,420.000000,0.000000,0.000000,0.000000,0.000000,41.836117,75.757523,47.345325,1147.840454,629.177002,-0.000743,-1.117314,9.010000,5917,-1359,28,7
41.839046,0.009199,-0.032116,-2.045013,-0.000019,0.716208,0.256678,0.000013,0.397632,0.751830,0.118945,0.000007,-0.000053,10.000000,-170.000000,-75.000000,0.000364,-0.000005,0.000000,0.000000,0.000000,0.072323,420.000000,0.000000,0.000000,0.000000,0.000000,41.838074,75.757523,47.345325,1147.840454,629.177002,-0.000731,-1.117277,9.010000,5917,-1315,29,7
41.841003,0.009199,-0.030681,-2.044497,-0.000019,0.716974,0.258171,0.000014,0.378215,0.744432,0.116735,0.000007,-0.000055,10.000000,-170.000000,-75.000000,0.000364,-0.000005,0.000000,0.000000,0.000000,0.072323,420.000000,0.000000,0.000000,0.000000,0.000000,41.840023,75.757523,47.345325,1147.840454,629.177002,-0.000738,-1.117299,9.010000,5917,-1268,29,8
41.842957,0.009198,-0.029244,-2.043978,-0.000019,0.717701,0.259649,0.000016,0.358109,0.737357,0.114446,0.000007,-0.000056,10.000000,-170.000000,-75.000000,0.000364,-0.000005,0.000000,0.000000,0.000000,0.072323,420.000000,0.000000,0.000000,0.000000,0.000000,41.841980,75.757523,47.345325,1147.840454,629.177002,-0.000760,-1.117368,9.010000,5917,-1216,29,9
41.844910,0.009198,-0.027806,-2.043456,-0.000019,0.718386,0.261114,0.000017,0.337253,0.730569,0.112070,0.000006,-0.000058,10.000000,-170.000000,-75.000000,0.000364,-0.000005,0.000000,0.000000,0.000000,0.072323,420.000000,0.000000,0.000000,0.000000,0.000000,41.843933,75.757523,47.345325,1147.840454,629.177002,-0.000786,-1.117452,9.010000,5917,-1161,29,9
41.846863,0.009198,-0.026367,-2.042931,-0.000019,0.719028,0.262565,0.000019,0.315596,0.724036,0.109602,0.000006,-0.000059,10.000000,-170.000000,-75.000000,0.000364,-0.000005,0.000000,0.000000,0.000000,0.072323,420.000000,0.000000,0.000000,0.000000,0.000000,41.845886,75.757523,47.345325,1147.840454,629.177002,-0.000823,-1.117568,9.010000,5917,-1103,29,10
41.848820,0.009198,-0.024927,-2.042403,-0.000019,0.719626,0.264003,0.000021,0.293092,0.717734,0.107037,0.000006,-0.000061,10.000000,-170.000000,-75.000000,0.000364,-0.000005,0.000000,0.000000,0.000000,0.072323,420.000000,0.000000,0.000000,0.000000,0.000000,41.847839,75.757523,47.345325,1147.840454,629.177002,-0.000868,-1.117707,9.010000,5917,-1043,29,11
41.850773,0.009198,-0.023485,-2.041872,-0.000019,0.720177,0.265430,0.000024,0.269711,0.711638,0.104371,0.000006,-0.000063,10.000000,-170.000000,-75.000000,0.000364,-0.000005,0.000000,0.000000,0.000000,0.072323,420.000000,0.000000,0.000000,0.000000,0.000000,41.849796,75.757523,47.345325,1147.840454,629.177002,-0.000910,-1.117839,9.010000,5917,-980,29,12
41.852726,0.009198,-0.022043,-2.041339,-0.000019,0.720680,0.266844,0.000027,0.245430,0.705733,0.101602,0.000005,-0.000065,10.000000,-170.000000,-75.000000,0.000364,-0.000005,0.000000,0.000000,0.000000,0.072323,420.000000,0.000000,0.000000,0.000000,0.000000,41.851749,75.757523,47.345325,1147.840454,629.177002,-0.000948,-1.117958,9.010000,5917,-915,29,12
41.854679,0.009198,-0.020599,-2.040802,-0.000019,0.721133,0.268247,0.000030,0.220236,0.700002,0.098728,0.000005,-0.000067,10.000000,-170.000000,-75.000000,0.000364,-0.000005,0.000000,0.000000,0.000000,0.072323,420.000000,0.000000,0.000000,0.000000,0.000000,41.853703,75.757523,47.345325,1147.840454,629.177002,-0.000988,-1.118084,9.010000,5917,-848,29,13
41.856632,0.009198,-0.019155,-2.040263,-0.000019,0.721534,0.269639,0.000034,0.194119,0.694435,0.095748,0.000005,-0.000069,10.000000,-170.000000,-75.000000,0.000364,-0.000005,0.000000,0.000000,0.000000,0.072323,420.000000,0.000000,0.000000,0.000000,0.000000,41.855656,75.757523,47.345325,1147.840454,629.177002,-0.001027,-1.118208,9.010000,5917,-780,29,14
41.858589,0.009198,-0.017710,-2.039721,-0.000019,0.721882,0.271019,0.000038,0.167082,0.689024,0.092662,0.000004,-0.000071,10.000000,-170.000000,-75.000000,0.000364,-0.000005,0.000000,0.000000,0.000000,0.072323,420.000000,0.000000,0.000000,0.000000,0.000000,41.857613,75.757523,47.345325,1147.840454,629.177002,-0.001058,-1.118303,9.010000,5917,-710,29,15
41.860542,0.009198,-0.016264,-2.039177,-0.000019,0.722175,0.272390,0.000042,0.139135,0.683763,0.089472,0.000004,-0.000074,10.000000,-170.000000,-75.000000,0.000364,-0.000005,0.000000,0.000000,0.000000,0.072323,420.000000,0.000000,0.000000,0.000000,0.000000,41.859566,75.757523,47.345325,1147.840454,629.177002,-0.001077,-1.118365,9.010000,5917,-640,29,16
41.862495,0.009198,-0.014818,-2.038630,-0.000018,0.722410,0.273749,0.000047,0.110292,0.678647,0.086179,0.000003,-0.000076,10.000000,-170.000000,-75.000000,0.000364,-0.000005,0.000000,0.000000,0.000000,0.072323,420.000000,0.000000,0.000000,0.000000,0.000000,41.861519,75.757523,47.345325,1147.840454,629.177002,-0.001086,-1.118392,9.010000,5917,-569,29,17
41.864449,0.009198,-0.013372,-2.038079,-0.000018,0.722586,0.275099,0.000052,0.080573,0.673675,0.082785,0.000002,-0.000078,10.000000,-170.000000,-75.000000,0.000364,-0.000005,0.000000,0.000000,0.000000,0.072323,420.000000,0.000000,0.000000,0.000000,0.000000,41.863472,75.757523,47.345325,1147.840454,629.177002,-0.001081,-1.118378,9.010000,5917,-497,29,18
41.866405,0.009198,-0.011925,-2.037527,-0.000018,0.722701,0.276439,0.000058,0.050005,0.668847,0.079294,0.000001,-0.000080,10.000000,-170.000000,-75.000000,0.000364,-0.000005,0.000000,0.000000,0.000000,0.072323,420.000000,0.000000,0.000000,0.000000,0.000000,41.865429,75.757523,47.345325,1147.840454,629.177002,-0.001063,-1.118322,9.010000,5917,-426,29,19
41.868359,0.009198,-0.010478,-2.036971,-0.000018,0.722754,0.277770,0.000064,0.018620,0.664163,0.075708,0.000001,-0.000082,10.000000,-170.000000,-75.000000,0.000364,-0.000005,0.000000,0.000000,0.000000,0.072323,420.000000,0.000000,0.000000,0.000000,0.000000,41.867378,75.757523,47.345325,1147.840454,629.177002,-0.001031,-1.118220,9.010000,5917,-354,29,20
41.870312,0.009198,-0.009031,-2.036413,-0.000018,0.722743,0.279091,0.000070,-0.013547,0.659627,0.072033,-0.000000,-0.000084,10.000000,-170.000000,-75.000000,0.000364,-0.000005,0.000000,0.000000,0.000000,0.072323,420.000000,0.000000,0.000000,0.000000,0.000000,41.869335,75.757523,47.345325,1147.840454,629.177002,-0.000984,-1.118071,9.010000,5917,-283,29,21
41.872265,0.009198,-0.007584,-2.035852,-0.000018,0.722667,0.280404,0.000077,-0.046456,0.655240,0.068271,-0.000001,-0.000086,10.000000,-170.000000,-75.000000,0.000364,-0.000005,0.000000,0.000000,0.000000,0.072323,420.000000,0.000000,0.000000,0.000000,0.000000,41.871288,75.757523,47.345325,1147.840454,629.177002,-0.000921,-1.117874,9.010000,5917,-212,30,22
41.874222,0.009198,-0.006138,-2.035289,-0.000018,0.722524,0.281708,0.000085,-0.080062,0.651009,0.064429,-0.000002,-0.000088,10.000000,-170.000000,-75.000000,0.000364,-0.000005,0.000000,0.000000,0.000000,0.072323,420.000000,0.000000,0.000000,0.000000,0.000000,41.873245,75.757523,47.345325,1147.840454,629.177002,-0.000842,-1.117627,9.010000,5917,-143,30,23
41.876175,0.009198,-0.004691,-2.034723,-0.000017,0.722312,0.283004,0.000093,-0.114318,0.646936,0.060511,-0.000004,-0.000090,10.000000,-170.000000,-75.000000,0.000364,-0.000005,0.000000,0.000000,0.000000,0.072323,420.000000,0.000000,0.000000,0.000000,0.000000,41.875195,75.757523,47.345325,1147.840454,629.177002,-0.000747,-1.117328,9.010000,5917,-74,30,23
41.878128,0.009198,-0.003246,-2.034155,-0.000017,0.722032,0.284292,0.000102,-0.149172,0.643026,0.056524,-0.000005,-0.000091,10.000000,-170.000000,-75.000000,0.000364,-0.000005,0.000000,0.000000,0.000000,0.072323,420.000000,0.000000,0.000000,0.000000,0.000000,41.877151,75.757523,47.345325,1147.840454,629.177002,-0.000642,-1.116998,9.010000,5917,-6,30,24
41.880081,0.009198,-0.001801,-2.033583,-0.000017,0.721680,0.285572,0.000111,-0.184575,0.639284,0.052472,-0.000006,-0.000092,10.000000,-170.000000,-75.000000,0.000364,-0.000005,0.000000,0.000000,0.000000,0.072323,420.000000,0.000000,0.000000,0.000000,0.000000,41.879105,75.757523,47.345325,1147.840454,629.177002,-0.000526,-1.116635,9.010000,5917,59,30,25
41.882034,0.009198,-0.000357,-2.033010,-0.000017,0.721257,0.286846,0.000121,-0.220470,0.635714,0.048362,-0.000008,-0.000093,10.000000,-170.000000,-75.000000,0.000364,-0.000005,0.000000,0.000000,0.000000,0.072323,420.000000,0.000000,0.000000,0.000000,0.000000,41.881062,75.757523,47.345325,1147.840454,629.177002,-0.000391,-1.116211,9.010000,5917,124,30,26
41.883991,0.009198,0.001087,-2.032434,-0.000017,0.720762,0.288112,0.000132,-0.256800,0.632320,0.044200,-0.000010,-0.000093,10.000000,-170.000000,-75.000000,0.000364,-0.000005,0.000000,0.000000,0.000000,0.072323,420.000000,0.000000,0.000000,0.000000,0.000000,41.883011,75.757523,47.345325,1147.840454,629.177002,-0.000237,-1.115727,9.010000,5917,187,30,26
41.885944,0.009198,0.002529,-2.031855,-0.000016,0.720193,0.289372,0.000143,-0.293504,0.629107,0.039994,-0.000011,-0.000093,10.000000,-170.000000,-75.000000,0.000364,-0.000005,0.000000,0.000000,0.000000,0.072323,420.000000,0.000000,0.000000,0.000000,0.000000,41.884968,75.757523,47.345325,1147.840454,629.177002,-0.000071,-1.115207,9.010000,5917,248,30,27
41.887897,0.009198,0.003970,-2.031274,-0.000016,0.719551,0.290625,0.000155,-0.330528,0.626079,0.035748,-0.000013,-0.000093,10.000000,-170.000000,-75.000000,0.000364,-0.000005,0.000000,0.000000,0.000000,0.072323,420.000000,0.000000,0.000000,0.000000,0.000000,41.886921,75.757523,47.345325,1147.840454,629.177002,0.000106,-1.114648,9.010000,5916,307,30,27
41.889851,0.009198,0.005409,-2.030690,-0.000016,0.718834,0.291873,0.000167,-0.367810,0.623343,0.031470,-0.000015,-0.000092,10.000000,-174.000000,-56.000000,0.000364,-0.000005,0.000000,0.000000,0.000000,0.072323,444.000000,0.000000,0.000000,0.000000,0.000000,41.888878,75.757523,47.345325,1147.840454,629.177002,0.000297,-1.114050,9.010000,5916,368,30,27
41.891808,0.009198,0.006847,-2.030104,-0.000015,0.718042,0.293116,0.000180,-0.405286,0.620821,0.027167,-0.000017,-0.000091,10.000000,-174.000000,-56.000000,0.048438,-0.000004,0.000000,0.000000,0.067000,0.408992,444.000000,0.000000,0.000000,0.000000,0.000000,41.890827,283.582214,204.332230,3101.862305,1389.352295,0.000493,-4.810475,8.978060,6638,-41,31,27
41.893761,0.009198,0.008283,-2.029515,-0.000015,0.717178,0.294252,0.000195,-0.440981,0.542065,0.022844,-0.000019,-0.000090,10.000000,-174.000000,-56.000000,0.048438,-0.000004,0.000000,0.000000,0.000000,0.408992,444.000000,0.000000,0.000000,0.000000,0.000000,41.892784,283.582214,204.332230,3101.862305,1389.352295,0.000677,-4.809898,8.978060,6638,10,31,27
41.895714,0.009198,0.009718,-2.028925,-0.000015,0.716242,0.295191,0.000212,-0.477090,0.446090,0.018503,-0.000021,-0.000088,10.000000,-174.000000,-56.000000,0.048438,-0.000004,0.000000,0.000000,0.000000,0.408992,444.000000,0.000000,0.000000,0.000000,0.000000,41.894737,283.582214,204.332230,3101.862305,1389.352295,0.000842,-4.809381,8.978060,6638,61,31,27
41.897667,0.009198,0.011150,-2.028333,-0.000014,0.715232,0.295952,0.000230,-0.514254,0.359199,0.014145,-0.000023,-0.000086,10.000000,-174.000000,-56.000000,0.048438,-0.000004,0.000000,0.000000,0.000000,0.408992,444.000000,0.000000,0.000000,0.000000,0.000000,41.896690,283.582214,204.332230,3101.862305,1389.352295,0.001006,-4.808864,8.978060,6637,111,31,27
41.899624,0.009197,0.012580,-2.027739,-0.000014,0.714146,0.296551,0.000249,-0.552331,0.280676,0.009773,-0.000026,-0.000084,10.000000,-174.000000,-56.000000,0.048438,-0.000004,0.000000,0.000000,0.000000,0.408992,444.000000,0.000000,0.000000,0.000000,0.000000,41.898643,283.582214,204.332230,3101.862305,1389.352295,0.001172,-4.808344,8.978060,6637,161,31,27
41.901577,0.009197,0.014008,-2.027145,-0.000013,0.712983,0.297005,0.000270,-0.591186,0.209692,0.005390,-0.000028,-0.000081,10.000000,-174.000000,-56.000000,0.048438,-0.000004,0.000000,0.000000,0.000000,0.408992,444.000000,0.000000,0.000000,0.000000,0.000000,41.900600,283.582214,204.332230,3101.862305,1389.352295,0.001339,-4.807818,8.978060,6637,209,31,26
41.903530,0.009197,0.015434,-2.026550,-0.000012,0.711742,0.297328,0.000292,-0.630695,0.145534,0.000999,-0.000031,-0.000078,10.000000,-174.000000,-56.000000,0.048438,-0.000004,0.000000,0.000000,0.000000,0.408992,444.000000,0.000000,0.000000,0.000000,0.000000,41.902554,283.582214,204.332230,3101.862305,1389.352295,0.001503,-4.807306,8.978060,6637,256,32,25
41.905483,0.009197,0.016857,-2.025954,-0.000012,0.710420,0.297531,0.000316,-0.670744,0.087588,-0.003398,-0.000034,-0.000075,10.000000,-174.000000,-56.000000,0.048438,-0.000004,0.000000,0.000000,0.000000,0.408992,444.000000,0.000000,0.000000,0.000000,0.000000,41.904507,283.582214,204.332230,3101.862305,1389.352295,0.001656,-4.806825,8.978060,6637,301,32,25
41.907436,0.009197,0.018277,-2.025358,-0.000011,0.709018,0.297627,0.000342,-0.711226,0.035295,-0.007795,-0.000037,-0.000071,10.000000,-174.000000,-56.000000,0.048438,-0.000004,0.000000,0.000000,0.000000,0.408992,444.000000,0.000000,0.000000,0.000000,0.000000,41.906460,283.582214,204.332230,3101.862305,1389.352295,0.001809,-4.806345,8.978060,6637,345,32,24
41.909393,0.009197,0.019694,-2.024763,-0.000010,0.707535,0.297627,0.000370,-0.752036,-0.011851,-0.012190,-0.000040,-0.000067,10.000000,-174.000000,-56.000000,0.048438,-0.000004,0.000000,0.000000,0.000000,0.408992,444.000000,0.000000,0.000000,0.000000,0.000000,41.908417,283.582214,204.332230,3101.862305,1389.352295,0.001961,-4.805865,8.978060,6636,387,32,23
